43 15 328 554 
108 65 -28 -10 
42 -1 304 552 
107 62 -26 -2 
41 -17 280 548 
106 58 -23 7 
40 -31 258 543 
104 54 -20 15 
97 102 -11 14 
19 27 17 28 
99 103 -11 16 
21 28 14 25 
100 104 -11 18 
22 30 11 23 
100 104 -10 21 
24 31 9 20 
5 -63 10 -23 
-8 -23 -7 12 
6 -61 9 -27 
-6 -24 -9 13 
8 -58 7 -30 
-4 -26 -11 13 
9 -56 5 -34 
-3 -28 -12 14 
0 0 0 0 
0 0 0 0 
0 0 0 0 
0 0 0 0 
0 0 0 0 
0 0 0 0 
0 0 0 0 
0 0 0 0 
0 0 0 0 
0 0 0 0 
0 0 0 0 
0 0 0 0 
0 0 0 0 
0 0 0 0 
0 0 0 0 
0 0 0 0 
0 0 0 0 
0 0 0 0 
0 0 0 0 
0 0 0 0 
0 0 0 0 
0 0 0 0 
0 0 0 0 
0 0 0 0 
0 0 0 0 
0 0 0 0 
0 0 0 0 
0 0 0 0 
0 0 0 0 
0 0 0 0 
0 0 0 0 
0 0 0 0 
0 0 0 0 
0 0 0 0 
0 0 0 0 
0 0 0 0 
0 0 0 0 
0 0 0 0 
0 0 0 0 
0 0 0 0 
0 0 0 0 
2 0 0 0 
0 0 0 0 
1 0 0 0 
0 0 0 0 
1 1 0 0 
0 0 0 0 
1 1 0 0 
11 4 -5 -1 
44 18 -22 -9 
9 4 -4 -2 
38 20 -19 -10 
8 5 -4 -2 
32 23 -16 -11 
6 6 -3 -2 
25 25 -13 -12 
630 106 -100 -37 
-196 206 128 477 
643 122 -88 -42 
-188 196 99 476 
653 139 -76 -46 
-179 186 70 474 
662 156 -61 -51 
-171 176 42 471 
-17 25 -29 -32 
11 -50 41 1 
-14 30 -30 -36 
11 -47 40 -4 
-11 34 -31 -39 
11 -45 40 -8 
-8 37 -32 -42 
11 -43 39 -13 
69 -27 35 -5 
-86 -63 -15 -17 
70 -27 36 -5 
-84 -65 -20 -18 
70 -27 38 -6 
-82 -66 -25 -18 
70 -27 39 -7 
-79 -67 -30 -19 
3 6 19 -41 
3 -25 -24 22 
1 7 21 -39 
3 -27 -24 22 
-1 7 22 -37 
3 -29 -23 22 
-2 8 24 -35 
4 -31 -23 22 
-29 -16 -15 -33 
8 55 16 -7 
-28 -17 -16 -31 
6 55 18 -4 
-28 -19 -17 -30 
3 54 20 -1 
-27 -20 -17 -28 
1 53 22 1 
17 17 -32 6 
26 -13 8 1 
17 18 -30 6 
26 -14 8 0 
17 18 -29 5 
26 -15 9 0 
17 18 -27 5 
26 -15 9 -1 
-23 27 16 -18 
29 -2 -22 4 
-25 27 15 -17 
28 -1 -19 3 
-26 28 15 -16 
27 0 -17 2 
-28 28 14 -15 
26 1 -15 1 
31 -17 -24 24 
1 16 11 -23 
33 -19 -24 24 
3 16 9 -21 
35 -21 -24 24 
5 15 7 -19 
37 -22 -24 24 
7 15 4 -17 
-16 33 12 11 
-8 -9 38 10 
-14 33 10 12 
-10 -10 38 9 
-13 33 8 13 
-12 -11 38 9 
-11 32 6 14 
-13 -12 38 8 
5 -35 -24 -31 
10 -11 23 -7 
6 -34 -23 -32 
10 -11 22 -6 
7 -34 -23 -32 
10 -12 22 -5 
8 -34 -22 -32 
10 -12 22 -5 
-26 -4 5 -8 
3 -7 -17 -18 
-27 -5 5 -7 
3 -7 -16 -18 
-27 -5 4 -7 
3 -6 -15 -18 
-28 -6 3 -6 
3 -6 -14 -18 
-9 18 -12 9 
18 -16 -8 -6 
-9 18 -12 10 
19 -15 -8 -7 
-9 18 -13 10 
20 -14 -8 -9 
-8 17 -13 11 
20 -13 -7 -10 
-19 -6 15 10 
21 0 19 10 
-19 -6 14 10 
20 0 21 10 
-19 -7 12 10 
18 -1 22 11 
-19 -7 11 10 
17 -2 24 11 
6 6 -12 8 
-6 30 -21 4 
5 5 -11 8 
-6 30 -21 5 
5 4 -11 9 
-5 30 -22 6 
4 4 -10 10 
-4 30 -22 7 
-3 -4 -6 15 
31 -5 19 -10 
-2 -4 -7 14 
31 -5 19 -10 
-2 -5 -7 13 
31 -6 20 -10 
-1 -5 -7 13 
31 -6 20 -9 
-3 -8 10 -19 
-21 -6 -16 -23 
-3 -8 9 -19 
-20 -6 -17 -23 
-2 -9 8 -18 
-19 -5 -18 -23 
-2 -9 7 -18 
-18 -5 -19 -22 
-14 22 -4 -15 
1 -11 -2 6 
-13 23 -4 -15 
2 -11 -2 5 
-13 24 -5 -14 
3 -10 -2 3 
-12 25 -5 -14 
4 -9 -2 2 
1 -8 19 3 
-14 -20 7 -10 
1 -8 18 3 
-14 -20 7 -10 
1 -8 18 2 
-14 -20 6 -11 
2 -8 17 2 
-15 -20 6 -11 
12 -13 6 -19 
13 -4 -16 14 
11 -12 7 -19 
13 -5 -16 14 
10 -11 8 -20 
14 -6 -16 14 
9 -10 9 -20 
14 -6 -16 14 
-4 -8 -2 -14 
-6 13 13 4 
-3 -8 -2 -13 
-6 12 13 5 
-3 -8 -3 -13 
-7 11 13 6 
-2 -8 -4 -13 
-7 10 12 7 
3 15 7 -17 
1 -1 -11 -3 
2 15 8 -16 
1 -1 -10 -4 
1 15 9 -16 
0 -1 -10 -4 
0 15 10 -15 
0 -1 -9 -4 
-16 -18 -9 -17 
-2 9 -3 5 
-16 -18 -10 -18 
-3 9 -3 6 
-16 -17 -10 -18 
-3 9 -2 6 
-16 -16 -10 -19 
-3 8 -2 7 
-14 -3 -10 -10 
0 -1 6 -8 
-13 -3 -11 -10 
0 -1 6 -8 
-13 -3 -11 -10 
-1 0 6 -8 
-13 -2 -11 -11 
-2 1 7 -9 
-10 -1 -11 3 
-6 7 8 9 
-10 -1 -11 3 
-7 7 9 9 
-9 0 -11 2 
-8 7 10 9 
-9 0 -11 2 
-9 7 10 10 
6 9 -7 2 
6 4 -7 4 
6 9 -6 2 
6 5 -6 3 
5 9 -5 2 
5 5 -6 3 
4 9 -4 3 
5 5 -5 3 
-18 12 -17 9 
6 14 4 18 
-18 12 -18 10 
6 13 4 18 
-17 12 -19 10 
6 13 5 19 
-16 13 -19 10 
7 12 5 19 
7 9 12 6 
-4 12 10 -14 
7 8 11 6 
-4 13 9 -14 
7 8 11 7 
-4 14 9 -14 
8 7 11 7 
-5 15 9 -14 
-5 3 -11 25 
7 -5 -7 -7 
-5 2 -11 25 
7 -5 -7 -7 
-5 1 -11 24 
7 -5 -7 -7 
-5 1 -11 24 
7 -5 -7 -7 
-6 -12 -11 1 
-8 14 3 -14 
-5 -12 -12 1 
-7 14 3 -13 
-4 -13 -13 1 
-6 14 2 -12 
-3 -13 -14 1 
-6 14 1 -11 
-30 -18 7 -18 
16 29 -18 23 
-31 -16 7 -19 
17 29 -16 23 
-31 -15 6 -20 
17 29 -15 24 
-32 -14 5 -21 
17 29 -14 24 
-4 -38 7 9 
1 -1 -18 -9 
-4 -38 6 8 
2 -2 -18 -8 
-4 -38 6 6 
3 -3 -18 -6 
-5 -38 5 4 
3 -4 -18 -5 
-15 -9 -3 -21 
7 -6 21 1 
-14 -9 -4 -21 
7 -7 21 1 
-13 -8 -5 -21 
7 -8 22 1 
-12 -8 -6 -21 
7 -8 22 2 
-8 22 10 -5 
3 4 -3 -9 
-8 22 10 -4 
3 4 -2 -9 
-9 21 9 -3 
3 5 -2 -10 
-9 21 9 -2 
3 5 -2 -10 
10 -11 3 -5 
17 12 3 23 
10 -10 3 -6 
18 11 3 24 
10 -10 3 -7 
18 9 3 25 
10 -9 3 -7 
19 8 3 25 
-10 18 24 -10 
-2 2 -26 14 
-11 19 23 -10 
-2 2 -26 14 
-12 19 23 -9 
-1 3 -25 13 
-13 20 22 -9 
-1 3 -25 12 
-3 -20 -4 7 
-7 33 -17 1 
-3 -20 -4 7 
-6 33 -17 2 
-3 -21 -4 6 
-5 32 -17 4 
-3 -21 -4 6 
-4 32 -18 5 
-5 5 15 5 
6 -10 -7 3 
-6 6 15 4 
6 -10 -6 2 
-6 6 15 4 
6 -9 -5 2 
-7 7 15 3 
6 -8 -5 1 
-8 27 -5 25 
5 -3 7 8 
-8 26 -5 26 
4 -3 7 8 
-8 25 -5 27 
4 -3 8 7 
-8 25 -6 28 
3 -3 8 7 
0 0 -2 6 
11 4 4 3 
0 0 -2 6 
11 4 5 4 
0 -1 -2 6 
10 3 5 4 
0 -1 -2 7 
10 1 6 5 
18 10 -9 -12 
1 6 40 1 
20 10 -9 -11 
0 5 39 2 
21 10 -9 -10 
0 5 38 2 
23 10 -10 -9 
-1 5 37 2 
-1 21 10 3 
-9 -8 -14 8 
-2 22 10 3 
-8 -8 -14 7 
-3 22 10 3 
-8 -8 -14 6 
-3 22 11 4 
-7 -8 -14 5 
-3 -8 6 -4 
12 1 28 9 
-3 -7 6 -4 
10 1 28 9 
-3 -7 6 -4 
9 2 29 9 
-2 -6 6 -4 
8 2 30 9 
3 -20 4 13 
0 -17 -32 -3 
1 -20 5 13 
1 -18 -32 -2 
0 -20 6 12 
3 -18 -32 -2 
-1 -20 7 11 
4 -19 -31 -2 
-1 1 19 -9 
-10 15 20 26 
0 1 18 -8 
-11 14 21 26 
0 1 18 -7 
-12 13 21 27 
0 2 17 -7 
-13 12 20 27 
-12 1 -13 -5 
17 -5 -4 -20 
-13 1 -13 -5 
17 -4 -3 -21 
-13 1 -12 -5 
17 -3 -3 -21 
-13 0 -12 -5 
17 -2 -2 -21 
4 8 7 0 
17 1 16 28 
4 9 7 0 
15 1 17 27 
4 11 7 -1 
14 1 18 26 
4 12 7 -1 
13 1 18 26 
15 -2 -15 9 
-1 -11 -13 11 
16 -2 -15 9 
0 -13 -13 11 
16 -2 -14 9 
1 -15 -14 12 
15 -2 -14 9 
2 -16 -14 12 
11 -1 15 -37 
-20 -5 -25 -7 
10 0 16 -36 
-20 -5 -26 -7 
10 0 16 -35 
-19 -4 -27 -8 
9 1 16 -34 
-18 -4 -27 -8 
-24 -8 -8 8 
7 -9 -6 -27 
-24 -9 -8 8 
6 -9 -5 -27 
-24 -10 -8 8 
4 -8 -3 -26 
-25 -11 -8 8 
3 -8 -2 -26 
4 -8 -26 -15 
39 23 -30 -19 
2 -7 -25 -15 
32 27 -26 -21 
1 -7 -24 -16 
25 30 -22 -22 
-1 -6 -23 -16 
17 34 -18 -23 
732 97 -84 -30 
-210 169 178 595 
743 117 -69 -37 
-209 154 149 593 
752 137 -52 -43 
-207 140 121 591 
759 158 -33 -50 
-205 126 94 587 
61 68 -97 -27 
114 32 19 -25 
61 70 -91 -25 
114 37 21 -28 
60 70 -85 -24 
113 41 23 -31 
59 71 -78 -22 
111 46 26 -34 
58 6 10 39 
-114 -76 4 -11 
60 8 8 35 
-113 -74 -2 -15 
62 9 6 32 
-112 -71 -7 -19 
65 11 5 28 
-110 -69 -13 -23 
27 2 -9 29 
18 -28 -7 4 
26 1 -6 31 
18 -30 -7 5 
25 0 -3 32 
19 -32 -7 5 
24 -1 0 33 
19 -34 -7 5 
-23 32 -12 -30 
42 46 -8 -53 
-23 30 -13 -27 
43 49 -7 -54 
-23 29 -14 -24 
43 52 -6 -53 
-22 27 -16 -21 
43 55 -4 -53 
-22 7 -10 34 
8 30 14 21 
-20 7 -12 31 
8 29 15 22 
-19 8 -14 29 
9 28 15 22 
-18 8 -16 27 
9 27 15 23 
-49 70 15 -2 
3 -4 -18 6 
-51 71 14 -2 
2 -2 -16 3 
-52 72 13 -1 
1 -1 -14 0 
-53 72 12 0 
0 1 -12 -3 
17 -13 -20 1 
17 -4 21 -13 
19 -13 -20 0 
19 -3 20 -14 
21 -12 -20 -1 
20 -2 19 -14 
22 -12 -20 -3 
22 -1 17 -15 
-36 14 29 22 
4 6 10 8 
-36 14 27 22 
3 6 11 8 
-36 14 24 22 
3 7 12 7 
-36 14 22 22 
2 7 13 7 
32 -3 21 6 
-9 -18 -14 8 
31 -3 22 5 
-9 -19 -15 7 
30 -2 24 5 
-8 -19 -16 7 
28 -2 25 4 
-7 -19 -16 6 
-13 4 7 -6 
25 20 -5 8 
-13 4 7 -5 
25 20 -3 9 
-14 4 7 -5 
25 21 -2 9 
-15 4 7 -4 
24 21 -1 9 
11 -10 -5 2 
5 -20 3 5 
11 -9 -6 1 
6 -19 2 4 
12 -8 -6 -1 
7 -19 1 3 
13 -7 -7 -2 
8 -18 0 2 
-12 -4 15 18 
-4 -3 -6 -22 
-12 -6 14 19 
-4 -2 -6 -21 
-13 -7 13 20 
-4 -2 -6 -21 
-13 -9 13 20 
-5 -2 -5 -20 
3 5 -6 14 
-7 22 18 -3 
4 4 -6 15 
-8 21 18 -2 
5 3 -5 15 
-9 21 18 -1 
5 2 -5 16 
-10 20 17 1 
18 -1 -16 8 
-18 0 -8 -1 
18 -2 -16 8 
-17 -1 -10 0 
19 -2 -15 7 
-15 -1 -11 0 
19 -3 -14 7 
-14 -2 -13 1 
4 18 21 3 
-8 10 -7 -7 
3 17 21 4 
-9 11 -6 -8 
2 17 22 5 
-10 11 -6 -8 
1 16 22 6 
-10 12 -5 -8 
13 0 -7 7 
8 -10 -14 -13 
13 0 -6 7 
9 -10 -14 -14 
12 0 -5 6 
10 -9 -14 -15 
12 0 -4 5 
11 -8 -15 -15 
5 12 11 1 
12 -17 25 5 
5 12 10 2 
11 -18 25 5 
6 12 9 2 
10 -18 25 4 
7 13 8 2 
10 -19 25 3 
5 23 -1 -6 
9 -13 -15 8 
5 23 -1 -5 
9 -13 -15 7 
4 24 -1 -4 
9 -13 -14 6 
4 24 -1 -3 
9 -13 -14 5 
0 13 -12 5 
2 -28 2 18 
0 13 -12 5 
1 -29 2 17 
1 14 -13 6 
1 -29 2 16 
1 14 -13 6 
1 -29 2 15 
12 0 -9 5 
-3 19 -10 -5 
12 -2 -8 6 
-2 18 -10 -4 
12 -3 -8 8 
-1 17 -11 -3 
12 -5 -7 9 
-1 16 -11 -1 
5 -8 7 -16 
12 25 24 -1 
5 -8 7 -16 
11 26 25 -1 
5 -7 6 -17 
10 27 25 -1 
6 -7 6 -17 
10 28 25 0 
-2 -15 5 17 
-2 -7 9 2 
-3 -15 5 16 
-3 -7 10 2 
-3 -15 5 15 
-4 -8 10 3 
-3 -15 5 13 
-5 -8 10 3 
0 -8 -15 -10 
13 -14 20 -8 
0 -8 -15 -9 
13 -14 20 -8 
1 -8 -15 -9 
12 -15 21 -8 
2 -8 -15 -9 
12 -15 21 -8 
9 1 6 -23 
21 -3 12 7 
9 2 6 -22 
21 -3 12 7 
9 3 6 -22 
21 -3 12 6 
9 4 6 -22 
21 -3 13 6 
18 4 8 12 
-21 27 -10 11 
18 3 8 12 
-20 27 -12 12 
18 3 8 12 
-19 27 -13 13 
18 2 8 12 
-17 27 -14 14 
28 4 25 22 
8 16 -27 -2 
27 3 27 22 
9 15 -27 -1 
25 2 28 22 
10 14 -28 0 
23 1 29 22 
12 14 -28 1 
-1 -7 4 -10 
0 -2 -15 -7 
0 -7 3 -10 
2 -2 -16 -7 
0 -7 2 -11 
4 -3 -17 -7 
0 -7 1 -11 
6 -3 -18 -7 
-3 -9 34 -13 
-5 6 -4 20 
-4 -9 33 -13 
-4 5 -4 20 
-4 -8 33 -14 
-4 5 -4 20 
-5 -7 32 -14 
-4 5 -4 21 
-8 3 11 7 
3 10 1 7 
-9 3 12 7 
3 10 2 7 
-9 3 12 7 
2 11 3 7 
-10 3 12 7 
2 11 3 7 
-12 8 2 12 
16 -5 -17 12 
-13 8 2 12 
16 -6 -16 12 
-14 9 2 11 
16 -6 -15 12 
-15 9 3 11 
16 -6 -13 11 
-8 3 -5 4 
0 -10 3 -28 
-8 2 -5 5 
0 -9 3 -29 
-7 1 -6 5 
0 -9 3 -29 
-7 0 -7 6 
0 -9 3 -29 
1 4 20 -16 
9 -29 -23 34 
0 6 20 -17 
9 -30 -23 33 
-1 8 21 -17 
10 -31 -22 32 
-3 10 21 -17 
11 -32 -22 30 
29 1 12 -4 
-28 3 -2 -13 
29 0 12 -2 
-27 2 -4 -12 
29 -1 12 0 
-26 2 -6 -12 
30 -2 12 1 
-26 1 -7 -11 
-17 3 -16 -24 
-13 0 3 9 
-16 4 -16 -24 
-12 -1 3 8 
-15 4 -17 -24 
-12 -1 2 8 
-14 5 -17 -24 
-11 -1 2 8 
12 1 21 -1 
-12 -2 0 -3 
11 1 22 -1 
-12 -2 0 -3 
11 1 23 -1 
-12 -2 -1 -3 
10 1 23 -1 
-12 -2 -1 -3 
2 -6 -4 -6 
-12 -18 -1 6 
3 -6 -3 -6 
-11 -19 -2 5 
3 -5 -3 -7 
-11 -20 -3 5 
3 -5 -3 -7 
-10 -20 -3 5 
-5 8 6 -11 
-12 17 4 12 
-5 8 6 -10 
-12 16 4 12 
-4 8 6 -9 
-13 15 4 13 
-4 8 5 -8 
-13 15 4 14 
5 13 -12 -1 
-7 -3 2 -15 
6 13 -12 -1 
-6 -3 1 -16 
7 12 -12 0 
-5 -2 0 -16 
8 12 -12 0 
-4 -2 -1 -17 
-16 -14 13 -3 
-22 -4 -15 -12 
-16 -14 13 -4 
-21 -4 -15 -12 
-16 -14 12 -4 
-20 -4 -16 -11 
-16 -14 11 -5 
-19 -3 -16 -11 
3 -20 10 -3 
0 13 6 -13 
2 -20 11 -3 
-1 14 7 -12 
2 -21 11 -4 
-2 14 7 -11 
2 -21 12 -4 
-2 15 7 -10 
-8 7 -18 15 
-14 -4 0 7 
-7 7 -19 14 
-14 -4 0 7 
-6 7 -19 14 
-14 -5 -1 7 
-6 6 -19 14 
-15 -5 -1 7 
-16 -11 -23 4 
-21 6 7 -13 
-15 -12 -23 4 
-21 7 7 -12 
-14 -13 -23 5 
-22 7 7 -11 
-13 -14 -24 5 
-23 7 7 -10 
6 0 -11 16 
11 3 -7 -10 
5 -1 -10 16 
12 3 -7 -9 
5 -2 -8 16 
12 3 -6 -9 
5 -3 -7 16 
12 4 -6 -9 
8 6 8 1 
-3 -14 -5 15 
8 6 8 1 
-2 -14 -6 14 
8 7 7 1 
-2 -14 -6 13 
8 8 7 0 
-1 -14 -7 13 
16 -3 -2 2 
19 2 28 -5 
17 -3 -3 2 
19 2 27 -4 
18 -4 -3 3 
20 2 27 -4 
19 -4 -3 3 
20 2 26 -3 
-2 1 22 -6 
16 9 14 13 
-2 2 21 -7 
15 10 15 13 
-2 3 20 -7 
15 10 15 12 
-1 3 19 -7 
14 10 16 12 
17 4 3 10 
-4 -8 -4 13 
17 5 3 9 
-3 -7 -5 13 
17 5 4 9 
-3 -7 -6 12 
17 6 4 8 
-3 -7 -6 11 
0 0 -11 13 
-21 -3 -5 10 
1 0 -12 13 
-21 -4 -7 10 
2 0 -12 13 
-21 -4 -8 10 
3 0 -13 13 
-21 -4 -9 10 
20 5 -13 1 
20 37 -28 8 
18 5 -12 1 
12 40 -26 7 
17 6 -11 1 
5 42 -23 7 
15 6 -9 1 
-4 44 -20 6 
769 92 -102 -35 
-122 71 265 623 
781 112 -86 -42 
-124 53 239 621 
792 133 -67 -48 
-126 36 213 617 
800 154 -47 -54 
-127 21 188 612 
97 69 -76 -31 
134 58 -32 -40 
94 66 -69 -24 
134 61 -29 -41 
90 63 -61 -17 
133 65 -26 -41 
86 60 -53 -10 
132 68 -22 -41 
66 19 8 44 
-68 -58 -1 -30 
68 20 6 41 
-67 -56 -6 -33 
70 20 4 38 
-65 -54 -11 -36 
72 20 2 35 
-64 -52 -16 -39 
0 -1 -28 15 
32 20 -10 13 
1 -2 -28 16 
34 17 -11 16 
2 -3 -27 17 
36 13 -11 18 
3 -5 -27 18 
37 10 -12 20 
-51 44 -7 -52 
11 7 2 -11 
-49 44 -11 -51 
12 8 3 -13 
-47 45 -15 -49 
12 9 3 -14 
-45 45 -19 -46 
12 10 4 -15 
-8 1 -3 9 
-13 21 29 23 
-7 1 -4 8 
-13 20 28 23 
-5 2 -5 7 
-14 18 28 24 
-4 2 -6 6 
-15 17 27 25 
-35 31 3 -22 
37 -16 -22 25 
-37 33 3 -22 
37 -16 -19 23 
-39 35 4 -22 
36 -15 -16 21 
-41 37 4 -22 
35 -15 -13 19 
-23 -11 -16 18 
13 -6 1 -13 
-22 -13 -17 19 
15 -6 1 -12 
-21 -14 -18 19 
16 -6 1 -12 
-20 -15 -20 19 
17 -6 1 -11 
-7 -2 42 9 
-16 -17 -9 -11 
-9 -3 42 10 
-16 -18 -9 -11 
-10 -4 41 11 
-17 -18 -8 -11 
-11 -5 40 11 
-17 -18 -8 -11 
9 -10 -1 -13 
37 3 -9 16 
8 -10 0 -13 
38 2 -8 16 
7 -10 1 -12 
39 1 -8 17 
6 -9 2 -12 
40 0 -7 17 
-22 -4 21 -9 
-13 -4 -14 20 
-23 -4 20 -8 
-13 -5 -14 20 
-23 -3 18 -8 
-13 -6 -13 20 
-23 -3 16 -8 
-14 -6 -13 20 
-17 4 -22 2 
13 -4 3 1 
-17 4 -22 2 
12 -4 4 1 
-16 3 -22 3 
12 -4 5 1 
-16 3 -22 4 
11 -4 6 1 
-5 16 -5 6 
6 15 9 36 
-5 16 -5 7 
5 14 10 36 
-4 17 -5 8 
3 12 10 36 
-4 17 -5 8 
2 11 11 37 
4 -1 -21 -9 
-19 -3 -2 9 
4 -1 -20 -9 
-19 -3 -3 9 
5 0 -20 -9 
-19 -3 -3 9 
6 0 -20 -9 
-19 -3 -4 8 
-3 -17 -11 7 
0 14 10 6 
-3 -17 -11 7 
-1 14 10 7 
-3 -17 -11 7 
-1 13 10 8 
-2 -18 -10 7 
-2 12 10 9 
9 -4 -5 -1 
-7 0 -3 -28 
9 -4 -4 -1 
-7 1 -3 -28 
9 -5 -4 -1 
-7 3 -3 -28 
9 -6 -3 -1 
-7 4 -4 -28 
-39 0 -24 9 
-30 14 -19 36 
-39 1 -24 8 
-31 13 -19 36 
-39 2 -25 7 
-32 12 -18 36 
-39 3 -26 6 
-32 10 -18 36 
-10 -1 -35 -9 
-5 5 -1 5 
-10 -1 -34 -10 
-4 6 -1 5 
-9 0 -34 -10 
-4 6 -1 5 
-9 0 -33 -10 
-4 6 -1 4 
14 -8 26 -3 
0 6 -28 5 
12 -7 27 -4 
0 6 -27 5 
10 -6 28 -5 
0 7 -27 4 
8 -5 29 -6 
0 7 -26 4 
-10 -4 -17 -1 
-4 5 1 5 
-9 -3 -18 -2 
-4 6 1 4 
-8 -2 -18 -3 
-4 7 1 3 
-8 -1 -19 -4 
-4 8 1 3 
17 -38 10 7 
-21 9 9 -4 
17 -38 11 5 
-21 9 8 -3 
17 -38 11 3 
-20 9 7 -2 
17 -37 11 1 
-20 9 6 -2 
8 3 6 11 
4 -1 25 -5 
9 3 6 11 
3 0 25 -5 
9 3 7 11 
2 0 25 -5 
10 3 7 11 
2 1 25 -6 
-4 6 -8 15 
-13 -4 -1 5 
-3 6 -8 15 
-13 -5 -1 6 
-3 6 -8 15 
-12 -6 -2 6 
-2 5 -9 15 
-12 -7 -2 6 
5 -5 5 -27 
-5 7 4 -6 
4 -4 6 -26 
-6 7 4 -6 
4 -4 6 -26 
-7 8 4 -5 
4 -4 6 -26 
-7 8 4 -5 
-1 -3 -14 -3 
7 12 2 14 
-1 -3 -14 -4 
6 12 3 14 
-1 -2 -14 -4 
6 12 3 14 
-1 -2 -13 -5 
5 12 4 14 
16 -18 -11 6 
5 0 2 -18 
16 -18 -11 6 
5 1 2 -18 
16 -19 -10 5 
5 2 2 -17 
16 -19 -9 5 
5 2 2 -17 
1 11 -1 13 
-3 -15 13 -13 
2 10 -1 13 
-3 -14 13 -14 
2 10 -1 13 
-3 -14 12 -15 
3 9 -2 13 
-3 -13 12 -15 
0 -11 17 -13 
-1 -8 -1 2 
-1 -10 17 -14 
-2 -8 0 2 
-2 -10 17 -14 
-3 -7 0 2 
-3 -9 18 -15 
-4 -7 1 1 
3 8 -7 6 
-13 19 -10 14 
3 8 -7 6 
-14 19 -9 14 
2 8 -6 7 
-15 19 -9 14 
1 8 -5 7 
-15 19 -9 14 
-1 -4 -23 2 
2 -26 -19 4 
-1 -3 -22 1 
2 -26 -18 3 
-2 -3 -21 0 
2 -26 -18 2 
-2 -2 -20 -1 
2 -26 -18 1 
-22 -12 -17 2 
1 6 -9 -2 
-21 -12 -18 2 
0 6 -8 -1 
-21 -12 -18 3 
0 6 -8 -1 
-21 -13 -19 3 
0 5 -7 0 
0 17 -10 -2 
4 -6 -3 15 
0 17 -10 -2 
5 -6 -3 14 
1 18 -11 -2 
5 -6 -3 14 
1 18 -11 -2 
6 -7 -3 13 
-4 2 -2 -4 
-20 6 16 -7 
-3 1 -3 -4 
-20 6 15 -7 
-1 1 -4 -3 
-20 6 14 -7 
0 1 -5 -3 
-20 7 13 -7 
13 0 15 5 
-1 2 -10 4 
12 0 16 4 
-1 1 -10 5 
11 0 17 4 
-1 0 -10 5 
10 0 18 4 
-1 -1 -10 5 
-26 13 -16 -14 
8 28 12 4 
-25 13 -17 -13 
8 29 13 4 
-24 14 -18 -13 
7 30 14 5 
-23 14 -19 -12 
7 30 14 5 
7 18 11 26 
-16 13 -26 13 
6 17 12 26 
-15 12 -26 14 
5 17 13 25 
-15 12 -26 14 
3 17 13 25 
-14 11 -27 14 
-10 38 2 -4 
-3 5 5 16 
-11 39 2 -4 
-5 5 6 15 
-11 40 2 -3 
-6 5 7 13 
-11 40 3 -2 
-8 6 8 12 
-7 17 -23 5 
-1 2 -19 14 
-7 17 -22 5 
0 2 -19 13 
-8 18 -22 5 
1 2 -19 12 
-8 19 -21 5 
1 3 -19 12 
11 3 7 -1 
-11 -3 11 4 
11 4 7 -1 
-12 -3 11 3 
12 4 7 -2 
-13 -2 11 2 
12 5 7 -2 
-14 -2 10 2 
5 -20 -15 5 
-6 1 -19 -6 
5 -20 -14 4 
-5 1 -20 -5 
5 -20 -14 3 
-4 1 -20 -5 
5 -21 -13 3 
-3 1 -21 -4 
-25 -4 -3 7 
-8 25 21 5 
-24 -5 -5 8 
-9 24 22 6 
-23 -6 -6 8 
-11 23 23 7 
-22 -6 -7 8 
-12 23 23 8 
15 17 -11 -3 
-5 5 -4 16 
15 18 -10 -4 
-5 4 -4 15 
15 18 -9 -4 
-4 4 -4 15 
15 19 -7 -3 
-4 3 -5 14 
-2 6 -7 -16 
13 0 0 11 
-1 7 -7 -16 
14 0 0 11 
-1 8 -7 -16 
14 0 0 10 
-1 9 -7 -16 
15 0 0 10 
-2 7 13 -4 
-22 3 -15 18 
-2 8 12 -4 
-22 2 -15 18 
-3 8 12 -3 
-22 1 -16 18 
-3 9 11 -3 
-21 0 -16 18 
-7 5 -9 -4 
-9 -9 4 -13 
-7 5 -9 -4 
-9 -9 5 -13 
-7 4 -9 -3 
-10 -9 5 -13 
-7 4 -9 -2 
-11 -9 5 -13 
14 8 -7 -10 
-2 3 17 5 
15 8 -7 -9 
-4 3 17 5 
15 9 -6 -9 
-5 2 17 5 
15 9 -5 -9 
-7 2 17 4 
-2 7 -49 -6 
-10 -1 13 9 
0 7 -49 -6 
-9 -1 12 9 
2 8 -49 -6 
-9 -1 10 8 
4 8 -50 -6 
-8 -2 9 8 
-27 -7 2 -5 
-1 23 2 7 
-27 -7 1 -5 
-1 22 2 8 
-26 -7 0 -5 
-1 20 3 9 
-25 -7 -1 -5 
0 19 3 11 
-35 0 6 -26 
-9 -1 -9 4 
-35 1 5 -26 
-10 0 -8 3 
-36 2 5 -26 
-11 0 -7 2 
-36 3 4 -27 
-12 1 -6 2 
4 -3 -28 8 
46 -2 -33 -14 
2 -3 -26 8 
38 1 -29 -16 
0 -3 -25 8 
30 4 -25 -17 
-2 -3 -24 7 
21 7 -20 -18 
816 54 -115 -3 
44 32 353 554 
831 70 -99 -8 
43 15 328 554 
844 86 -81 -13 
42 -1 304 552 
855 104 -61 -18 
41 -17 280 548 
108 69 -29 -19 
95 101 -11 12 
108 65 -28 -10 
97 102 -11 14 
107 62 -26 -2 
99 103 -11 16 
106 58 -23 7 
100 104 -11 18 
17 25 21 32 
4 -65 12 -19 
19 27 17 28 
5 -63 10 -23 
21 28 14 25 
6 -61 9 -27 
22 30 11 23 
8 -58 7 -30 
-9 -21 -5 11 
10 24 -16 -5 
-8 -23 -7 12 
13 22 -18 -2 
-6 -24 -9 13 
17 20 -20 1 
-4 -26 -11 13 
20 17 -21 4 
-75 13 34 -20 
0 49 -11 -19 
-75 12 30 -19 
-1 50 -9 -18 
-76 10 26 -18 
-3 51 -7 -17 
-75 9 23 -16 
-5 52 -5 -15 
2 -13 -43 18 
-43 19 -6 24 
3 -12 -43 16 
-42 19 -8 24 
5 -11 -43 14 
-40 18 -10 25 
6 -10 -43 12 
-39 18 -12 25 
-20 23 22 6 
11 -27 -17 15 
-22 24 22 5 
11 -26 -16 13 
-23 25 23 5 
11 -25 -14 11 
-25 26 24 5 
11 -23 -13 9 
-14 -1 -1 38 
24 -17 7 -40 
-14 -3 -2 39 
24 -15 8 -40 
-14 -5 -2 40 
24 -14 8 -40 
-13 -7 -3 41 
24 -12 9 -40 
-1 -6 25 19 
-7 -14 0 4 
-1 -6 25 19 
-8 -15 0 4 
-2 -7 24 19 
-9 -15 1 4 
-3 -7 24 18 
-10 -16 2 4 
14 -1 -15 -14 
-10 12 -12 -4 
14 -1 -14 -13 
-9 13 -13 -4 
14 -1 -12 -13 
-7 14 -14 -4 
13 -1 -11 -12 
-6 15 -14 -4 
-24 12 13 25 
-7 8 -8 23 
-25 12 13 25 
-8 8 -7 22 
-26 12 12 24 
-8 8 -6 22 
-26 13 11 23 
-8 8 -6 22 
27 -15 11 19 
41 6 22 -30 
27 -16 12 19 
41 7 22 -29 
27 -18 13 19 
41 8 22 -28 
26 -19 14 19 
41 8 23 -27 
0 -17 15 3 
-6 7 12 -4 
1 -17 13 2 
-6 7 12 -3 
1 -17 12 2 
-7 7 11 -3 
2 -18 11 1 
-7 7 11 -2 
-3 11 -11 10 
-26 -11 -4 -17 
-2 10 -11 11 
-25 -11 -5 -18 
-2 10 -11 11 
-25 -10 -6 -18 
-1 9 -11 12 
-24 -9 -7 -19 
9 -22 7 4 
-4 5 -3 -22 
9 -23 8 4 
-3 6 -4 -21 
8 -23 9 3 
-3 7 -4 -20 
8 -24 9 3 
-3 7 -4 -20 
-15 -19 1 12 
16 10 21 1 
-15 -20 1 12 
14 10 23 2 
-14 -20 1 11 
13 9 24 3 
-14 -20 0 10 
11 9 25 4 
30 -22 -6 -10 
1 -23 6 11 
30 -21 -5 -11 
1 -23 5 11 
29 -20 -4 -12 
0 -24 5 10 
29 -19 -2 -14 
0 -24 4 10 
-23 8 -19 -13 
-19 -19 7 22 
-22 9 -20 -12 
-20 -19 8 21 
-21 10 -20 -12 
-22 -19 8 20 
-20 11 -21 -11 
-23 -19 8 19 
0 7 -22 11 
-9 1 -25 4 
0 6 -21 13 
-8 1 -26 4 
-1 5 -19 14 
-8 0 -26 5 
-1 4 -18 14 
-7 -1 -26 5 
-11 7 -20 0 
-5 17 27 8 
-10 7 -21 0 
-6 17 27 8 
-8 7 -22 1 
-7 17 27 9 
-6 7 -23 1 
-8 17 26 9 
0 5 -8 10 
19 -3 7 15 
0 6 -7 10 
19 -4 8 15 
0 6 -7 10 
19 -4 8 15 
0 6 -6 9 
19 -4 9 14 
1 15 5 0 
-17 8 -3 11 
1 15 5 1 
-17 9 -4 10 
1 15 4 1 
-17 9 -5 10 
1 16 4 2 
-16 10 -6 9 
24 0 19 20 
-7 -20 -20 14 
23 0 20 19 
-6 -20 -21 14 
21 1 21 18 
-5 -21 -21 13 
20 1 22 18 
-4 -21 -22 13 
-6 -9 5 -1 
4 18 18 -15 
-5 -10 5 0 
3 18 19 -13 
-5 -12 5 1 
2 17 20 -12 
-5 -13 5 2 
0 17 20 -10 
17 7 -6 -8 
10 6 7 16 
17 7 -5 -8 
11 6 7 17 
17 8 -5 -8 
11 5 7 17 
17 8 -4 -8 
11 4 7 17 
14 -15 22 4 
1 18 -14 -3 
13 -16 22 4 
1 17 -14 -1 
12 -17 22 4 
1 17 -14 0 
11 -18 23 4 
1 17 -14 2 
21 10 1 8 
8 -25 -11 5 
21 10 2 8 
9 -26 -12 4 
21 10 2 8 
10 -27 -12 4 
20 10 3 8 
11 -28 -13 3 
26 3 13 -22 
5 3 16 20 
27 3 13 -21 
5 1 15 21 
28 4 13 -20 
6 0 14 21 
28 4 13 -19 
6 -2 13 22 
-10 -11 12 -26 
-31 -5 -36 -24 
-11 -11 12 -26 
-29 -4 -36 -24 
-12 -11 11 -25 
-28 -3 -37 -24 
-12 -11 10 -25 
-27 -2 -38 -24 
-11 -2 8 13 
-3 -8 -13 -2 
-12 -2 9 13 
-3 -8 -13 -2 
-13 -3 9 13 
-3 -8 -12 -2 
-14 -3 9 13 
-4 -9 -11 -2 
17 -26 -6 -14 
-22 19 3 12 
17 -26 -6 -15 
-22 18 1 13 
18 -25 -6 -15 
-22 17 0 15 
18 -25 -5 -16 
-21 16 -1 16 
25 -14 9 -12 
-4 2 -20 -3 
24 -14 11 -13 
-2 2 -21 -3 
24 -14 12 -13 
-1 1 -22 -2 
23 -13 13 -14 
1 1 -23 -2 
-10 -3 10 -4 
-3 -3 1 -16 
-10 -4 9 -4 
-4 -2 1 -16 
-10 -4 8 -4 
-4 -2 1 -16 
-10 -5 7 -4 
-4 -1 1 -16 
1 -18 4 -7 
-11 2 -12 5 
0 -17 4 -8 
-11 3 -12 5 
0 -17 5 -9 
-11 3 -12 6 
-1 -16 5 -9 
-10 3 -12 6 
5 2 8 6 
9 -14 -9 -11 
4 2 9 6 
10 -13 -9 -12 
4 2 9 5 
11 -12 -9 -12 
3 2 10 5 
12 -11 -9 -13 
-2 -17 23 3 
-3 -5 4 -4 
-2 -17 22 2 
-3 -6 4 -3 
-2 -18 21 2 
-3 -6 4 -3 
-2 -18 21 2 
-3 -7 4 -2 
14 16 15 1 
4 26 -6 5 
14 16 15 2 
4 27 -6 5 
13 15 16 3 
4 27 -6 6 
12 14 17 5 
4 27 -6 6 
-9 -25 -20 7 
9 19 15 8 
-7 -25 -21 6 
9 18 15 9 
-6 -25 -22 4 
9 18 14 10 
-5 -25 -22 3 
9 17 14 12 
-5 0 3 3 
-11 1 -3 -12 
-5 0 3 3 
-12 1 -3 -12 
-5 -1 2 3 
-12 2 -3 -12 
-5 -1 2 3 
-12 2 -3 -12 
0 -11 -18 1 
-3 -2 10 -4 
1 -11 -18 1 
-3 -2 10 -4 
2 -11 -18 0 
-3 -2 9 -3 
3 -11 -18 0 
-3 -2 9 -3 
3 21 5 7 
-9 0 -8 17 
2 21 5 8 
-9 -1 -9 16 
2 21 5 9 
-9 -1 -9 16 
2 21 5 9 
-8 -2 -9 16 
-4 5 -5 -4 
13 -18 -3 -18 
-3 5 -5 -4 
13 -17 -2 -18 
-3 4 -5 -3 
13 -17 -2 -19 
-3 4 -5 -2 
14 -16 -2 -19 
-4 7 -1 0 
-4 -9 13 9 
-4 7 -2 0 
-5 -10 13 9 
-3 7 -3 1 
-5 -11 13 9 
-2 7 -4 1 
-6 -12 12 9 
1 0 -7 -26 
3 -13 3 -1 
1 1 -7 -26 
3 -12 3 -2 
1 1 -7 -25 
3 -12 3 -2 
1 2 -7 -25 
2 -12 4 -3 
1 1 -10 -3 
8 1 -17 4 
1 2 -10 -3 
9 1 -17 4 
1 2 -10 -3 
10 1 -17 4 
1 2 -10 -3 
10 2 -17 3 
9 -9 8 -1 
26 -8 -12 3 
9 -9 8 -2 
27 -8 -12 3 
8 -9 8 -2 
27 -9 -11 3 
8 -8 8 -3 
28 -9 -11 3 
-13 7 8 -8 
-8 -28 4 3 
-13 8 7 -7 
-9 -28 4 2 
-12 8 5 -7 
-10 -29 4 1 
-12 9 4 -7 
-11 -29 5 0 
2 17 -15 -26 
-5 -5 -4 -8 
2 17 -14 -25 
-5 -4 -4 -10 
2 18 -14 -24 
-6 -3 -4 -11 
2 18 -13 -23 
-6 -1 -4 -12 
1 -5 -12 11 
-19 -7 -3 -1 
1 -5 -11 11 
-19 -8 -3 -1 
1 -5 -11 10 
-19 -8 -4 -1 
1 -5 -11 9 
-20 -8 -4 -1 
44 1 4 1 
50 6 -23 -16 
41 1 7 1 
43 9 -20 -17 
39 1 9 2 
35 13 -17 -19 
36 1 11 2 
27 17 -13 -20 
786 -1 -130 29 
192 -22 371 497 
803 12 -116 24 
195 -39 348 498 
817 26 -100 18 
198 -55 325 497 
829 41 -82 11 
200 -69 304 495 
103 43 37 -10 
-4 87 11 18 
107 38 30 0 
-1 86 5 21 
111 34 25 10 
3 85 0 25 
114 29 19 19 
6 84 -6 28 
11 19 33 12 
0 -64 27 -23 
12 20 31 10 
0 -62 26 -27 
13 21 29 8 
0 -60 25 -30 
14 23 28 6 
0 -58 24 -34 
3 -42 -7 -3 
12 15 -4 -14 
5 -43 -8 -3 
14 14 -6 -12 
6 -44 -8 -3 
16 12 -7 -9 
7 -45 -9 -3 
19 11 -8 -7 
-41 19 25 -17 
-34 25 -36 -16 
-41 18 23 -16 
-34 27 -36 -17 
-42 18 20 -15 
-33 29 -36 -17 
-42 18 18 -14 
-33 31 -36 -18 
-17 -6 -29 29 
-11 15 -24 52 
-16 -5 -29 27 
-10 13 -24 53 
-16 -3 -29 24 
-8 11 -25 53 
-15 -1 -29 22 
-6 8 -26 53 
-19 26 24 -35 
5 -4 -25 14 
-20 29 23 -35 
7 -2 -25 11 
-21 31 22 -34 
9 0 -25 9 
-21 33 21 -34 
12 1 -25 7 
-14 -25 35 14 
-14 -16 7 -22 
-14 -25 34 13 
-14 -15 7 -22 
-14 -25 33 11 
-14 -14 6 -22 
-13 -25 31 10 
-13 -14 6 -22 
4 -26 18 -17 
28 -8 -9 0 
3 -25 19 -18 
28 -9 -8 1 
1 -24 19 -19 
29 -9 -7 1 
0 -23 20 -20 
30 -10 -7 1 
-9 -14 16 -35 
8 -2 -18 18 
-9 -12 15 -36 
8 -2 -18 17 
-10 -10 14 -37 
8 -1 -17 17 
-10 -7 13 -37 
8 -1 -17 16 
-23 -8 -26 -5 
-28 -12 1 -3 
-21 -7 -28 -6 
-27 -11 0 -4 
-19 -6 -29 -7 
-27 -9 -1 -5 
-18 -5 -31 -7 
-27 -8 -2 -6 
-6 -25 -12 14 
-5 -23 18 -25 
-5 -25 -12 13 
-6 -22 18 -25 
-4 -26 -12 12 
-7 -20 18 -26 
-3 -26 -12 11 
-7 -19 17 -26 
9 3 -12 12 
1 -8 -3 16 
10 4 -12 12 
2 -9 -4 15 
10 4 -12 12 
3 -8 -5 14 
11 5 -12 12 
3 -8 -5 14 
-15 15 -7 15 
-21 36 1 17 
-14 15 -9 15 
-22 36 0 17 
-14 14 -10 16 
-22 36 0 18 
-13 14 -11 17 
-23 36 -1 19 
6 5 -20 23 
-9 -23 -1 -2 
7 5 -20 23 
-9 -24 -2 -2 
7 4 -19 22 
-9 -24 -2 -3 
8 4 -18 21 
-9 -24 -3 -3 
9 12 0 -6 
1 0 5 -4 
10 11 0 -4 
1 1 5 -5 
10 11 0 -3 
1 1 4 -5 
10 10 1 -2 
1 2 4 -5 
-2 33 -1 13 
26 -24 10 9 
-1 33 -2 13 
26 -24 11 8 
-1 34 -2 14 
26 -24 11 6 
-1 34 -2 14 
26 -24 12 4 
2 24 13 0 
2 -8 3 -11 
2 24 13 1 
1 -7 4 -12 
2 23 13 2 
1 -6 4 -13 
1 23 12 3 
0 -4 5 -14 
-2 -2 -1 20 
6 3 1 -10 
-2 -3 -1 20 
5 3 1 -9 
-3 -4 0 20 
4 3 2 -9 
-3 -5 0 20 
3 3 3 -8 
-1 1 -13 -5 
21 -10 -3 -13 
-2 1 -13 -5 
21 -10 -2 -13 
-2 1 -12 -5 
21 -9 -1 -14 
-2 1 -12 -5 
20 -9 0 -14 
6 -2 -13 4 
0 20 24 -25 
7 -3 -14 4 
0 22 23 -25 
9 -4 -15 4 
-1 23 22 -24 
10 -5 -15 4 
-1 24 22 -23 
-2 15 -1 18 
-1 14 17 21 
-2 16 -1 17 
-2 13 17 20 
-1 16 -1 16 
-3 13 18 20 
-1 16 -1 15 
-4 12 18 20 
-11 -9 -14 0 
-5 3 -2 -6 
-11 -9 -14 -1 
-5 2 -2 -5 
-10 -10 -14 -1 
-5 1 -2 -4 
-10 -10 -14 -1 
-5 0 -2 -3 
14 -2 9 -36 
2 -2 -14 9 
13 -1 10 -36 
2 -2 -14 9 
12 1 11 -36 
3 -2 -14 8 
11 2 12 -36 
4 -2 -14 8 
10 -6 15 -9 
18 -9 -2 6 
10 -5 15 -9 
18 -10 -1 6 
9 -4 15 -9 
18 -10 -1 6 
8 -4 15 -10 
18 -11 0 5 
5 8 10 -20 
9 -26 -18 4 
4 9 10 -20 
10 -26 -17 3 
3 10 10 -19 
10 -27 -17 2 
3 10 10 -19 
11 -27 -17 1 
-4 44 2 -7 
-24 -5 5 16 
-3 45 1 -5 
-24 -4 4 14 
-3 45 1 -3 
-25 -4 4 13 
-3 45 0 -2 
-25 -3 4 11 
19 -20 6 18 
19 3 0 -6 
18 -21 7 18 
19 2 0 -5 
17 -22 9 18 
19 1 1 -3 
16 -23 11 17 
19 0 1 -2 
17 -11 11 -9 
-2 14 -6 3 
17 -11 11 -8 
-1 14 -6 4 
16 -12 11 -8 
-1 13 -7 5 
16 -12 11 -8 
-1 12 -7 6 
-6 14 -7 15 
-14 -21 12 -21 
-5 12 -7 16 
-15 -21 11 -22 
-4 11 -8 17 
-16 -21 11 -22 
-3 10 -8 18 
-16 -21 10 -22 
-14 -11 -27 -13 
0 27 9 10 
-13 -11 -27 -13 
0 26 9 12 
-12 -11 -27 -12 
0 25 8 13 
-11 -11 -28 -12 
0 24 8 15 
6 0 13 -5 
-7 1 -5 -1 
6 0 13 -5 
-7 0 -5 0 
5 0 13 -5 
-6 0 -6 0 
5 0 13 -5 
-6 0 -6 0 
9 -14 13 -15 
-9 -3 -15 -4 
8 -13 13 -16 
-8 -3 -16 -4 
7 -13 14 -16 
-8 -2 -16 -4 
7 -12 14 -16 
-7 -2 -16 -4 
26 -18 18 6 
4 -25 1 -4 
26 -18 19 5 
5 -25 0 -4 
25 -18 20 5 
5 -26 0 -4 
25 -17 20 4 
6 -26 -1 -4 
-18 8 8 -11 
-2 9 5 7 
-18 8 8 -10 
-2 9 6 7 
-18 8 7 -9 
-3 8 6 7 
-18 8 6 -8 
-3 8 7 7 
10 -32 2 -12 
1 -6 -3 -24 
9 -33 2 -13 
2 -5 -3 -23 
9 -33 3 -14 
2 -5 -3 -22 
8 -33 4 -14 
2 -5 -3 -22 
-7 22 14 9 
25 5 -22 11 
-9 22 14 10 
25 5 -21 11 
-10 22 15 11 
24 5 -19 10 
-12 22 15 11 
24 5 -17 10 
6 -10 -12 3 
-4 -9 -7 -5 
7 -10 -12 2 
-3 -9 -8 -5 
7 -10 -13 2 
-3 -9 -8 -5 
8 -10 -13 1 
-2 -9 -9 -5 
21 -6 2 -9 
13 -11 2 -11 
21 -6 2 -9 
14 -10 1 -11 
22 -6 2 -9 
15 -10 1 -12 
22 -6 3 -9 
16 -9 0 -12 
1 -14 10 14 
-5 9 -4 -12 
2 -15 10 14 
-5 9 -5 -11 
2 -17 9 15 
-4 8 -6 -9 
2 -18 8 15 
-3 8 -6 -8 
-7 24 7 8 
8 -16 14 -9 
-7 23 7 9 
7 -15 15 -10 
-7 23 7 10 
6 -14 16 -11 
-7 22 7 11 
4 -14 16 -12 
4 22 -12 6 
-4 -12 2 13 
4 23 -11 7 
-5 -12 2 12 
5 23 -11 7 
-5 -12 2 10 
5 23 -11 7 
-6 -12 2 9 
-26 -16 -25 -8 
6 0 -12 -16 
-26 -16 -25 -8 
6 1 -12 -17 
-26 -15 -26 -9 
6 3 -11 -17 
-26 -15 -26 -9 
6 4 -10 -17 
-15 -2 -10 20 
16 7 5 -34 
-15 -3 -11 20 
16 8 6 -34 
-15 -5 -11 20 
16 9 6 -33 
-14 -6 -12 19 
16 10 7 -33 
-7 16 0 -1 
-15 -13 5 26 
-6 18 0 -2 
-15 -14 5 25 
-6 19 -1 -2 
-15 -16 4 24 
-5 20 -2 -3 
-16 -17 4 23 
1 14 -2 -26 
-11 -10 -4 -2 
1 15 -1 -25 
-11 -10 -4 -3 
0 16 0 -24 
-12 -9 -4 -4 
0 16 0 -23 
-13 -8 -4 -5 
-22 7 -25 8 
14 4 -21 -13 
-22 6 -24 8 
15 5 -20 -13 
-22 6 -24 9 
16 6 -20 -13 
-22 5 -24 9 
17 6 -19 -13 
21 3 16 15 
6 0 18 12 
21 3 16 15 
7 -1 17 12 
22 3 15 14 
7 -1 16 13 
22 3 15 14 
7 -2 15 13 
7 12 13 -1 
0 -6 -13 12 
7 12 13 -1 
1 -6 -14 11 
6 13 13 0 
2 -7 -15 11 
6 13 13 0 
3 -8 -15 11 
19 15 11 -17 
81 -16 -14 20 
18 16 11 -17 
75 -14 -11 18 
17 18 11 -17 
69 -11 -7 16 
16 19 11 -17 
62 -9 -4 14 
769 -66 -129 23 
164 -18 350 363 
789 -58 -118 18 
172 -32 323 367 
806 -49 -105 13 
180 -46 296 369 
821 -39 -90 8 
187 -58 271 370 
82 -12 48 -39 
-65 51 44 43 
91 -14 37 -32 
-59 49 34 46 
99 -16 27 -26 
-54 48 24 49 
108 -18 18 -20 
-47 46 14 52 
34 -5 80 -10 
21 -59 23 -24 
34 -4 80 -11 
22 -58 22 -27 
33 -3 80 -13 
22 -56 21 -30 
33 -2 79 -14 
23 -54 20 -32 
-15 -81 8 -31 
38 33 4 21 
-14 -81 6 -33 
40 30 5 25 
-14 -80 4 -34 
41 28 5 29 
-13 -79 2 -36 
42 25 5 32 
-39 -9 27 -25 
-13 27 -29 -17 
-39 -9 24 -25 
-12 27 -29 -15 
-39 -10 22 -24 
-12 27 -28 -14 
-40 -10 19 -24 
-11 27 -28 -13 
-16 -12 -19 -18 
10 -13 -9 31 
-15 -10 -20 -20 
11 -13 -9 30 
-14 -7 -20 -22 
13 -14 -10 29 
-14 -5 -21 -24 
14 -14 -10 28 
-34 -6 27 -19 
12 -16 -16 9 
-35 -4 26 -19 
11 -16 -14 8 
-36 -3 24 -20 
11 -16 -13 7 
-37 -1 23 -20 
10 -16 -11 6 
7 -11 -7 -8 
0 -13 -6 -28 
7 -11 -7 -8 
0 -11 -6 -29 
7 -12 -6 -8 
0 -10 -6 -29 
7 -12 -6 -8 
0 -8 -6 -29 
12 7 -4 26 
-8 -22 -14 -13 
11 6 -3 27 
-7 -22 -14 -13 
11 5 -3 27 
-7 -22 -15 -13 
11 4 -2 27 
-6 -22 -15 -13 
1 28 -4 -9 
-4 26 -4 44 
1 29 -4 -8 
-4 25 -4 44 
1 30 -4 -7 
-4 24 -4 44 
1 31 -4 -5 
-4 23 -5 44 
-17 14 -3 24 
-3 3 4 -18 
-17 13 -3 25 
-3 3 4 -17 
-17 11 -4 25 
-3 3 5 -17 
-17 10 -4 26 
-3 3 5 -17 
-18 4 3 -7 
16 14 -22 9 
-19 4 3 -7 
17 13 -21 10 
-20 4 3 -7 
18 12 -20 10 
-21 4 3 -7 
18 12 -19 11 
22 -7 8 -13 
1 18 23 10 
23 -6 7 -14 
1 19 21 10 
24 -5 7 -14 
1 19 20 11 
25 -5 6 -15 
2 19 19 11 
15 19 9 24 
-1 8 -11 6 
15 19 10 24 
0 7 -12 6 
15 18 10 24 
1 7 -12 6 
14 18 10 24 
3 7 -13 6 
-9 1 20 8 
20 -3 7 -21 
-9 0 20 8 
20 -3 8 -20 
-10 -2 19 8 
19 -3 9 -20 
-10 -3 18 9 
19 -3 10 -20 
15 14 1 10 
1 -7 3 -16 
15 13 1 11 
1 -6 3 -16 
16 12 1 12 
2 -5 2 -17 
16 11 1 12 
2 -4 1 -17 
13 -7 10 5 
8 -8 -13 -11 
12 -7 10 5 
8 -7 -13 -11 
12 -7 10 5 
9 -7 -13 -11 
11 -8 10 5 
9 -7 -13 -11 
7 7 -6 4 
-2 -13 6 4 
8 7 -6 5 
-1 -13 5 4 
9 7 -7 5 
0 -13 4 3 
10 7 -7 5 
1 -14 3 3 
-11 -9 30 -9 
-30 -10 -14 4 
-12 -8 30 -9 
-31 -10 -14 4 
-13 -8 30 -9 
-32 -11 -13 4 
-15 -8 29 -9 
-33 -11 -13 4 
9 -14 -26 -1 
-11 -4 4 -24 
9 -15 -25 0 
-11 -3 4 -23 
10 -16 -24 0 
-11 -3 3 -23 
10 -17 -22 0 
-11 -3 3 -22 
26 -2 0 -8 
9 10 5 -3 
26 -1 1 -8 
10 11 4 -3 
26 -1 2 -8 
11 12 3 -3 
27 0 3 -8 
12 13 2 -4 
10 -10 14 11 
20 2 20 17 
11 -10 13 9 
20 1 20 17 
11 -9 12 8 
19 1 20 17 
12 -8 12 7 
19 1 20 16 
-7 -13 -19 5 
0 9 19 12 
-5 -13 -21 5 
0 8 18 13 
-3 -13 -22 5 
1 8 17 14 
-1 -13 -23 4 
2 7 16 15 
-21 -2 15 11 
-18 11 -27 -6 
-22 -3 15 11 
-18 11 -27 -5 
-23 -4 14 11 
-17 11 -27 -5 
-24 -5 14 12 
-17 11 -26 -4 
-10 5 -12 6 
-8 2 12 26 
-10 6 -12 5 
-10 1 12 26 
-10 6 -12 5 
-11 0 13 26 
-9 7 -12 5 
-13 -1 13 26 
-7 16 -25 0 
-6 18 2 3 
-7 16 -25 1 
-8 18 2 3 
-7 15 -24 2 
-9 18 3 3 
-7 15 -23 3 
-11 19 4 3 
7 -7 -37 11 
18 11 6 3 
8 -7 -36 11 
18 11 6 3 
9 -8 -36 10 
19 11 6 4 
9 -8 -35 9 
19 11 6 4 
-12 12 -8 9 
9 21 -1 9 
-11 12 -9 9 
10 21 -2 10 
-10 12 -10 9 
11 21 -2 10 
-9 12 -11 9 
12 20 -2 10 
-33 20 15 8 
8 1 -16 -2 
-33 20 14 8 
8 2 -15 -3 
-34 20 13 8 
7 2 -13 -3 
-35 20 12 8 
6 3 -12 -4 
-2 -19 -28 -8 
-18 -8 -11 -1 
-1 -19 -29 -9 
-17 -8 -13 -1 
0 -18 -29 -10 
-16 -8 -14 -1 
1 -17 -29 -11 
-15 -8 -15 -1 
-8 1 -1 -1 
11 -10 6 28 
-8 2 -2 -2 
12 -10 6 28 
-7 3 -2 -2 
12 -11 6 27 
-7 4 -2 -2 
12 -11 7 27 
-3 1 16 1 
3 2 2 -17 
-3 0 16 2 
3 3 3 -18 
-3 0 16 3 
2 5 3 -18 
-4 -1 15 3 
2 6 4 -18 
24 7 10 14 
5 3 -2 18 
23 8 11 13 
6 4 -2 17 
23 9 11 12 
7 5 -3 16 
22 10 12 11 
7 6 -3 15 
24 7 33 29 
-19 -3 -2 15 
23 7 34 29 
-20 -3 -3 15 
22 7 35 28 
-21 -3 -3 14 
21 7 35 28 
-22 -4 -3 14 
11 2 -22 -3 
3 -10 24 3 
11 3 -21 -2 
2 -10 24 3 
12 3 -20 -2 
2 -10 24 3 
13 3 -19 -2 
1 -10 24 2 
-3 4 6 3 
3 -2 -1 -4 
-4 3 7 3 
2 -3 0 -3 
-4 3 7 4 
1 -4 1 -3 
-5 2 8 4 
-1 -4 2 -3 
6 -13 -15 -24 
0 11 8 -9 
6 -13 -15 -24 
0 11 8 -9 
6 -13 -14 -24 
0 11 8 -8 
7 -13 -13 -24 
0 11 7 -7 
16 -1 19 6 
-7 4 -5 -12 
15 -2 19 6 
-7 4 -5 -11 
14 -2 20 6 
-7 4 -6 -11 
13 -3 21 6 
-7 4 -6 -10 
0 8 -1 9 
1 -5 -2 -3 
0 7 0 9 
2 -6 -2 -2 
0 7 0 10 
2 -7 -2 -2 
0 6 0 10 
3 -8 -2 -2 
-16 6 13 -24 
-4 4 -3 7 
-17 6 13 -24 
-4 4 -2 7 
-17 7 12 -23 
-4 4 -1 7 
-18 8 12 -23 
-5 4 -1 6 
-4 -9 4 -1 
-7 28 7 0 
-5 -9 4 -1 
-8 28 8 0 
-5 -10 5 -1 
-10 29 9 1 
-5 -10 5 -1 
-11 29 10 2 
17 14 -16 23 
22 9 20 6 
17 14 -15 23 
22 9 20 6 
17 13 -13 22 
21 8 20 6 
18 13 -12 22 
21 8 20 6 
-19 -3 16 -17 
-1 0 -15 26 
-20 -1 15 -17 
-1 0 -14 25 
-21 0 14 -18 
-1 -1 -13 25 
-21 2 14 -19 
-2 -1 -12 24 
-6 -12 0 7 
7 4 -13 -6 
-7 -13 0 7 
7 4 -13 -6 
-7 -13 0 7 
7 4 -12 -5 
-8 -14 0 7 
7 4 -12 -4 
1 15 -1 8 
-6 14 -1 5 
1 15 -1 8 
-7 15 -1 5 
1 15 -1 8 
-7 16 -1 4 
1 15 -1 8 
-8 16 -1 4 
-4 -21 -22 14 
-4 -6 8 -7 
-3 -21 -22 13 
-4 -6 8 -6 
-2 -21 -22 12 
-4 -6 8 -6 
-1 -22 -22 10 
-4 -6 7 -5 
9 6 -10 7 
3 8 -4 13 
9 6 -10 7 
4 8 -5 14 
10 5 -10 8 
5 7 -6 14 
10 5 -10 8 
6 7 -7 15 
-7 5 10 6 
-1 10 0 -6 
-6 4 9 6 
-1 10 -1 -6 
-6 4 8 7 
0 10 -1 -6 
-5 3 7 7 
1 11 -1 -5 
11 -17 15 4 
6 15 -7 2 
11 -17 15 4 
7 15 -8 3 
11 -17 15 3 
8 16 -8 3 
10 -17 15 2 
9 16 -9 4 
15 1 11 24 
66 3 -22 13 
13 1 11 24 
61 5 -19 13 
12 1 11 24 
55 8 -16 12 
11 1 11 23 
48 10 -13 11 
685 -131 -135 42 
10 -29 244 306 
703 -126 -125 36 
18 -44 215 312 
719 -119 -114 30 
27 -58 187 317 
733 -111 -101 24 
34 -71 160 321 
93 -57 -33 -83 
-66 -4 33 21 
104 -58 -40 -78 
-58 -6 21 24 
114 -59 -47 -72 
-50 -8 9 26 
123 -59 -53 -67 
-42 -10 -3 29 
9 -32 92 -32 
9 -55 4 -30 
9 -32 90 -32 
11 -54 3 -31 
9 -31 88 -32 
13 -54 2 -32 
9 -31 85 -32 
15 -53 1 -33 
-51 -90 -2 -50 
30 -3 45 14 
-48 -89 -5 -51 
29 -6 46 17 
-46 -88 -9 -52 
27 -9 48 20 
-43 -86 -12 -54 
26 -13 49 23 
-28 10 4 -36 
7 17 -28 -48 
-29 8 3 -33 
6 19 -26 -48 
-31 7 2 -31 
5 21 -24 -47 
-32 5 2 -29 
3 22 -22 -47 
-30 -25 -49 7 
39 3 -28 -16 
-30 -25 -50 5 
41 4 -27 -16 
-30 -25 -50 3 
43 5 -26 -16 
-29 -25 -50 1 
45 5 -24 -16 
-21 6 47 -1 
-22 6 -44 -1 
-23 7 45 -2 
-21 7 -44 -2 
-25 7 43 -2 
-21 7 -43 -3 
-27 8 42 -3 
-21 8 -43 -4 
16 -1 -10 5 
16 -18 2 -12 
17 0 -9 4 
16 -16 2 -13 
17 0 -8 3 
16 -15 2 -14 
17 1 -8 2 
16 -13 2 -15 
0 -4 -9 20 
5 -3 10 -5 
1 -4 -10 20 
6 -2 9 -5 
2 -5 -11 19 
6 -1 8 -5 
4 -5 -12 19 
7 -1 8 -5 
-20 0 0 10 
16 -7 11 7 
-19 0 -1 10 
17 -7 11 7 
-18 0 -3 9 
18 -7 11 6 
-17 0 -4 9 
19 -7 11 6 
-25 -5 24 8 
16 35 16 5 
-25 -6 23 9 
15 34 18 7 
-25 -7 22 9 
14 33 19 8 
-25 -8 20 9 
13 32 21 10 
-1 22 -9 -2 
-6 20 -14 15 
-1 23 -9 -2 
-5 20 -15 14 
-1 23 -9 -2 
-4 20 -16 14 
-1 24 -9 -2 
-2 21 -16 13 
-5 1 19 18 
-25 4 8 3 
-5 1 19 18 
-27 3 8 3 
-5 1 18 17 
-28 3 7 4 
-5 0 18 17 
-30 2 7 4 
-3 -2 -47 -6 
16 -12 3 -2 
-2 -2 -46 -6 
17 -13 3 -2 
-1 -2 -45 -6 
17 -14 3 -2 
0 -2 -44 -6 
17 -14 3 -2 
-4 -5 -5 -21 
19 -6 8 9 
-4 -4 -6 -21 
19 -6 8 9 
-3 -4 -6 -20 
19 -7 9 9 
-3 -3 -7 -20 
19 -7 9 9 
13 7 0 1 
-14 1 6 -14 
13 6 -1 1 
-14 2 5 -15 
14 6 -1 2 
-14 4 4 -15 
14 5 -1 2 
-15 6 4 -16 
2 12 2 23 
3 -14 -15 11 
1 13 3 22 
3 -13 -15 10 
0 13 4 21 
3 -11 -15 8 
-1 14 4 20 
3 -10 -14 7 
1 20 -20 31 
-5 -4 26 4 
2 20 -21 31 
-5 -3 25 3 
4 20 -21 31 
-5 -2 24 2 
6 19 -22 32 
-4 -1 23 1 
-20 -19 12 4 
9 -33 -13 -22 
-20 -18 12 3 
10 -33 -13 -22 
-21 -18 11 2 
11 -33 -12 -23 
-21 -18 11 1 
12 -32 -12 -24 
10 -18 19 -20 
-1 6 -2 2 
10 -17 19 -20 
0 6 -2 3 
10 -17 18 -20 
0 7 -3 3 
10 -16 18 -20 
1 7 -4 3 
6 13 -1 23 
-6 2 16 -1 
7 12 -1 24 
-6 2 15 -1 
8 11 -2 24 
-6 1 14 -1 
10 11 -3 24 
-6 0 13 0 
-5 6 -1 -23 
-3 11 7 -8 
-5 6 -1 -23 
-3 12 6 -8 
-4 7 -2 -23 
-3 12 6 -8 
-4 7 -2 -23 
-3 13 6 -9 
23 0 14 0 
11 -6 -4 21 
22 1 15 -1 
11 -7 -4 20 
22 3 16 -2 
12 -7 -4 20 
21 4 17 -3 
12 -7 -4 19 
-4 8 -10 9 
2 24 21 -6 
-3 7 -11 9 
1 25 21 -5 
-1 7 -12 10 
1 26 20 -5 
0 6 -13 10 
0 27 20 -5 
-19 6 -7 11 
8 -16 20 -3 
-18 6 -8 10 
7 -15 22 -4 
-18 7 -8 8 
5 -15 23 -5 
-18 8 -8 7 
3 -14 24 -6 
15 4 -9 -3 
12 -35 -26 -2 
14 4 -8 -3 
13 -35 -26 -4 
12 5 -6 -4 
13 -34 -25 -6 
11 6 -5 -4 
12 -33 -24 -7 
-6 5 -14 11 
-3 0 -20 -12 
-6 3 -15 12 
-3 0 -20 -11 
-6 2 -15 13 
-3 0 -20 -11 
-6 1 -16 14 
-2 0 -19 -11 
23 6 0 1 
-4 -15 -8 -12 
23 6 0 1 
-3 -15 -9 -13 
23 5 1 2 
-2 -14 -10 -13 
23 5 2 2 
-2 -14 -11 -13 
6 24 6 15 
3 -1 26 1 
7 23 6 16 
1 -1 26 1 
7 22 5 17 
0 -2 26 1 
8 21 5 18 
-1 -2 26 1 
25 8 -2 -20 
4 21 -20 1 
25 9 0 -20 
5 22 -20 1 
24 10 1 -20 
6 23 -21 1 
23 10 3 -20 
7 23 -21 0 
-7 -6 -4 9 
-29 10 -9 -2 
-6 -6 -5 8 
-29 10 -10 -1 
-5 -6 -6 7 
-28 10 -12 -1 
-4 -6 -7 6 
-27 10 -13 0 
0 7 14 8 
29 8 -4 14 
-2 7 15 8 
29 6 -3 15 
-3 7 16 8 
29 5 -1 15 
-4 6 17 9 
28 4 0 16 
5 -6 5 -16 
-6 -17 1 -24 
5 -6 4 -16 
-6 -16 1 -24 
5 -6 4 -16 
-7 -15 1 -25 
5 -6 4 -15 
-8 -14 1 -25 
-14 16 -31 8 
-38 6 -9 19 
-13 17 -31 8 
-38 7 -10 18 
-12 17 -32 9 
-38 7 -11 18 
-11 18 -32 9 
-38 7 -12 17 
-25 1 -35 19 
-12 -20 15 7 
-23 1 -35 19 
-12 -21 15 7 
-22 1 -35 19 
-13 -22 15 7 
-21 1 -35 18 
-13 -24 15 7 
7 2 -3 -31 
-17 -15 29 2 
8 3 -3 -30 
-18 -15 29 1 
8 4 -2 -30 
-20 -15 28 0 
9 4 -2 -29 
-21 -14 28 -1 
9 -3 -2 2 
3 3 -14 3 
8 -3 0 2 
3 3 -14 3 
7 -3 1 2 
3 3 -14 3 
6 -3 3 2 
4 3 -14 3 
-15 -1 -10 7 
-13 9 -24 -8 
-15 -2 -11 7 
-11 10 -25 -8 
-15 -2 -11 7 
-9 10 -26 -7 
-14 -3 -12 7 
-7 11 -26 -7 
3 -2 28 21 
-17 -10 -1 -19 
2 -4 28 21 
-17 -10 -2 -19 
2 -5 27 21 
-16 -10 -3 -18 
2 -6 27 21 
-16 -10 -3 -18 
2 19 9 -9 
12 -16 15 -1 
1 19 10 -9 
12 -15 15 -3 
1 20 10 -8 
11 -14 16 -4 
1 21 10 -8 
10 -13 16 -6 
-2 -13 -4 -8 
-1 11 -4 14 
-2 -12 -4 -9 
-1 12 -4 14 
-2 -11 -4 -9 
-1 12 -4 14 
-2 -10 -4 -10 
-1 12 -4 14 
-3 3 1 11 
-10 3 3 7 
-2 3 0 11 
-10 3 3 7 
-2 3 0 11 
-9 3 2 7 
-2 3 0 10 
-9 2 2 7 
10 4 23 2 
8 6 -18 4 
9 4 24 3 
9 5 -18 5 
7 4 25 3 
10 4 -18 5 
6 3 26 3 
10 3 -17 6 
-30 2 2 -19 
6 5 0 1 
-30 2 0 -19 
6 6 1 1 
-30 3 -1 -19 
5 6 2 0 
-30 4 -2 -19 
4 7 3 0 
-31 -23 -24 4 
-16 23 -1 -2 
-30 -23 -25 3 
-16 23 -1 -1 
-29 -23 -26 2 
-17 23 -1 1 
-28 -23 -27 1 
-17 23 -1 2 
4 6 -8 5 
14 -10 3 0 
4 7 -7 5 
14 -10 3 -1 
4 7 -6 4 
14 -9 3 -2 
4 8 -6 3 
13 -8 4 -3 
-23 19 -16 6 
15 12 -6 16 
-23 19 -18 6 
15 13 -5 16 
-22 20 -19 7 
15 13 -4 15 
-22 20 -19 7 
16 14 -3 14 
15 -20 10 11 
-14 24 -9 7 
14 -21 10 10 
-14 23 -9 8 
14 -21 10 9 
-13 22 -10 10 
14 -21 10 8 
-13 21 -11 11 
-8 -18 -9 -17 
-12 -2 -11 3 
-7 -17 -9 -18 
-12 -2 -11 3 
-7 -16 -9 -19 
-11 -2 -11 3 
-7 -15 -9 -20 
-11 -1 -12 3 
17 -5 -4 10 
64 -34 -6 18 
16 -5 -4 10 
61 -31 -4 16 
16 -4 -3 10 
56 -28 -2 15 
15 -3 -3 9 
51 -25 1 13 
562 -222 -98 52 
-224 39 75 242 
576 -220 -91 47 
-215 25 45 254 
588 -217 -82 41 
-205 11 16 264 
598 -212 -72 34 
-196 -2 -13 273 
87 -89 -81 -93 
-35 -10 28 67 
95 -88 -82 -90 
-29 -15 19 71 
102 -86 -82 -88 
-23 -20 10 74 
109 -84 -82 -86 
-18 -25 2 76 
24 -22 55 -72 
-23 -51 5 -2 
26 -21 53 -72 
-20 -51 1 -4 
27 -19 51 -71 
-17 -51 -2 -5 
28 -17 48 -70 
-13 -50 -5 -7 
-38 -75 39 -34 
6 -12 5 5 
-38 -74 37 -35 
4 -15 6 8 
-39 -74 35 -36 
3 -17 8 10 
-39 -73 33 -37 
2 -19 9 12 
-18 32 -23 -32 
11 15 -20 -24 
-18 32 -23 -30 
10 18 -19 -26 
-18 32 -23 -28 
10 20 -18 -27 
-18 32 -23 -26 
10 22 -17 -28 
-8 -19 -14 7 
-2 6 -46 -10 
-9 -18 -14 4 
-1 7 -46 -10 
-10 -17 -14 2 
0 9 -46 -11 
-11 -16 -14 -1 
1 11 -45 -11 
5 -19 0 22 
3 18 -18 -14 
4 -19 0 20 
4 18 -18 -13 
4 -20 0 19 
5 18 -18 -12 
4 -21 0 18 
5 18 -18 -11 
8 -8 2 -7 
-14 1 -18 -6 
7 -7 2 -8 
-14 1 -18 -6 
7 -7 2 -9 
-15 2 -18 -6 
6 -7 2 -9 
-15 2 -18 -6 
20 -3 -25 -5 
9 -9 -2 3 
20 -3 -24 -5 
9 -9 -3 3 
21 -3 -24 -6 
10 -10 -4 3 
22 -2 -23 -6 
11 -10 -5 3 
0 -17 -10 -20 
10 11 27 -13 
2 -17 -11 -20 
9 11 26 -12 
4 -17 -12 -20 
9 12 25 -12 
5 -17 -13 -20 
9 12 25 -11 
-29 -14 -2 -8 
20 -2 -29 -1 
-29 -13 -3 -9 
21 -2 -28 -1 
-30 -13 -3 -10 
22 -2 -27 -1 
-30 -12 -4 -11 
23 -2 -26 -1 
-14 -5 22 -7 
0 -17 -11 -11 
-16 -5 21 -7 
-1 -17 -10 -11 
-17 -5 21 -7 
-1 -17 -9 -12 
-18 -5 20 -7 
-2 -17 -8 -12 
12 -20 0 -13 
21 19 17 4 
11 -20 1 -13 
20 19 18 6 
11 -20 2 -13 
18 18 19 7 
10 -20 3 -13 
16 18 20 8 
-6 12 -21 14 
0 -16 -26 -8 
-6 11 -21 14 
0 -16 -25 -8 
-7 11 -20 15 
1 -16 -25 -9 
-7 10 -20 15 
1 -16 -25 -9 
13 -24 6 -20 
0 -22 0 -16 
13 -24 6 -20 
-1 -21 0 -16 
13 -24 6 -20 
-1 -20 0 -17 
12 -23 7 -21 
-2 -18 0 -17 
28 4 -13 43 
-1 -8 -8 -12 
28 2 -13 44 
0 -8 -10 -11 
28 0 -12 45 
1 -8 -11 -10 
28 -2 -11 46 
3 -8 -12 -10 
-14 6 7 3 
13 8 6 16 
-14 6 6 4 
12 8 7 17 
-14 5 5 4 
12 7 8 17 
-14 5 4 5 
11 6 8 17 
4 13 -18 -3 
-3 13 14 2 
5 14 -19 -2 
-3 14 13 2 
7 14 -19 -2 
-3 15 13 2 
8 14 -19 -2 
-3 16 12 1 
-11 -20 -4 12 
12 -14 8 0 
-11 -19 -5 10 
12 -14 9 0 
-11 -19 -5 9 
12 -14 9 0 
-10 -19 -6 8 
12 -14 10 -1 
2 -11 15 5 
6 12 8 -7 
1 -11 15 5 
5 12 9 -6 
1 -12 15 6 
4 12 9 -5 
1 -13 15 6 
3 11 10 -4 
1 -6 -11 -16 
-8 -14 1 -6 
1 -5 -11 -17 
-9 -13 1 -7 
1 -4 -11 -17 
-10 -13 1 -8 
1 -3 -10 -18 
-11 -13 1 -8 
20 11 -28 -15 
3 -2 9 24 
21 12 -28 -15 
4 -2 8 24 
22 13 -27 -15 
4 -2 7 23 
23 15 -26 -15 
5 -2 6 21 
-8 -19 6 1 
-11 5 9 0 
-7 -19 5 0 
-12 4 8 1 
-6 -19 4 0 
-12 3 8 1 
-6 -19 3 -1 
-12 3 7 2 
-7 -10 -12 -17 
-11 -8 8 -1 
-7 -9 -12 -17 
-11 -8 8 -1 
-6 -9 -12 -17 
-12 -7 8 -2 
-5 -8 -12 -18 
-12 -6 7 -2 
-23 0 -10 11 
-11 1 -8 10 
-23 0 -10 11 
-12 0 -7 10 
-23 0 -10 11 
-13 -1 -6 10 
-24 0 -10 11 
-14 -1 -5 11 
-5 14 -23 -13 
-15 -27 -22 -12 
-6 15 -22 -13 
-14 -26 -22 -14 
-6 15 -21 -12 
-14 -25 -23 -15 
-6 16 -20 -12 
-13 -24 -23 -17 
-3 4 8 13 
-15 -4 -3 -11 
-3 3 8 14 
-15 -4 -3 -11 
-3 2 8 14 
-15 -4 -4 -11 
-3 1 8 15 
-14 -5 -4 -10 
-21 -12 3 -16 
1 6 -15 -6 
-22 -12 3 -16 
0 6 -14 -5 
-23 -12 3 -16 
-1 6 -13 -5 
-24 -12 4 -16 
-1 6 -11 -4 
20 -19 -4 3 
19 14 -12 -14 
20 -20 -3 3 
20 14 -12 -13 
19 -20 -2 3 
20 14 -12 -12 
18 -21 -1 2 
20 14 -11 -10 
-8 -15 -10 -13 
-15 14 -9 25 
-7 -14 -11 -14 
-15 13 -9 26 
-7 -12 -12 -15 
-15 12 -10 26 
-6 -11 -13 -16 
-16 12 -10 27 
-8 -18 -29 -12 
-11 0 10 -13 
-7 -18 -29 -12 
-11 1 10 -13 
-6 -18 -30 -12 
-11 1 9 -13 
-4 -18 -30 -13 
-11 2 9 -12 
6 -2 9 9 
-6 -9 -13 -3 
6 -2 10 9 
-6 -8 -13 -3 
5 -2 11 9 
-6 -8 -12 -4 
4 -2 12 8 
-6 -7 -12 -4 
-8 9 -22 17 
-7 -25 -19 -6 
-8 8 -22 17 
-6 -25 -19 -7 
-7 8 -22 18 
-5 -25 -20 -8 
-7 7 -22 18 
-4 -25 -21 -8 
2 12 8 -9 
-3 19 11 20 
2 12 7 -8 
-3 18 10 20 
3 12 7 -7 
-4 18 10 21 
3 13 6 -6 
-4 17 10 21 
-8 2 -1 7 
38 20 6 -1 
-9 1 -1 7 
38 21 7 -1 
-9 1 -1 6 
38 21 9 -1 
-9 1 0 6 
37 22 10 0 
9 -12 9 11 
-11 6 11 30 
9 -11 8 10 
-11 5 10 31 
10 -11 7 9 
-10 3 9 31 
11 -10 6 8 
-10 2 8 32 
11 17 20 11 
24 -6 -4 32 
10 17 21 12 
24 -8 -3 32 
9 17 22 13 
24 -9 -3 32 
8 17 23 13 
24 -10 -2 32 
13 6 8 -3 
-10 -8 3 -22 
13 5 7 -1 
-10 -7 2 -22 
13 4 7 0 
-10 -6 2 -22 
14 3 6 1 
-9 -6 1 -22 
14 4 2 15 
-5 1 2 -16 
14 3 2 16 
-5 2 1 -16 
15 3 3 16 
-5 2 1 -16 
15 2 3 16 
-4 3 0 -16 
5 -9 -6 2 
1 -7 18 -10 
6 -9 -6 1 
1 -6 17 -10 
7 -9 -7 1 
0 -6 17 -10 
8 -9 -7 0 
0 -5 16 -10 
-11 -3 -3 6 
-6 14 -8 1 
-11 -4 -4 6 
-6 14 -8 2 
-11 -4 -4 6 
-6 14 -8 3 
-11 -4 -4 6 
-6 13 -8 3 
3 -1 -5 -5 
-20 -6 -6 2 
4 -1 -5 -5 
-20 -6 -6 2 
4 0 -5 -6 
-20 -5 -7 1 
4 0 -5 -6 
-19 -4 -8 0 
19 8 6 16 
-8 4 2 9 
18 8 7 16 
-8 3 1 9 
18 8 8 16 
-8 3 0 9 
18 8 9 16 
-7 3 0 9 
-4 1 6 -6 
0 -2 -13 4 
-5 2 7 -6 
0 -2 -13 4 
-6 2 7 -6 
0 -2 -13 4 
-7 2 7 -6 
0 -2 -12 4 
10 10 -1 4 
-1 2 -8 -17 
10 9 0 5 
0 2 -8 -17 
10 9 0 5 
1 3 -9 -17 
10 8 0 6 
2 3 -9 -17 
-13 9 7 -3 
-31 7 -37 10 
-14 10 7 -3 
-30 7 -38 9 
-14 10 6 -3 
-28 7 -39 9 
-15 11 5 -3 
-27 6 -39 9 
-9 7 4 -5 
19 6 -1 4 
-10 8 4 -5 
20 6 -1 4 
-10 8 4 -5 
20 6 0 4 
-10 8 4 -5 
21 6 0 4 
-3 2 8 5 
-8 1 8 -20 
-2 2 7 5 
-8 2 7 -21 
-1 2 6 5 
-8 3 7 -21 
0 1 5 5 
-7 4 6 -21 
-1 -13 -15 -3 
18 -11 32 2 
1 -12 -16 -4 
18 -10 32 1 
3 -11 -16 -5 
18 -10 32 1 
4 -10 -17 -7 
17 -10 31 0 
-9 10 5 16 
26 -38 -18 -8 
-10 10 4 17 
23 -33 -16 -10 
-10 10 3 17 
18 -29 -14 -13 
-11 10 3 18 
14 -23 -12 -15 
418 -255 -89 80 
-386 118 -122 231 
426 -255 -82 74 
-374 104 -150 246 
432 -254 -74 67 
-361 91 -178 260 
436 -251 -64 59 
-348 78 -205 272 
42 -78 -65 -64 
-11 39 11 124 
45 -76 -62 -63 
-9 31 8 129 
48 -73 -58 -63 
-7 23 4 133 
51 -70 -55 -63 
-5 15 0 138 
-17 -71 -14 -130 
-11 -41 -13 -19 
-15 -68 -16 -131 
-9 -41 -15 -19 
-13 -65 -19 -131 
-6 -41 -17 -20 
-11 -62 -21 -131 
-3 -41 -19 -20 
-23 -42 31 -32 
3 13 -16 25 
-24 -41 30 -32 
3 11 -16 26 
-25 -40 28 -33 
3 9 -15 28 
-25 -38 26 -33 
2 8 -14 29 
-31 24 -35 0 
33 -16 -9 -44 
-30 23 -36 2 
32 -14 -7 -45 
-30 22 -37 3 
31 -12 -6 -46 
-29 21 -38 4 
30 -10 -4 -47 
-16 -18 -50 14 
-36 9 -9 -28 
-14 -19 -51 13 
-36 10 -10 -27 
-12 -20 -53 13 
-37 10 -11 -26 
-10 -21 -54 12 
-37 11 -12 -25 
-4 -25 -22 -3 
11 16 -2 31 
-4 -25 -21 -4 
9 13 -1 33 
-5 -24 -19 -6 
7 11 1 35 
-6 -23 -18 -7 
5 8 2 36 
15 26 -42 -21 
14 -16 -9 3 
16 26 -41 -19 
15 -17 -10 2 
16 26 -40 -18 
16 -18 -10 2 
17 26 -39 -17 
17 -19 -10 2 
-2 14 3 -29 
34 -25 23 -21 
-2 14 2 -28 
34 -25 24 -22 
-1 14 1 -26 
33 -25 25 -23 
0 13 0 -25 
32 -25 26 -23 
-10 18 8 -5 
-16 9 -21 -25 
-10 17 8 -4 
-15 10 -21 -25 
-11 16 7 -2 
-15 11 -21 -25 
-11 14 6 -1 
-15 12 -21 -25 
1 7 6 5 
8 35 5 29 
0 8 7 4 
8 34 6 30 
0 8 7 4 
7 32 7 31 
-1 9 8 3 
7 31 7 32 
11 17 16 -6 
10 18 -13 1 
9 17 17 -6 
10 17 -13 0 
8 17 18 -6 
10 17 -13 0 
7 17 18 -6 
11 17 -12 1 
8 -6 0 -30 
2 16 2 13 
8 -5 -1 -31 
2 17 1 12 
9 -3 -1 -32 
2 18 0 12 
9 -1 -1 -33 
3 18 0 11 
-33 -6 -22 8 
0 -15 9 0 
-32 -5 -24 7 
-1 -15 9 0 
-30 -5 -25 6 
-1 -15 10 -1 
-29 -4 -27 5 
-1 -14 10 -1 
-2 -10 -3 -3 
-25 3 -29 -2 
-3 -10 -3 -3 
-24 2 -30 -1 
-3 -11 -3 -2 
-23 1 -31 0 
-3 -11 -3 -2 
-22 -1 -32 1 
-15 5 -1 -28 
38 1 9 -14 
-15 5 -1 -27 
37 2 11 -14 
-15 5 -1 -26 
36 3 12 -14 
-16 5 -1 -26 
35 4 14 -15 
-21 9 -12 26 
13 25 -23 1 
-21 8 -13 26 
14 25 -23 2 
-21 7 -14 26 
14 25 -22 3 
-21 6 -16 26 
15 25 -22 3 
-1 14 -8 14 
-37 12 -9 -12 
0 14 -9 13 
-37 13 -10 -13 
1 14 -10 13 
-36 15 -12 -13 
2 13 -11 13 
-35 16 -14 -14 
12 2 -2 22 
-24 -19 17 -9 
13 2 -1 21 
-25 -18 16 -9 
13 2 0 20 
-26 -18 15 -10 
14 2 1 19 
-27 -17 14 -11 
9 7 -8 4 
12 7 11 -24 
9 6 -6 5 
11 8 12 -25 
9 5 -5 5 
10 9 13 -25 
8 4 -4 6 
8 9 13 -25 
27 -27 -20 -12 
-20 7 0 2 
28 -26 -19 -13 
-19 8 -1 3 
28 -25 -19 -15 
-19 8 -3 3 
29 -24 -18 -17 
-18 9 -5 3 
1 8 2 12 
8 -5 1 15 
1 9 3 12 
7 -4 2 14 
1 10 3 11 
7 -3 2 13 
0 10 3 11 
7 -2 2 11 
-1 -4 -11 14 
1 0 8 7 
0 -4 -11 14 
1 1 7 6 
0 -3 -12 13 
1 1 7 6 
1 -3 -12 12 
2 2 6 5 
0 -11 6 2 
4 -5 29 18 
1 -10 5 1 
4 -5 29 18 
2 -9 5 0 
3 -5 29 18 
3 -8 4 -1 
3 -6 29 17 
2 -2 6 -6 
-4 -13 -1 -1 
1 -2 6 -6 
-4 -12 -1 -2 
1 -1 6 -6 
-5 -11 -1 -3 
1 -1 6 -6 
-5 -10 -1 -4 
-6 -13 -6 24 
-6 6 -8 -1 
-6 -14 -6 24 
-6 6 -8 0 
-7 -15 -5 24 
-6 6 -8 1 
-7 -15 -5 23 
-5 6 -8 1 
1 17 14 22 
-7 -4 -2 1 
1 16 14 23 
-6 -5 -2 1 
0 15 14 23 
-6 -6 -3 1 
0 15 14 24 
-6 -7 -3 2 
-20 -2 -14 -30 
-8 -5 2 -13 
-19 -1 -15 -30 
-8 -4 1 -13 
-18 0 -15 -29 
-7 -3 1 -14 
-17 0 -16 -29 
-7 -2 1 -15 
6 1 5 18 
1 -6 -12 -11 
5 0 5 18 
1 -6 -12 -11 
5 0 5 18 
2 -6 -12 -11 
4 -1 6 18 
3 -5 -12 -11 
-13 -5 4 7 
18 -1 0 -16 
-13 -6 4 7 
17 -1 1 -16 
-13 -6 3 8 
17 -1 2 -15 
-13 -7 3 8 
17 -1 3 -15 
1 -1 -13 -2 
15 9 30 4 
3 -1 -14 -3 
15 8 30 4 
4 -1 -14 -3 
14 7 30 5 
6 -1 -15 -3 
13 7 30 5 
-12 3 -20 -18 
25 -16 -1 2 
-12 4 -20 -19 
26 -16 0 1 
-11 4 -21 -19 
26 -16 0 0 
-10 5 -22 -19 
27 -16 1 0 
-5 13 24 -3 
-4 -6 -3 3 
-5 13 24 -2 
-4 -6 -3 2 
-6 13 23 -1 
-5 -6 -2 2 
-7 12 22 0 
-6 -7 -1 1 
4 -7 -7 0 
-9 3 4 -9 
4 -7 -6 0 
-10 3 4 -8 
3 -8 -5 0 
-10 3 5 -8 
3 -9 -5 0 
-10 3 5 -7 
-2 9 7 7 
11 5 7 3 
-3 9 8 7 
9 4 8 3 
-4 8 9 8 
8 4 10 4 
-4 8 9 8 
7 3 11 4 
31 17 -15 2 
-7 9 14 -4 
32 17 -14 2 
-7 10 13 -4 
33 17 -13 3 
-7 10 12 -5 
33 16 -12 3 
-8 11 11 -5 
-20 1 -18 5 
13 -29 3 -7 
-20 1 -19 5 
13 -29 4 -8 
-19 2 -19 4 
13 -29 5 -9 
-19 2 -20 3 
13 -29 5 -10 
-4 -22 6 -22 
6 -2 -18 -13 
-5 -22 6 -22 
7 -2 -18 -12 
-6 -22 6 -22 
7 -2 -17 -12 
-7 -22 6 -22 
7 -2 -17 -11 
-14 -10 -3 1 
4 -9 -3 -12 
-14 -11 -3 1 
4 -10 -2 -12 
-14 -11 -4 1 
3 -11 -1 -11 
-14 -12 -5 1 
2 -12 0 -11 
11 -21 -23 -28 
-15 12 -21 -8 
12 -21 -23 -28 
-13 12 -22 -7 
12 -21 -22 -28 
-12 11 -24 -6 
12 -21 -22 -28 
-10 11 -25 -5 
-9 18 10 2 
22 -22 11 -10 
-9 18 10 3 
22 -21 12 -11 
-9 17 9 3 
21 -21 13 -12 
-9 17 9 4 
21 -20 14 -12 
-9 -20 -13 2 
-12 -15 7 -13 
-7 -21 -15 2 
-12 -15 6 -13 
-6 -22 -16 2 
-11 -15 6 -12 
-5 -22 -17 2 
-11 -16 5 -11 
-1 18 0 -4 
-23 1 19 5 
0 18 0 -3 
-24 0 19 4 
0 18 0 -2 
-26 0 19 4 
1 18 0 -1 
-27 0 18 3 
6 -4 -23 -17 
12 -4 5 2 
6 -3 -21 -18 
12 -3 5 1 
6 -2 -20 -18 
12 -3 5 0 
6 -1 -19 -19 
12 -2 6 0 
19 -5 10 5 
15 -3 27 22 
20 -4 10 5 
14 -4 27 22 
20 -3 10 4 
13 -5 27 22 
20 -2 11 3 
13 -6 28 22 
-18 0 4 -2 
28 3 6 -3 
-19 0 4 -2 
27 3 8 -3 
-19 0 4 -1 
26 3 10 -3 
-20 -1 4 -1 
25 2 12 -2 
7 2 1 3 
5 8 3 0 
7 1 1 3 
4 8 3 1 
7 1 1 4 
4 7 3 1 
7 0 1 4 
4 7 3 2 
12 -9 10 -12 
-5 -10 -2 3 
12 -8 10 -13 
-5 -10 -2 3 
11 -8 11 -13 
-6 -11 -2 3 
10 -7 11 -13 
-6 -11 -2 3 
3 2 -5 -11 
-10 22 3 -1 
3 2 -5 -11 
-11 22 3 0 
3 3 -4 -10 
-12 23 3 0 
2 3 -4 -10 
-12 23 3 0 
13 -16 -13 4 
41 -18 2 19 
12 -14 -12 2 
39 -14 4 17 
12 -13 -11 1 
36 -10 5 15 
11 -11 -10 -1 
32 -6 7 13 
277 -322 -39 52 
-371 252 -259 205 
278 -323 -33 45 
-355 240 -282 225 
278 -322 -27 36 
-339 227 -304 243 
276 -320 -20 27 
-323 215 -325 261 
-37 -8 15 -1 
-30 93 -17 140 
-38 -6 18 -3 
-30 87 -17 144 
-38 -4 19 -4 
-30 80 -17 148 
-39 -2 20 -6 
-30 73 -17 152 
34 -62 -16 -76 
4 -15 36 -39 
36 -61 -15 -78 
5 -15 34 -38 
38 -61 -15 -79 
6 -14 32 -38 
39 -60 -14 -80 
7 -14 30 -37 
-13 16 26 -5 
-5 0 -30 74 
-15 18 25 -5 
-4 -3 -29 74 
-16 20 25 -5 
-4 -5 -29 74 
-17 22 24 -5 
-3 -8 -29 74 
39 7 1 5 
-24 -3 4 -41 
39 4 2 7 
-24 -2 2 -40 
40 2 3 9 
-24 0 1 -40 
40 0 3 11 
-25 1 -1 -40 
-11 1 -24 11 
23 1 -3 -25 
-11 0 -23 11 
23 2 -2 -25 
-12 -1 -23 11 
22 4 0 -25 
-12 -2 -22 11 
21 5 1 -25 
-9 19 -3 28 
-19 23 3 5 
-9 18 -3 28 
-20 22 3 5 
-9 17 -4 28 
-20 21 3 6 
-9 16 -4 28 
-21 21 3 7 
19 30 12 1 
3 -26 -39 -24 
17 29 14 1 
4 -26 -39 -25 
14 28 16 2 
5 -26 -38 -26 
12 27 19 3 
6 -26 -38 -27 
-13 8 2 -24 
18 15 -7 0 
-13 8 1 -24 
18 15 -6 0 
-13 8 0 -23 
18 14 -5 0 
-13 8 -1 -22 
19 14 -5 1 
-12 4 4 -2 
19 2 0 -19 
-12 4 3 -2 
19 3 1 -19 
-12 3 2 -2 
19 5 2 -20 
-12 3 1 -2 
19 6 3 -20 
-18 5 -4 19 
12 36 -21 26 
-19 4 -4 19 
12 35 -20 27 
-19 4 -5 19 
12 34 -19 28 
-20 4 -6 19 
12 33 -18 29 
17 19 16 18 
-13 3 -39 13 
15 19 16 18 
-12 2 -39 13 
14 19 17 18 
-11 2 -39 12 
12 19 18 18 
-10 1 -40 12 
22 1 4 -10 
-5 -20 7 8 
22 2 5 -10 
-6 -19 7 7 
21 3 6 -11 
-7 -18 6 6 
21 4 6 -11 
-8 -18 6 5 
2 -3 -26 22 
-7 -10 -20 17 
2 -4 -25 23 
-5 -11 -21 18 
2 -5 -25 23 
-4 -13 -22 19 
3 -5 -25 24 
-3 -14 -22 19 
-15 26 6 7 
-3 -6 -5 -2 
-14 25 5 9 
-2 -6 -5 -2 
-14 24 4 12 
-2 -7 -5 -1 
-14 22 3 14 
-1 -8 -5 -1 
4 10 27 -12 
7 -20 8 -15 
3 10 27 -11 
7 -20 8 -15 
3 9 28 -10 
6 -20 9 -16 
2 9 28 -9 
5 -20 10 -16 
-21 -5 -23 -10 
-2 -3 3 1 
-20 -5 -24 -9 
-2 -4 3 1 
-20 -5 -25 -9 
-3 -5 3 2 
-19 -5 -25 -8 
-3 -6 4 2 
-8 11 -3 1 
7 7 2 -14 
-8 10 -3 2 
7 7 3 -14 
-8 9 -3 3 
7 7 3 -13 
-8 7 -3 5 
7 7 4 -13 
21 -11 26 -9 
3 11 -5 -6 
20 -11 27 -9 
3 11 -5 -6 
19 -11 28 -9 
2 11 -5 -5 
17 -11 29 -10 
2 11 -4 -5 
-10 -15 -12 -10 
-6 10 -17 3 
-10 -15 -13 -10 
-5 10 -18 4 
-10 -14 -13 -11 
-4 10 -18 4 
-10 -14 -13 -12 
-3 10 -18 4 
0 -11 28 11 
9 -22 5 6 
-1 -11 28 11 
8 -22 6 7 
-2 -11 28 10 
8 -23 6 7 
-2 -11 28 10 
7 -23 7 7 
-8 7 -13 3 
13 7 4 12 
-7 6 -13 5 
13 6 4 13 
-7 6 -13 6 
13 5 5 14 
-7 5 -13 7 
13 4 5 14 
-14 -2 18 -23 
11 -43 -23 -10 
-15 -1 18 -23 
11 -42 -22 -12 
-17 0 18 -23 
11 -41 -20 -13 
-19 1 18 -23 
10 -40 -19 -15 
-12 6 -13 14 
11 -3 -5 -14 
-12 5 -14 15 
11 -2 -5 -14 
-12 4 -14 17 
12 -2 -4 -14 
-11 3 -15 18 
12 -1 -4 -14 
-30 4 -5 7 
-35 5 -14 13 
-29 5 -6 7 
-35 4 -15 13 
-29 5 -8 7 
-35 4 -15 13 
-28 5 -9 7 
-35 3 -15 13 
6 6 -5 2 
14 8 3 8 
6 6 -4 2 
13 7 4 9 
5 5 -3 2 
13 5 4 10 
5 5 -1 3 
13 4 5 10 
8 -7 12 -38 
10 14 -10 -9 
7 -6 13 -38 
9 15 -9 -9 
6 -5 13 -38 
9 16 -8 -8 
5 -5 14 -38 
9 16 -8 -8 
15 -2 -5 5 
-24 17 5 -1 
16 -2 -5 4 
-24 17 4 -1 
16 -2 -5 4 
-24 18 3 -1 
17 -1 -5 3 
-24 18 2 0 
-2 13 -4 -2 
-23 3 -17 22 
-2 14 -4 -2 
-22 3 -18 21 
-3 15 -3 -3 
-21 3 -18 20 
-3 17 -2 -4 
-21 4 -19 19 
31 -11 19 3 
9 -14 7 -3 
30 -11 21 2 
9 -15 6 -3 
29 -11 22 2 
9 -15 6 -3 
29 -11 23 1 
9 -16 6 -3 
4 16 -1 -7 
20 1 18 7 
4 15 -1 -6 
20 0 18 7 
5 15 -2 -5 
19 -1 18 7 
5 15 -2 -4 
18 -2 19 8 
-5 -3 -14 -22 
19 -27 -7 -17 
-4 -3 -14 -22 
20 -27 -7 -18 
-4 -3 -15 -22 
21 -26 -7 -19 
-3 -3 -15 -21 
22 -26 -7 -19 
-6 5 13 8 
-19 23 -9 -5 
-6 4 11 9 
-19 23 -10 -4 
-6 2 10 10 
-18 22 -11 -3 
-6 1 9 11 
-17 22 -12 -2 
1 1 15 -14 
9 -13 -2 13 
0 2 15 -15 
9 -14 -1 12 
-1 4 16 -15 
9 -14 -1 11 
-2 5 16 -16 
9 -15 0 10 
-7 -18 8 -24 
2 3 -12 -20 
-8 -18 8 -24 
3 4 -12 -20 
-9 -18 8 -24 
3 5 -11 -19 
-9 -18 8 -24 
2 5 -11 -19 
-1 9 -9 9 
-16 6 9 7 
0 9 -10 9 
-16 6 8 7 
1 9 -10 9 
-16 6 7 7 
2 9 -10 9 
-16 5 6 6 
-21 -7 -7 -16 
-6 -14 -14 12 
-22 -5 -7 -16 
-6 -14 -14 12 
-22 -4 -7 -17 
-6 -14 -14 11 
-22 -3 -7 -18 
-5 -15 -13 10 
-2 -6 7 -3 
-2 7 -1 -24 
-3 -7 8 -2 
-1 8 -1 -24 
-3 -7 8 -2 
-1 9 -1 -24 
-3 -8 8 -1 
-1 10 -1 -23 
-9 -20 10 2 
-1 -9 -1 -15 
-10 -20 9 1 
-1 -9 -1 -15 
-10 -20 9 0 
-1 -9 -1 -14 
-10 -20 9 -2 
-1 -9 0 -14 
0 -5 -4 0 
-3 6 22 -6 
1 -6 -4 0 
-3 6 22 -5 
2 -6 -4 0 
-4 6 21 -5 
3 -6 -5 0 
-4 5 21 -4 
0 0 0 0 
0 0 0 0 
0 0 0 0 
0 0 0 0 
0 0 0 0 
0 0 0 0 
0 0 0 0 
0 0 0 0 
0 0 0 0 
0 0 0 0 
0 0 0 0 
0 0 0 0 
0 0 0 0 
0 0 0 0 
