545 511 0 0 
-26 -75 49 175 
517 522 0 0 
-28 -68 48 153 
489 531 0 0 
-29 -60 47 131 
461 539 0 0 
-30 -52 46 110 
6 5 94 86 
47 56 74 88 
2 5 97 85 
43 52 78 91 
-1 6 101 83 
39 49 81 93 
-4 7 103 80 
35 45 85 95 
25 6 5 14 
8 -1 -5 -73 
23 3 6 16 
6 1 -4 -72 
22 -1 8 17 
4 3 -3 -71 
20 -4 10 19 
3 5 -2 -71 
0 0 -20 -7 
0 0 0 0 
0 0 -18 -9 
0 0 0 0 
0 0 -17 -11 
0 0 0 0 
0 0 -15 -13 
0 0 0 0 
0 0 0 0 
0 0 0 0 
0 0 0 0 
0 0 0 0 
0 0 0 0 
0 0 0 0 
0 0 0 0 
0 0 0 0 
0 0 0 0 
0 0 0 0 
0 0 0 0 
0 0 0 0 
0 0 0 0 
0 0 0 0 
0 0 0 0 
0 0 0 0 
0 0 0 0 
0 0 0 0 
0 0 0 0 
0 0 0 0 
0 0 0 0 
0 0 0 0 
0 0 0 0 
0 0 0 0 
0 0 0 0 
0 0 0 0 
0 0 0 0 
0 0 0 0 
0 0 0 0 
0 0 0 0 
0 0 0 0 
0 0 0 0 
0 0 0 0 
0 0 0 0 
0 0 0 0 
0 0 0 0 
0 0 0 0 
0 0 0 0 
0 0 0 0 
0 0 0 0 
-6 0 2 0 
-32 1 15 -1 
-6 0 2 0 
-32 0 15 0 
-6 0 2 0 
-31 -1 15 0 
-6 0 2 0 
-31 -2 15 1 
-133 3 63 -2 
371 452 466 -3 
-134 -2 63 1 
341 459 491 8 
-134 -7 62 3 
311 464 516 20 
-132 -12 61 5 
280 469 539 33 
-35 8 -235 290 
40 36 -36 -11 
-33 2 -233 280 
41 33 -34 -7 
-31 -4 -231 269 
41 29 -32 -2 
-30 -9 -227 258 
42 24 -30 2 
27 -4 15 -62 
23 -17 63 -26 
28 -4 14 -61 
18 -17 64 -26 
29 -3 13 -60 
14 -16 65 -26 
30 -3 13 -59 
9 -16 66 -27 
-2 -58 -94 -50 
-26 19 17 0 
1 -56 -94 -52 
-26 19 15 1 
4 -54 -94 -54 
-26 20 14 2 
7 -52 -93 -56 
-26 20 12 3 
-7 -44 -2 -6 
1 -24 -29 -10 
-8 -43 -1 -8 
3 -22 -29 -10 
-9 -42 0 -10 
5 -20 -29 -11 
-10 -41 0 -13 
7 -18 -29 -11 
-36 15 24 53 
7 7 11 14 
-36 14 23 54 
7 6 12 14 
-36 12 21 55 
7 5 13 15 
-36 11 19 55 
7 4 14 15 
19 -22 24 -9 
-35 15 -9 18 
19 -22 25 -10 
-34 14 -11 19 
18 -22 25 -10 
-32 12 -13 21 
18 -21 25 -11 
-31 11 -14 22 
-14 21 28 -7 
30 -34 11 -1 
-16 22 28 -7 
28 -33 14 -3 
-17 22 29 -6 
26 -32 17 -5 
-19 23 29 -6 
24 -30 19 -7 
23 7 -11 15 
32 15 -22 33 
22 7 -10 15 
33 15 -22 33 
21 7 -8 16 
35 14 -22 34 
20 8 -7 16 
36 13 -21 34 
-27 -28 7 -3 
23 -15 -3 -36 
-26 -28 5 -3 
23 -14 -2 -36 
-26 -29 3 -4 
23 -13 -1 -36 
-26 -29 1 -5 
23 -12 0 -36 
10 -13 12 -6 
-23 -16 -20 -1 
9 -12 12 -6 
-23 -17 -21 -1 
9 -12 11 -7 
-22 -17 -22 -2 
8 -11 11 -7 
-21 -17 -23 -2 
-7 6 1 -12 
-8 3 -12 18 
-8 6 1 -11 
-8 2 -11 18 
-8 7 2 -11 
-8 0 -11 18 
-9 7 2 -10 
-8 -1 -11 18 
23 7 9 -20 
5 4 -15 -2 
22 8 10 -19 
7 5 -16 -3 
21 8 11 -19 
9 5 -17 -3 
20 9 13 -19 
11 6 -17 -4 
-11 1 31 6 
-15 -2 5 11 
-11 2 30 5 
-16 -1 5 11 
-12 3 29 4 
-17 -1 5 10 
-12 4 28 4 
-18 0 6 10 
-3 21 -13 27 
14 -11 -8 0 
-3 20 -12 28 
15 -11 -7 0 
-4 19 -11 28 
16 -11 -7 -1 
-4 18 -10 29 
16 -11 -6 -1 
19 -18 29 -4 
-7 -21 -4 -9 
18 -18 30 -4 
-8 -22 -4 -8 
17 -18 30 -4 
-9 -22 -4 -8 
16 -19 30 -4 
-10 -22 -4 -8 
-2 -14 -27 -9 
-1 18 -15 11 
-2 -14 -27 -8 
-1 17 -15 13 
-2 -15 -26 -8 
-1 16 -15 14 
-2 -15 -25 -7 
-1 14 -15 16 
19 4 -4 -15 
8 -7 3 -8 
20 4 -3 -15 
8 -7 2 -8 
20 4 -3 -15 
8 -7 2 -8 
20 4 -2 -14 
8 -8 2 -8 
-2 -17 -11 -21 
-14 11 17 -19 
-1 -17 -11 -21 
-14 11 16 -19 
0 -18 -12 -21 
-15 12 16 -18 
1 -18 -13 -21 
-15 12 15 -17 
6 -15 5 2 
11 -3 -8 -8 
5 -15 6 1 
12 -2 -8 -8 
4 -15 7 1 
12 -1 -7 -8 
3 -14 8 0 
12 -1 -7 -8 
0 -16 0 19 
-13 2 11 10 
1 -17 -1 18 
-13 1 10 11 
2 -17 -2 18 
-13 0 9 12 
2 -17 -3 17 
-13 0 8 12 
-7 -11 1 -2 
-7 0 -15 -22 
-7 -12 1 -2 
-7 1 -16 -22 
-8 -13 1 -1 
-6 1 -16 -21 
-8 -14 1 -1 
-6 2 -16 -21 
-8 -5 0 11 
1 -4 -15 -7 
-9 -6 -1 11 
1 -4 -15 -7 
-9 -7 -1 11 
2 -5 -15 -6 
-9 -7 -1 11 
3 -5 -15 -6 
-11 6 5 -7 
3 7 -10 -3 
-11 6 5 -6 
4 8 -10 -3 
-11 5 4 -5 
4 8 -10 -2 
-11 5 3 -5 
5 8 -10 -2 
-15 2 3 9 
-8 5 10 8 
-14 2 2 9 
-8 5 9 8 
-13 2 1 9 
-8 5 9 9 
-12 2 0 9 
-8 5 9 9 
-11 9 6 3 
0 16 -22 11 
-12 9 6 3 
1 17 -22 12 
-13 9 6 3 
1 17 -22 12 
-13 9 6 4 
2 17 -21 12 
12 4 5 18 
11 -11 7 13 
12 4 5 17 
11 -12 7 12 
12 4 5 17 
11 -13 7 12 
12 5 6 16 
11 -13 7 12 
-10 26 -1 3 
-6 -7 -8 9 
-10 26 -1 4 
-6 -7 -7 8 
-10 26 -2 5 
-7 -7 -7 7 
-10 26 -2 6 
-7 -7 -7 7 
-4 0 3 -6 
7 -18 -14 -6 
-5 0 4 -6 
7 -18 -13 -7 
-6 0 4 -6 
6 -18 -12 -8 
-7 1 5 -6 
6 -17 -11 -8 
8 -6 -10 11 
-27 16 -21 -26 
8 -8 -10 11 
-26 17 -22 -25 
8 -9 -10 12 
-25 18 -23 -24 
8 -11 -10 13 
-24 19 -25 -23 
12 19 12 29 
-14 -20 -2 -31 
11 18 12 29 
-15 -19 -2 -32 
11 17 13 29 
-15 -17 -2 -33 
10 16 14 29 
-16 -16 -3 -34 
5 -19 -7 3 
17 -1 -20 -13 
4 -20 -6 3 
18 0 -20 -12 
3 -20 -5 3 
18 0 -19 -12 
2 -20 -4 2 
19 0 -19 -11 
10 -12 11 -2 
-6 -2 -4 21 
10 -11 10 -2 
-5 -3 -5 22 
10 -10 10 -3 
-5 -4 -5 22 
10 -10 9 -4 
-4 -5 -6 22 
3 1 2 -2 
6 15 8 -15 
3 0 2 -1 
6 16 8 -14 
3 0 2 0 
5 18 8 -14 
3 -1 3 1 
5 19 9 -14 
27 -10 10 21 
-28 20 0 10 
27 -10 11 20 
-28 20 -1 11 
27 -11 11 19 
-28 19 -3 13 
26 -11 12 18 
-28 18 -4 13 
-2 9 -7 1 
-13 -11 -3 -14 
-2 9 -6 1 
-13 -9 -3 -15 
-2 9 -6 1 
-14 -8 -2 -16 
-3 9 -5 1 
-14 -7 -2 -16 
13 13 -13 31 
-11 8 2 1 
13 12 -13 31 
-11 8 1 1 
14 11 -12 32 
-10 7 0 2 
14 10 -11 32 
-10 7 -1 2 
-3 16 7 -12 
2 12 -8 31 
-3 17 7 -12 
3 11 -8 30 
-3 19 7 -12 
3 11 -8 30 
-4 20 7 -12 
4 10 -8 29 
-3 2 9 -1 
1 -3 1 5 
-3 2 8 -1 
2 -2 1 4 
-3 3 8 -1 
2 -1 1 4 
-3 3 8 -2 
2 -1 1 3 
-5 -14 12 10 
43 2 5 9 
-5 -14 12 10 
43 2 7 9 
-6 -14 12 9 
43 2 8 9 
-7 -14 12 9 
43 2 10 10 
5 1 8 6 
-13 14 5 18 
6 1 7 6 
-14 13 5 18 
6 1 6 6 
-14 13 4 19 
7 1 5 6 
-14 12 3 19 
4 -3 -11 -8 
18 8 -2 -10 
4 -3 -11 -8 
19 8 -2 -9 
4 -3 -11 -8 
21 8 -2 -9 
5 -3 -11 -8 
22 9 -3 -9 
-1 14 22 1 
-28 -8 11 -13 
-1 14 21 1 
-29 -7 10 -14 
0 14 20 1 
-30 -6 9 -15 
1 14 18 1 
-30 -6 8 -16 
21 -13 -12 -12 
17 19 1 -2 
21 -13 -10 -13 
18 20 0 -1 
21 -12 -9 -14 
18 21 0 -1 
21 -12 -7 -14 
19 22 0 -1 
-17 -5 1 23 
-11 -16 -10 2 
-17 -5 -1 22 
-10 -16 -10 2 
-16 -5 -2 21 
-9 -17 -10 2 
-16 -5 -3 20 
-9 -18 -11 2 
10 3 16 -12 
9 30 5 0 
9 3 16 -11 
10 30 5 1 
9 3 16 -10 
11 30 5 2 
9 2 17 -9 
12 30 5 3 
-15 7 24 5 
-4 6 11 1 
-15 7 24 4 
-6 7 12 0 
-16 8 23 4 
-7 7 13 0 
-16 8 22 3 
-8 8 13 0 
14 -39 -8 1 
-17 -3 16 -8 
14 -39 -7 0 
-18 -4 15 -7 
14 -39 -6 -2 
-19 -4 15 -6 
14 -39 -5 -3 
-20 -5 14 -5 
-8 6 -26 -8 
-16 -27 -19 0 
-8 6 -25 -8 
-15 -27 -20 -1 
-8 7 -25 -8 
-14 -27 -21 -2 
-8 7 -24 -7 
-12 -27 -21 -3 
-26 -11 13 -13 
-44 -9 7 -14 
-27 -12 12 -12 
-44 -10 7 -13 
-27 -12 12 -12 
-43 -12 8 -13 
-27 -12 11 -11 
-42 -13 8 -12 
-144 20 67 -4 
420 555 570 -28 
-142 14 66 -1 
390 565 596 -15 
-139 9 64 2 
359 573 621 -2 
-134 3 62 6 
328 580 644 12 
-139 -25 -206 300 
13 11 48 49 
-134 -27 -209 283 
13 6 51 53 
-130 -28 -211 265 
13 1 53 56 
-125 -28 -212 248 
13 -4 56 58 
35 65 106 -7 
44 14 34 -6 
31 62 108 -3 
40 12 37 -5 
28 59 110 2 
35 9 40 -4 
24 56 112 7 
30 6 44 -3 
-39 9 -109 -82 
-2 -1 30 15 
-35 13 -110 -83 
-3 -1 30 14 
-31 16 -112 -83 
-4 0 30 12 
-27 18 -113 -82 
-5 1 30 10 
2 -47 10 -12 
-15 -40 -26 33 
0 -45 11 -14 
-15 -43 -26 34 
-2 -44 12 -16 
-14 -45 -26 35 
-3 -42 13 -18 
-13 -47 -25 35 
10 54 34 13 
10 18 -30 3 
7 52 35 18 
11 19 -29 3 
5 49 37 22 
11 19 -28 4 
2 47 38 26 
12 19 -27 4 
18 -1 9 33 
-36 34 -34 53 
18 -2 9 33 
-34 30 -36 55 
18 -3 8 33 
-31 27 -38 58 
18 -3 8 33 
-29 23 -40 60 
-18 11 7 -17 
31 -9 3 -17 
-18 10 7 -16 
30 -10 5 -17 
-19 9 6 -14 
29 -10 7 -16 
-19 8 6 -13 
28 -11 8 -16 
40 20 7 -13 
-4 10 -29 16 
39 20 8 -12 
-2 10 -31 16 
38 21 9 -11 
0 10 -32 16 
37 21 10 -10 
2 10 -33 15 
9 9 11 4 
-6 9 39 -5 
10 9 10 4 
-7 9 39 -5 
12 9 9 5 
-8 9 38 -5 
13 8 8 5 
-10 9 38 -5 
6 -11 -15 -13 
-13 7 -6 3 
6 -11 -14 -14 
-12 7 -7 3 
7 -10 -14 -15 
-11 8 -8 3 
7 -9 -13 -16 
-10 8 -9 3 
2 12 24 16 
10 8 3 -16 
1 11 24 17 
9 8 4 -15 
0 10 25 17 
8 8 5 -15 
-1 9 25 18 
7 8 6 -14 
18 10 -2 -19 
-9 -24 -7 8 
18 11 -1 -20 
-9 -24 -8 6 
18 12 0 -20 
-8 -24 -9 5 
18 13 0 -20 
-8 -24 -9 3 
-6 8 -3 -6 
17 -9 0 14 
-6 9 -4 -5 
17 -9 0 13 
-6 10 -4 -5 
17 -8 0 12 
-6 10 -4 -4 
17 -8 1 11 
-20 9 2 22 
3 -5 12 3 
-20 9 1 22 
2 -5 13 3 
-20 9 0 22 
0 -4 14 2 
-19 8 -1 22 
-1 -4 15 2 
14 -3 -24 3 
-9 -2 13 19 
15 -2 -23 3 
-9 -3 12 19 
16 -1 -23 2 
-8 -4 11 19 
17 -1 -22 2 
-8 -4 10 19 
-13 13 -4 2 
-9 -8 14 -2 
-13 13 -5 3 
-10 -8 15 -1 
-12 12 -5 4 
-11 -9 15 -1 
-11 11 -5 5 
-12 -10 15 -1 
15 0 0 -15 
22 10 1 9 
15 0 1 -15 
23 10 1 9 
14 1 2 -14 
23 9 2 10 
14 1 3 -14 
23 9 2 10 
-1 -14 17 -13 
-13 16 6 19 
-1 -13 17 -13 
-13 15 6 20 
-2 -12 16 -14 
-14 14 6 20 
-2 -11 15 -15 
-14 13 6 21 
-5 0 4 -12 
3 22 -6 10 
-6 1 5 -13 
3 22 -5 10 
-7 1 6 -13 
3 21 -4 11 
-8 2 6 -13 
3 21 -4 11 
-9 -9 4 -19 
-3 -14 9 10 
-9 -7 3 -20 
-4 -13 9 9 
-10 -6 3 -22 
-5 -12 10 8 
-10 -4 3 -23 
-6 -11 10 6 
7 -9 -8 21 
20 -3 3 -12 
7 -10 -7 21 
20 -3 3 -12 
7 -11 -7 21 
21 -3 3 -11 
7 -12 -6 21 
22 -3 3 -11 
4 27 18 17 
5 -2 0 -13 
4 26 17 18 
6 -2 -1 -13 
4 25 16 19 
6 -1 -1 -14 
4 24 16 20 
7 0 -1 -14 
-15 -11 4 -3 
17 -9 -6 -8 
-16 -11 4 -3 
18 -9 -5 -8 
-16 -11 3 -4 
18 -9 -5 -8 
-16 -10 2 -4 
19 -9 -4 -8 
7 -23 17 -11 
10 10 8 -6 
6 -23 16 -11 
10 9 9 -5 
6 -23 16 -11 
11 9 9 -4 
6 -23 15 -12 
11 9 9 -3 
12 8 20 -3 
2 5 15 8 
11 8 21 -3 
0 5 16 7 
11 9 21 -3 
-1 6 16 7 
10 9 21 -3 
-3 7 17 6 
14 23 -26 27 
-18 -7 37 12 
15 23 -26 27 
-19 -7 36 11 
17 23 -25 27 
-21 -6 35 10 
18 22 -25 27 
-22 -6 34 9 
12 -6 -6 17 
-7 -9 -4 -8 
11 -7 -4 17 
-8 -8 -4 -8 
10 -7 -2 17 
-9 -8 -3 -7 
9 -8 0 17 
-10 -8 -3 -7 
35 -10 -13 -2 
-6 16 5 -15 
35 -10 -12 -2 
-5 16 4 -14 
36 -10 -10 -2 
-5 17 3 -14 
36 -11 -9 -2 
-5 18 2 -13 
8 5 -5 11 
-7 6 -1 4 
9 5 -5 10 
-6 6 -2 4 
9 6 -5 9 
-5 6 -3 4 
10 6 -5 9 
-4 6 -4 4 
-1 13 8 9 
-24 14 -3 7 
-1 13 7 9 
-23 14 -4 7 
-1 13 7 9 
-23 14 -5 7 
0 13 6 9 
-22 14 -6 7 
2 -1 12 -2 
2 -24 -11 10 
1 -1 13 -2 
2 -25 -11 9 
0 0 14 -3 
3 -26 -11 8 
0 1 14 -3 
3 -26 -10 8 
14 -12 -1 -16 
-24 37 12 -8 
15 -12 -1 -15 
-24 37 11 -7 
16 -13 -1 -14 
-24 37 10 -6 
17 -13 -1 -13 
-24 37 8 -4 
13 -18 1 -15 
13 -17 24 9 
13 -16 2 -17 
11 -17 25 8 
12 -14 3 -19 
10 -16 25 8 
12 -12 4 -21 
8 -16 26 7 
-14 -20 -30 4 
4 11 -22 -6 
-14 -21 -30 5 
4 11 -21 -5 
-14 -22 -30 5 
4 10 -21 -4 
-14 -22 -30 5 
4 10 -20 -3 
14 -2 -13 1 
2 -2 18 1 
15 -2 -13 1 
2 -2 17 1 
16 -2 -13 1 
2 -2 16 1 
17 -2 -14 1 
2 -3 15 1 
-6 -4 -10 -2 
3 6 1 -9 
-6 -4 -11 -2 
2 6 1 -9 
-6 -4 -11 -2 
2 6 1 -9 
-5 -5 -11 -2 
2 6 1 -9 
5 -18 -14 -12 
4 8 -4 7 
5 -17 -14 -13 
4 9 -4 7 
5 -17 -14 -14 
5 9 -5 7 
6 -16 -14 -15 
5 9 -5 7 
-13 -1 -8 20 
10 -9 -2 13 
-13 -1 -9 20 
9 -10 -1 14 
-13 -1 -10 20 
8 -11 0 14 
-13 -1 -10 20 
7 -12 1 14 
16 0 -13 -9 
-13 -13 -12 -13 
16 -1 -13 -8 
-13 -13 -13 -13 
16 -1 -12 -7 
-13 -13 -14 -13 
16 -1 -12 -6 
-13 -13 -14 -13 
4 -1 -25 -6 
3 -18 7 -16 
5 -2 -24 -6 
4 -18 6 -16 
6 -2 -24 -6 
4 -17 6 -17 
7 -2 -24 -5 
4 -16 5 -17 
-16 16 5 8 
1 7 -12 8 
-17 16 4 9 
1 7 -11 8 
-17 16 4 10 
1 7 -11 8 
-17 16 3 10 
1 8 -10 7 
-20 1 -10 -1 
6 -18 -22 -4 
-21 1 -11 -2 
7 -17 -21 -5 
-21 2 -11 -2 
7 -17 -20 -6 
-21 2 -12 -2 
7 -16 -20 -7 
-19 15 -13 3 
-6 -11 7 6 
-18 15 -14 4 
-7 -11 7 5 
-17 15 -15 4 
-7 -11 7 5 
-16 16 -16 5 
-7 -11 7 4 
10 3 7 0 
0 17 7 1 
10 3 7 1 
-1 17 7 2 
10 3 8 1 
-2 17 7 2 
9 2 9 1 
-2 17 7 3 
1 -4 -7 -9 
32 -7 5 2 
0 -3 -6 -10 
32 -7 7 1 
0 -3 -6 -10 
32 -7 8 1 
0 -2 -5 -11 
31 -6 9 0 
26 -4 16 2 
9 13 1 -4 
26 -4 16 2 
10 14 0 -3 
26 -5 16 2 
10 14 0 -3 
25 -5 17 2 
11 14 -1 -2 
4 13 19 8 
3 16 14 1 
4 13 18 8 
2 16 15 1 
4 12 18 8 
1 16 15 1 
4 12 18 8 
0 16 15 2 
-6 9 -7 -7 
3 7 -7 3 
-7 10 -7 -7 
2 8 -6 3 
-8 10 -7 -8 
1 8 -5 2 
-8 11 -6 -8 
0 8 -4 2 
-18 -1 -22 1 
-35 12 22 2 
-18 -1 -22 0 
-36 11 22 2 
-17 0 -22 -1 
-36 11 23 3 
-17 0 -22 -1 
-36 10 23 3 
-168 15 50 20 
492 583 594 -35 
-165 9 49 22 
463 593 622 -23 
-162 4 47 24 
434 603 648 -10 
-156 -2 45 26 
406 610 673 5 
-120 -77 -98 236 
-32 -25 98 78 
-116 -72 -103 214 
-35 -28 100 78 
-111 -67 -107 192 
-36 -30 102 78 
-107 -62 -110 170 
-37 -33 103 77 
39 66 112 25 
38 -5 41 14 
34 63 117 29 
33 -8 44 15 
30 61 121 34 
28 -11 48 15 
25 58 124 38 
24 -14 51 16 
-34 1 -73 -68 
-3 -3 -9 11 
-33 3 -73 -68 
-4 -2 -8 10 
-32 5 -73 -67 
-5 0 -6 8 
-31 7 -72 -66 
-6 2 -5 7 
21 -55 14 40 
-4 6 -60 28 
18 -56 16 38 
-3 4 -59 31 
14 -56 18 36 
-2 1 -59 33 
11 -56 21 34 
-1 -1 -58 36 
7 15 8 -5 
27 17 -16 -2 
6 14 8 -4 
28 17 -16 -2 
5 13 9 -2 
28 18 -15 -1 
3 13 9 -1 
29 19 -14 -1 
-5 -17 -2 28 
-41 39 -18 13 
-4 -18 -4 27 
-39 38 -20 15 
-3 -19 -5 27 
-37 36 -22 18 
-2 -20 -7 26 
-35 35 -24 20 
-1 11 36 -15 
-2 -20 -28 1 
-3 12 37 -16 
-1 -19 -28 -1 
-5 13 37 -16 
-1 -18 -27 -2 
-7 14 38 -17 
-1 -18 -27 -4 
43 3 5 -4 
-13 -13 5 6 
43 4 6 -4 
-12 -13 3 5 
43 5 7 -4 
-12 -13 2 4 
43 5 8 -5 
-11 -13 0 3 
-10 -16 -12 -14 
-11 9 14 -11 
-9 -16 -12 -14 
-11 10 13 -11 
-8 -15 -13 -15 
-11 11 13 -11 
-7 -15 -13 -15 
-11 12 12 -11 
34 -9 25 10 
-18 16 -17 -7 
32 -9 27 9 
-17 16 -18 -7 
31 -9 28 8 
-17 17 -18 -7 
30 -9 30 7 
-16 18 -19 -6 
-21 -4 -11 4 
-3 0 -19 7 
-21 -4 -11 3 
-3 0 -19 7 
-21 -3 -11 2 
-2 1 -19 6 
-21 -2 -11 1 
-1 1 -19 6 
-2 2 15 -2 
4 31 -6 14 
-2 2 15 -3 
5 32 -6 14 
-3 3 15 -3 
5 33 -5 14 
-3 4 14 -3 
6 33 -5 15 
-19 -7 12 25 
4 10 -3 -5 
-19 -7 12 24 
3 10 -2 -5 
-20 -8 11 23 
3 10 -1 -4 
-20 -8 10 21 
2 10 0 -4 
-14 7 -18 -2 
7 -4 -6 -11 
-13 7 -18 -2 
7 -3 -6 -12 
-13 7 -18 -3 
8 -2 -5 -13 
-13 7 -18 -3 
8 -1 -5 -13 
-7 0 5 19 
1 -24 8 0 
-7 0 4 18 
0 -25 8 -1 
-7 -1 4 18 
0 -25 8 -1 
-6 -1 3 17 
-1 -26 8 -1 
-17 14 -6 -11 
-25 30 -39 -5 
-18 14 -6 -10 
-24 31 -39 -4 
-19 13 -6 -8 
-23 32 -40 -4 
-20 13 -7 -7 
-22 33 -40 -4 
-39 -6 -23 23 
-2 7 -15 -6 
-39 -7 -24 22 
-2 7 -14 -6 
-39 -7 -25 21 
-2 7 -14 -5 
-38 -8 -25 20 
-2 7 -13 -4 
15 4 -4 2 
-26 7 27 -13 
17 4 -4 3 
-27 7 26 -13 
18 3 -5 3 
-27 7 24 -12 
20 2 -5 3 
-28 7 23 -12 
-12 7 -5 1 
1 10 -15 -11 
-12 6 -4 2 
1 9 -15 -10 
-13 5 -3 2 
2 9 -14 -9 
-14 4 -3 3 
2 8 -13 -9 
6 17 -4 -2 
16 -13 16 -35 
7 16 -4 -2 
15 -12 16 -36 
7 15 -4 -1 
15 -11 16 -36 
8 14 -4 0 
14 -10 16 -37 
0 12 -18 7 
24 -2 7 5 
1 12 -19 7 
24 -3 7 5 
2 12 -20 8 
24 -3 7 4 
2 12 -20 8 
25 -3 7 4 
-6 13 10 -5 
3 4 -8 9 
-6 13 9 -5 
3 4 -7 9 
-6 14 8 -4 
2 4 -7 8 
-7 14 7 -4 
2 5 -6 8 
1 -26 -14 2 
4 -5 6 -10 
2 -26 -14 1 
4 -5 6 -9 
2 -26 -14 1 
4 -6 6 -8 
3 -26 -14 0 
4 -6 6 -8 
-16 1 -1 4 
-1 11 -2 -7 
-16 1 -1 5 
-1 12 -2 -6 
-16 0 -2 5 
0 12 -1 -6 
-16 0 -2 5 
0 12 -1 -6 
-12 10 11 13 
6 -21 12 -12 
-12 9 11 13 
6 -21 12 -13 
-12 9 10 13 
5 -21 13 -14 
-12 9 10 13 
5 -20 14 -14 
2 11 4 -4 
13 -6 -2 13 
1 11 4 -4 
14 -7 -2 13 
1 12 4 -3 
14 -8 -1 12 
1 12 4 -3 
14 -9 -1 12 
11 -10 -1 -18 
-6 3 8 -16 
12 -11 -2 -18 
-6 4 7 -16 
13 -11 -2 -17 
-5 4 6 -15 
13 -11 -2 -17 
-4 3 5 -15 
-12 3 4 -8 
-10 12 6 8 
-11 3 4 -8 
-10 12 6 8 
-11 4 3 -8 
-10 12 5 8 
-10 4 2 -8 
-10 12 5 8 
-27 9 -8 19 
-17 9 -1 -8 
-27 8 -8 19 
-18 8 -1 -8 
-27 7 -9 19 
-18 8 -1 -8 
-26 6 -9 19 
-18 8 0 -7 
-10 -4 -2 -24 
-12 -8 -24 -6 
-11 -3 -1 -25 
-12 -7 -23 -7 
-12 -2 -1 -25 
-11 -7 -23 -8 
-13 -1 0 -26 
-11 -6 -23 -8 
-8 -2 1 8 
0 19 -4 11 
-8 -3 1 8 
0 19 -3 12 
-9 -3 1 8 
0 19 -3 13 
-9 -3 1 7 
-1 18 -2 13 
4 -6 0 -2 
18 -5 -11 2 
3 -6 0 -3 
18 -6 -10 2 
3 -6 1 -3 
18 -6 -9 2 
2 -5 1 -4 
18 -6 -9 2 
3 7 -15 2 
-8 2 20 0 
5 7 -16 2 
-8 3 19 0 
7 6 -17 3 
-9 3 19 0 
8 6 -18 3 
-9 3 18 0 
-9 -15 -4 6 
4 6 -30 8 
-10 -15 -3 6 
6 6 -29 9 
-11 -15 -3 5 
7 5 -29 10 
-12 -15 -2 5 
8 5 -29 11 
7 30 13 21 
-22 13 15 19 
7 30 12 22 
-23 13 14 19 
8 29 12 23 
-23 13 13 18 
8 29 11 24 
-24 13 12 18 
-1 -5 -20 17 
-3 27 -5 29 
-1 -5 -20 16 
-2 26 -6 30 
0 -5 -19 16 
-1 24 -7 32 
0 -5 -19 16 
0 23 -7 33 
-25 7 7 2 
-18 19 -7 12 
-25 7 5 3 
-18 18 -7 12 
-25 7 4 3 
-19 18 -7 13 
-25 6 3 3 
-19 17 -7 14 
7 2 -7 2 
13 8 9 -1 
8 1 -6 2 
13 8 10 -1 
8 1 -5 2 
13 7 10 0 
8 1 -4 2 
13 7 10 0 
-20 7 -5 -6 
-13 -11 4 -16 
-19 7 -5 -6 
-14 -11 5 -17 
-19 7 -6 -6 
-15 -10 5 -17 
-18 7 -7 -6 
-15 -9 5 -18 
3 5 -14 1 
12 -4 -27 1 
2 6 -13 1 
13 -3 -27 0 
2 6 -12 1 
15 -2 -27 0 
1 6 -11 1 
16 -1 -27 -1 
-19 0 6 27 
1 19 14 11 
-19 0 4 27 
1 18 15 12 
-18 -1 2 27 
0 18 15 12 
-17 -2 1 27 
-1 17 15 13 
-5 -13 -6 8 
0 14 -4 -2 
-6 -13 -6 8 
0 14 -4 -1 
-6 -14 -6 8 
0 13 -3 0 
-6 -15 -6 7 
0 13 -3 1 
17 -4 8 2 
-10 16 0 4 
17 -4 9 2 
-11 17 0 4 
16 -4 9 2 
-11 17 -1 5 
16 -4 10 2 
-12 17 -1 5 
-12 -7 -23 10 
1 -10 -8 7 
-12 -7 -23 9 
2 -11 -8 7 
-11 -7 -23 8 
2 -11 -8 7 
-11 -7 -23 7 
3 -12 -8 7 
-13 -11 -2 -10 
17 7 12 4 
-12 -11 -3 -10 
17 7 12 5 
-12 -11 -4 -9 
17 7 12 5 
-11 -11 -5 -9 
17 6 13 6 
-42 -4 8 3 
22 11 -22 2 
-43 -4 7 3 
21 10 -19 3 
-44 -5 6 3 
21 10 -17 3 
-45 -5 4 3 
20 10 -15 4 
6 -6 -13 2 
-3 -2 -26 -4 
6 -6 -13 2 
-2 -1 -27 -5 
6 -6 -13 1 
-2 0 -27 -5 
5 -6 -13 1 
-1 1 -27 -5 
9 -18 -2 28 
-20 8 -26 -10 
9 -19 -2 28 
-18 8 -28 -8 
8 -20 -2 27 
-17 7 -29 -7 
8 -21 -2 27 
-16 7 -30 -6 
-31 10 -1 -4 
-47 -5 7 -3 
-31 10 -2 -4 
-47 -6 8 -3 
-31 10 -3 -3 
-46 -7 8 -3 
-31 10 -4 -3 
-45 -8 8 -3 
-172 28 75 -22 
573 500 618 -37 
-171 25 74 -20 
545 511 649 -30 
-169 22 73 -18 
517 522 678 -21 
-165 19 70 -15 
489 531 706 -11 
-23 -82 51 198 
10 5 90 88 
-26 -75 49 175 
6 5 94 86 
-28 -68 48 153 
2 5 97 85 
-29 -60 47 131 
-1 6 101 83 
51 60 70 86 
26 9 3 13 
47 56 74 88 
25 6 5 14 
43 52 78 91 
23 3 6 16 
39 49 81 93 
22 -1 8 17 
9 -3 -6 -73 
-2 -25 -21 -5 
8 -1 -5 -73 
-3 -23 -20 -7 
6 1 -4 -72 
-5 -20 -18 -9 
4 3 -3 -71 
-7 -18 -17 -11 
54 -23 -16 36 
-33 -20 -62 15 
52 -24 -13 35 
-30 -21 -65 15 
50 -24 -10 34 
-27 -21 -67 15 
48 -24 -7 33 
-24 -21 -69 15 
-39 36 9 33 
9 18 -14 -16 
-40 34 9 36 
7 19 -12 -16 
-41 32 8 38 
6 20 -10 -16 
-41 30 7 40 
4 20 -8 -15 
9 9 -46 22 
-29 28 -3 14 
11 8 -46 22 
-27 27 -5 15 
13 8 -46 21 
-26 26 -7 16 
15 7 -46 21 
-25 24 -9 17 
3 26 10 -29 
0 -37 -13 17 
3 28 10 -29 
1 -37 -14 15 
2 30 11 -29 
2 -38 -14 13 
2 31 11 -29 
3 -38 -14 10 
27 18 21 -28 
-4 1 7 -1 
27 18 21 -27 
-4 1 6 -2 
27 19 22 -26 
-3 2 5 -3 
26 19 22 -24 
-3 2 4 -3 
-20 -17 0 -8 
-4 -3 11 -3 
-20 -17 -1 -9 
-5 -3 12 -3 
-19 -16 -1 -10 
-6 -3 13 -3 
-19 -16 -2 -10 
-7 -3 13 -2 
14 28 -17 4 
-15 23 -16 11 
14 28 -16 5 
-14 23 -18 11 
15 27 -15 6 
-13 23 -19 11 
15 27 -14 7 
-12 23 -20 11 
3 18 -5 10 
21 -34 27 -2 
4 18 -5 9 
21 -34 28 -4 
5 19 -6 9 
21 -33 28 -5 
6 19 -6 9 
21 -33 28 -7 
26 8 37 -1 
12 -10 -2 -14 
24 8 38 0 
12 -9 -2 -15 
23 7 39 1 
12 -9 -2 -15 
22 7 39 2 
12 -8 -2 -16 
-11 8 -1 7 
1 -11 -6 15 
-11 8 -2 8 
0 -12 -6 14 
-11 8 -2 8 
0 -13 -6 14 
-11 9 -3 8 
-1 -14 -5 14 
-1 4 -26 -17 
-1 -26 12 -15 
0 4 -26 -17 
-1 -26 12 -16 
1 5 -26 -16 
-1 -25 11 -17 
2 5 -26 -15 
-2 -25 11 -17 
3 16 -6 -2 
9 -6 -13 -14 
3 16 -6 -1 
10 -5 -13 -15 
3 16 -5 0 
12 -4 -14 -16 
3 15 -5 0 
14 -3 -14 -17 
-10 -2 27 11 
12 9 26 -27 
-10 -3 26 11 
11 10 27 -27 
-10 -4 25 11 
10 10 28 -27 
-10 -5 24 10 
9 11 28 -26 
-13 -18 2 -15 
2 25 -27 1 
-14 -17 2 -17 
3 25 -26 1 
-14 -16 2 -18 
4 25 -26 2 
-15 -16 2 -19 
5 25 -26 3 
-28 1 -8 -12 
-20 0 0 14 
-28 2 -10 -13 
-21 0 1 13 
-27 4 -11 -14 
-22 1 1 12 
-26 5 -13 -15 
-23 1 1 11 
-13 -4 -15 6 
24 5 -22 9 
-14 -4 -14 5 
25 5 -21 9 
-15 -4 -13 5 
25 6 -20 8 
-16 -3 -13 4 
26 6 -18 8 
-11 13 4 16 
4 15 0 4 
-11 13 3 17 
4 15 0 4 
-11 12 2 17 
5 15 0 4 
-10 12 1 17 
5 15 0 4 
10 -3 18 1 
1 15 -1 11 
10 -2 18 0 
1 15 -1 12 
9 -2 18 0 
0 14 -1 12 
9 -2 19 -1 
0 14 -1 12 
7 22 -18 4 
-13 14 31 1 
9 22 -18 4 
-14 14 30 0 
10 22 -18 5 
-15 14 30 0 
12 22 -18 5 
-16 14 29 0 
6 -11 -14 -11 
10 -24 -4 1 
6 -10 -13 -13 
12 -23 -5 0 
6 -9 -12 -14 
13 -22 -5 -1 
6 -7 -11 -15 
14 -21 -5 -2 
-11 -5 14 19 
9 14 15 3 
-11 -6 13 19 
9 15 15 4 
-11 -6 12 19 
9 15 16 4 
-10 -7 11 19 
9 15 16 5 
18 2 9 11 
-12 -13 21 -7 
19 2 9 11 
-12 -12 21 -8 
19 2 9 10 
-13 -11 20 -9 
20 3 9 9 
-13 -9 19 -10 
-1 8 -2 19 
-3 8 20 9 
-1 8 -2 19 
-4 8 20 10 
-1 8 -1 19 
-5 8 21 10 
-1 8 -1 19 
-6 7 21 10 
16 -28 -1 -17 
24 16 20 -1 
15 -28 0 -18 
23 16 21 -1 
15 -27 1 -19 
22 17 22 0 
15 -26 2 -20 
21 17 23 0 
14 -26 2 14 
-29 -22 -4 -12 
14 -26 2 13 
-30 -22 -5 -11 
14 -26 3 12 
-31 -23 -6 -11 
14 -27 3 10 
-32 -23 -7 -11 
3 12 -39 -13 
-18 -3 -3 2 
4 13 -38 -12 
-17 -3 -4 1 
5 13 -37 -11 
-17 -3 -6 1 
6 13 -36 -10 
-16 -3 -7 0 
-8 -12 -2 -6 
12 0 11 -26 
-8 -12 -2 -6 
11 1 12 -26 
-8 -12 -2 -7 
10 3 13 -26 
-8 -12 -2 -7 
9 4 13 -27 
-1 -8 -22 25 
-9 -8 28 -14 
0 -8 -22 24 
-10 -7 28 -14 
2 -9 -22 24 
-12 -7 28 -14 
3 -10 -22 23 
-13 -6 27 -14 
15 -5 -16 4 
-1 -15 -9 -1 
14 -5 -14 4 
-1 -15 -10 -1 
14 -5 -13 4 
0 -15 -10 -1 
14 -5 -11 3 
0 -16 -10 -1 
1 -2 -2 -7 
-10 2 4 -20 
1 -3 -2 -6 
-10 2 4 -20 
1 -3 -2 -6 
-11 3 4 -20 
2 -4 -2 -5 
-11 3 3 -20 
3 6 -13 3 
-8 -5 9 2 
4 6 -13 3 
-8 -6 9 2 
5 6 -13 3 
-8 -6 8 2 
5 6 -12 3 
-8 -7 8 2 
25 3 2 -18 
3 -10 2 -13 
25 3 3 -18 
4 -9 1 -14 
25 4 3 -18 
4 -8 1 -14 
25 4 4 -17 
4 -8 0 -15 
9 -6 -3 -1 
-3 3 19 19 
10 -5 -3 -1 
-4 3 18 19 
11 -5 -3 -2 
-4 3 18 18 
11 -4 -3 -2 
-4 3 17 18 
-12 16 2 23 
14 -4 -18 -22 
-13 15 2 23 
14 -3 -17 -23 
-14 14 2 24 
14 -1 -16 -23 
-15 13 3 24 
14 0 -15 -24 
6 4 10 23 
-3 -11 -5 2 
5 4 10 22 
-2 -11 -5 2 
5 4 10 22 
-2 -11 -5 2 
5 4 10 22 
-2 -11 -5 1 
-17 4 -9 -4 
13 -7 -7 -9 
-17 4 -9 -3 
13 -6 -6 -9 
-17 3 -9 -2 
13 -6 -6 -10 
-17 3 -10 -2 
12 -6 -5 -10 
4 3 -3 -1 
-5 18 3 20 
4 3 -3 -1 
-5 18 3 20 
4 4 -3 -1 
-5 18 3 21 
4 4 -3 -1 
-6 18 3 21 
-5 -7 -11 6 
-4 -12 -4 6 
-5 -7 -11 5 
-4 -13 -4 6 
-5 -7 -11 4 
-3 -14 -4 6 
-5 -6 -11 4 
-3 -14 -4 6 
5 -4 9 -21 
12 9 -9 6 
4 -4 10 -20 
12 9 -8 6 
4 -3 10 -20 
13 9 -8 6 
3 -3 11 -20 
13 9 -7 6 
-9 -26 0 -2 
3 4 -1 -8 
-9 -26 0 -3 
3 4 -1 -7 
-9 -26 -1 -4 
3 3 0 -6 
-8 -26 -2 -4 
3 3 0 -5 
-9 -4 5 -13 
-14 5 0 0 
-9 -4 5 -13 
-15 5 0 0 
-9 -4 5 -13 
-15 5 1 0 
-10 -4 5 -13 
-16 5 1 0 
10 2 1 0 
-10 2 11 -10 
10 2 2 0 
-11 2 11 -10 
9 1 3 0 
-11 2 11 -10 
9 1 4 1 
-11 3 11 -10 
19 -9 16 -5 
0 9 -13 3 
18 -9 17 -6 
0 8 -13 3 
16 -9 19 -6 
1 8 -13 4 
15 -9 20 -6 
1 7 -13 4 
-19 -32 -1 -21 
-3 3 1 8 
-19 -32 -2 -22 
-3 1 1 10 
-18 -31 -3 -23 
-4 0 2 11 
-18 -31 -4 -24 
-4 -2 2 12 
-12 13 -3 -14 
0 -1 -2 -3 
-12 13 -3 -13 
0 -1 -1 -3 
-12 13 -3 -12 
-1 -1 -1 -4 
-12 13 -4 -11 
-1 -1 -1 -4 
-10 -2 -15 -6 
-29 -7 51 2 
-9 -1 -16 -6 
-29 -8 51 2 
-7 -1 -16 -7 
-30 -9 51 2 
-5 0 -17 -7 
-30 -10 50 2 
-173 60 75 -18 
580 432 578 -66 
-174 58 75 -16 
554 445 609 -62 
-173 55 74 -13 
527 457 640 -56 
-171 52 72 -11 
500 467 669 -50 
102 -90 158 144 
62 -4 59 77 
93 -80 162 122 
55 -2 65 74 
84 -71 166 99 
49 0 71 70 
75 -61 171 77 
42 3 77 66 
41 34 -29 85 
32 4 5 6 
40 31 -26 86 
32 1 6 8 
40 28 -24 87 
31 -2 6 9 
39 25 -21 87 
31 -6 6 11 
-1 -10 1 -73 
7 -33 -6 -29 
-2 -8 1 -73 
6 -31 -5 -31 
-2 -7 0 -72 
4 -28 -4 -33 
-3 -6 0 -71 
3 -26 -3 -35 
39 -18 -6 22 
-36 -8 -34 15 
38 -19 -4 22 
-36 -9 -35 16 
37 -19 -2 21 
-36 -11 -36 17 
35 -19 0 21 
-36 -12 -37 17 
-29 42 -36 7 
-18 43 -21 -11 
-29 41 -36 9 
-18 45 -21 -11 
-29 40 -36 11 
-19 46 -20 -11 
-29 38 -36 13 
-20 47 -20 -10 
25 -30 -23 31 
-25 32 -10 5 
25 -31 -22 29 
-25 30 -11 8 
25 -32 -21 27 
-25 28 -13 11 
25 -33 -19 25 
-25 26 -14 14 
41 22 -10 -14 
5 -21 -9 -21 
41 21 -8 -13 
5 -21 -10 -22 
41 21 -7 -12 
6 -21 -11 -22 
40 20 -5 -11 
6 -21 -12 -23 
9 -11 -11 -20 
-12 -2 13 -30 
11 -11 -12 -20 
-12 -2 12 -30 
12 -12 -13 -19 
-12 -1 11 -30 
13 -13 -13 -19 
-12 -1 10 -29 
24 -27 20 -5 
-19 21 -4 -29 
23 -28 21 -6 
-19 21 -5 -27 
22 -29 22 -6 
-19 21 -6 -26 
21 -30 23 -6 
-19 21 -6 -24 
-13 0 2 -2 
5 4 -34 -14 
-14 0 3 -2 
5 3 -33 -13 
-16 -1 4 -2 
4 3 -32 -13 
-18 -1 5 -2 
4 2 -30 -12 
-14 17 -26 -20 
17 -22 -11 -20 
-13 17 -26 -19 
17 -22 -11 -21 
-13 17 -27 -18 
18 -23 -10 -22 
-13 17 -27 -18 
18 -23 -10 -23 
-13 10 1 -31 
4 17 3 2 
-13 10 0 -30 
3 17 4 2 
-13 11 -1 -29 
2 17 5 2 
-13 11 -2 -29 
2 17 5 2 
1 7 -5 -5 
1 12 -20 19 
0 8 -4 -6 
2 13 -20 19 
-1 9 -3 -7 
2 13 -19 18 
-2 10 -3 -7 
2 14 -19 18 
-24 28 -16 34 
5 0 0 9 
-24 27 -17 34 
4 0 1 8 
-24 27 -17 34 
3 0 2 8 
-23 26 -18 35 
3 0 3 7 
-2 -15 -11 -18 
8 -1 7 12 
-2 -14 -11 -19 
7 -2 7 12 
-2 -13 -11 -20 
7 -2 8 12 
-1 -11 -10 -20 
7 -2 8 12 
0 10 1 -3 
5 21 -2 29 
0 10 1 -2 
6 20 -2 29 
-1 11 1 -2 
6 19 -2 30 
-1 11 1 -2 
7 17 -2 31 
17 -9 25 -22 
1 0 5 23 
16 -8 25 -22 
1 -1 5 23 
16 -7 26 -23 
1 -3 4 23 
15 -6 26 -23 
2 -4 4 24 
-4 18 5 -17 
-4 -12 2 5 
-4 19 5 -16 
-4 -12 1 4 
-3 19 4 -15 
-3 -11 1 3 
-3 19 4 -14 
-3 -11 1 2 
-13 -4 10 2 
-7 -8 -2 0 
-13 -4 10 2 
-6 -9 -1 0 
-13 -4 9 2 
-6 -9 -1 0 
-14 -4 9 2 
-6 -10 -1 1 
-5 1 20 -14 
26 -25 -5 3 
-6 1 20 -14 
26 -25 -4 2 
-7 2 21 -13 
25 -25 -2 2 
-8 2 21 -13 
25 -25 -1 1 
-1 24 5 8 
13 21 -3 12 
-1 23 4 10 
14 21 -3 12 
-1 22 3 11 
15 21 -3 12 
-1 22 3 13 
15 21 -3 13 
-14 2 7 16 
-4 -11 -12 -6 
-14 2 6 16 
-4 -10 -12 -6 
-14 2 5 16 
-4 -10 -12 -7 
-14 1 4 16 
-3 -9 -11 -7 
3 -30 -3 7 
-10 13 19 -15 
3 -31 -3 7 
-11 13 19 -13 
4 -32 -4 7 
-11 12 18 -12 
5 -33 -4 6 
-12 12 18 -10 
13 -5 -4 -2 
-3 6 15 -10 
13 -6 -3 -2 
-3 6 14 -10 
13 -6 -2 -2 
-3 7 14 -9 
13 -7 -2 -2 
-3 7 13 -9 
12 -20 15 -5 
-17 11 10 0 
11 -20 16 -5 
-17 10 9 1 
11 -21 16 -6 
-17 9 9 2 
11 -21 17 -6 
-18 8 8 3 
6 -19 3 -20 
5 29 -5 37 
6 -18 4 -21 
5 27 -5 38 
5 -16 5 -22 
5 25 -5 39 
5 -15 6 -23 
5 24 -5 40 
-9 16 -16 -7 
-1 -17 25 -9 
-7 17 -18 -7 
-1 -16 25 -10 
-5 17 -19 -7 
-2 -15 24 -12 
-3 18 -20 -7 
-1 -13 23 -13 
12 -10 16 8 
0 -5 17 -8 
12 -10 17 7 
0 -5 17 -8 
12 -10 17 7 
-1 -4 17 -9 
11 -10 18 6 
-2 -2 17 -9 
-2 10 -6 17 
12 -17 -11 22 
-3 11 -5 17 
12 -18 -10 21 
-3 11 -5 17 
12 -19 -10 20 
-4 12 -4 16 
12 -19 -9 19 
-26 -17 -7 -21 
8 -1 -21 -9 
-26 -17 -8 -21 
8 0 -20 -9 
-26 -16 -9 -21 
9 2 -20 -9 
-26 -16 -10 -21 
9 3 -19 -9 
10 -1 0 32 
-2 -1 9 -1 
11 -2 0 32 
-2 -1 8 0 
11 -2 -1 31 
-3 -1 8 0 
11 -3 -1 31 
-3 -1 8 0 
8 -12 -9 3 
-11 -4 14 -17 
8 -12 -9 2 
-12 -4 14 -17 
9 -13 -9 2 
-13 -4 13 -16 
10 -13 -9 2 
-13 -4 13 -16 
11 9 -13 -7 
7 -5 29 -16 
12 9 -13 -6 
6 -5 28 -16 
13 8 -12 -6 
5 -5 28 -17 
14 8 -12 -6 
5 -4 28 -17 
13 -19 -1 -19 
-1 6 -15 6 
13 -18 -1 -20 
0 6 -16 7 
12 -17 0 -21 
1 6 -17 7 
12 -16 1 -22 
2 6 -17 7 
-3 -6 3 10 
-2 -30 12 -28 
-3 -7 3 10 
-2 -29 12 -29 
-2 -8 2 10 
-2 -28 11 -30 
-1 -8 1 10 
-2 -28 11 -30 
9 4 1 -8 
-31 15 6 21 
10 5 1 -8 
-30 14 5 21 
10 6 1 -8 
-30 14 3 21 
11 6 1 -7 
-29 13 2 22 
-4 6 22 4 
0 -5 -1 -9 
-5 6 22 4 
-1 -5 0 -10 
-6 5 23 4 
-2 -5 1 -10 
-7 5 24 4 
-3 -5 2 -10 
2 -9 -8 -8 
10 -8 16 -7 
2 -9 -8 -8 
9 -9 17 -7 
2 -9 -7 -8 
8 -9 17 -7 
2 -9 -7 -8 
7 -9 18 -6 
17 10 5 -14 
0 -21 0 -3 
17 11 6 -14 
-1 -20 0 -4 
16 11 7 -14 
-1 -19 0 -6 
15 12 8 -13 
-2 -18 0 -7 
7 4 -9 10 
6 0 -5 25 
8 4 -9 10 
7 -1 -5 25 
8 5 -8 10 
8 -2 -6 25 
8 5 -8 10 
9 -4 -6 25 
-12 2 16 -19 
4 21 1 18 
-12 2 15 -19 
3 20 2 18 
-12 3 14 -18 
3 19 2 19 
-12 3 13 -18 
3 18 2 19 
-20 -7 -1 -11 
-18 -15 -28 -16 
-21 -7 -1 -12 
-17 -15 -28 -16 
-22 -7 -2 -12 
-16 -15 -27 -16 
-22 -7 -2 -12 
-16 -16 -27 -16 
-5 20 5 -8 
-1 -31 -17 7 
-5 20 5 -7 
-1 -32 -17 6 
-6 20 5 -6 
0 -32 -17 5 
-7 20 6 -5 
1 -33 -16 4 
6 6 16 -5 
5 31 -8 5 
5 5 16 -3 
5 31 -8 7 
4 4 17 -2 
5 31 -8 8 
4 3 17 0 
5 30 -8 9 
-8 -29 -10 -4 
-5 7 4 6 
-7 -29 -11 -5 
-5 5 4 7 
-6 -29 -12 -6 
-5 4 3 8 
-5 -29 -12 -7 
-5 3 3 9 
-24 4 -6 -13 
-24 -10 -22 11 
-24 4 -7 -13 
-24 -11 -22 11 
-24 5 -7 -12 
-23 -11 -22 10 
-24 5 -8 -12 
-23 -12 -22 10 
20 15 5 -2 
23 9 16 6 
19 15 6 -1 
22 10 17 5 
19 15 7 0 
22 10 17 5 
18 15 8 1 
21 10 18 5 
13 -5 5 5 
-7 13 9 10 
13 -4 5 5 
-8 13 9 10 
14 -4 5 4 
-9 13 9 11 
14 -4 5 3 
-10 13 8 11 
11 -18 -9 0 
-23 31 22 3 
11 -18 -8 -1 
-23 31 22 4 
11 -18 -7 -2 
-23 30 22 6 
11 -18 -6 -2 
-22 28 22 7 
-148 41 95 -24 
586 288 544 -96 
-152 40 96 -24 
556 301 577 -96 
-153 39 97 -24 
527 314 609 -95 
-154 38 96 -23 
497 325 640 -92 
138 -93 99 118 
117 14 11 7 
127 -87 106 100 
109 18 19 4 
116 -80 114 82 
101 22 28 2 
105 -73 121 64 
92 25 37 0 
70 4 -94 64 
29 -5 42 -16 
72 2 -92 63 
28 -7 40 -15 
74 0 -90 62 
28 -9 39 -14 
76 -1 -87 60 
27 -11 38 -12 
20 -26 15 -66 
2 -12 -19 -78 
19 -26 15 -66 
2 -7 -18 -79 
17 -26 16 -66 
3 -3 -18 -80 
16 -27 17 -65 
3 1 -18 -81 
44 -23 25 51 
-33 -21 -31 -8 
42 -24 27 49 
-32 -21 -32 -8 
40 -24 28 47 
-32 -21 -33 -7 
38 -25 30 45 
-31 -20 -35 -7 
-14 -1 -17 20 
-7 33 -21 -28 
-14 -3 -16 22 
-7 33 -21 -26 
-15 -6 -16 23 
-7 33 -20 -24 
-16 -8 -15 24 
-8 33 -20 -22 
33 -17 -1 -5 
-30 14 -20 -15 
32 -17 0 -6 
-28 14 -22 -14 
32 -17 1 -7 
-26 13 -24 -13 
31 -18 3 -8 
-25 13 -26 -12 
-7 -10 14 -14 
-5 -24 7 -9 
-7 -10 14 -15 
-5 -25 7 -9 
-7 -9 14 -15 
-5 -25 7 -9 
-7 -9 14 -16 
-6 -26 7 -10 
-6 20 1 -22 
-8 -11 11 17 
-6 21 1 -21 
-9 -11 12 15 
-6 22 1 -20 
-9 -12 12 14 
-6 23 1 -19 
-10 -12 12 13 
-3 -17 -12 -19 
-1 43 -1 21 
-3 -16 -11 -19 
-1 43 -1 22 
-3 -15 -11 -19 
-2 44 -1 23 
-3 -14 -10 -20 
-2 44 0 24 
0 20 -7 32 
-1 -17 -17 24 
0 21 -6 31 
-1 -17 -17 23 
-1 21 -6 31 
0 -18 -17 22 
-1 22 -6 30 
1 -18 -17 20 
1 -5 1 0 
-27 7 -10 1 
1 -6 0 1 
-27 7 -11 2 
1 -6 0 1 
-26 7 -12 2 
2 -6 -1 2 
-26 8 -13 2 
13 -8 9 16 
30 7 13 -11 
12 -9 10 16 
29 8 14 -11 
12 -9 11 16 
28 8 15 -10 
11 -10 12 16 
28 8 16 -10 
8 23 1 16 
-2 7 15 22 
8 23 1 17 
-3 7 15 22 
8 23 1 17 
-5 7 15 22 
8 23 1 17 
-6 7 15 21 
22 6 -11 8 
-1 -21 -3 8 
22 6 -10 8 
0 -21 -4 7 
22 6 -9 8 
1 -21 -5 6 
22 6 -8 8 
2 -21 -6 5 
4 5 22 -7 
9 -11 11 18 
4 6 22 -6 
8 -11 11 18 
3 6 22 -6 
8 -12 12 17 
3 7 22 -5 
7 -13 12 17 
8 6 -2 -12 
-9 -10 15 -4 
8 6 -1 -12 
-9 -10 15 -4 
8 6 -1 -11 
-10 -10 15 -5 
8 6 -1 -10 
-11 -11 15 -5 
1 2 1 -10 
13 6 -1 7 
0 2 2 -10 
12 6 0 7 
-1 3 3 -9 
11 6 1 7 
-2 3 4 -9 
10 6 2 7 
27 -11 -8 -9 
-18 1 2 -9 
28 -11 -8 -10 
-18 1 0 -9 
28 -11 -7 -10 
-17 2 -2 -9 
29 -11 -7 -11 
-17 2 -3 -9 
-35 -6 -21 -5 
8 -27 4 -6 
-34 -5 -22 -6 
7 -27 5 -7 
-33 -4 -24 -7 
7 -27 5 -8 
-32 -4 -25 -7 
6 -26 6 -9 
-6 -6 -9 -7 
13 0 22 -5 
-5 -6 -9 -6 
12 0 23 -5 
-4 -6 -9 -6 
11 0 23 -4 
-4 -6 -10 -5 
10 -1 24 -4 
18 19 3 2 
20 14 7 -13 
17 18 3 3 
20 15 7 -13 
17 17 4 4 
20 15 7 -13 
17 16 5 5 
20 16 8 -13 
-6 5 21 5 
23 4 -21 -9 
-8 5 21 4 
23 5 -20 -10 
-10 6 21 4 
22 6 -18 -11 
-11 6 21 3 
22 7 -16 -11 
16 7 -2 14 
-30 -11 -12 5 
16 7 -2 14 
-29 -10 -13 5 
17 8 -2 13 
-29 -10 -14 4 
17 8 -2 12 
-29 -9 -16 3 
-13 7 -20 10 
6 22 -12 3 
-13 7 -19 10 
7 23 -12 3 
-13 7 -19 10 
8 23 -12 3 
-13 7 -19 11 
8 24 -12 4 
-29 -6 3 12 
-4 4 -8 17 
-29 -6 2 11 
-4 3 -7 17 
-29 -5 1 10 
-3 3 -7 17 
-28 -4 -1 8 
-2 3 -7 17 
-39 16 5 14 
8 -1 -2 -5 
-39 16 4 14 
8 -1 0 -5 
-39 15 3 15 
8 0 1 -6 
-39 15 1 15 
7 0 2 -6 
3 9 15 11 
0 9 -18 12 
1 9 16 11 
0 9 -17 12 
0 9 16 11 
0 9 -16 12 
-1 9 17 11 
0 9 -16 12 
22 11 2 20 
-27 6 -23 17 
21 10 2 20 
-26 5 -25 17 
21 10 3 20 
-24 4 -26 18 
20 9 4 20 
-23 3 -27 18 
-21 0 10 -3 
-2 -2 -13 -22 
-22 -1 10 -3 
-3 -2 -11 -22 
-23 -2 10 -2 
-4 -2 -10 -22 
-24 -3 10 -2 
-6 -2 -9 -22 
-1 -1 -23 -8 
3 28 -8 -5 
-1 -1 -22 -8 
3 28 -8 -4 
-1 -1 -22 -8 
4 29 -8 -4 
-1 -1 -21 -8 
4 29 -8 -3 
17 -4 10 -1 
-2 -13 2 4 
17 -3 10 -3 
-1 -14 2 3 
17 -3 10 -4 
-1 -14 1 3 
17 -2 10 -5 
0 -15 0 3 
4 19 5 -8 
4 22 25 1 
5 18 5 -7 
3 22 25 2 
5 18 5 -6 
2 22 25 2 
6 17 4 -5 
2 21 25 3 
27 28 0 -1 
1 14 32 10 
28 29 0 0 
1 14 31 10 
29 29 1 0 
0 15 30 9 
30 29 2 0 
0 15 29 8 
-28 -4 -13 1 
23 6 4 0 
-27 -3 -14 1 
23 6 5 0 
-27 -3 -14 0 
23 5 6 1 
-26 -3 -15 0 
23 5 7 1 
1 -2 10 -8 
-7 -5 4 6 
2 -1 9 -9 
-7 -5 3 6 
3 0 8 -9 
-6 -5 3 6 
3 0 7 -9 
-5 -5 2 6 
-16 -22 9 1 
8 -13 2 -15 
-16 -22 8 1 
8 -13 3 -14 
-16 -23 8 1 
8 -13 3 -14 
-16 -23 7 1 
8 -12 4 -14 
11 7 1 9 
-3 -14 22 4 
12 6 1 9 
-3 -14 22 3 
13 6 1 10 
-4 -13 21 3 
14 6 1 10 
-4 -13 20 2 
-3 6 -7 2 
-1 -4 1 12 
-3 6 -7 2 
-1 -4 1 12 
-3 7 -7 3 
-1 -4 1 11 
-2 7 -7 3 
-1 -4 1 11 
13 -25 -1 0 
-9 9 -10 -1 
14 -25 -1 0 
-8 9 -11 0 
14 -25 -1 -1 
-7 8 -12 1 
14 -25 -1 -1 
-7 8 -13 2 
-1 1 0 4 
0 -6 1 -7 
0 1 -1 4 
1 -6 0 -7 
1 1 -1 4 
2 -5 0 -8 
1 0 -2 4 
3 -4 -1 -8 
-23 27 5 23 
18 7 14 16 
-23 26 3 24 
18 7 14 15 
-22 26 2 24 
18 7 15 15 
-21 25 1 25 
19 7 15 15 
19 -9 22 10 
-21 26 -10 -13 
19 -10 22 10 
-20 26 -11 -12 
18 -11 22 10 
-19 26 -13 -11 
18 -12 22 10 
-19 26 -14 -10 
-1 6 -2 5 
-15 -11 -2 -6 
-1 6 -2 4 
-15 -11 -3 -7 
-1 6 -2 3 
-15 -10 -3 -8 
-1 7 -1 3 
-15 -9 -4 -9 
2 6 4 4 
0 8 0 14 
2 6 4 4 
-1 8 0 15 
1 6 5 4 
-1 7 0 15 
1 6 5 4 
-1 7 0 15 
-20 20 -3 9 
9 -12 -11 -15 
-21 19 -3 10 
9 -12 -10 -16 
-21 19 -4 10 
9 -11 -9 -17 
-21 18 -4 11 
9 -10 -8 -18 
-10 2 -1 -4 
4 9 2 9 
-10 2 -2 -4 
3 9 3 8 
-10 3 -2 -5 
2 10 4 8 
-10 4 -2 -5 
1 10 5 8 
17 3 -7 13 
2 -7 -8 9 
16 3 -6 13 
1 -7 -8 9 
15 3 -5 12 
1 -7 -8 8 
15 4 -4 12 
1 -7 -8 8 
13 10 -5 6 
-2 -5 13 -15 
14 9 -5 6 
-3 -4 12 -15 
14 8 -4 7 
-3 -3 12 -16 
14 8 -4 7 
-4 -2 12 -16 
12 24 -1 13 
-29 13 19 5 
12 24 0 13 
-30 13 19 5 
12 25 1 13 
-30 14 18 4 
12 25 2 14 
-29 14 18 3 
-149 63 78 -7 
486 212 477 -136 
-152 63 79 -7 
457 228 508 -139 
-154 61 80 -6 
426 242 538 -141 
-155 60 79 -5 
395 256 566 -142 
32 -130 -50 107 
122 -9 5 -43 
24 -124 -45 89 
112 -5 16 -45 
16 -119 -38 71 
102 -1 27 -47 
8 -113 -31 53 
91 3 38 -49 
93 -31 -112 17 
13 -24 17 -34 
95 -31 -108 14 
12 -25 15 -34 
96 -31 -104 12 
11 -25 14 -34 
96 -31 -99 9 
10 -26 12 -34 
20 -44 -4 -54 
28 -17 -60 -89 
17 -44 -3 -55 
30 -12 -59 -90 
15 -45 -1 -55 
33 -8 -59 -91 
13 -45 0 -55 
35 -4 -58 -91 
8 -47 40 21 
-39 -41 -17 13 
8 -46 39 19 
-38 -43 -19 13 
7 -45 38 16 
-37 -44 -20 13 
6 -44 36 13 
-35 -45 -21 13 
-40 21 10 -3 
-32 -18 -36 -25 
-42 19 11 0 
-32 -18 -35 -25 
-43 18 11 3 
-31 -18 -34 -25 
-44 16 10 5 
-31 -17 -33 -25 
56 4 20 -3 
-46 5 -4 0 
55 3 23 -2 
-46 4 -7 1 
54 3 25 -1 
-46 3 -9 1 
53 2 28 0 
-46 3 -11 2 
-15 11 -26 -2 
6 -3 13 -4 
-14 10 -25 -1 
5 -4 13 -4 
-14 10 -25 0 
5 -5 14 -4 
-13 9 -24 1 
4 -6 15 -3 
1 17 11 -26 
13 -5 -9 2 
-1 18 12 -25 
13 -5 -8 1 
-2 18 13 -24 
13 -5 -7 0 
-3 19 13 -24 
12 -5 -6 -1 
8 10 2 -6 
6 7 -23 0 
7 10 2 -5 
7 7 -23 0 
6 10 3 -5 
8 7 -22 0 
5 10 3 -5 
8 7 -22 0 
30 4 12 -5 
3 -6 -18 2 
30 4 13 -5 
5 -5 -19 1 
29 5 13 -5 
6 -4 -20 0 
29 6 13 -6 
8 -3 -21 -1 
-6 3 24 37 
-9 19 -3 15 
-7 2 23 37 
-10 19 -3 16 
-7 1 22 37 
-10 18 -3 17 
-8 1 21 37 
-11 17 -2 18 
20 22 -15 16 
6 0 -2 5 
20 21 -14 16 
6 1 -2 4 
20 21 -13 17 
7 1 -3 4 
20 21 -12 17 
7 1 -3 3 
-49 -6 -13 6 
5 -3 -14 -1 
-49 -6 -15 6 
4 -3 -12 -1 
-49 -6 -16 6 
4 -3 -11 -1 
-49 -6 -18 5 
4 -2 -9 -1 
3 -23 13 -6 
5 7 -8 -8 
2 -23 13 -7 
5 7 -8 -8 
1 -23 14 -8 
5 7 -7 -7 
0 -23 14 -8 
6 8 -7 -7 
4 -4 19 -1 
12 -8 8 8 
3 -3 20 -2 
11 -9 9 8 
2 -3 20 -2 
11 -10 9 8 
2 -2 20 -3 
10 -10 10 8 
-5 26 -12 -10 
-16 20 7 9 
-4 25 -12 -9 
-16 19 7 9 
-3 25 -13 -8 
-17 18 6 9 
-2 25 -13 -6 
-17 17 6 9 
-13 24 1 -17 
31 11 -13 23 
-14 25 1 -17 
31 10 -12 23 
-15 26 2 -17 
30 10 -10 22 
-16 27 2 -17 
30 9 -8 22 
12 9 -4 -8 
-17 -18 -13 -17 
13 8 -5 -8 
-17 -18 -14 -17 
13 8 -5 -7 
-16 -19 -15 -18 
13 7 -5 -7 
-16 -19 -16 -18 
21 -21 2 -35 
4 -1 11 -21 
21 -21 3 -35 
3 -1 10 -21 
21 -21 4 -35 
2 0 10 -20 
21 -21 4 -35 
2 0 10 -20 
4 19 -5 4 
21 -2 -2 19 
3 20 -5 4 
20 -2 -1 19 
3 20 -4 4 
20 -2 0 18 
2 21 -4 5 
19 -2 1 17 
0 -21 -6 6 
7 -3 -8 -1 
0 -22 -6 6 
7 -4 -8 0 
0 -22 -6 5 
7 -5 -7 1 
0 -23 -7 5 
7 -5 -7 2 
9 8 -3 4 
1 22 25 -7 
9 7 -3 5 
1 22 25 -6 
10 6 -3 6 
0 22 25 -6 
11 5 -3 6 
-1 22 24 -5 
0 3 6 -2 
20 -5 -13 12 
-2 4 7 -3 
21 -6 -12 11 
-3 5 7 -4 
21 -6 -11 11 
-4 5 8 -4 
21 -6 -10 10 
-5 20 6 16 
8 6 -18 1 
-5 19 6 17 
9 6 -19 1 
-5 18 5 18 
11 5 -19 2 
-6 17 4 19 
13 3 -19 2 
-17 -2 22 -20 
-24 7 20 -2 
-16 -2 20 -20 
-25 6 20 -1 
-16 -2 19 -19 
-26 5 20 -1 
-15 -2 17 -19 
-26 4 19 0 
-8 -1 6 -35 
-17 -13 -8 13 
-9 1 7 -36 
-18 -13 -7 12 
-10 3 9 -36 
-18 -13 -7 11 
-11 4 9 -36 
-18 -13 -7 10 
-3 -1 -7 -1 
1 -8 20 8 
-2 -1 -7 -1 
0 -8 21 8 
-2 -1 -6 -1 
-1 -9 21 8 
-2 0 -5 0 
-2 -10 22 7 
6 5 -10 -17 
22 4 4 27 
6 6 -9 -17 
22 4 4 27 
6 8 -8 -17 
23 3 4 27 
6 9 -8 -17 
23 3 4 26 
-10 -18 13 1 
-11 5 27 0 
-9 -19 12 1 
-12 4 27 2 
-8 -19 11 1 
-13 4 27 3 
-7 -20 9 1 
-15 3 27 4 
4 17 -6 14 
-1 -4 -12 -5 
3 16 -4 15 
-2 -4 -12 -5 
2 15 -3 16 
-3 -4 -11 -5 
1 14 -2 17 
-4 -4 -10 -5 
4 8 -32 9 
-12 10 10 9 
6 8 -32 9 
-12 10 9 9 
7 8 -32 10 
-11 11 8 8 
9 8 -32 10 
-10 11 6 8 
10 -15 28 15 
1 -18 4 -6 
9 -16 28 15 
1 -19 4 -6 
8 -16 29 14 
1 -20 4 -6 
8 -16 29 13 
1 -21 5 -6 
-26 4 -2 -23 
-2 22 -22 13 
-27 5 -2 -23 
-3 21 -21 14 
-27 5 -3 -22 
-4 21 -20 14 
-28 6 -3 -21 
-4 21 -19 14 
-35 18 -35 6 
11 5 -33 5 
-35 18 -35 6 
12 5 -32 5 
-34 19 -36 6 
12 6 -31 4 
-34 19 -36 6 
13 6 -30 4 
-8 -35 -4 -9 
28 6 3 -5 
-7 -35 -5 -11 
28 6 4 -4 
-7 -35 -6 -12 
29 6 4 -3 
-6 -34 -7 -13 
29 5 5 -2 
-14 -2 -4 -14 
-13 1 15 -1 
-12 -1 -6 -15 
-13 1 14 -1 
-11 -1 -8 -15 
-14 1 14 -2 
-9 0 -10 -15 
-14 2 13 -2 
-3 6 -2 3 
-18 -9 -18 2 
-4 6 -1 3 
-18 -9 -18 2 
-5 6 0 3 
-19 -9 -17 1 
-6 6 0 3 
-20 -9 -17 1 
27 21 -25 4 
2 -19 7 6 
27 21 -23 5 
1 -19 6 5 
28 21 -22 5 
1 -19 6 4 
28 21 -21 6 
1 -19 5 3 
4 -11 -17 -11 
9 10 5 12 
5 -11 -18 -11 
10 9 4 13 
6 -11 -18 -10 
11 7 4 14 
7 -11 -18 -10 
11 6 3 15 
-2 -4 17 -20 
-4 11 -1 -18 
-3 -4 17 -20 
-4 11 -1 -18 
-3 -5 16 -19 
-4 12 -1 -17 
-3 -5 16 -19 
-4 12 -1 -17 
1 13 -1 12 
3 5 -3 4 
1 12 -1 12 
4 6 -3 4 
1 12 -1 11 
4 6 -3 4 
1 12 -1 11 
4 6 -3 4 
14 1 -9 5 
-17 2 20 5 
15 1 -9 5 
-17 2 19 5 
16 1 -10 5 
-18 2 18 5 
18 1 -10 5 
-18 3 17 5 
10 -16 0 9 
-9 5 -28 -6 
9 -17 1 9 
-8 5 -28 -5 
8 -17 2 9 
-7 4 -29 -4 
8 -18 3 8 
-6 4 -29 -3 
-16 10 10 0 
-5 -10 -35 -20 
-17 9 10 1 
-4 -9 -35 -21 
-18 9 9 1 
-3 -8 -35 -21 
-19 8 9 2 
-3 -7 -34 -22 
-13 11 -11 21 
2 6 4 3 
-12 10 -12 21 
2 5 4 3 
-11 10 -13 21 
2 4 4 4 
-11 9 -13 22 
2 4 4 4 
-7 4 14 -13 
-11 21 -26 15 
-8 4 14 -12 
-10 20 -26 15 
-9 4 14 -12 
-9 20 -25 16 
-11 5 14 -12 
-9 19 -25 16 
12 16 12 9 
-1 -5 14 -15 
11 16 12 10 
-2 -4 14 -16 
11 15 13 10 
-3 -2 14 -17 
11 15 13 10 
-4 -1 15 -18 
-8 -8 -17 28 
-8 0 -9 -22 
-8 -9 -16 28 
-8 1 -9 -22 
-8 -11 -16 28 
-9 1 -9 -21 
-8 -12 -16 27 
-9 2 -8 -21 
-7 9 -14 -2 
-11 22 15 -5 
-6 9 -14 -2 
-11 22 16 -6 
-6 10 -14 -2 
-11 22 16 -6 
-6 10 -13 -2 
-11 22 17 -6 
-107 66 72 -40 
323 113 396 -191 
-110 67 73 -40 
293 132 421 -199 
-112 67 74 -41 
262 150 445 -206 
-113 67 74 -41 
231 168 468 -211 
-78 -110 -278 161 
97 27 17 -89 
-77 -108 -274 145 
89 33 26 -90 
-78 -106 -269 130 
81 38 35 -90 
-78 -104 -264 115 
73 44 44 -91 
63 -75 -70 32 
28 5 17 -38 
63 -75 -67 27 
25 5 17 -36 
62 -75 -64 22 
23 4 18 -34 
62 -75 -60 16 
20 4 18 -32 
43 -33 -40 -46 
-9 -18 -27 -71 
43 -33 -38 -47 
-7 -15 -29 -72 
43 -33 -37 -48 
-5 -12 -31 -73 
43 -33 -35 -49 
-3 -9 -33 -74 
-19 -43 13 7 
-24 -8 -18 25 
-20 -42 12 5 
-24 -11 -17 26 
-21 -41 11 2 
-24 -13 -17 28 
-21 -40 10 0 
-23 -15 -17 29 
-10 24 8 -5 
-41 -5 -6 -25 
-11 22 9 -3 
-42 -6 -6 -25 
-12 20 9 0 
-43 -6 -6 -24 
-12 18 10 3 
-44 -7 -6 -24 
3 28 -15 -6 
-13 -20 4 -12 
3 27 -13 -5 
-14 -20 4 -13 
2 27 -12 -4 
-15 -19 4 -14 
2 26 -10 -2 
-15 -18 5 -15 
3 1 -3 13 
-13 -6 8 -11 
3 0 -2 14 
-13 -6 9 -10 
3 -1 -1 15 
-14 -6 9 -10 
3 -2 0 16 
-15 -6 9 -10 
-26 -2 -14 -1 
8 3 9 -6 
-26 -3 -14 0 
7 3 11 -5 
-27 -3 -14 0 
5 3 12 -5 
-27 -3 -14 0 
4 3 14 -5 
2 -18 1 -5 
29 -15 -13 -18 
0 -18 2 -5 
29 -15 -12 -18 
-1 -19 3 -6 
29 -15 -10 -18 
-2 -19 4 -6 
29 -15 -9 -17 
4 1 11 6 
-35 -1 -23 -18 
3 0 11 6 
-34 -1 -23 -18 
3 -1 10 7 
-34 -1 -24 -17 
2 -2 10 8 
-33 -1 -25 -17 
27 -5 8 -2 
-20 -8 -5 -6 
27 -6 10 -2 
-19 -8 -6 -6 
26 -6 11 -2 
-18 -9 -7 -6 
26 -6 13 -2 
-17 -9 -8 -6 
-6 -13 4 -17 
9 -5 15 -19 
-6 -13 4 -17 
9 -4 15 -19 
-5 -13 3 -17 
10 -3 15 -19 
-4 -13 3 -17 
11 -2 14 -19 
-18 13 31 20 
-24 -4 -6 15 
-19 13 30 20 
-24 -4 -6 15 
-19 13 29 20 
-25 -5 -6 15 
-20 13 28 20 
-25 -5 -5 14 
4 -18 -7 -15 
1 -15 14 -26 
5 -18 -6 -15 
1 -15 14 -26 
5 -18 -5 -15 
1 -15 14 -26 
5 -19 -4 -15 
0 -15 14 -25 
-16 29 3 -27 
5 -16 20 22 
-16 31 3 -27 
3 -16 22 20 
-16 34 2 -26 
1 -15 23 18 
-16 35 2 -26 
0 -15 24 15 
12 -2 -11 -6 
0 12 -14 7 
12 -1 -10 -6 
1 13 -14 7 
11 0 -9 -7 
2 13 -14 6 
11 0 -7 -7 
3 14 -15 6 
-11 -4 15 14 
19 7 -7 10 
-12 -4 15 13 
18 7 -6 11 
-13 -4 15 12 
18 6 -4 11 
-14 -4 15 12 
17 5 -3 12 
-2 20 -2 6 
4 -3 -13 -18 
-2 19 -2 6 
5 -2 -13 -19 
-2 18 -2 7 
5 -2 -13 -19 
-3 17 -3 8 
6 -1 -13 -20 
15 1 12 -12 
3 -13 6 -4 
15 1 12 -13 
4 -13 6 -5 
15 2 12 -13 
4 -12 5 -6 
15 3 12 -13 
5 -11 4 -7 
-12 -9 12 12 
0 -1 0 -13 
-12 -10 11 12 
0 -2 0 -12 
-12 -11 10 12 
0 -2 0 -11 
-12 -12 10 12 
0 -3 0 -10 
-30 -13 -2 -15 
19 29 7 -1 
-30 -14 -3 -15 
18 29 9 0 
-30 -14 -3 -15 
16 29 11 2 
-30 -14 -4 -15 
15 28 12 3 
12 2 -3 0 
9 -7 -11 -16 
11 2 -2 0 
9 -6 -10 -16 
11 2 -2 -1 
10 -5 -10 -17 
10 2 -1 -1 
10 -4 -10 -17 
-12 -12 -8 7 
8 2 -11 -16 
-12 -12 -8 7 
8 2 -11 -15 
-12 -13 -9 7 
8 2 -10 -15 
-12 -14 -10 7 
8 1 -10 -14 
-12 10 -6 -11 
-16 7 -18 1 
-11 10 -7 -11 
-15 8 -19 1 
-11 11 -7 -11 
-14 8 -19 1 
-11 11 -8 -10 
-13 8 -20 0 
-26 -13 -4 6 
-18 2 -6 7 
-26 -13 -4 5 
-19 0 -6 8 
-26 -13 -5 5 
-19 -2 -6 9 
-25 -13 -6 4 
-20 -3 -5 10 
5 6 -21 -33 
-2 -11 0 10 
6 7 -20 -33 
-2 -11 0 9 
6 9 -20 -32 
-2 -11 -1 8 
7 10 -19 -32 
-2 -11 -1 8 
-1 -14 -14 -4 
-25 -8 -11 -14 
-1 -14 -14 -4 
-24 -8 -12 -13 
0 -14 -14 -4 
-23 -8 -14 -13 
1 -15 -14 -4 
-22 -7 -15 -13 
-11 5 5 5 
-10 -21 22 -12 
-10 5 4 5 
-10 -21 23 -13 
-10 5 4 5 
-11 -20 23 -14 
-9 5 4 5 
-12 -19 23 -15 
0 -3 13 11 
-6 18 -12 -21 
-1 -5 14 12 
-7 19 -12 -21 
-3 -6 15 12 
-7 20 -11 -20 
-4 -7 16 13 
-7 21 -11 -19 
-26 -7 -13 22 
11 -15 -18 -18 
-27 -8 -13 21 
12 -14 -17 -18 
-27 -8 -14 20 
12 -14 -15 -18 
-28 -9 -14 19 
11 -14 -14 -18 
2 10 -7 -4 
-12 -1 13 -1 
3 10 -8 -4 
-12 -2 12 -1 
4 10 -8 -3 
-13 -2 11 -1 
5 10 -9 -3 
-13 -2 11 -1 
-19 12 -5 -11 
-13 -2 -13 13 
-19 13 -5 -11 
-14 -3 -12 13 
-20 13 -5 -11 
-14 -3 -12 12 
-20 14 -5 -10 
-15 -4 -11 12 
10 -16 -16 -22 
11 18 -1 9 
10 -16 -15 -22 
12 18 0 9 
10 -15 -14 -23 
12 18 0 10 
10 -14 -13 -23 
11 19 0 10 
-2 8 -1 21 
-3 -3 -5 4 
-1 8 -1 21 
-2 -3 -6 3 
-1 8 -2 21 
-1 -3 -6 3 
-1 8 -2 21 
0 -3 -7 3 
18 19 35 14 
15 20 4 -13 
17 18 36 15 
15 22 4 -13 
15 17 36 16 
15 23 5 -13 
14 16 37 17 
14 25 5 -13 
12 3 -10 17 
-7 28 20 18 
13 4 -11 15 
-7 28 19 18 
14 5 -11 14 
-7 29 18 18 
15 6 -11 12 
-7 30 17 17 
13 -12 20 8 
9 -19 9 12 
12 -11 20 6 
9 -19 9 12 
12 -10 21 4 
8 -20 10 11 
11 -9 22 3 
7 -20 10 11 
-1 11 -10 -14 
8 -14 12 11 
-1 12 -10 -14 
7 -15 12 10 
-1 13 -10 -13 
6 -15 13 9 
0 13 -10 -12 
6 -15 13 8 
-4 6 -7 -5 
20 -9 -2 -9 
-4 5 -7 -4 
20 -9 -1 -9 
-4 5 -6 -3 
20 -9 -1 -9 
-5 4 -6 -3 
20 -9 0 -9 
-1 5 3 -10 
-9 -3 -10 0 
-1 5 3 -10 
-9 -3 -10 -1 
-2 5 2 -9 
-9 -2 -10 -1 
-2 5 2 -9 
-9 -2 -11 -2 
-6 0 -7 14 
-1 6 1 -6 
-6 0 -7 14 
-1 5 2 -5 
-6 -1 -7 14 
-2 5 2 -5 
-6 -2 -7 14 
-2 5 2 -4 
-2 13 -20 -9 
7 9 20 10 
-1 14 -20 -9 
6 9 20 10 
0 14 -20 -8 
5 9 20 10 
1 15 -20 -8 
5 9 20 9 
3 -4 -8 5 
-15 6 1 -2 
4 -4 -9 5 
-15 6 0 -2 
4 -4 -9 5 
-15 6 0 -2 
5 -4 -9 5 
-15 6 -1 -1 
-1 1 -2 -1 
-2 -12 9 12 
-1 1 -2 -1 
-3 -13 9 12 
-1 2 -1 -1 
-4 -14 9 12 
-1 2 -1 -2 
-4 -15 10 12 
9 0 -7 -4 
-31 11 -8 5 
9 0 -6 -3 
-32 11 -9 6 
9 -1 -5 -3 
-32 10 -9 6 
9 -1 -5 -2 
-33 10 -10 7 
0 -4 -39 9 
-6 6 -6 4 
1 -4 -38 9 
-5 6 -6 5 
1 -5 -38 9 
-5 5 -7 5 
2 -5 -37 9 
-4 5 -7 6 
16 6 14 5 
11 -15 -7 4 
16 6 15 5 
11 -16 -6 4 
15 6 16 5 
11 -17 -6 4 
14 6 16 5 
11 -17 -6 4 
-10 5 -7 -8 
32 3 -13 -17 
-11 4 -8 -7 
33 3 -12 -17 
-11 3 -8 -6 
33 3 -10 -17 
-12 2 -8 -5 
33 3 -9 -16 
11 9 19 -11 
-25 5 -6 13 
10 10 19 -11 
-25 4 -6 13 
9 11 18 -11 
-24 3 -7 12 
9 12 18 -11 
-24 1 -7 12 
-105 95 38 -57 
116 80 306 -208 
-107 96 38 -56 
87 101 324 -218 
-107 96 38 -55 
57 122 341 -227 
-107 96 37 -53 
27 142 357 -235 
-108 -62 -453 228 
42 69 13 -82 
-101 -63 -448 215 
38 77 16 -83 
-95 -64 -442 201 
35 84 20 -83 
-89 -64 -435 188 
31 92 24 -83 
3 -113 -26 99 
0 -21 -32 -95 
1 -116 -25 93 
-1 -20 -30 -93 
-1 -119 -23 86 
-3 -20 -29 -90 
-3 -121 -21 78 
-4 -19 -27 -87 
35 -32 -29 -38 
-22 7 -14 -44 
35 -32 -27 -39 
-21 10 -16 -44 
35 -32 -25 -40 
-20 12 -17 -44 
35 -32 -23 -40 
-20 15 -18 -44 
-24 -7 2 25 
-18 -28 -37 28 
-25 -6 3 24 
-17 -31 -36 28 
-27 -6 3 22 
-16 -33 -35 28 
-29 -5 3 21 
-15 -35 -35 28 
-30 15 33 -33 
-1 -31 -33 -9 
-33 15 33 -31 
-2 -31 -31 -11 
-36 15 34 -28 
-3 -31 -29 -12 
-38 15 34 -26 
-4 -30 -26 -13 
-32 6 -31 1 
-11 15 -1 -27 
-31 5 -31 2 
-10 17 -1 -27 
-30 4 -32 3 
-9 20 -1 -27 
-28 3 -33 4 
-8 22 -1 -27 
-41 -26 21 33 
-2 8 4 21 
-41 -26 20 31 
-3 8 6 22 
-42 -25 19 29 
-4 7 8 23 
-43 -25 18 27 
-5 6 9 24 
11 -36 5 -7 
16 -13 -6 11 
10 -35 7 -8 
17 -14 -6 12 
9 -35 8 -9 
18 -15 -5 13 
8 -34 9 -10 
19 -17 -5 13 
15 -15 36 -26 
-20 -19 -5 22 
14 -14 36 -25 
-20 -20 -6 22 
13 -13 36 -25 
-21 -21 -6 21 
12 -12 36 -25 
-21 -22 -7 21 
1 9 -19 -1 
0 22 5 4 
2 9 -18 1 
1 23 5 4 
2 8 -18 2 
1 24 4 5 
3 8 -18 3 
2 24 4 5 
10 -1 11 41 
-14 4 19 12 
11 -2 11 41 
-14 3 18 12 
12 -3 10 40 
-14 3 17 13 
12 -4 10 40 
-14 2 16 14 
4 -16 5 15 
7 15 3 -21 
3 -18 6 16 
6 15 4 -19 
3 -20 7 16 
5 15 5 -17 
2 -22 7 17 
5 14 5 -16 
-10 16 -1 12 
4 3 -41 -8 
-11 15 -1 12 
5 3 -40 -8 
-13 14 -1 13 
6 3 -39 -8 
-14 13 0 14 
6 2 -39 -8 
-3 -6 3 -14 
-20 -9 -1 -6 
-3 -6 2 -14 
-22 -8 -1 -6 
-3 -5 2 -14 
-23 -7 -1 -7 
-3 -5 2 -15 
-24 -6 -1 -7 
-2 -28 -33 11 
-2 -8 -12 0 
-2 -28 -32 10 
-1 -9 -13 0 
-1 -28 -31 9 
0 -10 -13 1 
-1 -29 -30 9 
2 -11 -14 2 
1 22 38 -7 
-25 -3 -22 17 
-1 23 39 -6 
-25 -2 -22 16 
-3 23 39 -5 
-25 -2 -22 15 
-4 24 39 -4 
-25 -2 -22 14 
2 16 5 22 
2 -6 -10 15 
0 16 6 22 
1 -7 -9 15 
-1 15 7 23 
0 -8 -8 15 
-2 15 8 23 
-2 -9 -7 15 
-10 26 -39 1 
21 -4 9 4 
-9 26 -39 2 
21 -4 9 4 
-7 25 -39 4 
20 -5 10 4 
-6 25 -39 5 
20 -5 10 3 
-18 -3 -15 -20 
7 -20 11 12 
-17 -2 -17 -20 
7 -21 11 11 
-15 -1 -18 -20 
8 -22 11 11 
-14 0 -19 -20 
8 -22 10 11 
-19 1 19 -4 
14 -1 15 -33 
-19 -1 18 -2 
13 0 17 -32 
-20 -2 18 -1 
11 0 19 -32 
-20 -4 17 1 
9 1 20 -31 
-2 16 -23 4 
-1 20 3 4 
-1 15 -23 4 
-1 20 3 4 
-1 15 -23 5 
-1 19 3 4 
0 15 -22 5 
0 19 2 5 
-7 16 9 -7 
10 8 -7 -4 
-7 16 9 -7 
10 8 -6 -4 
-8 16 9 -7 
9 8 -6 -4 
-8 16 9 -7 
9 8 -5 -5 
8 8 -1 -2 
26 16 -3 -15 
8 7 -1 -2 
27 17 -3 -15 
8 7 -1 -2 
27 17 -3 -15 
7 6 0 -2 
28 17 -3 -14 
3 -6 12 0 
-2 4 4 -5 
3 -6 11 0 
-2 3 4 -5 
4 -6 10 -1 
-2 3 4 -5 
4 -5 9 -2 
-2 2 3 -4 
-7 20 -2 -18 
-8 -8 -5 -4 
-7 21 -3 -18 
-8 -7 -5 -5 
-7 22 -3 -17 
-8 -6 -5 -6 
-6 23 -3 -17 
-8 -5 -5 -8 
10 17 -9 6 
-1 2 5 22 
11 18 -9 6 
-1 2 5 22 
11 19 -8 6 
-2 2 4 21 
12 19 -8 6 
-2 2 3 20 
-8 -28 -7 0 
1 -6 -24 -9 
-9 -28 -7 0 
1 -7 -24 -8 
-10 -29 -7 0 
1 -8 -24 -7 
-10 -29 -7 -1 
2 -9 -23 -6 
1 16 -7 -13 
-8 -10 8 7 
2 17 -7 -12 
-9 -10 8 6 
2 17 -8 -11 
-9 -11 8 6 
3 17 -8 -10 
-10 -11 7 5 
7 4 -5 -9 
-6 -17 -10 1 
7 5 -4 -8 
-6 -17 -10 1 
7 5 -3 -8 
-5 -17 -11 0 
6 6 -3 -8 
-4 -17 -11 -1 
-4 -2 17 -4 
28 1 -9 -2 
-5 -2 18 -4 
29 1 -8 -2 
-7 -2 18 -3 
29 2 -7 -2 
-8 -2 18 -3 
30 2 -6 -2 
-12 -14 22 11 
-3 7 -18 -5 
-13 -15 21 11 
-3 7 -17 -4 
-15 -15 20 11 
-3 6 -16 -3 
-16 -16 20 11 
-2 5 -16 -2 
29 -8 18 -15 
-8 6 2 11 
28 -8 19 -15 
-8 6 1 11 
28 -7 20 -15 
-7 5 0 12 
27 -6 21 -16 
-6 5 0 12 
-11 -3 1 -5 
3 -13 4 -2 
-10 -3 1 -5 
3 -12 4 -3 
-10 -2 0 -6 
4 -12 4 -3 
-9 -2 0 -6 
4 -12 4 -4 
-1 3 -5 3 
-2 1 6 12 
0 4 -5 3 
-1 2 5 12 
1 4 -6 3 
0 2 4 12 
2 5 -7 3 
1 2 3 12 
-17 -1 19 7 
24 1 21 16 
-17 -1 18 7 
23 0 23 17 
-17 -1 17 6 
22 0 24 17 
-17 0 16 6 
21 -1 26 17 
-14 10 -5 3 
-3 -1 -23 -1 
-15 10 -6 4 
-2 -1 -23 -1 
-15 9 -6 5 
-1 -2 -23 -1 
-16 8 -6 6 
0 -3 -23 0 
8 -23 13 -27 
-19 -16 0 -23 
7 -23 13 -28 
-19 -15 0 -23 
7 -23 14 -28 
-19 -15 -1 -23 
7 -22 14 -28 
-19 -14 -1 -23 
2 1 1 -5 
-8 -15 -13 -6 
2 1 2 -4 
-7 -15 -14 -7 
1 1 2 -4 
-7 -14 -14 -7 
0 1 3 -4 
-6 -14 -14 -8 
-21 -27 8 -6 
-7 -16 3 -22 
-21 -27 8 -6 
-9 -15 4 -22 
-22 -28 8 -6 
-11 -14 5 -22 
-22 -28 7 -7 
-12 -13 7 -21 
12 0 -26 13 
4 -2 -7 18 
12 0 -25 13 
5 -3 -8 18 
12 0 -24 13 
6 -4 -8 18 
12 0 -22 13 
7 -5 -8 18 
-3 -3 24 -23 
10 -19 -17 -12 
-5 -2 24 -23 
10 -18 -16 -13 
-6 -1 24 -23 
10 -18 -15 -14 
-7 0 24 -23 
10 -17 -14 -15 
-1 -12 -11 -11 
17 8 -3 16 
-1 -11 -11 -11 
18 8 -3 17 
-1 -10 -12 -12 
18 7 -3 17 
0 -9 -12 -12 
19 7 -2 17 
-32 -12 -9 1 
3 6 4 -12 
-31 -13 -11 1 
3 6 5 -11 
-30 -14 -13 1 
4 6 5 -10 
-29 -14 -14 1 
4 5 5 -9 
9 8 12 -8 
26 19 17 -7 
9 8 12 -8 
26 20 18 -7 
9 8 12 -7 
26 20 18 -7 
9 7 12 -7 
27 21 18 -7 
6 -7 20 5 
-8 -5 -11 3 
5 -6 19 4 
-6 -5 -12 3 
5 -6 19 3 
-5 -5 -13 3 
5 -5 18 1 
-3 -5 -14 2 
4 1 33 3 
2 -3 7 4 
3 1 32 3 
2 -2 7 4 
3 2 32 3 
2 -2 7 4 
2 2 32 3 
2 -2 7 3 
6 -8 5 10 
-1 2 16 -12 
6 -8 5 10 
-2 2 15 -12 
7 -9 5 10 
-2 3 15 -12 
7 -10 5 10 
-2 3 15 -11 
-8 -14 -3 -6 
2 -1 3 0 
-8 -14 -3 -6 
3 -1 3 1 
-7 -13 -3 -7 
3 -1 3 1 
-7 -13 -3 -8 
3 -1 3 1 
-18 15 -4 16 
-4 23 11 -22 
-18 14 -5 17 
-3 23 12 -22 
-17 13 -6 17 
-3 23 12 -21 
-17 12 -6 18 
-3 23 13 -21 
-53 81 50 -31 
-60 24 224 -267 
-54 81 50 -30 
-86 48 234 -278 
-54 79 50 -30 
-111 72 244 -288 
-53 77 49 -29 
-136 96 252 -297 
-27 24 -466 338 
-23 98 -23 -17 
-19 20 -458 329 
-22 103 -25 -16 
-12 16 -448 319 
-21 109 -28 -16 
-6 12 -437 309 
-20 115 -30 -15 
-22 -54 -27 140 
48 -46 17 -70 
-21 -58 -27 135 
47 -45 19 -69 
-20 -61 -28 130 
46 -45 22 -68 
-20 -65 -28 124 
44 -44 24 -67 
28 -8 1 -19 
-30 67 -4 6 
28 -7 1 -18 
-30 68 -5 7 
28 -7 1 -18 
-30 70 -6 8 
28 -7 1 -17 
-30 71 -8 9 
-1 -10 -11 25 
17 -38 31 20 
-1 -8 -10 22 
16 -39 33 19 
-1 -7 -10 18 
14 -40 34 18 
-1 -5 -9 15 
12 -40 35 16 
-28 11 -20 -14 
-12 -20 -10 5 
-28 12 -20 -12 
-11 -21 -10 5 
-27 12 -21 -11 
-10 -22 -10 4 
-27 12 -21 -9 
-9 -22 -10 4 
2 25 24 -10 
0 2 -8 25 
1 25 24 -9 
0 2 -9 24 
1 26 24 -7 
1 2 -9 23 
0 26 24 -6 
1 2 -9 23 
-5 0 -11 24 
-35 -12 32 29 
-3 0 -12 24 
-36 -14 31 29 
-1 -1 -13 24 
-37 -15 30 30 
1 -1 -14 24 
-37 -17 28 30 
7 -29 -8 -27 
-11 -1 -11 4 
6 -29 -6 -27 
-10 -1 -11 5 
6 -28 -5 -27 
-10 -1 -12 5 
5 -28 -3 -27 
-9 -1 -12 6 
11 0 13 14 
-5 -14 -11 4 
10 0 14 14 
-5 -15 -12 4 
9 -1 15 15 
-4 -16 -12 4 
8 -1 15 15 
-3 -16 -12 5 
3 20 18 -7 
-26 17 -15 7 
2 20 19 -6 
-26 18 -15 7 
1 20 19 -5 
-25 19 -16 6 
0 20 19 -4 
-25 20 -16 6 
12 20 7 39 
-31 14 25 20 
12 19 8 39 
-32 14 25 20 
13 19 8 39 
-34 14 24 20 
13 19 9 38 
-35 14 23 20 
0 -8 -22 6 
11 13 21 -6 
0 -8 -20 5 
10 13 21 -5 
1 -8 -19 5 
10 13 21 -4 
1 -9 -18 5 
9 12 21 -3 
-25 14 0 -19 
-12 7 -4 6 
-25 15 -1 -20 
-13 9 -3 5 
-26 16 -1 -20 
-14 10 -2 3 
-26 18 -2 -20 
-15 11 -2 2 
10 -10 -17 4 
-6 -2 -13 35 
10 -8 -16 3 
-6 -2 -14 34 
10 -6 -14 1 
-5 -2 -14 33 
9 -4 -13 -1 
-5 -2 -14 32 
22 -17 -7 0 
2 -9 13 10 
23 -17 -7 0 
3 -10 12 11 
24 -16 -6 -1 
4 -11 10 11 
24 -16 -6 -1 
4 -12 9 11 
-17 -14 13 -20 
-1 -3 -26 -3 
-18 -13 12 -20 
0 -3 -26 -4 
-19 -13 12 -20 
0 -3 -25 -4 
-20 -12 11 -20 
1 -2 -25 -4 
-3 -7 0 2 
-2 -15 -6 17 
-3 -6 0 1 
-2 -15 -7 17 
-3 -5 0 1 
-1 -15 -7 16 
-3 -4 -1 0 
-1 -15 -7 15 
18 -5 7 5 
-5 -10 30 -11 
19 -5 7 5 
-5 -10 29 -11 
20 -6 7 6 
-5 -9 29 -11 
21 -6 7 6 
-5 -9 27 -11 
-10 -3 4 9 
-14 -1 -11 -18 
-10 -4 4 10 
-15 0 -11 -17 
-10 -5 4 10 
-15 0 -11 -17 
-11 -6 4 10 
-15 1 -10 -17 
24 13 -15 9 
-1 3 9 -7 
25 13 -14 9 
-1 3 8 -8 
26 13 -13 9 
0 4 6 -8 
26 13 -12 9 
1 5 5 -9 
-10 -8 14 -13 
-1 7 -9 12 
-11 -7 13 -14 
0 8 -9 11 
-11 -5 13 -16 
0 8 -9 11 
-12 -4 12 -17 
1 9 -8 10 
16 -19 13 14 
-32 1 0 -11 
17 -20 13 14 
-31 0 -2 -10 
17 -20 13 13 
-30 -1 -3 -8 
17 -21 13 12 
-29 -2 -5 -7 
-7 1 10 -45 
-7 -12 -15 14 
-8 3 10 -45 
-7 -13 -14 13 
-9 5 11 -45 
-6 -13 -14 12 
-10 6 11 -45 
-6 -13 -14 11 
5 7 7 -7 
-15 11 -30 4 
4 7 7 -7 
-15 11 -30 4 
2 7 8 -6 
-14 11 -30 4 
1 7 8 -6 
-14 12 -30 4 
-17 -1 -31 9 
-1 4 10 8 
-16 0 -32 8 
0 4 10 8 
-14 0 -32 8 
0 4 9 7 
-13 0 -33 7 
1 5 9 7 
10 -33 15 16 
-11 -7 15 -15 
10 -34 15 16 
-11 -7 14 -14 
10 -35 15 15 
-11 -8 13 -13 
11 -36 15 14 
-11 -8 13 -12 
-3 11 8 8 
14 -2 9 -3 
-3 10 8 9 
13 -2 9 -3 
-4 10 9 10 
12 -2 10 -3 
-4 9 9 10 
11 -2 11 -2 
-11 6 -21 13 
-13 27 1 2 
-10 5 -22 13 
-13 27 0 3 
-9 4 -22 14 
-14 26 0 5 
-8 3 -23 15 
-15 26 0 6 
7 6 -26 3 
11 -5 34 -10 
9 6 -26 3 
10 -4 34 -10 
11 5 -25 3 
9 -4 34 -11 
12 5 -25 3 
9 -4 33 -11 
2 -14 7 -10 
14 7 0 15 
2 -13 8 -10 
15 7 0 15 
1 -13 8 -11 
15 7 1 16 
1 -12 8 -11 
16 7 1 16 
-6 -22 23 7 
-5 -12 -10 -6 
-7 -22 23 7 
-5 -13 -9 -5 
-8 -22 23 6 
-5 -13 -8 -5 
-10 -23 23 5 
-6 -14 -8 -4 
21 -3 9 -28 
-5 -11 -7 14 
20 -2 10 -28 
-6 -11 -7 13 
19 0 11 -28 
-6 -10 -7 12 
18 1 13 -28 
-7 -10 -7 11 
7 -4 -22 22 
-6 17 9 -9 
8 -6 -22 22 
-6 16 8 -8 
9 -7 -22 23 
-6 16 7 -6 
11 -8 -21 23 
-5 16 6 -5 
8 -23 9 -8 
-15 -20 -1 -20 
8 -23 9 -9 
-15 -20 -2 -20 
8 -23 9 -10 
-15 -20 -3 -19 
8 -23 9 -10 
-14 -20 -3 -19 
-5 11 1 -4 
12 8 -7 8 
-6 11 1 -3 
12 8 -7 8 
-6 11 1 -2 
12 8 -6 8 
-7 10 2 -1 
11 8 -5 8 
-8 -9 -13 6 
-18 14 -18 -15 
-8 -9 -14 6 
-17 14 -18 -14 
-8 -10 -14 6 
-17 14 -19 -13 
-7 -11 -15 6 
-17 14 -19 -12 
5 -7 -9 -9 
-2 -23 1 -1 
6 -7 -8 -10 
-2 -24 0 -1 
6 -6 -8 -11 
-2 -24 0 -2 
6 -6 -8 -12 
-1 -24 -1 -3 
9 10 -3 -2 
-4 -16 -6 -19 
10 9 -3 -1 
-3 -16 -6 -19 
10 8 -3 0 
-3 -16 -7 -19 
10 7 -3 2 
-3 -16 -7 -20 
-1 -2 -1 -11 
22 -9 -5 -2 
-2 -2 -1 -11 
22 -9 -5 -2 
-2 -2 -1 -11 
22 -8 -4 -3 
-2 -1 -1 -10 
23 -8 -4 -3 
0 0 2 5 
0 0 0 0 
0 0 1 5 
0 0 0 0 
0 0 1 6 
0 0 0 0 
0 0 0 6 
0 0 0 0 
0 0 0 0 
0 0 0 0 
0 0 0 0 
0 0 0 0 
0 0 0 0 
0 0 0 0 
