49 175 545 511 
94 86 -26 -75 
48 153 517 522 
97 85 -28 -68 
47 131 489 531 
101 83 -29 -60 
46 110 461 539 
103 80 -30 -52 
74 88 6 5 
5 14 47 56 
78 91 2 5 
6 16 43 52 
81 93 -1 6 
8 17 39 49 
85 95 -4 7 
10 19 35 45 
-5 -73 25 6 
-20 -7 8 -1 
-4 -72 23 3 
-18 -9 6 1 
-3 -71 22 -1 
-17 -11 4 3 
-2 -71 20 -4 
-15 -13 3 5 
0 0 0 0 
0 0 0 0 
0 0 0 0 
0 0 0 0 
0 0 0 0 
0 0 0 0 
0 0 0 0 
0 0 0 0 
0 0 0 0 
0 0 0 0 
0 0 0 0 
0 0 0 0 
0 0 0 0 
0 0 0 0 
0 0 0 0 
0 0 0 0 
0 0 0 0 
0 0 0 0 
0 0 0 0 
0 0 0 0 
0 0 0 0 
0 0 0 0 
0 0 0 0 
0 0 0 0 
0 0 0 0 
0 0 0 0 
0 0 0 0 
0 0 0 0 
0 0 0 0 
0 0 0 0 
0 0 0 0 
0 0 0 0 
0 0 0 0 
0 0 0 0 
0 0 0 0 
0 0 0 0 
0 0 0 0 
0 0 0 0 
0 0 0 0 
0 0 0 0 
0 0 0 0 
2 0 0 0 
0 0 0 0 
2 0 0 0 
0 0 0 0 
2 0 0 0 
0 0 0 0 
2 0 0 0 
15 -1 -6 0 
63 -2 -32 1 
15 0 -6 0 
63 1 -32 0 
15 0 -6 0 
62 3 -31 -1 
15 1 -6 0 
61 5 -31 -2 
466 -3 -133 3 
-235 290 371 452 
491 8 -134 -2 
-233 280 341 459 
516 20 -134 -7 
-231 269 311 464 
539 33 -132 -12 
-227 258 280 469 
-36 -11 -35 8 
15 -62 40 36 
-34 -7 -33 2 
14 -61 41 33 
-32 -2 -31 -4 
13 -60 41 29 
-30 2 -30 -9 
13 -59 42 24 
63 -26 27 -4 
-94 -50 23 -17 
64 -26 28 -4 
-94 -52 18 -17 
65 -26 29 -3 
-94 -54 14 -16 
66 -27 30 -3 
-93 -56 9 -16 
17 0 -2 -58 
-2 -6 -26 19 
15 1 1 -56 
-1 -8 -26 19 
14 2 4 -54 
0 -10 -26 20 
12 3 7 -52 
0 -13 -26 20 
-29 -10 -7 -44 
24 53 1 -24 
-29 -10 -8 -43 
23 54 3 -22 
-29 -11 -9 -42 
21 55 5 -20 
-29 -11 -10 -41 
19 55 7 -18 
11 14 -36 15 
24 -9 7 7 
12 14 -36 14 
25 -10 7 6 
13 15 -36 12 
25 -10 7 5 
14 15 -36 11 
25 -11 7 4 
-9 18 19 -22 
28 -7 -35 15 
-11 19 19 -22 
28 -7 -34 14 
-13 21 18 -22 
29 -6 -32 12 
-14 22 18 -21 
29 -6 -31 11 
11 -1 -14 21 
-11 15 30 -34 
14 -3 -16 22 
-10 15 28 -33 
17 -5 -17 22 
-8 16 26 -32 
19 -7 -19 23 
-7 16 24 -30 
-22 33 23 7 
7 -3 32 15 
-22 33 22 7 
5 -3 33 15 
-22 34 21 7 
3 -4 35 14 
-21 34 20 8 
1 -5 36 13 
-3 -36 -27 -28 
12 -6 23 -15 
-2 -36 -26 -28 
12 -6 23 -14 
-1 -36 -26 -29 
11 -7 23 -13 
0 -36 -26 -29 
11 -7 23 -12 
-20 -1 10 -13 
1 -12 -23 -16 
-21 -1 9 -12 
1 -11 -23 -17 
-22 -2 9 -12 
2 -11 -22 -17 
-23 -2 8 -11 
2 -10 -21 -17 
-12 18 -7 6 
9 -20 -8 3 
-11 18 -8 6 
10 -19 -8 2 
-11 18 -8 7 
11 -19 -8 0 
-11 18 -9 7 
13 -19 -8 -1 
-15 -2 23 7 
31 6 5 4 
-16 -3 22 8 
30 5 7 5 
-17 -3 21 8 
29 4 9 5 
-17 -4 20 9 
28 4 11 6 
5 11 -11 1 
-13 27 -15 -2 
5 11 -11 2 
-12 28 -16 -1 
5 10 -12 3 
-11 28 -17 -1 
6 10 -12 4 
-10 29 -18 0 
-8 0 -3 21 
29 -4 14 -11 
-7 0 -3 20 
30 -4 15 -11 
-7 -1 -4 19 
30 -4 16 -11 
-6 -1 -4 18 
30 -4 16 -11 
-4 -9 19 -18 
-27 -9 -7 -21 
-4 -8 18 -18 
-27 -8 -8 -22 
-4 -8 17 -18 
-26 -8 -9 -22 
-4 -8 16 -19 
-25 -7 -10 -22 
-15 11 -2 -14 
-4 -15 -1 18 
-15 13 -2 -14 
-3 -15 -1 17 
-15 14 -2 -15 
-3 -15 -1 16 
-15 16 -2 -15 
-2 -14 -1 14 
3 -8 19 4 
-11 -21 8 -7 
2 -8 20 4 
-11 -21 8 -7 
2 -8 20 4 
-12 -21 8 -7 
2 -8 20 4 
-13 -21 8 -8 
17 -19 -2 -17 
5 2 -14 11 
16 -19 -1 -17 
6 1 -14 11 
16 -18 0 -18 
7 1 -15 12 
15 -17 1 -18 
8 0 -15 12 
-8 -8 6 -15 
0 19 11 -3 
-8 -8 5 -15 
-1 18 12 -2 
-7 -8 4 -15 
-2 18 12 -1 
-7 -8 3 -14 
-3 17 12 -1 
11 10 0 -16 
1 -2 -13 2 
10 11 1 -17 
1 -2 -13 1 
9 12 2 -17 
1 -1 -13 0 
8 12 2 -17 
1 -1 -13 0 
-15 -22 -7 -11 
0 11 -7 0 
-16 -22 -7 -12 
-1 11 -7 1 
-16 -21 -8 -13 
-1 11 -6 1 
-16 -21 -8 -14 
-1 11 -6 2 
-15 -7 -8 -5 
5 -7 1 -4 
-15 -7 -9 -6 
5 -6 1 -4 
-15 -6 -9 -7 
4 -5 2 -5 
-15 -6 -9 -7 
3 -5 3 -5 
-10 -3 -11 6 
3 9 3 7 
-10 -3 -11 6 
2 9 4 8 
-10 -2 -11 5 
1 9 4 8 
-10 -2 -11 5 
0 9 5 8 
10 8 -15 2 
6 3 -8 5 
9 8 -14 2 
6 3 -8 5 
9 9 -13 2 
6 3 -8 5 
9 9 -12 2 
6 4 -8 5 
-22 11 -11 9 
5 18 0 16 
-22 12 -12 9 
5 17 1 17 
-22 12 -13 9 
5 17 1 17 
-21 12 -13 9 
6 16 2 17 
7 13 12 4 
-1 3 11 -11 
7 12 12 4 
-1 4 11 -12 
7 12 12 4 
-2 5 11 -13 
7 12 12 5 
-2 6 11 -13 
-8 9 -10 26 
3 -6 -6 -7 
-7 8 -10 26 
4 -6 -6 -7 
-7 7 -10 26 
4 -6 -7 -7 
-7 7 -10 26 
5 -6 -7 -7 
-14 -6 -4 0 
-10 11 7 -18 
-13 -7 -5 0 
-10 11 7 -18 
-12 -8 -6 0 
-10 12 6 -18 
-11 -8 -7 1 
-10 13 6 -17 
-21 -26 8 -6 
12 29 -27 16 
-22 -25 8 -8 
12 29 -26 17 
-23 -24 8 -9 
13 29 -25 18 
-25 -23 8 -11 
14 29 -24 19 
-2 -31 12 19 
-7 3 -14 -20 
-2 -32 11 18 
-6 3 -15 -19 
-2 -33 11 17 
-5 3 -15 -17 
-3 -34 10 16 
-4 2 -16 -16 
-20 -13 5 -19 
11 -2 17 -1 
-20 -12 4 -20 
10 -2 18 0 
-19 -12 3 -20 
10 -3 18 0 
-19 -11 2 -20 
9 -4 19 0 
-4 21 10 -12 
2 -2 -6 -2 
-5 22 10 -11 
2 -1 -5 -3 
-5 22 10 -10 
2 0 -5 -4 
-6 22 10 -10 
3 1 -4 -5 
8 -15 3 1 
10 21 6 15 
8 -14 3 0 
11 20 6 16 
8 -14 3 0 
11 19 5 18 
9 -14 3 -1 
12 18 5 19 
0 10 27 -10 
-7 1 -28 20 
-1 11 27 -10 
-6 1 -28 20 
-3 13 27 -11 
-6 1 -28 19 
-4 13 26 -11 
-5 1 -28 18 
-3 -14 -2 9 
-13 31 -13 -11 
-3 -15 -2 9 
-13 31 -13 -9 
-2 -16 -2 9 
-12 32 -14 -8 
-2 -16 -3 9 
-11 32 -14 -7 
2 1 13 13 
7 -12 -11 8 
1 1 13 12 
7 -12 -11 8 
0 2 14 11 
7 -12 -10 7 
-1 2 14 10 
7 -12 -10 7 
-8 31 -3 16 
9 -1 2 12 
-8 30 -3 17 
8 -1 3 11 
-8 30 -3 19 
8 -1 3 11 
-8 29 -4 20 
8 -2 4 10 
1 5 -3 2 
12 10 1 -3 
1 4 -3 2 
12 10 2 -2 
1 4 -3 3 
12 9 2 -1 
1 3 -3 3 
12 9 2 -1 
5 9 -5 -14 
8 6 43 2 
7 9 -5 -14 
7 6 43 2 
8 9 -6 -14 
6 6 43 2 
10 10 -7 -14 
5 6 43 2 
5 18 5 1 
-11 -8 -13 14 
5 18 6 1 
-11 -8 -14 13 
4 19 6 1 
-11 -8 -14 13 
3 19 7 1 
-11 -8 -14 12 
-2 -10 4 -3 
22 1 18 8 
-2 -9 4 -3 
21 1 19 8 
-2 -9 4 -3 
20 1 21 8 
-3 -9 5 -3 
18 1 22 9 
11 -13 -1 14 
-12 -12 -28 -8 
10 -14 -1 14 
-10 -13 -29 -7 
9 -15 0 14 
-9 -14 -30 -6 
8 -16 1 14 
-7 -14 -30 -6 
1 -2 21 -13 
1 23 17 19 
0 -1 21 -13 
-1 22 18 20 
0 -1 21 -12 
-2 21 18 21 
0 -1 21 -12 
-3 20 19 22 
-10 2 -17 -5 
16 -12 -11 -16 
-10 2 -17 -5 
16 -11 -10 -16 
-10 2 -16 -5 
16 -10 -9 -17 
-11 2 -16 -5 
17 -9 -9 -18 
5 0 10 3 
24 5 9 30 
5 1 9 3 
24 4 10 30 
5 2 9 3 
23 4 11 30 
5 3 9 2 
22 3 12 30 
11 1 -15 7 
-8 1 -4 6 
12 0 -15 7 
-7 0 -6 7 
13 0 -16 8 
-6 -2 -7 7 
13 0 -16 8 
-5 -3 -8 8 
16 -8 14 -39 
-26 -8 -17 -3 
15 -7 14 -39 
-25 -8 -18 -4 
15 -6 14 -39 
-25 -8 -19 -4 
14 -5 14 -39 
-24 -7 -20 -5 
-19 0 -8 6 
13 -13 -16 -27 
-20 -1 -8 6 
12 -12 -15 -27 
-21 -2 -8 7 
12 -12 -14 -27 
-21 -3 -8 7 
11 -11 -12 -27 
7 -14 -26 -11 
67 -4 -44 -9 
7 -13 -27 -12 
66 -1 -44 -10 
8 -13 -27 -12 
64 2 -43 -12 
8 -12 -27 -12 
62 6 -42 -13 
570 -28 -144 20 
-206 300 420 555 
596 -15 -142 14 
-209 283 390 565 
621 -2 -139 9 
-211 265 359 573 
644 12 -134 3 
-212 248 328 580 
48 49 -139 -25 
106 -7 13 11 
51 53 -134 -27 
108 -3 13 6 
53 56 -130 -28 
110 2 13 1 
56 58 -125 -28 
112 7 13 -4 
34 -6 35 65 
-109 -82 44 14 
37 -5 31 62 
-110 -83 40 12 
40 -4 28 59 
-112 -83 35 9 
44 -3 24 56 
-113 -82 30 6 
30 15 -39 9 
10 -12 -2 -1 
30 14 -35 13 
11 -14 -3 -1 
30 12 -31 16 
12 -16 -4 0 
30 10 -27 18 
13 -18 -5 1 
-26 33 2 -47 
34 13 -15 -40 
-26 34 0 -45 
35 18 -15 -43 
-26 35 -2 -44 
37 22 -14 -45 
-25 35 -3 -42 
38 26 -13 -47 
-30 3 10 54 
9 33 10 18 
-29 3 7 52 
9 33 11 19 
-28 4 5 49 
8 33 11 19 
-27 4 2 47 
8 33 12 19 
-34 53 18 -1 
7 -17 -36 34 
-36 55 18 -2 
7 -16 -34 30 
-38 58 18 -3 
6 -14 -31 27 
-40 60 18 -3 
6 -13 -29 23 
3 -17 -18 11 
7 -13 31 -9 
5 -17 -18 10 
8 -12 30 -10 
7 -16 -19 9 
9 -11 29 -10 
8 -16 -19 8 
10 -10 28 -11 
-29 16 40 20 
11 4 -4 10 
-31 16 39 20 
10 4 -2 10 
-32 16 38 21 
9 5 0 10 
-33 15 37 21 
8 5 2 10 
39 -5 9 9 
-15 -13 -6 9 
39 -5 10 9 
-14 -14 -7 9 
38 -5 12 9 
-14 -15 -8 9 
38 -5 13 8 
-13 -16 -10 9 
-6 3 6 -11 
24 16 -13 7 
-7 3 6 -11 
24 17 -12 7 
-8 3 7 -10 
25 17 -11 8 
-9 3 7 -9 
25 18 -10 8 
3 -16 2 12 
-2 -19 10 8 
4 -15 1 11 
-1 -20 9 8 
5 -15 0 10 
0 -20 8 8 
6 -14 -1 9 
0 -20 7 8 
-7 8 18 10 
-3 -6 -9 -24 
-8 6 18 11 
-4 -5 -9 -24 
-9 5 18 12 
-4 -5 -8 -24 
-9 3 18 13 
-4 -4 -8 -24 
0 14 -6 8 
2 22 17 -9 
0 13 -6 9 
1 22 17 -9 
0 12 -6 10 
0 22 17 -8 
1 11 -6 10 
-1 22 17 -8 
12 3 -20 9 
-24 3 3 -5 
13 3 -20 9 
-23 3 2 -5 
14 2 -20 9 
-23 2 0 -4 
15 2 -19 8 
-22 2 -1 -4 
13 19 14 -3 
-4 2 -9 -2 
12 19 15 -2 
-5 3 -9 -3 
11 19 16 -1 
-5 4 -8 -4 
10 19 17 -1 
-5 5 -8 -4 
14 -2 -13 13 
0 -15 -9 -8 
15 -1 -13 13 
1 -15 -10 -8 
15 -1 -12 12 
2 -14 -11 -9 
15 -1 -11 11 
3 -14 -12 -10 
1 9 15 0 
17 -13 22 10 
1 9 15 0 
17 -13 23 10 
2 10 14 1 
16 -14 23 9 
2 10 14 1 
15 -15 23 9 
6 19 -1 -14 
4 -12 -13 16 
6 20 -1 -13 
5 -13 -13 15 
6 20 -2 -12 
6 -13 -14 14 
6 21 -2 -11 
6 -13 -14 13 
-6 10 -5 0 
4 -19 3 22 
-5 10 -6 1 
3 -20 3 22 
-4 11 -7 1 
3 -22 3 21 
-4 11 -8 2 
3 -23 3 21 
9 10 -9 -9 
-8 21 -3 -14 
9 9 -9 -7 
-7 21 -4 -13 
10 8 -10 -6 
-7 21 -5 -12 
10 6 -10 -4 
-6 21 -6 -11 
3 -12 7 -9 
18 17 20 -3 
3 -12 7 -10 
17 18 20 -3 
3 -11 7 -11 
16 19 21 -3 
3 -11 7 -12 
16 20 22 -3 
0 -13 4 27 
4 -3 5 -2 
-1 -13 4 26 
4 -3 6 -2 
-1 -14 4 25 
3 -4 6 -1 
-1 -14 4 24 
2 -4 7 0 
-6 -8 -15 -11 
17 -11 17 -9 
-5 -8 -16 -11 
16 -11 18 -9 
-5 -8 -16 -11 
16 -11 18 -9 
-4 -8 -16 -10 
15 -12 19 -9 
8 -6 7 -23 
20 -3 10 10 
9 -5 6 -23 
21 -3 10 9 
9 -4 6 -23 
21 -3 11 9 
9 -3 6 -23 
21 -3 11 9 
15 8 12 8 
-26 27 2 5 
16 7 11 8 
-26 27 0 5 
16 7 11 9 
-25 27 -1 6 
17 6 10 9 
-25 27 -3 7 
37 12 14 23 
-6 17 -18 -7 
36 11 15 23 
-4 17 -19 -7 
35 10 17 23 
-2 17 -21 -6 
34 9 18 22 
0 17 -22 -6 
-4 -8 12 -6 
-13 -2 -7 -9 
-4 -8 11 -7 
-12 -2 -8 -8 
-3 -7 10 -7 
-10 -2 -9 -8 
-3 -7 9 -8 
-9 -2 -10 -8 
5 -15 35 -10 
-5 11 -6 16 
4 -14 35 -10 
-5 10 -5 16 
3 -14 36 -10 
-5 9 -5 17 
2 -13 36 -11 
-5 9 -5 18 
-1 4 8 5 
8 9 -7 6 
-2 4 9 5 
7 9 -6 6 
-3 4 9 6 
7 9 -5 6 
-4 4 10 6 
6 9 -4 6 
-3 7 -1 13 
12 -2 -24 14 
-4 7 -1 13 
13 -2 -23 14 
-5 7 -1 13 
14 -3 -23 14 
-6 7 0 13 
14 -3 -22 14 
-11 10 2 -1 
-1 -16 2 -24 
-11 9 1 -1 
-1 -15 2 -25 
-11 8 0 0 
-1 -14 3 -26 
-10 8 0 1 
-1 -13 3 -26 
12 -8 14 -12 
1 -15 -24 37 
11 -7 15 -12 
2 -17 -24 37 
10 -6 16 -13 
3 -19 -24 37 
8 -4 17 -13 
4 -21 -24 37 
24 9 13 -18 
-30 4 13 -17 
25 8 13 -16 
-30 5 11 -17 
25 8 12 -14 
-30 5 10 -16 
26 7 12 -12 
-30 5 8 -16 
-22 -6 -14 -20 
-13 1 4 11 
-21 -5 -14 -21 
-13 1 4 11 
-21 -4 -14 -22 
-13 1 4 10 
-20 -3 -14 -22 
-14 1 4 10 
18 1 14 -2 
-10 -2 2 -2 
17 1 15 -2 
-11 -2 2 -2 
16 1 16 -2 
-11 -2 2 -2 
15 1 17 -2 
-11 -2 2 -3 
1 -9 -6 -4 
-14 -12 3 6 
1 -9 -6 -4 
-14 -13 2 6 
1 -9 -6 -4 
-14 -14 2 6 
1 -9 -5 -5 
-14 -15 2 6 
-4 7 5 -18 
-8 20 4 8 
-4 7 5 -17 
-9 20 4 9 
-5 7 5 -17 
-10 20 5 9 
-5 7 6 -16 
-10 20 5 9 
-2 13 -13 -1 
-13 -9 10 -9 
-1 14 -13 -1 
-13 -8 9 -10 
0 14 -13 -1 
-12 -7 8 -11 
1 14 -13 -1 
-12 -6 7 -12 
-12 -13 16 0 
-25 -6 -13 -13 
-13 -13 16 -1 
-24 -6 -13 -13 
-14 -13 16 -1 
-24 -6 -13 -13 
-14 -13 16 -1 
-24 -5 -13 -13 
7 -16 4 -1 
5 8 3 -18 
6 -16 5 -2 
4 9 4 -18 
6 -17 6 -2 
4 10 4 -17 
5 -17 7 -2 
3 10 4 -16 
-12 8 -16 16 
-10 -1 1 7 
-11 8 -17 16 
-11 -2 1 7 
-11 8 -17 16 
-11 -2 1 7 
-10 7 -17 16 
-12 -2 1 8 
-22 -4 -20 1 
-13 3 6 -18 
-21 -5 -21 1 
-14 4 7 -17 
-20 -6 -21 2 
-15 4 7 -17 
-20 -7 -21 2 
-16 5 7 -16 
7 6 -19 15 
7 0 -6 -11 
7 5 -18 15 
7 1 -7 -11 
7 5 -17 15 
8 1 -7 -11 
7 4 -16 16 
9 1 -7 -11 
7 1 10 3 
-7 -9 0 17 
7 2 10 3 
-6 -10 -1 17 
7 2 10 3 
-6 -10 -2 17 
7 3 9 2 
-5 -11 -2 17 
5 2 1 -4 
16 2 32 -7 
7 1 0 -3 
16 2 32 -7 
8 1 0 -3 
16 2 32 -7 
9 0 0 -2 
17 2 31 -6 
1 -4 26 -4 
19 8 9 13 
0 -3 26 -4 
18 8 10 14 
0 -3 26 -5 
18 8 10 14 
-1 -2 25 -5 
18 8 11 14 
14 1 4 13 
-7 -7 3 16 
15 1 4 13 
-7 -7 2 16 
15 1 4 12 
-7 -8 1 16 
15 2 4 12 
-6 -8 0 16 
-7 3 -6 9 
-22 1 3 7 
-6 3 -7 10 
-22 0 2 8 
-5 2 -8 10 
-22 -1 1 8 
-4 2 -8 11 
-22 -1 0 8 
22 2 -18 -1 
50 20 -35 12 
22 2 -18 -1 
49 22 -36 11 
23 3 -17 0 
47 24 -36 11 
23 3 -17 0 
45 26 -36 10 
594 -35 -168 15 
-98 236 492 583 
622 -23 -165 9 
-103 214 463 593 
648 -10 -162 4 
-107 192 434 603 
673 5 -156 -2 
-110 170 406 610 
98 78 -120 -77 
112 25 -32 -25 
100 78 -116 -72 
117 29 -35 -28 
102 78 -111 -67 
121 34 -36 -30 
103 77 -107 -62 
124 38 -37 -33 
41 14 39 66 
-73 -68 38 -5 
44 15 34 63 
-73 -68 33 -8 
48 15 30 61 
-73 -67 28 -11 
51 16 25 58 
-72 -66 24 -14 
-9 11 -34 1 
14 40 -3 -3 
-8 10 -33 3 
16 38 -4 -2 
-6 8 -32 5 
18 36 -5 0 
-5 7 -31 7 
21 34 -6 2 
-60 28 21 -55 
8 -5 -4 6 
-59 31 18 -56 
8 -4 -3 4 
-59 33 14 -56 
9 -2 -2 1 
-58 36 11 -56 
9 -1 -1 -1 
-16 -2 7 15 
-2 28 27 17 
-16 -2 6 14 
-4 27 28 17 
-15 -1 5 13 
-5 27 28 18 
-14 -1 3 13 
-7 26 29 19 
-18 13 -5 -17 
36 -15 -41 39 
-20 15 -4 -18 
37 -16 -39 38 
-22 18 -3 -19 
37 -16 -37 36 
-24 20 -2 -20 
38 -17 -35 35 
-28 1 -1 11 
5 -4 -2 -20 
-28 -1 -3 12 
6 -4 -1 -19 
-27 -2 -5 13 
7 -4 -1 -18 
-27 -4 -7 14 
8 -5 -1 -18 
5 6 43 3 
-12 -14 -13 -13 
3 5 43 4 
-12 -14 -12 -13 
2 4 43 5 
-13 -15 -12 -13 
0 3 43 5 
-13 -15 -11 -13 
14 -11 -10 -16 
25 10 -11 9 
13 -11 -9 -16 
27 9 -11 10 
13 -11 -8 -15 
28 8 -11 11 
12 -11 -7 -15 
30 7 -11 12 
-17 -7 34 -9 
-11 4 -18 16 
-18 -7 32 -9 
-11 3 -17 16 
-18 -7 31 -9 
-11 2 -17 17 
-19 -6 30 -9 
-11 1 -16 18 
-19 7 -21 -4 
15 -2 -3 0 
-19 7 -21 -4 
15 -3 -3 0 
-19 6 -21 -3 
15 -3 -2 1 
-19 6 -21 -2 
14 -3 -1 1 
-6 14 -2 2 
12 25 4 31 
-6 14 -2 2 
12 24 5 32 
-5 14 -3 3 
11 23 5 33 
-5 15 -3 4 
10 21 6 33 
-3 -5 -19 -7 
-18 -2 4 10 
-2 -5 -19 -7 
-18 -2 3 10 
-1 -4 -20 -8 
-18 -3 3 10 
0 -4 -20 -8 
-18 -3 2 10 
-6 -11 -14 7 
5 19 7 -4 
-6 -12 -13 7 
4 18 7 -3 
-5 -13 -13 7 
4 18 8 -2 
-5 -13 -13 7 
3 17 8 -1 
8 0 -7 0 
-6 -11 1 -24 
8 -1 -7 0 
-6 -10 0 -25 
8 -1 -7 -1 
-6 -8 0 -25 
8 -1 -6 -1 
-7 -7 -1 -26 
-39 -5 -17 14 
-23 23 -25 30 
-39 -4 -18 14 
-24 22 -24 31 
-40 -4 -19 13 
-25 21 -23 32 
-40 -4 -20 13 
-25 20 -22 33 
-15 -6 -39 -6 
-4 2 -2 7 
-14 -6 -39 -7 
-4 3 -2 7 
-14 -5 -39 -7 
-5 3 -2 7 
-13 -4 -38 -8 
-5 3 -2 7 
27 -13 15 4 
-5 1 -26 7 
26 -13 17 4 
-4 2 -27 7 
24 -12 18 3 
-3 2 -27 7 
23 -12 20 2 
-3 3 -28 7 
-15 -11 -12 7 
-4 -2 1 10 
-15 -10 -12 6 
-4 -2 1 9 
-14 -9 -13 5 
-4 -1 2 9 
-13 -9 -14 4 
-4 0 2 8 
16 -35 6 17 
-18 7 16 -13 
16 -36 7 16 
-19 7 15 -12 
16 -36 7 15 
-20 8 15 -11 
16 -37 8 14 
-20 8 14 -10 
7 5 0 12 
10 -5 24 -2 
7 5 1 12 
9 -5 24 -3 
7 4 2 12 
8 -4 24 -3 
7 4 2 12 
7 -4 25 -3 
-8 9 -6 13 
-14 2 3 4 
-7 9 -6 13 
-14 1 3 4 
-7 8 -6 14 
-14 1 2 4 
-6 8 -7 14 
-14 0 2 5 
6 -10 1 -26 
-1 4 4 -5 
6 -9 2 -26 
-1 5 4 -5 
6 -8 2 -26 
-2 5 4 -6 
6 -8 3 -26 
-2 5 4 -6 
-2 -7 -16 1 
11 13 -1 11 
-2 -6 -16 1 
11 13 -1 12 
-1 -6 -16 0 
10 13 0 12 
-1 -6 -16 0 
10 13 0 12 
12 -12 -12 10 
4 -4 6 -21 
12 -13 -12 9 
4 -4 6 -21 
13 -14 -12 9 
4 -3 5 -21 
14 -14 -12 9 
4 -3 5 -20 
-2 13 2 11 
-1 -18 13 -6 
-2 13 1 11 
-2 -18 14 -7 
-1 12 1 12 
-2 -17 14 -8 
-1 12 1 12 
-2 -17 14 -9 
8 -16 11 -10 
4 -8 -6 3 
7 -16 12 -11 
4 -8 -6 4 
6 -15 13 -11 
3 -8 -5 4 
5 -15 13 -11 
2 -8 -4 3 
6 8 -12 3 
-8 19 -10 12 
6 8 -11 3 
-8 19 -10 12 
5 8 -11 4 
-9 19 -10 12 
5 8 -10 4 
-9 19 -10 12 
-1 -8 -27 9 
-2 -24 -17 9 
-1 -8 -27 8 
-1 -25 -18 8 
-1 -8 -27 7 
-1 -25 -18 8 
0 -7 -26 6 
0 -26 -18 8 
-24 -6 -10 -4 
1 8 -12 -8 
-23 -7 -11 -3 
1 8 -12 -7 
-23 -8 -12 -2 
1 8 -11 -7 
-23 -8 -13 -1 
1 7 -11 -6 
-4 11 -8 -2 
0 -2 0 19 
-3 12 -8 -3 
0 -3 0 19 
-3 13 -9 -3 
1 -3 0 19 
-2 13 -9 -3 
1 -4 -1 18 
-11 2 4 -6 
-15 2 18 -5 
-10 2 3 -6 
-16 2 18 -6 
-9 2 3 -6 
-17 3 18 -6 
-9 2 2 -5 
-18 3 18 -6 
20 0 3 7 
-4 6 -8 2 
19 0 5 7 
-3 6 -8 3 
19 0 7 6 
-3 5 -9 3 
18 0 8 6 
-2 5 -9 3 
-30 8 -9 -15 
13 21 4 6 
-29 9 -10 -15 
12 22 6 6 
-29 10 -11 -15 
12 23 7 5 
-29 11 -12 -15 
11 24 8 5 
15 19 7 30 
-20 17 -22 13 
14 19 7 30 
-20 16 -23 13 
13 18 8 29 
-19 16 -23 13 
12 18 8 29 
-19 16 -24 13 
-5 29 -1 -5 
7 2 -3 27 
-6 30 -1 -5 
5 3 -2 26 
-7 32 0 -5 
4 3 -1 24 
-7 33 0 -5 
3 3 0 23 
-7 12 -25 7 
-7 2 -18 19 
-7 12 -25 7 
-6 2 -18 18 
-7 13 -25 7 
-5 2 -19 18 
-7 14 -25 6 
-4 2 -19 17 
9 -1 7 2 
-5 -6 13 8 
10 -1 8 1 
-5 -6 13 8 
10 0 8 1 
-6 -6 13 7 
10 0 8 1 
-7 -6 13 7 
4 -16 -20 7 
-14 1 -13 -11 
5 -17 -19 7 
-13 1 -14 -11 
5 -17 -19 7 
-12 1 -15 -10 
5 -18 -18 7 
-11 1 -15 -9 
-27 1 3 5 
6 27 12 -4 
-27 0 2 6 
4 27 13 -3 
-27 0 2 6 
2 27 15 -2 
-27 -1 1 6 
1 27 16 -1 
14 11 -19 0 
-6 8 1 19 
15 12 -19 0 
-6 8 1 18 
15 12 -18 -1 
-6 8 0 18 
15 13 -17 -2 
-6 7 -1 17 
-4 -2 -5 -13 
8 2 0 14 
-4 -1 -6 -13 
9 2 0 14 
-3 0 -6 -14 
9 2 0 13 
-3 1 -6 -15 
10 2 0 13 
0 4 17 -4 
-23 10 -10 16 
0 4 17 -4 
-23 9 -11 17 
-1 5 16 -4 
-23 8 -11 17 
-1 5 16 -4 
-23 7 -12 17 
-8 7 -12 -7 
-2 -10 1 -10 
-8 7 -12 -7 
-3 -10 2 -11 
-8 7 -11 -7 
-4 -9 2 -11 
-8 7 -11 -7 
-5 -9 3 -12 
12 4 -13 -11 
8 3 17 7 
12 5 -12 -11 
7 3 17 7 
12 5 -12 -11 
6 3 17 7 
13 6 -11 -11 
4 3 17 6 
-22 2 -42 -4 
-13 2 22 11 
-19 3 -43 -4 
-13 2 21 10 
-17 3 -44 -5 
-13 1 21 10 
-15 4 -45 -5 
-13 1 20 10 
-26 -4 6 -6 
-2 28 -3 -2 
-27 -5 6 -6 
-2 28 -2 -1 
-27 -5 6 -6 
-2 27 -2 0 
-27 -5 5 -6 
-2 27 -1 1 
-26 -10 9 -18 
-1 -4 -20 8 
-28 -8 9 -19 
-2 -4 -18 8 
-29 -7 8 -20 
-3 -3 -17 7 
-30 -6 8 -21 
-4 -3 -16 7 
7 -3 -31 10 
75 -22 -47 -5 
8 -3 -31 10 
74 -20 -47 -6 
8 -3 -31 10 
73 -18 -46 -7 
8 -3 -31 10 
70 -15 -45 -8 
618 -37 -172 28 
51 198 573 500 
649 -30 -171 25 
49 175 545 511 
678 -21 -169 22 
48 153 517 522 
706 -11 -165 19 
47 131 489 531 
90 88 -23 -82 
70 86 10 5 
94 86 -26 -75 
74 88 6 5 
97 85 -28 -68 
78 91 2 5 
101 83 -29 -60 
81 93 -1 6 
3 13 51 60 
-6 -73 26 9 
5 14 47 56 
-5 -73 25 6 
6 16 43 52 
-4 -72 23 3 
8 17 39 49 
-3 -71 22 -1 
-21 -5 9 -3 
-16 36 -2 -25 
-20 -7 8 -1 
-13 35 -3 -23 
-18 -9 6 1 
-10 34 -5 -20 
-17 -11 4 3 
-7 33 -7 -18 
-62 15 54 -23 
9 33 -33 -20 
-65 15 52 -24 
9 36 -30 -21 
-67 15 50 -24 
8 38 -27 -21 
-69 15 48 -24 
7 40 -24 -21 
-14 -16 -39 36 
-46 22 9 18 
-12 -16 -40 34 
-46 22 7 19 
-10 -16 -41 32 
-46 21 6 20 
-8 -15 -41 30 
-46 21 4 20 
-3 14 9 9 
10 -29 -29 28 
-5 15 11 8 
10 -29 -27 27 
-7 16 13 8 
11 -29 -26 26 
-9 17 15 7 
11 -29 -25 24 
-13 17 3 26 
21 -28 0 -37 
-14 15 3 28 
21 -27 1 -37 
-14 13 2 30 
22 -26 2 -38 
-14 10 2 31 
22 -24 3 -38 
7 -1 27 18 
0 -8 -4 1 
6 -2 27 18 
-1 -9 -4 1 
5 -3 27 19 
-1 -10 -3 2 
4 -3 26 19 
-2 -10 -3 2 
11 -3 -20 -17 
-17 4 -4 -3 
12 -3 -20 -17 
-16 5 -5 -3 
13 -3 -19 -16 
-15 6 -6 -3 
13 -2 -19 -16 
-14 7 -7 -3 
-16 11 14 28 
-5 10 -15 23 
-18 11 14 28 
-5 9 -14 23 
-19 11 15 27 
-6 9 -13 23 
-20 11 15 27 
-6 9 -12 23 
27 -2 3 18 
37 -1 21 -34 
28 -4 4 18 
38 0 21 -34 
28 -5 5 19 
39 1 21 -33 
28 -7 6 19 
39 2 21 -33 
-2 -14 26 8 
-1 7 12 -10 
-2 -15 24 8 
-2 8 12 -9 
-2 -15 23 7 
-2 8 12 -9 
-2 -16 22 7 
-3 8 12 -8 
-6 15 -11 8 
-26 -17 1 -11 
-6 14 -11 8 
-26 -17 0 -12 
-6 14 -11 8 
-26 -16 0 -13 
-5 14 -11 9 
-26 -15 -1 -14 
12 -15 -1 4 
-6 -2 -1 -26 
12 -16 0 4 
-6 -1 -1 -26 
11 -17 1 5 
-5 0 -1 -25 
11 -17 2 5 
-5 0 -2 -25 
-13 -14 3 16 
27 11 9 -6 
-13 -15 3 16 
26 11 10 -5 
-14 -16 3 16 
25 11 12 -4 
-14 -17 3 15 
24 10 14 -3 
26 -27 -10 -2 
2 -15 12 9 
27 -27 -10 -3 
2 -17 11 10 
28 -27 -10 -4 
2 -18 10 10 
28 -26 -10 -5 
2 -19 9 11 
-27 1 -13 -18 
-8 -12 2 25 
-26 1 -14 -17 
-10 -13 3 25 
-26 2 -14 -16 
-11 -14 4 25 
-26 3 -15 -16 
-13 -15 5 25 
0 14 -28 1 
-15 6 -20 0 
1 13 -28 2 
-14 5 -21 0 
1 12 -27 4 
-13 5 -22 1 
1 11 -26 5 
-13 4 -23 1 
-22 9 -13 -4 
4 16 24 5 
-21 9 -14 -4 
3 17 25 5 
-20 8 -15 -4 
2 17 25 6 
-18 8 -16 -3 
1 17 26 6 
0 4 -11 13 
18 1 4 15 
0 4 -11 13 
18 0 4 15 
0 4 -11 12 
18 0 5 15 
0 4 -10 12 
19 -1 5 15 
-1 11 10 -3 
-18 4 1 15 
-1 12 10 -2 
-18 4 1 15 
-1 12 9 -2 
-18 5 0 14 
-1 12 9 -2 
-18 5 0 14 
31 1 7 22 
-14 -11 -13 14 
30 0 9 22 
-13 -13 -14 14 
30 0 10 22 
-12 -14 -15 14 
29 0 12 22 
-11 -15 -16 14 
-4 1 6 -11 
14 19 10 -24 
-5 0 6 -10 
13 19 12 -23 
-5 -1 6 -9 
12 19 13 -22 
-5 -2 6 -7 
11 19 14 -21 
15 3 -11 -5 
9 11 9 14 
15 4 -11 -6 
9 11 9 15 
16 4 -11 -6 
9 10 9 15 
16 5 -10 -7 
9 9 9 15 
21 -7 18 2 
-2 19 -12 -13 
21 -8 19 2 
-2 19 -12 -12 
20 -9 19 2 
-1 19 -13 -11 
19 -10 20 3 
-1 19 -13 -9 
20 9 -1 8 
-1 -17 -3 8 
20 10 -1 8 
0 -18 -4 8 
21 10 -1 8 
1 -19 -5 8 
21 10 -1 8 
2 -20 -6 7 
20 -1 16 -28 
2 14 24 16 
21 -1 15 -28 
2 13 23 16 
22 0 15 -27 
3 12 22 17 
23 0 15 -26 
3 10 21 17 
-4 -12 14 -26 
-39 -13 -29 -22 
-5 -11 14 -26 
-38 -12 -30 -22 
-6 -11 14 -26 
-37 -11 -31 -23 
-7 -11 14 -27 
-36 -10 -32 -23 
-3 2 3 12 
-2 -6 -18 -3 
-4 1 4 13 
-2 -6 -17 -3 
-6 1 5 13 
-2 -7 -17 -3 
-7 0 6 13 
-2 -7 -16 -3 
11 -26 -8 -12 
-22 25 12 0 
12 -26 -8 -12 
-22 24 11 1 
13 -26 -8 -12 
-22 24 10 3 
13 -27 -8 -12 
-22 23 9 4 
28 -14 -1 -8 
-16 4 -9 -8 
28 -14 0 -8 
-14 4 -10 -7 
28 -14 2 -9 
-13 4 -12 -7 
27 -14 3 -10 
-11 3 -13 -6 
-9 -1 15 -5 
-2 -7 -1 -15 
-10 -1 14 -5 
-2 -6 -1 -15 
-10 -1 14 -5 
-2 -6 0 -15 
-10 -1 14 -5 
-2 -5 0 -16 
4 -20 1 -2 
-13 3 -10 2 
4 -20 1 -3 
-13 3 -10 2 
4 -20 1 -3 
-13 3 -11 3 
3 -20 2 -4 
-12 3 -11 3 
9 2 3 6 
2 -18 -8 -5 
9 2 4 6 
3 -18 -8 -6 
8 2 5 6 
3 -18 -8 -6 
8 2 5 6 
4 -17 -8 -7 
2 -13 25 3 
-3 -1 3 -10 
1 -14 25 3 
-3 -1 4 -9 
1 -14 25 4 
-3 -2 4 -8 
0 -15 25 4 
-3 -2 4 -8 
19 19 9 -6 
2 23 -3 3 
18 19 10 -5 
2 23 -4 3 
18 18 11 -5 
2 24 -4 3 
17 18 11 -4 
3 24 -4 3 
-18 -22 -12 16 
10 23 14 -4 
-17 -23 -13 15 
10 22 14 -3 
-16 -23 -14 14 
10 22 14 -1 
-15 -24 -15 13 
10 22 14 0 
-5 2 6 4 
-9 -4 -3 -11 
-5 2 5 4 
-9 -3 -2 -11 
-5 2 5 4 
-9 -2 -2 -11 
-5 1 5 4 
-10 -2 -2 -11 
-7 -9 -17 4 
-3 -1 13 -7 
-6 -9 -17 4 
-3 -1 13 -6 
-6 -10 -17 3 
-3 -1 13 -6 
-5 -10 -17 3 
-3 -1 12 -6 
3 20 4 3 
-11 6 -5 18 
3 20 4 3 
-11 5 -5 18 
3 21 4 4 
-11 4 -5 18 
3 21 4 4 
-11 4 -6 18 
-4 6 -5 -7 
9 -21 -4 -12 
-4 6 -5 -7 
10 -20 -4 -13 
-4 6 -5 -7 
10 -20 -3 -14 
-4 6 -5 -6 
11 -20 -3 -14 
-9 6 5 -4 
0 -2 12 9 
-8 6 4 -4 
0 -3 12 9 
-8 6 4 -3 
-1 -4 13 9 
-7 6 3 -3 
-2 -4 13 9 
-1 -8 -9 -26 
5 -13 3 4 
-1 -7 -9 -26 
5 -13 3 4 
0 -6 -9 -26 
5 -13 3 3 
0 -5 -8 -26 
5 -13 3 3 
0 0 -9 -4 
1 0 -14 5 
0 0 -9 -4 
2 0 -15 5 
1 0 -9 -4 
3 0 -15 5 
1 0 -10 -4 
4 1 -16 5 
11 -10 10 2 
16 -5 -10 2 
11 -10 10 2 
17 -6 -11 2 
11 -10 9 1 
19 -6 -11 2 
11 -10 9 1 
20 -6 -11 3 
-13 3 19 -9 
-1 -21 0 9 
-13 3 18 -9 
-2 -22 0 8 
-13 4 16 -9 
-3 -23 1 8 
-13 4 15 -9 
-4 -24 1 7 
1 8 -19 -32 
-3 -14 -3 3 
1 10 -19 -32 
-3 -13 -3 1 
2 11 -18 -31 
-3 -12 -4 0 
2 12 -18 -31 
-4 -11 -4 -2 
-2 -3 -12 13 
-15 -6 0 -1 
-1 -3 -12 13 
-16 -6 0 -1 
-1 -4 -12 13 
-16 -7 -1 -1 
-1 -4 -12 13 
-17 -7 -1 -1 
51 2 -10 -2 
75 -18 -29 -7 
51 2 -9 -1 
75 -16 -29 -8 
51 2 -7 -1 
74 -13 -30 -9 
50 2 -5 0 
72 -11 -30 -10 
578 -66 -173 60 
158 144 580 432 
609 -62 -174 58 
162 122 554 445 
640 -56 -173 55 
166 99 527 457 
669 -50 -171 52 
171 77 500 467 
59 77 102 -90 
-29 85 62 -4 
65 74 93 -80 
-26 86 55 -2 
71 70 84 -71 
-24 87 49 0 
77 66 75 -61 
-21 87 42 3 
5 6 41 34 
1 -73 32 4 
6 8 40 31 
1 -73 32 1 
6 9 40 28 
0 -72 31 -2 
6 11 39 25 
0 -71 31 -6 
-6 -29 -1 -10 
-6 22 7 -33 
-5 -31 -2 -8 
-4 22 6 -31 
-4 -33 -2 -7 
-2 21 4 -28 
-3 -35 -3 -6 
0 21 3 -26 
-34 15 39 -18 
-36 7 -36 -8 
-35 16 38 -19 
-36 9 -36 -9 
-36 17 37 -19 
-36 11 -36 -11 
-37 17 35 -19 
-36 13 -36 -12 
-21 -11 -29 42 
-23 31 -18 43 
-21 -11 -29 41 
-22 29 -18 45 
-20 -11 -29 40 
-21 27 -19 46 
-20 -10 -29 38 
-19 25 -20 47 
-10 5 25 -30 
-10 -14 -25 32 
-11 8 25 -31 
-8 -13 -25 30 
-13 11 25 -32 
-7 -12 -25 28 
-14 14 25 -33 
-5 -11 -25 26 
-9 -21 41 22 
-11 -20 5 -21 
-10 -22 41 21 
-12 -20 5 -21 
-11 -22 41 21 
-13 -19 6 -21 
-12 -23 40 20 
-13 -19 6 -21 
13 -30 9 -11 
20 -5 -12 -2 
12 -30 11 -11 
21 -6 -12 -2 
11 -30 12 -12 
22 -6 -12 -1 
10 -29 13 -13 
23 -6 -12 -1 
-4 -29 24 -27 
2 -2 -19 21 
-5 -27 23 -28 
3 -2 -19 21 
-6 -26 22 -29 
4 -2 -19 21 
-6 -24 21 -30 
5 -2 -19 21 
-34 -14 -13 0 
-26 -20 5 4 
-33 -13 -14 0 
-26 -19 5 3 
-32 -13 -16 -1 
-27 -18 4 3 
-30 -12 -18 -1 
-27 -18 4 2 
-11 -20 -14 17 
1 -31 17 -22 
-11 -21 -13 17 
0 -30 17 -22 
-10 -22 -13 17 
-1 -29 18 -23 
-10 -23 -13 17 
-2 -29 18 -23 
3 2 -13 10 
-5 -5 4 17 
4 2 -13 10 
-4 -6 3 17 
5 2 -13 11 
-3 -7 2 17 
5 2 -13 11 
-3 -7 2 17 
-20 19 1 7 
-16 34 1 12 
-20 19 0 8 
-17 34 2 13 
-19 18 -1 9 
-17 34 2 13 
-19 18 -2 10 
-18 35 2 14 
0 9 -24 28 
-11 -18 5 0 
1 8 -24 27 
-11 -19 4 0 
2 8 -24 27 
-11 -20 3 0 
3 7 -23 26 
-10 -20 3 0 
7 12 -2 -15 
1 -3 8 -1 
7 12 -2 -14 
1 -2 7 -2 
8 12 -2 -13 
1 -2 7 -2 
8 12 -1 -11 
1 -2 7 -2 
-2 29 0 10 
25 -22 5 21 
-2 29 0 10 
25 -22 6 20 
-2 30 -1 11 
26 -23 6 19 
-2 31 -1 11 
26 -23 7 17 
5 23 17 -9 
5 -17 1 0 
5 23 16 -8 
5 -16 1 -1 
4 23 16 -7 
4 -15 1 -3 
4 24 15 -6 
4 -14 2 -4 
2 5 -4 18 
10 2 -4 -12 
1 4 -4 19 
10 2 -4 -12 
1 3 -3 19 
9 2 -3 -11 
1 2 -3 19 
9 2 -3 -11 
-2 0 -13 -4 
20 -14 -7 -8 
-1 0 -13 -4 
20 -14 -6 -9 
-1 0 -13 -4 
21 -13 -6 -9 
-1 1 -14 -4 
21 -13 -6 -10 
-5 3 -5 1 
5 8 26 -25 
-4 2 -6 1 
4 10 26 -25 
-2 2 -7 2 
3 11 25 -25 
-1 1 -8 2 
3 13 25 -25 
-3 12 -1 24 
7 16 13 21 
-3 12 -1 23 
6 16 14 21 
-3 12 -1 22 
5 16 15 21 
-3 13 -1 22 
4 16 15 21 
-12 -6 -14 2 
-3 7 -4 -11 
-12 -6 -14 2 
-3 7 -4 -10 
-12 -7 -14 2 
-4 7 -4 -10 
-11 -7 -14 1 
-4 6 -3 -9 
19 -15 3 -30 
-4 -2 -10 13 
19 -13 3 -31 
-3 -2 -11 13 
18 -12 4 -32 
-2 -2 -11 12 
18 -10 5 -33 
-2 -2 -12 12 
15 -10 13 -5 
15 -5 -3 6 
14 -10 13 -6 
16 -5 -3 6 
14 -9 13 -6 
16 -6 -3 7 
13 -9 13 -7 
17 -6 -3 7 
10 0 12 -20 
3 -20 -17 11 
9 1 11 -20 
4 -21 -17 10 
9 2 11 -21 
5 -22 -17 9 
8 3 11 -21 
6 -23 -18 8 
-5 37 6 -19 
-16 -7 5 29 
-5 38 6 -18 
-18 -7 5 27 
-5 39 5 -16 
-19 -7 5 25 
-5 40 5 -15 
-20 -7 5 24 
25 -9 -9 16 
16 8 -1 -17 
25 -10 -7 17 
17 7 -1 -16 
24 -12 -5 17 
17 7 -2 -15 
23 -13 -3 18 
18 6 -1 -13 
17 -8 12 -10 
-6 17 0 -5 
17 -8 12 -10 
-5 17 0 -5 
17 -9 12 -10 
-5 17 -1 -4 
17 -9 11 -10 
-4 16 -2 -2 
-11 22 -2 10 
-7 -21 12 -17 
-10 21 -3 11 
-8 -21 12 -18 
-10 20 -3 11 
-9 -21 12 -19 
-9 19 -4 12 
-10 -21 12 -19 
-21 -9 -26 -17 
0 32 8 -1 
-20 -9 -26 -17 
0 32 8 0 
-20 -9 -26 -16 
-1 31 9 2 
-19 -9 -26 -16 
-1 31 9 3 
9 -1 10 -1 
-9 3 -2 -1 
8 0 11 -2 
-9 2 -2 -1 
8 0 11 -2 
-9 2 -3 -1 
8 0 11 -3 
-9 2 -3 -1 
14 -17 8 -12 
-13 -7 -11 -4 
14 -17 8 -12 
-13 -6 -12 -4 
13 -16 9 -13 
-12 -6 -13 -4 
13 -16 10 -13 
-12 -6 -13 -4 
29 -16 11 9 
-1 -19 7 -5 
28 -16 12 9 
-1 -20 6 -5 
28 -17 13 8 
0 -21 5 -5 
28 -17 14 8 
1 -22 5 -4 
-15 6 13 -19 
3 10 -1 6 
-16 7 13 -18 
3 10 0 6 
-17 7 12 -17 
2 10 1 6 
-17 7 12 -16 
1 10 2 6 
12 -28 -3 -6 
1 -8 -2 -30 
12 -29 -3 -7 
1 -8 -2 -29 
11 -30 -2 -8 
1 -8 -2 -28 
11 -30 -1 -8 
1 -7 -2 -28 
6 21 9 4 
22 4 -31 15 
5 21 10 5 
22 4 -30 14 
3 21 10 6 
23 4 -30 14 
2 22 11 6 
24 4 -29 13 
-1 -9 -4 6 
-8 -8 0 -5 
0 -10 -5 6 
-8 -8 -1 -5 
1 -10 -6 5 
-7 -8 -2 -5 
2 -10 -7 5 
-7 -8 -3 -5 
16 -7 2 -9 
5 -14 10 -8 
17 -7 2 -9 
6 -14 9 -9 
17 -7 2 -9 
7 -14 8 -9 
18 -6 2 -9 
8 -13 7 -9 
0 -3 17 10 
-9 10 0 -21 
0 -4 17 11 
-9 10 -1 -20 
0 -6 16 11 
-8 10 -1 -19 
0 -7 15 12 
-8 10 -2 -18 
-5 25 7 4 
16 -19 6 0 
-5 25 8 4 
15 -19 7 -1 
-6 25 8 5 
14 -18 8 -2 
-6 25 8 5 
13 -18 9 -4 
1 18 -12 2 
-1 -11 4 21 
2 18 -12 2 
-1 -12 3 20 
2 19 -12 3 
-2 -12 3 19 
2 19 -12 3 
-2 -12 3 18 
-28 -16 -20 -7 
5 -8 -18 -15 
-28 -16 -21 -7 
5 -7 -17 -15 
-27 -16 -22 -7 
5 -6 -16 -15 
-27 -16 -22 -7 
6 -5 -16 -16 
-17 7 -5 20 
16 -5 -1 -31 
-17 6 -5 20 
16 -3 -1 -32 
-17 5 -6 20 
17 -2 0 -32 
-16 4 -7 20 
17 0 1 -33 
-8 5 6 6 
-10 -4 5 31 
-8 7 5 5 
-11 -5 5 31 
-8 8 4 4 
-12 -6 5 31 
-8 9 4 3 
-12 -7 5 30 
4 6 -8 -29 
-6 -13 -5 7 
4 7 -7 -29 
-7 -13 -5 5 
3 8 -6 -29 
-7 -12 -5 4 
3 9 -5 -29 
-8 -12 -5 3 
-22 11 -24 4 
5 -2 -24 -10 
-22 11 -24 4 
6 -1 -24 -11 
-22 10 -24 5 
7 0 -23 -11 
-22 10 -24 5 
8 1 -23 -12 
16 6 20 15 
5 5 23 9 
17 5 19 15 
5 5 22 10 
17 5 19 15 
5 4 22 10 
18 5 18 15 
5 3 21 10 
9 10 13 -5 
-9 0 -7 13 
9 10 13 -4 
-8 -1 -8 13 
9 11 14 -4 
-7 -2 -9 13 
8 11 14 -4 
-6 -2 -10 13 
22 3 11 -18 
95 -24 -23 31 
22 4 11 -18 
96 -24 -23 31 
22 6 11 -18 
97 -24 -23 30 
22 7 11 -18 
96 -23 -22 28 
544 -96 -148 41 
99 118 586 288 
577 -96 -152 40 
106 100 556 301 
609 -95 -153 39 
114 82 527 314 
640 -92 -154 38 
121 64 497 325 
11 7 138 -93 
-94 64 117 14 
19 4 127 -87 
-92 63 109 18 
28 2 116 -80 
-90 62 101 22 
37 0 105 -73 
-87 60 92 25 
42 -16 70 4 
15 -66 29 -5 
40 -15 72 2 
15 -66 28 -7 
39 -14 74 0 
16 -66 28 -9 
38 -12 76 -1 
17 -65 27 -11 
-19 -78 20 -26 
25 51 2 -12 
-18 -79 19 -26 
27 49 2 -7 
-18 -80 17 -26 
28 47 3 -3 
-18 -81 16 -27 
30 45 3 1 
-31 -8 44 -23 
-17 20 -33 -21 
-32 -8 42 -24 
-16 22 -32 -21 
-33 -7 40 -24 
-16 23 -32 -21 
-35 -7 38 -25 
-15 24 -31 -20 
-21 -28 -14 -1 
-1 -5 -7 33 
-21 -26 -14 -3 
0 -6 -7 33 
-20 -24 -15 -6 
1 -7 -7 33 
-20 -22 -16 -8 
3 -8 -8 33 
-20 -15 33 -17 
14 -14 -30 14 
-22 -14 32 -17 
14 -15 -28 14 
-24 -13 32 -17 
14 -15 -26 13 
-26 -12 31 -18 
14 -16 -25 13 
7 -9 -7 -10 
1 -22 -5 -24 
7 -9 -7 -10 
1 -21 -5 -25 
7 -9 -7 -9 
1 -20 -5 -25 
7 -10 -7 -9 
1 -19 -6 -26 
11 17 -6 20 
-12 -19 -8 -11 
12 15 -6 21 
-11 -19 -9 -11 
12 14 -6 22 
-11 -19 -9 -12 
12 13 -6 23 
-10 -20 -10 -12 
-1 21 -3 -17 
-7 32 -1 43 
-1 22 -3 -16 
-6 31 -1 43 
-1 23 -3 -15 
-6 31 -2 44 
0 24 -3 -14 
-6 30 -2 44 
-17 24 0 20 
1 0 -1 -17 
-17 23 0 21 
0 1 -1 -17 
-17 22 -1 21 
0 1 0 -18 
-17 20 -1 22 
-1 2 1 -18 
-10 1 1 -5 
9 16 -27 7 
-11 2 1 -6 
10 16 -27 7 
-12 2 1 -6 
11 16 -26 7 
-13 2 2 -6 
12 16 -26 8 
13 -11 13 -8 
1 16 30 7 
14 -11 12 -9 
1 17 29 8 
15 -10 12 -9 
1 17 28 8 
16 -10 11 -10 
1 17 28 8 
15 22 8 23 
-11 8 -2 7 
15 22 8 23 
-10 8 -3 7 
15 22 8 23 
-9 8 -5 7 
15 21 8 23 
-8 8 -6 7 
-3 8 22 6 
22 -7 -1 -21 
-4 7 22 6 
22 -6 0 -21 
-5 6 22 6 
22 -6 1 -21 
-6 5 22 6 
22 -5 2 -21 
11 18 4 5 
-2 -12 9 -11 
11 18 4 6 
-1 -12 8 -11 
12 17 3 6 
-1 -11 8 -12 
12 17 3 7 
-1 -10 7 -13 
15 -4 8 6 
1 -10 -9 -10 
15 -4 8 6 
2 -10 -9 -10 
15 -5 8 6 
3 -9 -10 -10 
15 -5 8 6 
4 -9 -11 -11 
-1 7 1 2 
-8 -9 13 6 
0 7 0 2 
-8 -10 12 6 
1 7 -1 3 
-7 -10 11 6 
2 7 -2 3 
-7 -11 10 6 
2 -9 27 -11 
-21 -5 -18 1 
0 -9 28 -11 
-22 -6 -18 1 
-2 -9 28 -11 
-24 -7 -17 2 
-3 -9 29 -11 
-25 -7 -17 2 
4 -6 -35 -6 
-9 -7 8 -27 
5 -7 -34 -5 
-9 -6 7 -27 
5 -8 -33 -4 
-9 -6 7 -27 
6 -9 -32 -4 
-10 -5 6 -26 
22 -5 -6 -6 
3 2 13 0 
23 -5 -5 -6 
3 3 12 0 
23 -4 -4 -6 
4 4 11 0 
24 -4 -4 -6 
5 5 10 -1 
7 -13 18 19 
21 5 20 14 
7 -13 17 18 
21 4 20 15 
7 -13 17 17 
21 4 20 15 
8 -13 17 16 
21 3 20 16 
-21 -9 -6 5 
-2 14 23 4 
-20 -10 -8 5 
-2 14 23 5 
-18 -11 -10 6 
-2 13 22 6 
-16 -11 -11 6 
-2 12 22 7 
-12 5 16 7 
-20 10 -30 -11 
-13 5 16 7 
-19 10 -29 -10 
-14 4 17 8 
-19 10 -29 -10 
-16 3 17 8 
-19 11 -29 -9 
-12 3 -13 7 
3 12 6 22 
-12 3 -13 7 
2 11 7 23 
-12 3 -13 7 
1 10 8 23 
-12 4 -13 7 
-1 8 8 24 
-8 17 -29 -6 
5 14 -4 4 
-7 17 -29 -6 
4 14 -4 3 
-7 17 -29 -5 
3 15 -3 3 
-7 17 -28 -4 
1 15 -2 3 
-2 -5 -39 16 
15 11 8 -1 
0 -5 -39 16 
16 11 8 -1 
1 -6 -39 15 
16 11 8 0 
2 -6 -39 15 
17 11 7 0 
-18 12 3 9 
2 20 0 9 
-17 12 1 9 
2 20 0 9 
-16 12 0 9 
3 20 0 9 
-16 12 -1 9 
4 20 0 9 
-23 17 22 11 
10 -3 -27 6 
-25 17 21 10 
10 -3 -26 5 
-26 18 21 10 
10 -2 -24 4 
-27 18 20 9 
10 -2 -23 3 
-13 -22 -21 0 
-23 -8 -2 -2 
-11 -22 -22 -1 
-22 -8 -3 -2 
-10 -22 -23 -2 
-22 -8 -4 -2 
-9 -22 -24 -3 
-21 -8 -6 -2 
-8 -5 -1 -1 
10 -1 3 28 
-8 -4 -1 -1 
10 -3 3 28 
-8 -4 -1 -1 
10 -4 4 29 
-8 -3 -1 -1 
10 -5 4 29 
2 4 17 -4 
5 -8 -2 -13 
2 3 17 -3 
5 -7 -1 -14 
1 3 17 -3 
5 -6 -1 -14 
0 3 17 -2 
4 -5 0 -15 
25 1 4 19 
0 -1 4 22 
25 2 5 18 
0 0 3 22 
25 2 5 18 
1 0 2 22 
25 3 6 17 
2 0 2 21 
32 10 27 28 
-13 1 1 14 
31 10 28 29 
-14 1 1 14 
30 9 29 29 
-14 0 0 15 
29 8 30 29 
-15 0 0 15 
4 0 -28 -4 
10 -8 23 6 
5 0 -27 -3 
9 -9 23 6 
6 1 -27 -3 
8 -9 23 5 
7 1 -26 -3 
7 -9 23 5 
4 6 1 -2 
9 1 -7 -5 
3 6 2 -1 
8 1 -7 -5 
3 6 3 0 
8 1 -6 -5 
2 6 3 0 
7 1 -5 -5 
2 -15 -16 -22 
1 9 8 -13 
3 -14 -16 -22 
1 9 8 -13 
3 -14 -16 -23 
1 10 8 -13 
4 -14 -16 -23 
1 10 8 -12 
22 4 11 7 
-7 2 -3 -14 
22 3 12 6 
-7 2 -3 -14 
21 3 13 6 
-7 3 -4 -13 
20 2 14 6 
-7 3 -4 -13 
1 12 -3 6 
-1 0 -1 -4 
1 12 -3 6 
-1 0 -1 -4 
1 11 -3 7 
-1 -1 -1 -4 
1 11 -2 7 
-1 -1 -1 -4 
-10 -1 13 -25 
0 4 -9 9 
-11 0 14 -25 
-1 4 -8 9 
-12 1 14 -25 
-1 4 -7 8 
-13 2 14 -25 
-2 4 -7 8 
1 -7 -1 1 
5 23 0 -6 
0 -7 0 1 
3 24 1 -6 
0 -8 1 1 
2 24 2 -5 
-1 -8 1 0 
1 25 3 -4 
14 16 -23 27 
22 10 18 7 
14 15 -23 26 
22 10 18 7 
15 15 -22 26 
22 10 18 7 
15 15 -21 25 
22 10 19 7 
-10 -13 19 -9 
-2 5 -21 26 
-11 -12 19 -10 
-2 4 -20 26 
-13 -11 18 -11 
-2 3 -19 26 
-14 -10 18 -12 
-1 3 -19 26 
-2 -6 -1 6 
4 4 -15 -11 
-3 -7 -1 6 
4 4 -15 -11 
-3 -8 -1 6 
5 4 -15 -10 
-4 -9 -1 7 
5 4 -15 -9 
0 14 2 6 
-3 9 0 8 
0 15 2 6 
-3 10 -1 8 
0 15 1 6 
-4 10 -1 7 
0 15 1 6 
-4 11 -1 7 
-11 -15 -20 20 
-1 -4 9 -12 
-10 -16 -21 19 
-2 -4 9 -12 
-9 -17 -21 19 
-2 -5 9 -11 
-8 -18 -21 18 
-2 -5 9 -10 
2 9 -10 2 
-7 13 4 9 
3 8 -10 2 
-6 13 3 9 
4 8 -10 3 
-5 12 2 10 
5 8 -10 4 
-4 12 1 10 
-8 9 17 3 
-5 6 2 -7 
-8 9 16 3 
-5 6 1 -7 
-8 8 15 3 
-4 7 1 -7 
-8 8 15 4 
-4 7 1 -7 
13 -15 13 10 
-1 13 -2 -5 
12 -15 14 9 
0 13 -3 -4 
12 -16 14 8 
1 13 -3 -3 
12 -16 14 8 
2 14 -4 -2 
19 5 12 24 
78 -7 -29 13 
19 5 12 24 
79 -7 -30 13 
18 4 12 25 
80 -6 -30 14 
18 3 12 25 
79 -5 -29 14 
477 -136 -149 63 
-50 107 486 212 
508 -139 -152 63 
-45 89 457 228 
538 -141 -154 61 
-38 71 426 242 
566 -142 -155 60 
-31 53 395 256 
5 -43 32 -130 
-112 17 122 -9 
16 -45 24 -124 
-108 14 112 -5 
27 -47 16 -119 
-104 12 102 -1 
38 -49 8 -113 
-99 9 91 3 
17 -34 93 -31 
-4 -54 13 -24 
15 -34 95 -31 
-3 -55 12 -25 
14 -34 96 -31 
-1 -55 11 -25 
12 -34 96 -31 
0 -55 10 -26 
-60 -89 20 -44 
40 21 28 -17 
-59 -90 17 -44 
39 19 30 -12 
-59 -91 15 -45 
38 16 33 -8 
-58 -91 13 -45 
36 13 35 -4 
-17 13 8 -47 
10 -3 -39 -41 
-19 13 8 -46 
11 0 -38 -43 
-20 13 7 -45 
11 3 -37 -44 
-21 13 6 -44 
10 5 -35 -45 
-36 -25 -40 21 
20 -3 -32 -18 
-35 -25 -42 19 
23 -2 -32 -18 
-34 -25 -43 18 
25 -1 -31 -18 
-33 -25 -44 16 
28 0 -31 -17 
-4 0 56 4 
-26 -2 -46 5 
-7 1 55 3 
-25 -1 -46 4 
-9 1 54 3 
-25 0 -46 3 
-11 2 53 2 
-24 1 -46 3 
13 -4 -15 11 
11 -26 6 -3 
13 -4 -14 10 
12 -25 5 -4 
14 -4 -14 10 
13 -24 5 -5 
15 -3 -13 9 
13 -24 4 -6 
-9 2 1 17 
2 -6 13 -5 
-8 1 -1 18 
2 -5 13 -5 
-7 0 -2 18 
3 -5 13 -5 
-6 -1 -3 19 
3 -5 12 -5 
-23 0 8 10 
12 -5 6 7 
-23 0 7 10 
13 -5 7 7 
-22 0 6 10 
13 -5 8 7 
-22 0 5 10 
13 -6 8 7 
-18 2 30 4 
24 37 3 -6 
-19 1 30 4 
23 37 5 -5 
-20 0 29 5 
22 37 6 -4 
-21 -1 29 6 
21 37 8 -3 
-3 15 -6 3 
-15 16 -9 19 
-3 16 -7 2 
-14 16 -10 19 
-3 17 -7 1 
-13 17 -10 18 
-2 18 -8 1 
-12 17 -11 17 
-2 5 20 22 
-13 6 6 0 
-2 4 20 21 
-15 6 6 1 
-3 4 20 21 
-16 6 7 1 
-3 3 20 21 
-18 5 7 1 
-14 -1 -49 -6 
13 -6 5 -3 
-12 -1 -49 -6 
13 -7 4 -3 
-11 -1 -49 -6 
14 -8 4 -3 
-9 -1 -49 -6 
14 -8 4 -2 
-8 -8 3 -23 
19 -1 5 7 
-8 -8 2 -23 
20 -2 5 7 
-7 -7 1 -23 
20 -2 5 7 
-7 -7 0 -23 
20 -3 6 8 
8 8 4 -4 
-12 -10 12 -8 
9 8 3 -3 
-12 -9 11 -9 
9 8 2 -3 
-13 -8 11 -10 
10 8 2 -2 
-13 -6 10 -10 
7 9 -5 26 
1 -17 -16 20 
7 9 -4 25 
1 -17 -16 19 
6 9 -3 25 
2 -17 -17 18 
6 9 -2 25 
2 -17 -17 17 
-13 23 -13 24 
-4 -8 31 11 
-12 23 -14 25 
-5 -8 31 10 
-10 22 -15 26 
-5 -7 30 10 
-8 22 -16 27 
-5 -7 30 9 
-13 -17 12 9 
2 -35 -17 -18 
-14 -17 13 8 
3 -35 -17 -18 
-15 -18 13 8 
4 -35 -16 -19 
-16 -18 13 7 
4 -35 -16 -19 
11 -21 21 -21 
-5 4 4 -1 
10 -21 21 -21 
-5 4 3 -1 
10 -20 21 -21 
-4 4 2 0 
10 -20 21 -21 
-4 5 2 0 
-2 19 4 19 
-6 6 21 -2 
-1 19 3 20 
-6 6 20 -2 
0 18 3 20 
-6 5 20 -2 
1 17 2 21 
-7 5 19 -2 
-8 -1 0 -21 
-3 4 7 -3 
-8 0 0 -22 
-3 5 7 -4 
-7 1 0 -22 
-3 6 7 -5 
-7 2 0 -23 
-3 6 7 -5 
25 -7 9 8 
6 -2 1 22 
25 -6 9 7 
7 -3 1 22 
25 -6 10 6 
7 -4 0 22 
24 -5 11 5 
8 -4 -1 22 
-13 12 0 3 
6 16 20 -5 
-12 11 -2 4 
6 17 21 -6 
-11 11 -3 5 
5 18 21 -6 
-10 10 -4 5 
4 19 21 -6 
-18 1 -5 20 
22 -20 8 6 
-19 1 -5 19 
20 -20 9 6 
-19 2 -5 18 
19 -19 11 5 
-19 2 -6 17 
17 -19 13 3 
20 -2 -17 -2 
6 -35 -24 7 
20 -1 -16 -2 
7 -36 -25 6 
20 -1 -16 -2 
9 -36 -26 5 
19 0 -15 -2 
9 -36 -26 4 
-8 13 -8 -1 
-7 -1 -17 -13 
-7 12 -9 1 
-7 -1 -18 -13 
-7 11 -10 3 
-6 -1 -18 -13 
-7 10 -11 4 
-5 0 -18 -13 
20 8 -3 -1 
-10 -17 1 -8 
21 8 -2 -1 
-9 -17 0 -8 
21 8 -2 -1 
-8 -17 -1 -9 
22 7 -2 0 
-8 -17 -2 -10 
4 27 6 5 
13 1 22 4 
4 27 6 6 
12 1 22 4 
4 27 6 8 
11 1 23 3 
4 26 6 9 
9 1 23 3 
27 0 -10 -18 
-6 14 -11 5 
27 2 -9 -19 
-4 15 -12 4 
27 3 -8 -19 
-3 16 -13 4 
27 4 -7 -20 
-2 17 -15 3 
-12 -5 4 17 
-32 9 -1 -4 
-12 -5 3 16 
-32 9 -2 -4 
-11 -5 2 15 
-32 10 -3 -4 
-10 -5 1 14 
-32 10 -4 -4 
10 9 4 8 
28 15 -12 10 
9 9 6 8 
28 15 -12 10 
8 8 7 8 
29 14 -11 11 
6 8 9 8 
29 13 -10 11 
4 -6 10 -15 
-2 -23 1 -18 
4 -6 9 -16 
-2 -23 1 -19 
4 -6 8 -16 
-3 -22 1 -20 
5 -6 8 -16 
-3 -21 1 -21 
-22 13 -26 4 
-35 6 -2 22 
-21 14 -27 5 
-35 6 -3 21 
-20 14 -27 5 
-36 6 -4 21 
-19 14 -28 6 
-36 6 -4 21 
-33 5 -35 18 
-4 -9 11 5 
-32 5 -35 18 
-5 -11 12 5 
-31 4 -34 19 
-6 -12 12 6 
-30 4 -34 19 
-7 -13 13 6 
3 -5 -8 -35 
-4 -14 28 6 
4 -4 -7 -35 
-6 -15 28 6 
4 -3 -7 -35 
-8 -15 29 6 
5 -2 -6 -34 
-10 -15 29 5 
15 -1 -14 -2 
-2 3 -13 1 
14 -1 -12 -1 
-1 3 -13 1 
14 -2 -11 -1 
0 3 -14 1 
13 -2 -9 0 
0 3 -14 2 
-18 2 -3 6 
-25 4 -18 -9 
-18 2 -4 6 
-23 5 -18 -9 
-17 1 -5 6 
-22 5 -19 -9 
-17 1 -6 6 
-21 6 -20 -9 
7 6 27 21 
-17 -11 2 -19 
6 5 27 21 
-18 -11 1 -19 
6 4 28 21 
-18 -10 1 -19 
5 3 28 21 
-18 -10 1 -19 
5 12 4 -11 
17 -20 9 10 
4 13 5 -11 
17 -20 10 9 
4 14 6 -11 
16 -19 11 7 
3 15 7 -11 
16 -19 11 6 
-1 -18 -2 -4 
-1 12 -4 11 
-1 -18 -3 -4 
-1 12 -4 11 
-1 -17 -3 -5 
-1 11 -4 12 
-1 -17 -3 -5 
-1 11 -4 12 
-3 4 1 13 
-9 5 3 5 
-3 4 1 12 
-9 5 4 6 
-3 4 1 12 
-10 5 4 6 
-3 4 1 12 
-10 5 4 6 
20 5 14 1 
0 9 -17 2 
19 5 15 1 
1 9 -17 2 
18 5 16 1 
2 9 -18 2 
17 5 18 1 
3 8 -18 3 
-28 -6 10 -16 
10 0 -9 5 
-28 -5 9 -17 
10 1 -8 5 
-29 -4 8 -17 
9 1 -7 4 
-29 -3 8 -18 
9 2 -6 4 
-35 -20 -16 10 
-11 21 -5 -10 
-35 -21 -17 9 
-12 21 -4 -9 
-35 -21 -18 9 
-13 21 -3 -8 
-34 -22 -19 8 
-13 22 -3 -7 
4 3 -13 11 
14 -13 2 6 
4 3 -12 10 
14 -12 2 5 
4 4 -11 10 
14 -12 2 4 
4 4 -11 9 
14 -12 2 4 
-26 15 -7 4 
12 9 -11 21 
-26 15 -8 4 
12 10 -10 20 
-25 16 -9 4 
13 10 -9 20 
-25 16 -11 5 
13 10 -9 19 
14 -15 12 16 
-17 28 -1 -5 
14 -16 11 16 
-16 28 -2 -4 
14 -17 11 15 
-16 28 -3 -2 
15 -18 11 15 
-16 27 -4 -1 
-9 -22 -8 -8 
-14 -2 -8 0 
-9 -22 -8 -9 
-14 -2 -8 1 
-9 -21 -8 -11 
-14 -2 -9 1 
-8 -21 -8 -12 
-13 -2 -9 2 
15 -5 -7 9 
72 -40 -11 22 
16 -6 -6 9 
73 -40 -11 22 
16 -6 -6 10 
74 -41 -11 22 
17 -6 -6 10 
74 -41 -11 22 
396 -191 -107 66 
-278 161 323 113 
421 -199 -110 67 
-274 145 293 132 
445 -206 -112 67 
-269 130 262 150 
468 -211 -113 67 
-264 115 231 168 
17 -89 -78 -110 
-70 32 97 27 
26 -90 -77 -108 
-67 27 89 33 
35 -90 -78 -106 
-64 22 81 38 
44 -91 -78 -104 
-60 16 73 44 
17 -38 63 -75 
-40 -46 28 5 
17 -36 63 -75 
-38 -47 25 5 
18 -34 62 -75 
-37 -48 23 4 
18 -32 62 -75 
-35 -49 20 4 
-27 -71 43 -33 
13 7 -9 -18 
-29 -72 43 -33 
12 5 -7 -15 
-31 -73 43 -33 
11 2 -5 -12 
-33 -74 43 -33 
10 0 -3 -9 
-18 25 -19 -43 
8 -5 -24 -8 
-17 26 -20 -42 
9 -3 -24 -11 
-17 28 -21 -41 
9 0 -24 -13 
-17 29 -21 -40 
10 3 -23 -15 
-6 -25 -10 24 
-15 -6 -41 -5 
-6 -25 -11 22 
-13 -5 -42 -6 
-6 -24 -12 20 
-12 -4 -43 -6 
-6 -24 -12 18 
-10 -2 -44 -7 
4 -12 3 28 
-3 13 -13 -20 
4 -13 3 27 
-2 14 -14 -20 
4 -14 2 27 
-1 15 -15 -19 
5 -15 2 26 
0 16 -15 -18 
8 -11 3 1 
-14 -1 -13 -6 
9 -10 3 0 
-14 0 -13 -6 
9 -10 3 -1 
-14 0 -14 -6 
9 -10 3 -2 
-14 0 -15 -6 
9 -6 -26 -2 
1 -5 8 3 
11 -5 -26 -3 
2 -5 7 3 
12 -5 -27 -3 
3 -6 5 3 
14 -5 -27 -3 
4 -6 4 3 
-13 -18 2 -18 
11 6 29 -15 
-12 -18 0 -18 
11 6 29 -15 
-10 -18 -1 -19 
10 7 29 -15 
-9 -17 -2 -19 
10 8 29 -15 
-23 -18 4 1 
8 -2 -35 -1 
-23 -18 3 0 
10 -2 -34 -1 
-24 -17 3 -1 
11 -2 -34 -1 
-25 -17 2 -2 
13 -2 -33 -1 
-5 -6 27 -5 
4 -17 -20 -8 
-6 -6 27 -6 
4 -17 -19 -8 
-7 -6 26 -6 
3 -17 -18 -9 
-8 -6 26 -6 
3 -17 -17 -9 
15 -19 -6 -13 
31 20 9 -5 
15 -19 -6 -13 
30 20 9 -4 
15 -19 -5 -13 
29 20 10 -3 
14 -19 -4 -13 
28 20 11 -2 
-6 15 -18 13 
-7 -15 -24 -4 
-6 15 -19 13 
-6 -15 -24 -4 
-6 15 -19 13 
-5 -15 -25 -5 
-5 14 -20 13 
-4 -15 -25 -5 
14 -26 4 -18 
3 -27 1 -15 
14 -26 5 -18 
3 -27 1 -15 
14 -26 5 -18 
2 -26 1 -15 
14 -25 5 -19 
2 -26 0 -15 
20 22 -16 29 
-11 -6 5 -16 
22 20 -16 31 
-10 -6 3 -16 
23 18 -16 34 
-9 -7 1 -15 
24 15 -16 35 
-7 -7 0 -15 
-14 7 12 -2 
15 14 0 12 
-14 7 12 -1 
15 13 1 13 
-14 6 11 0 
15 12 2 13 
-15 6 11 0 
15 12 3 14 
-7 10 -11 -4 
-2 6 19 7 
-6 11 -12 -4 
-2 6 18 7 
-4 11 -13 -4 
-2 7 18 6 
-3 12 -14 -4 
-3 8 17 5 
-13 -18 -2 20 
12 -12 4 -3 
-13 -19 -2 19 
12 -13 5 -2 
-13 -19 -2 18 
12 -13 5 -2 
-13 -20 -3 17 
12 -13 6 -1 
6 -4 15 1 
12 12 3 -13 
6 -5 15 1 
11 12 4 -13 
5 -6 15 2 
10 12 4 -12 
4 -7 15 3 
10 12 5 -11 
0 -13 -12 -9 
-2 -15 0 -1 
0 -12 -12 -10 
-3 -15 0 -2 
0 -11 -12 -11 
-3 -15 0 -2 
0 -10 -12 -12 
-4 -15 0 -3 
7 -1 -30 -13 
-3 0 19 29 
9 0 -30 -14 
-2 0 18 29 
11 2 -30 -14 
-2 -1 16 29 
12 3 -30 -14 
-1 -1 15 28 
-11 -16 12 2 
-8 7 9 -7 
-10 -16 11 2 
-8 7 9 -6 
-10 -17 11 2 
-9 7 10 -5 
-10 -17 10 2 
-10 7 10 -4 
-11 -16 -12 -12 
-6 -11 8 2 
-11 -15 -12 -12 
-7 -11 8 2 
-10 -15 -12 -13 
-7 -11 8 2 
-10 -14 -12 -14 
-8 -10 8 1 
-18 1 -12 10 
-4 6 -16 7 
-19 1 -11 10 
-4 5 -15 8 
-19 1 -11 11 
-5 5 -14 8 
-20 0 -11 11 
-6 4 -13 8 
-6 7 -26 -13 
-21 -33 -18 2 
-6 8 -26 -13 
-20 -33 -19 0 
-6 9 -26 -13 
-20 -32 -19 -2 
-5 10 -25 -13 
-19 -32 -20 -3 
0 10 5 6 
-14 -4 -2 -11 
0 9 6 7 
-14 -4 -2 -11 
-1 8 6 9 
-14 -4 -2 -11 
-1 8 7 10 
-14 -4 -2 -11 
-11 -14 -1 -14 
5 5 -25 -8 
-12 -13 -1 -14 
4 5 -24 -8 
-14 -13 0 -14 
4 5 -23 -8 
-15 -13 1 -15 
4 5 -22 -7 
22 -12 -11 5 
13 11 -10 -21 
23 -13 -10 5 
14 12 -10 -21 
23 -14 -10 5 
15 12 -11 -20 
23 -15 -9 5 
16 13 -12 -19 
-12 -21 0 -3 
-13 22 -6 18 
-12 -21 -1 -5 
-13 21 -7 19 
-11 -20 -3 -6 
-14 20 -7 20 
-11 -19 -4 -7 
-14 19 -7 21 
-18 -18 -26 -7 
-7 -4 11 -15 
-17 -18 -27 -8 
-8 -4 12 -14 
-15 -18 -27 -8 
-8 -3 12 -14 
-14 -18 -28 -9 
-9 -3 11 -14 
13 -1 2 10 
-5 -11 -12 -1 
12 -1 3 10 
-5 -11 -12 -2 
11 -1 4 10 
-5 -11 -13 -2 
11 -1 5 10 
-5 -10 -13 -2 
-13 13 -19 12 
-16 -22 -13 -2 
-12 13 -19 13 
-15 -22 -14 -3 
-12 12 -20 13 
-14 -23 -14 -3 
-11 12 -20 14 
-13 -23 -15 -4 
-1 9 10 -16 
-1 21 11 18 
0 9 10 -16 
-1 21 12 18 
0 10 10 -15 
-2 21 12 18 
0 10 10 -14 
-2 21 11 19 
-5 4 -2 8 
35 14 -3 -3 
-6 3 -1 8 
36 15 -2 -3 
-6 3 -1 8 
36 16 -1 -3 
-7 3 -1 8 
37 17 0 -3 
4 -13 18 19 
-10 17 15 20 
4 -13 17 18 
-11 15 15 22 
5 -13 15 17 
-11 14 15 23 
5 -13 14 16 
-11 12 14 25 
20 18 12 3 
20 8 -7 28 
19 18 13 4 
20 6 -7 28 
18 18 14 5 
21 4 -7 29 
17 17 15 6 
22 3 -7 30 
9 12 13 -12 
-10 -14 9 -19 
9 12 12 -11 
-10 -14 9 -19 
10 11 12 -10 
-10 -13 8 -20 
10 11 11 -9 
-10 -12 7 -20 
12 11 -1 11 
-7 -5 8 -14 
12 10 -1 12 
-7 -4 7 -15 
13 9 -1 13 
-6 -3 6 -15 
13 8 0 13 
-6 -3 6 -15 
-2 -9 -4 6 
3 -10 20 -9 
-1 -9 -4 5 
3 -10 20 -9 
-1 -9 -4 5 
2 -9 20 -9 
0 -9 -5 4 
2 -9 20 -9 
-10 0 -1 5 
-7 14 -9 -3 
-10 -1 -1 5 
-7 14 -9 -3 
-10 -1 -2 5 
-7 14 -9 -2 
-11 -2 -2 5 
-7 14 -9 -2 
1 -6 -6 0 
-20 -9 -1 6 
2 -5 -6 0 
-20 -9 -1 5 
2 -5 -6 -1 
-20 -8 -2 5 
2 -4 -6 -2 
-20 -8 -2 5 
20 10 -2 13 
-8 5 7 9 
20 10 -1 14 
-9 5 6 9 
20 10 0 14 
-9 5 5 9 
20 9 1 15 
-9 5 5 9 
1 -2 3 -4 
-2 -1 -15 6 
0 -2 4 -4 
-2 -1 -15 6 
0 -2 4 -4 
-1 -1 -15 6 
-1 -1 5 -4 
-1 -2 -15 6 
9 12 -1 1 
-7 -4 -2 -12 
9 12 -1 1 
-6 -3 -3 -13 
9 12 -1 2 
-5 -3 -4 -14 
10 12 -1 2 
-5 -2 -4 -15 
-8 5 9 0 
-39 9 -31 11 
-9 6 9 0 
-38 9 -32 11 
-9 6 9 -1 
-38 9 -32 10 
-10 7 9 -1 
-37 9 -33 10 
-6 4 0 -4 
14 5 -6 6 
-6 5 1 -4 
15 5 -5 6 
-7 5 1 -5 
16 5 -5 5 
-7 6 2 -5 
16 5 -4 5 
-7 4 16 6 
-7 -8 11 -15 
-6 4 16 6 
-8 -7 11 -16 
-6 4 15 6 
-8 -6 11 -17 
-6 4 14 6 
-8 -5 11 -17 
-13 -17 -10 5 
19 -11 32 3 
-12 -17 -11 4 
19 -11 33 3 
-10 -17 -11 3 
18 -11 33 3 
-9 -16 -12 2 
18 -11 33 3 
-6 13 11 9 
38 -57 -25 5 
-6 13 10 10 
38 -56 -25 4 
-7 12 9 11 
38 -55 -24 3 
-7 12 9 12 
37 -53 -24 1 
306 -208 -105 95 
-453 228 116 80 
324 -218 -107 96 
-448 215 87 101 
341 -227 -107 96 
-442 201 57 122 
357 -235 -107 96 
-435 188 27 142 
13 -82 -108 -62 
-26 99 42 69 
16 -83 -101 -63 
-25 93 38 77 
20 -83 -95 -64 
-23 86 35 84 
24 -83 -89 -64 
-21 78 31 92 
-32 -95 3 -113 
-29 -38 0 -21 
-30 -93 1 -116 
-27 -39 -1 -20 
-29 -90 -1 -119 
-25 -40 -3 -20 
-27 -87 -3 -121 
-23 -40 -4 -19 
-14 -44 35 -32 
2 25 -22 7 
-16 -44 35 -32 
3 24 -21 10 
-17 -44 35 -32 
3 22 -20 12 
-18 -44 35 -32 
3 21 -20 15 
-37 28 -24 -7 
33 -33 -18 -28 
-36 28 -25 -6 
33 -31 -17 -31 
-35 28 -27 -6 
34 -28 -16 -33 
-35 28 -29 -5 
34 -26 -15 -35 
-33 -9 -30 15 
-31 1 -1 -31 
-31 -11 -33 15 
-31 2 -2 -31 
-29 -12 -36 15 
-32 3 -3 -31 
-26 -13 -38 15 
-33 4 -4 -30 
-1 -27 -32 6 
21 33 -11 15 
-1 -27 -31 5 
20 31 -10 17 
-1 -27 -30 4 
19 29 -9 20 
-1 -27 -28 3 
18 27 -8 22 
4 21 -41 -26 
5 -7 -2 8 
6 22 -41 -26 
7 -8 -3 8 
8 23 -42 -25 
8 -9 -4 7 
9 24 -43 -25 
9 -10 -5 6 
-6 11 11 -36 
36 -26 16 -13 
-6 12 10 -35 
36 -25 17 -14 
-5 13 9 -35 
36 -25 18 -15 
-5 13 8 -34 
36 -25 19 -17 
-5 22 15 -15 
-19 -1 -20 -19 
-6 22 14 -14 
-18 1 -20 -20 
-6 21 13 -13 
-18 2 -21 -21 
-7 21 12 -12 
-18 3 -21 -22 
5 4 1 9 
11 41 0 22 
5 4 2 9 
11 41 1 23 
4 5 2 8 
10 40 1 24 
4 5 3 8 
10 40 2 24 
19 12 10 -1 
5 15 -14 4 
18 12 11 -2 
6 16 -14 3 
17 13 12 -3 
7 16 -14 3 
16 14 12 -4 
7 17 -14 2 
3 -21 4 -16 
-1 12 7 15 
4 -19 3 -18 
-1 12 6 15 
5 -17 3 -20 
-1 13 5 15 
5 -16 2 -22 
0 14 5 14 
-41 -8 -10 16 
3 -14 4 3 
-40 -8 -11 15 
2 -14 5 3 
-39 -8 -13 14 
2 -14 6 3 
-39 -8 -14 13 
2 -15 6 2 
-1 -6 -3 -6 
-33 11 -20 -9 
-1 -6 -3 -6 
-32 10 -22 -8 
-1 -7 -3 -5 
-31 9 -23 -7 
-1 -7 -3 -5 
-30 9 -24 -6 
-12 0 -2 -28 
38 -7 -2 -8 
-13 0 -2 -28 
39 -6 -1 -9 
-13 1 -1 -28 
39 -5 0 -10 
-14 2 -1 -29 
39 -4 2 -11 
-22 17 1 22 
5 22 -25 -3 
-22 16 -1 23 
6 22 -25 -2 
-22 15 -3 23 
7 23 -25 -2 
-22 14 -4 24 
8 23 -25 -2 
-10 15 2 16 
-39 1 2 -6 
-9 15 0 16 
-39 2 1 -7 
-8 15 -1 15 
-39 4 0 -8 
-7 15 -2 15 
-39 5 -2 -9 
9 4 -10 26 
-15 -20 21 -4 
9 4 -9 26 
-17 -20 21 -4 
10 4 -7 25 
-18 -20 20 -5 
10 3 -6 25 
-19 -20 20 -5 
11 12 -18 -3 
19 -4 7 -20 
11 11 -17 -2 
18 -2 7 -21 
11 11 -15 -1 
18 -1 8 -22 
10 11 -14 0 
17 1 8 -22 
15 -33 -19 1 
-23 4 14 -1 
17 -32 -19 -1 
-23 4 13 0 
19 -32 -20 -2 
-23 5 11 0 
20 -31 -20 -4 
-22 5 9 1 
3 4 -2 16 
9 -7 -1 20 
3 4 -1 15 
9 -7 -1 20 
3 4 -1 15 
9 -7 -1 19 
2 5 0 15 
9 -7 0 19 
-7 -4 -7 16 
-1 -2 10 8 
-6 -4 -7 16 
-1 -2 10 8 
-6 -4 -8 16 
-1 -2 9 8 
-5 -5 -8 16 
0 -2 9 8 
-3 -15 8 8 
12 0 26 16 
-3 -15 8 7 
11 0 27 17 
-3 -15 8 7 
10 -1 27 17 
-3 -14 7 6 
9 -2 28 17 
4 -5 3 -6 
-2 -18 -2 4 
4 -5 3 -6 
-3 -18 -2 3 
4 -5 4 -6 
-3 -17 -2 3 
3 -4 4 -5 
-3 -17 -2 2 
-5 -4 -7 20 
-9 6 -8 -8 
-5 -5 -7 21 
-9 6 -8 -7 
-5 -6 -7 22 
-8 6 -8 -6 
-5 -8 -6 23 
-8 6 -8 -5 
5 22 10 17 
-7 0 -1 2 
5 22 11 18 
-7 0 -1 2 
4 21 11 19 
-7 0 -2 2 
3 20 12 19 
-7 -1 -2 2 
-24 -9 -8 -28 
-7 -13 1 -6 
-24 -8 -9 -28 
-7 -12 1 -7 
-24 -7 -10 -29 
-8 -11 1 -8 
-23 -6 -10 -29 
-8 -10 2 -9 
8 7 1 16 
-5 -9 -8 -10 
8 6 2 17 
-4 -8 -9 -10 
8 6 2 17 
-3 -8 -9 -11 
7 5 3 17 
-3 -8 -10 -11 
-10 1 7 4 
17 -4 -6 -17 
-10 1 7 5 
18 -4 -6 -17 
-11 0 7 5 
18 -3 -5 -17 
-11 -1 6 6 
18 -3 -4 -17 
-9 -2 -4 -2 
22 11 28 1 
-8 -2 -5 -2 
21 11 29 1 
-7 -2 -7 -2 
20 11 29 2 
-6 -2 -8 -2 
20 11 30 2 
-18 -5 -12 -14 
18 -15 -3 7 
-17 -4 -13 -15 
19 -15 -3 7 
-16 -3 -15 -15 
20 -15 -3 6 
-16 -2 -16 -16 
21 -16 -2 5 
2 11 29 -8 
1 -5 -8 6 
1 11 28 -8 
1 -5 -8 6 
0 12 28 -7 
0 -6 -7 5 
0 12 27 -6 
0 -6 -6 5 
4 -2 -11 -3 
-5 3 3 -13 
4 -3 -10 -3 
-5 3 3 -12 
4 -3 -10 -2 
-6 3 4 -12 
4 -4 -9 -2 
-7 3 4 -12 
6 12 -1 3 
19 7 -2 1 
5 12 0 4 
18 7 -1 2 
4 12 1 4 
17 6 0 2 
3 12 2 5 
16 6 1 2 
21 16 -17 -1 
-5 3 24 1 
23 17 -17 -1 
-6 4 23 0 
24 17 -17 -1 
-6 5 22 0 
26 17 -17 0 
-6 6 21 -1 
-23 -1 -14 10 
13 -27 -3 -1 
-23 -1 -15 10 
13 -28 -2 -1 
-23 -1 -15 9 
14 -28 -1 -2 
-23 0 -16 8 
14 -28 0 -3 
0 -23 8 -23 
1 -5 -19 -16 
0 -23 7 -23 
2 -4 -19 -15 
-1 -23 7 -23 
2 -4 -19 -15 
-1 -23 7 -22 
3 -4 -19 -14 
-13 -6 2 1 
8 -6 -8 -15 
-14 -7 2 1 
8 -6 -7 -15 
-14 -7 1 1 
8 -6 -7 -14 
-14 -8 0 1 
7 -7 -6 -14 
3 -22 -21 -27 
-26 13 -7 -16 
4 -22 -21 -27 
-25 13 -9 -15 
5 -22 -22 -28 
-24 13 -11 -14 
7 -21 -22 -28 
-22 13 -12 -13 
-7 18 12 0 
24 -23 4 -2 
-8 18 12 0 
24 -23 5 -3 
-8 18 12 0 
24 -23 6 -4 
-8 18 12 0 
24 -23 7 -5 
-17 -12 -3 -3 
-11 -11 10 -19 
-16 -13 -5 -2 
-11 -11 10 -18 
-15 -14 -6 -1 
-12 -12 10 -18 
-14 -15 -7 0 
-12 -12 10 -17 
-3 16 -1 -12 
-9 1 17 8 
-3 17 -1 -11 
-11 1 18 8 
-3 17 -1 -10 
-13 1 18 7 
-2 17 0 -9 
-14 1 19 7 
4 -12 -32 -12 
12 -8 3 6 
5 -11 -31 -13 
12 -8 3 6 
5 -10 -30 -14 
12 -7 4 6 
5 -9 -29 -14 
12 -7 4 5 
17 -7 9 8 
20 5 26 19 
18 -7 9 8 
19 4 26 20 
18 -7 9 8 
19 3 26 20 
18 -7 9 7 
18 1 27 21 
-11 3 6 -7 
33 3 -8 -5 
-12 3 5 -6 
32 3 -6 -5 
-13 3 5 -6 
32 3 -5 -5 
-14 2 5 -5 
32 3 -3 -5 
7 4 4 1 
5 10 2 -3 
7 4 3 1 
5 10 2 -2 
7 4 3 2 
5 10 2 -2 
7 3 2 2 
5 10 2 -2 
16 -12 6 -8 
-3 -6 -1 2 
15 -12 6 -8 
-3 -6 -2 2 
15 -12 7 -9 
-3 -7 -2 3 
15 -11 7 -10 
-3 -8 -2 3 
3 0 -8 -14 
-4 16 2 -1 
3 1 -8 -14 
-5 17 3 -1 
3 1 -7 -13 
-6 17 3 -1 
3 1 -7 -13 
-6 18 3 -1 
11 -22 -18 15 
50 -31 -4 23 
12 -22 -18 14 
50 -30 -3 23 
12 -21 -17 13 
50 -30 -3 23 
13 -21 -17 12 
49 -29 -3 23 
224 -267 -53 81 
-466 338 -60 24 
234 -278 -54 81 
-458 329 -86 48 
244 -288 -54 79 
-448 319 -111 72 
252 -297 -53 77 
-437 309 -136 96 
-23 -17 -27 24 
-27 140 -23 98 
-25 -16 -19 20 
-27 135 -22 103 
-28 -16 -12 16 
-28 130 -21 109 
-30 -15 -6 12 
-28 124 -20 115 
17 -70 -22 -54 
1 -19 48 -46 
19 -69 -21 -58 
1 -18 47 -45 
22 -68 -20 -61 
1 -18 46 -45 
24 -67 -20 -65 
1 -17 44 -44 
-4 6 28 -8 
-11 25 -30 67 
-5 7 28 -7 
-10 22 -30 68 
-6 8 28 -7 
-10 18 -30 70 
-8 9 28 -7 
-9 15 -30 71 
31 20 -1 -10 
-20 -14 17 -38 
33 19 -1 -8 
-20 -12 16 -39 
34 18 -1 -7 
-21 -11 14 -40 
35 16 -1 -5 
-21 -9 12 -40 
-10 5 -28 11 
24 -10 -12 -20 
-10 5 -28 12 
24 -9 -11 -21 
-10 4 -27 12 
24 -7 -10 -22 
-10 4 -27 12 
24 -6 -9 -22 
-8 25 2 25 
-11 24 0 2 
-9 24 1 25 
-12 24 0 2 
-9 23 1 26 
-13 24 1 2 
-9 23 0 26 
-14 24 1 2 
32 29 -5 0 
-8 -27 -35 -12 
31 29 -3 0 
-6 -27 -36 -14 
30 30 -1 -1 
-5 -27 -37 -15 
28 30 1 -1 
-3 -27 -37 -17 
-11 4 7 -29 
13 14 -11 -1 
-11 5 6 -29 
14 14 -10 -1 
-12 5 6 -28 
15 15 -10 -1 
-12 6 5 -28 
15 15 -9 -1 
-11 4 11 0 
18 -7 -5 -14 
-12 4 10 0 
19 -6 -5 -15 
-12 4 9 -1 
19 -5 -4 -16 
-12 5 8 -1 
19 -4 -3 -16 
-15 7 3 20 
7 39 -26 17 
-15 7 2 20 
8 39 -26 18 
-16 6 1 20 
8 39 -25 19 
-16 6 0 20 
9 38 -25 20 
25 20 12 20 
-22 6 -31 14 
25 20 12 19 
-20 5 -32 14 
24 20 13 19 
-19 5 -34 14 
23 20 13 19 
-18 5 -35 14 
21 -6 0 -8 
0 -19 11 13 
21 -5 0 -8 
-1 -20 10 13 
21 -4 1 -8 
-1 -20 10 13 
21 -3 1 -9 
-2 -20 9 12 
-4 6 -25 14 
-17 4 -12 7 
-3 5 -25 15 
-16 3 -13 9 
-2 3 -26 16 
-14 1 -14 10 
-2 2 -26 18 
-13 -1 -15 11 
-13 35 10 -10 
-7 0 -6 -2 
-14 34 10 -8 
-7 0 -6 -2 
-14 33 10 -6 
-6 -1 -5 -2 
-14 32 9 -4 
-6 -1 -5 -2 
13 10 22 -17 
13 -20 2 -9 
12 11 23 -17 
12 -20 3 -10 
10 11 24 -16 
12 -20 4 -11 
9 11 24 -16 
11 -20 4 -12 
-26 -3 -17 -14 
0 2 -1 -3 
-26 -4 -18 -13 
0 1 0 -3 
-25 -4 -19 -13 
0 1 0 -3 
-25 -4 -20 -12 
-1 0 1 -2 
-6 17 -3 -7 
7 5 -2 -15 
-7 17 -3 -6 
7 5 -2 -15 
-7 16 -3 -5 
7 6 -1 -15 
-7 15 -3 -4 
7 6 -1 -15 
30 -11 18 -5 
4 9 -5 -10 
29 -11 19 -5 
4 10 -5 -10 
29 -11 20 -6 
4 10 -5 -9 
27 -11 21 -6 
4 10 -5 -9 
-11 -18 -10 -3 
-15 9 -14 -1 
-11 -17 -10 -4 
-14 9 -15 0 
-11 -17 -10 -5 
-13 9 -15 0 
-10 -17 -11 -6 
-12 9 -15 1 
9 -7 24 13 
14 -13 -1 3 
8 -8 25 13 
13 -14 -1 3 
6 -8 26 13 
13 -16 0 4 
5 -9 26 13 
12 -17 1 5 
-9 12 -10 -8 
13 14 -1 7 
-9 11 -11 -7 
13 14 0 8 
-9 11 -11 -5 
13 13 0 8 
-8 10 -12 -4 
13 12 1 9 
0 -11 16 -19 
10 -45 -32 1 
-2 -10 17 -20 
10 -45 -31 0 
-3 -8 17 -20 
11 -45 -30 -1 
-5 -7 17 -21 
11 -45 -29 -2 
-15 14 -7 1 
7 -7 -7 -12 
-14 13 -8 3 
7 -7 -7 -13 
-14 12 -9 5 
8 -6 -6 -13 
-14 11 -10 6 
8 -6 -6 -13 
-30 4 5 7 
-31 9 -15 11 
-30 4 4 7 
-32 8 -15 11 
-30 4 2 7 
-32 8 -14 11 
-30 4 1 7 
-33 7 -14 12 
10 8 -17 -1 
15 16 -1 4 
10 8 -16 0 
15 16 0 4 
9 7 -14 0 
15 15 0 4 
9 7 -13 0 
15 14 1 5 
15 -15 10 -33 
8 8 -11 -7 
14 -14 10 -34 
8 9 -11 -7 
13 -13 10 -35 
9 10 -11 -8 
13 -12 11 -36 
9 10 -11 -8 
9 -3 -3 11 
-21 13 14 -2 
9 -3 -3 10 
-22 13 13 -2 
10 -3 -4 10 
-22 14 12 -2 
11 -2 -4 9 
-23 15 11 -2 
1 2 -11 6 
-26 3 -13 27 
0 3 -10 5 
-26 3 -13 27 
0 5 -9 4 
-25 3 -14 26 
0 6 -8 3 
-25 3 -15 26 
34 -10 7 6 
7 -10 11 -5 
34 -10 9 6 
8 -10 10 -4 
34 -11 11 5 
8 -11 9 -4 
33 -11 12 5 
8 -11 9 -4 
0 15 2 -14 
23 7 14 7 
0 15 2 -13 
23 7 15 7 
1 16 1 -13 
23 6 15 7 
1 16 1 -12 
23 5 16 7 
-10 -6 -6 -22 
9 -28 -5 -12 
-9 -5 -7 -22 
10 -28 -5 -13 
-8 -5 -8 -22 
11 -28 -5 -13 
-8 -4 -10 -23 
13 -28 -6 -14 
-7 14 21 -3 
-22 22 -5 -11 
-7 13 20 -2 
-22 22 -6 -11 
-7 12 19 0 
-22 23 -6 -10 
-7 11 18 1 
-21 23 -7 -10 
9 -9 7 -4 
9 -8 -6 17 
8 -8 8 -6 
9 -9 -6 16 
7 -6 9 -7 
9 -10 -6 16 
6 -5 11 -8 
9 -10 -5 16 
-1 -20 8 -23 
1 -4 -15 -20 
-2 -20 8 -23 
1 -3 -15 -20 
-3 -19 8 -23 
1 -2 -15 -20 
-3 -19 8 -23 
2 -1 -14 -20 
-7 8 -5 11 
-13 6 12 8 
-7 8 -6 11 
-14 6 12 8 
-6 8 -6 11 
-14 6 12 8 
-5 8 -7 10 
-15 6 11 8 
-18 -15 -8 -9 
-9 -9 -18 14 
-18 -14 -8 -9 
-8 -10 -17 14 
-19 -13 -8 -10 
-8 -11 -17 14 
-19 -12 -7 -11 
-8 -12 -17 14 
1 -1 5 -7 
-3 -2 -2 -23 
0 -1 6 -7 
-3 -1 -2 -24 
0 -2 6 -6 
-3 0 -2 -24 
-1 -3 6 -6 
-3 2 -1 -24 
-6 -19 9 10 
-1 -11 -4 -16 
-6 -19 10 9 
-1 -11 -3 -16 
-7 -19 10 8 
-1 -11 -3 -16 
-7 -20 10 7 
-1 -10 -3 -16 
-5 -2 -1 -2 
2 5 22 -9 
-5 -2 -2 -2 
1 5 22 -9 
-4 -3 -2 -2 
1 6 22 -8 
-4 -3 -2 -1 
0 6 23 -8 
0 0 0 0 
0 0 0 0 
0 0 0 0 
0 0 0 0 
0 0 0 0 
0 0 0 0 
0 0 0 0 
0 0 0 0 
0 0 0 0 
0 0 0 0 
0 0 0 0 
0 0 0 0 
0 0 0 0 
0 0 0 0 
