433 545 0 0 
-31 -44 46 90 
406 549 0 0 
-31 -36 45 70 
379 552 0 0 
-30 -27 45 51 
353 554 0 0 
-29 -19 44 32 
-6 8 105 78 
31 42 88 97 
-8 9 107 75 
27 38 91 99 
-10 10 108 72 
24 35 93 100 
-11 12 108 69 
21 32 95 101 
18 -8 12 21 
1 7 0 -69 
16 -12 13 22 
-1 8 1 -68 
14 -15 15 24 
-3 10 2 -66 
12 -19 17 25 
-5 11 4 -65 
0 0 -14 -15 
0 0 0 0 
0 0 -12 -17 
0 0 0 0 
0 0 -11 -19 
0 0 0 0 
0 0 -9 -21 
0 0 0 0 
0 0 0 0 
0 0 0 0 
0 0 0 0 
0 0 0 0 
0 0 0 0 
0 0 0 0 
0 0 0 0 
0 0 0 0 
0 0 0 0 
0 0 0 0 
0 0 0 0 
0 0 0 0 
0 0 0 0 
0 0 0 0 
0 0 0 0 
0 0 0 0 
0 0 0 0 
0 0 0 0 
0 0 0 0 
0 0 0 0 
0 0 0 0 
0 0 0 0 
0 0 0 0 
0 0 0 0 
0 0 0 0 
0 0 0 0 
0 0 0 0 
0 0 0 0 
0 0 0 0 
0 0 0 0 
0 0 0 0 
0 0 0 0 
0 0 0 0 
0 0 0 0 
0 0 0 0 
-1 0 0 0 
0 0 0 0 
-1 0 0 0 
0 0 0 0 
0 0 0 0 
-6 0 2 0 
-29 -4 14 1 
-6 -1 2 0 
-28 -5 14 2 
-6 -1 2 0 
-26 -6 13 3 
-5 -1 2 0 
-24 -7 12 3 
-128 -17 59 8 
249 472 560 46 
-123 -22 56 10 
219 475 580 60 
-117 -27 53 13 
188 477 599 75 
-109 -32 49 16 
158 477 615 90 
-29 -15 -222 247 
42 20 -28 7 
-29 -20 -216 237 
42 15 -25 12 
-29 -24 -210 226 
42 11 -23 16 
-29 -28 -203 216 
41 6 -20 21 
31 -3 12 -57 
4 -16 67 -27 
32 -3 12 -56 
-1 -16 68 -27 
33 -4 11 -54 
-5 -17 68 -27 
34 -4 11 -52 
-10 -17 69 -27 
10 -50 -93 -57 
-26 21 10 4 
12 -48 -91 -59 
-25 21 8 4 
15 -46 -90 -61 
-25 21 7 5 
17 -43 -88 -62 
-25 21 5 5 
-11 -39 1 -15 
9 -16 -29 -12 
-12 -38 2 -18 
11 -14 -29 -13 
-13 -36 2 -20 
13 -12 -29 -14 
-14 -35 3 -22 
15 -9 -29 -15 
-35 10 17 56 
7 4 15 16 
-34 9 15 56 
7 3 16 16 
-34 8 13 56 
7 2 16 17 
-33 7 10 56 
7 2 16 17 
18 -21 26 -11 
-29 10 -16 23 
17 -20 26 -12 
-27 8 -18 24 
17 -19 26 -12 
-26 7 -20 25 
16 -19 26 -13 
-24 6 -21 26 
-20 23 30 -5 
21 -29 22 -9 
-21 24 30 -5 
19 -28 24 -11 
-22 24 29 -4 
16 -26 27 -13 
-23 24 29 -3 
14 -24 29 -15 
18 8 -6 16 
36 12 -20 34 
17 9 -4 16 
37 12 -19 34 
15 9 -2 16 
38 11 -18 34 
14 10 -1 16 
38 11 -17 34 
-26 -30 -1 -6 
23 -11 1 -36 
-25 -30 -3 -6 
23 -10 2 -36 
-25 -31 -5 -7 
23 -9 3 -35 
-24 -31 -7 -8 
23 -8 4 -35 
8 -10 11 -8 
-20 -17 -23 -3 
7 -10 11 -9 
-19 -17 -24 -3 
7 -9 11 -9 
-19 -18 -25 -3 
6 -9 10 -10 
-18 -18 -26 -4 
-10 8 2 -10 
-8 -2 -10 18 
-10 8 3 -9 
-8 -3 -10 18 
-11 9 3 -8 
-8 -4 -10 18 
-11 9 3 -8 
-8 -5 -9 18 
19 9 14 -18 
12 7 -18 -5 
18 9 15 -18 
14 8 -18 -5 
17 9 16 -17 
16 8 -19 -5 
16 10 17 -16 
17 9 -19 -6 
-12 5 27 3 
-18 1 6 9 
-12 5 25 2 
-19 1 6 8 
-12 6 24 1 
-20 2 6 7 
-12 7 23 1 
-20 3 6 7 
-5 18 -9 29 
17 -11 -6 -2 
-5 17 -8 30 
17 -11 -5 -2 
-5 16 -8 30 
18 -11 -4 -3 
-6 15 -7 30 
18 -10 -4 -3 
15 -19 30 -4 
-11 -22 -4 -8 
14 -19 31 -4 
-12 -23 -4 -8 
12 -19 31 -4 
-13 -23 -3 -8 
11 -19 31 -5 
-14 -23 -3 -8 
-2 -15 -24 -7 
-1 13 -15 17 
-2 -15 -24 -6 
-1 11 -15 19 
-3 -15 -23 -6 
-1 10 -14 20 
-3 -15 -22 -6 
-1 8 -14 21 
20 4 -2 -14 
8 -8 2 -8 
20 4 -1 -13 
8 -8 1 -8 
19 4 -1 -13 
8 -9 1 -8 
19 3 0 -12 
7 -9 1 -8 
2 -18 -13 -21 
-16 13 15 -17 
3 -18 -13 -21 
-16 13 14 -16 
4 -19 -14 -21 
-16 13 14 -15 
5 -19 -14 -20 
-16 14 13 -14 
2 -14 9 -1 
13 0 -6 -8 
1 -14 10 -2 
13 1 -6 -8 
0 -14 11 -3 
13 2 -5 -8 
-1 -14 12 -3 
13 3 -5 -8 
3 -17 -3 17 
-12 -1 7 13 
4 -17 -4 16 
-12 -2 6 14 
5 -17 -5 15 
-12 -2 5 14 
6 -17 -5 14 
-11 -3 4 15 
-8 -14 1 -1 
-5 3 -16 -20 
-9 -15 1 -1 
-5 3 -16 -20 
-9 -16 1 -1 
-4 4 -16 -19 
-9 -16 1 -1 
-4 5 -16 -19 
-9 -8 -1 11 
3 -6 -15 -5 
-10 -8 -1 10 
4 -6 -14 -5 
-10 -9 -2 10 
4 -7 -14 -4 
-10 -9 -2 10 
5 -7 -14 -4 
-11 5 3 -4 
6 8 -10 -2 
-11 4 2 -3 
7 9 -10 -2 
-11 4 2 -3 
7 9 -10 -2 
-11 4 1 -2 
8 9 -10 -1 
-12 2 -1 8 
-8 4 8 9 
-11 2 -2 8 
-8 4 8 9 
-10 2 -4 8 
-8 4 7 9 
-9 2 -5 8 
-7 4 7 9 
-14 9 6 4 
2 17 -21 12 
-15 9 6 4 
3 18 -20 12 
-16 9 6 4 
3 18 -20 12 
-17 9 6 4 
4 18 -19 12 
12 5 6 16 
10 -13 7 11 
12 5 6 15 
10 -14 7 11 
12 5 6 15 
10 -14 7 10 
12 6 6 14 
10 -14 7 10 
-10 26 -2 7 
-7 -7 -7 6 
-11 26 -3 8 
-7 -7 -6 5 
-11 26 -3 9 
-7 -7 -6 4 
-11 25 -3 11 
-7 -7 -6 4 
-8 1 5 -6 
6 -17 -10 -9 
-9 1 6 -6 
5 -16 -9 -10 
-10 1 6 -5 
4 -15 -8 -10 
-10 1 6 -5 
4 -15 -7 -11 
8 -12 -9 13 
-23 20 -26 -22 
8 -14 -9 14 
-22 20 -27 -21 
8 -15 -9 14 
-20 21 -28 -20 
7 -16 -8 14 
-19 22 -29 -19 
9 15 14 29 
-16 -14 -3 -35 
9 13 15 29 
-17 -13 -3 -36 
8 12 16 29 
-17 -12 -3 -36 
8 11 16 29 
-17 -10 -3 -37 
2 -21 -3 1 
20 0 -18 -11 
0 -21 -2 1 
20 1 -18 -10 
-1 -21 -1 0 
21 1 -17 -10 
-2 -21 0 -1 
21 1 -16 -9 
10 -9 9 -4 
-4 -6 -6 22 
10 -8 8 -5 
-4 -7 -7 22 
10 -7 8 -5 
-3 -8 -7 22 
10 -6 7 -6 
-3 -8 -8 22 
3 -2 3 1 
5 20 9 -13 
3 -3 3 2 
4 21 9 -13 
3 -4 3 3 
4 22 9 -12 
3 -4 3 3 
4 22 10 -12 
26 -11 13 17 
-28 17 -5 14 
26 -11 14 16 
-27 17 -6 15 
25 -11 15 14 
-27 16 -7 16 
25 -10 16 13 
-27 15 -9 17 
-3 9 -4 1 
-15 -5 -2 -17 
-3 9 -4 1 
-15 -4 -2 -18 
-3 8 -3 2 
-16 -2 -2 -19 
-3 8 -2 2 
-16 -1 -3 -19 
14 9 -10 32 
-9 6 -1 3 
14 8 -9 33 
-9 6 -2 4 
15 7 -9 33 
-8 5 -3 4 
15 6 -8 33 
-7 4 -4 5 
-4 21 7 -12 
4 10 -8 29 
-4 22 7 -11 
5 10 -8 28 
-4 23 7 -11 
6 9 -8 28 
-5 24 7 -11 
6 9 -8 27 
-3 4 7 -2 
3 0 1 3 
-2 4 7 -2 
3 1 1 2 
-2 5 6 -2 
3 1 0 2 
-2 5 5 -2 
4 2 0 1 
-7 -13 12 8 
42 2 11 10 
-8 -13 12 7 
42 2 13 10 
-8 -13 12 6 
41 1 15 10 
-9 -12 11 5 
40 1 16 10 
8 1 4 6 
-14 11 2 20 
8 2 3 6 
-14 10 1 20 
9 2 2 6 
-14 9 1 21 
9 2 1 6 
-14 8 0 21 
5 -3 -10 -8 
23 9 -3 -9 
5 -3 -10 -8 
24 9 -3 -9 
5 -3 -10 -8 
25 9 -3 -9 
6 -3 -9 -8 
27 9 -3 -8 
1 14 17 1 
-31 -5 7 -17 
2 14 16 1 
-31 -4 6 -18 
3 14 14 1 
-31 -4 5 -19 
3 14 13 1 
-32 -3 4 -19 
20 -11 -6 -15 
19 23 -1 -1 
20 -10 -5 -16 
20 24 -1 0 
20 -10 -3 -16 
20 24 -1 0 
19 -9 -2 -17 
20 25 -1 0 
-15 -5 -5 19 
-8 -18 -11 2 
-15 -5 -6 18 
-7 -19 -11 2 
-14 -5 -7 17 
-6 -20 -12 2 
-14 -5 -9 16 
-5 -20 -12 2 
8 2 17 -9 
12 29 5 4 
8 1 17 -8 
13 29 5 5 
8 1 17 -7 
14 29 4 6 
8 1 17 -6 
15 28 4 7 
-16 8 21 2 
-9 9 14 -1 
-16 8 20 2 
-10 9 14 -1 
-16 9 19 2 
-11 10 15 -1 
-16 9 18 1 
-12 10 15 -2 
15 -39 -4 -5 
-21 -5 14 -4 
15 -39 -3 -6 
-22 -5 13 -3 
15 -38 -2 -8 
-23 -6 13 -2 
15 -38 -2 -9 
-24 -6 12 -1 
-8 7 -23 -7 
-11 -27 -22 -4 
-8 8 -23 -7 
-10 -27 -22 -5 
-8 8 -22 -6 
-9 -27 -23 -6 
-8 8 -21 -6 
-7 -27 -23 -7 
-27 -13 11 -11 
-40 -14 7 -11 
-27 -13 10 -10 
-38 -16 7 -11 
-27 -14 9 -10 
-36 -17 6 -10 
-26 -14 8 -9 
-33 -18 5 -9 
-127 -4 59 9 
298 586 666 27 
-119 -10 55 13 
267 590 685 44 
-109 -17 51 16 
237 593 703 61 
-97 -23 45 20 
207 595 719 79 
-120 -29 -212 232 
13 -8 58 61 
-114 -29 -213 215 
14 -13 59 63 
-109 -28 -212 199 
15 -17 60 65 
-103 -28 -212 184 
17 -21 61 67 
21 53 113 12 
25 3 47 -1 
18 50 114 17 
20 0 50 0 
15 46 115 22 
15 -4 52 2 
12 43 115 27 
10 -7 55 4 
-23 21 -114 -81 
-5 1 29 8 
-20 23 -114 -80 
-6 2 29 7 
-16 25 -114 -79 
-6 3 28 5 
-12 27 -114 -78 
-7 3 27 4 
-5 -40 14 -20 
-12 -49 -25 35 
-7 -37 15 -22 
-11 -50 -25 34 
-8 -35 16 -24 
-10 -52 -24 34 
-10 -33 17 -26 
-9 -53 -24 33 
0 44 39 30 
13 20 -26 4 
-3 42 40 34 
13 20 -25 5 
-5 39 41 38 
14 21 -24 5 
-8 37 42 42 
14 21 -23 6 
17 -3 8 32 
-27 19 -42 63 
17 -3 8 32 
-25 16 -44 65 
16 -3 8 31 
-23 13 -46 66 
16 -3 8 31 
-20 9 -48 68 
-19 7 5 -11 
27 -11 10 -16 
-20 5 5 -9 
25 -12 12 -15 
-20 4 4 -7 
24 -12 14 -15 
-20 3 3 -6 
23 -13 16 -14 
35 21 11 -9 
4 9 -34 15 
34 21 13 -8 
5 9 -35 15 
32 21 14 -7 
7 9 -35 15 
31 22 16 -6 
8 8 -36 15 
15 8 8 5 
-11 9 37 -4 
16 7 7 5 
-12 9 36 -4 
17 7 6 5 
-13 8 35 -4 
19 6 5 6 
-14 8 34 -4 
7 -8 -12 -16 
-9 8 -10 3 
7 -8 -12 -17 
-8 8 -11 3 
7 -7 -11 -17 
-7 8 -11 3 
7 -6 -10 -18 
-6 8 -12 4 
-2 7 25 18 
6 7 7 -13 
-3 6 26 19 
5 7 8 -13 
-4 5 26 19 
4 6 9 -12 
-5 3 26 20 
4 6 10 -11 
17 14 1 -20 
-8 -24 -10 2 
17 16 2 -20 
-7 -23 -11 0 
16 17 3 -20 
-7 -23 -11 -1 
16 17 4 -20 
-7 -22 -12 -3 
-6 11 -4 -4 
18 -7 1 10 
-6 12 -4 -4 
18 -6 2 9 
-6 13 -4 -3 
18 -5 2 8 
-6 13 -4 -3 
18 -4 3 6 
-19 8 -2 22 
-3 -3 15 1 
-18 8 -3 22 
-4 -3 16 1 
-18 8 -4 22 
-6 -2 17 0 
-17 8 -5 22 
-7 -2 17 0 
18 0 -21 2 
-8 -5 9 19 
19 1 -20 1 
-8 -6 8 19 
19 1 -20 1 
-7 -6 6 18 
20 2 -19 0 
-7 -7 5 18 
-11 10 -6 6 
-12 -10 15 -1 
-10 10 -7 7 
-13 -11 14 -1 
-9 9 -7 8 
-13 -12 14 -1 
-8 8 -8 9 
-14 -13 14 -1 
13 1 4 -13 
24 8 2 10 
13 1 5 -12 
24 7 3 11 
12 1 6 -12 
24 7 3 11 
11 1 7 -11 
25 6 4 12 
-2 -10 14 -15 
-14 12 6 21 
-2 -9 14 -16 
-15 11 6 22 
-2 -8 13 -16 
-15 10 6 22 
-2 -7 12 -17 
-15 9 6 23 
-9 3 7 -13 
3 21 -3 11 
-10 3 8 -13 
2 20 -2 12 
-10 4 8 -13 
2 20 -1 12 
-11 4 9 -13 
2 19 -1 12 
-10 -2 3 -24 
-7 -10 11 5 
-9 0 3 -25 
-8 -9 11 4 
-9 1 2 -26 
-8 -8 11 2 
-9 3 2 -27 
-9 -7 12 1 
7 -13 -5 21 
22 -3 4 -10 
7 -14 -5 20 
23 -2 4 -10 
7 -14 -4 20 
23 -2 4 -9 
7 -15 -3 19 
24 -2 4 -9 
4 22 15 21 
7 0 -2 -15 
5 21 14 22 
8 1 -2 -15 
5 20 13 23 
8 1 -2 -15 
5 19 13 24 
9 2 -2 -15 
-16 -10 1 -5 
19 -9 -3 -8 
-16 -10 0 -5 
19 -8 -3 -8 
-16 -10 -1 -6 
20 -8 -2 -8 
-16 -10 -1 -6 
20 -8 -1 -8 
6 -23 15 -12 
11 9 9 -2 
6 -23 15 -13 
11 8 9 -1 
6 -23 14 -13 
11 8 9 0 
6 -23 14 -13 
11 8 9 1 
10 10 21 -3 
-4 8 17 6 
9 10 21 -3 
-6 8 17 5 
9 11 21 -3 
-7 9 18 5 
9 11 21 -3 
-9 10 18 4 
20 22 -24 27 
-23 -5 33 8 
21 22 -23 28 
-24 -5 32 7 
23 22 -23 28 
-25 -4 31 6 
24 22 -22 27 
-26 -3 30 5 
8 -8 1 17 
-11 -8 -3 -7 
7 -9 3 17 
-12 -8 -2 -7 
6 -9 5 16 
-13 -8 -2 -7 
5 -10 6 16 
-14 -8 -1 -7 
35 -11 -7 -2 
-5 18 1 -12 
35 -12 -5 -2 
-5 19 0 -12 
35 -12 -4 -2 
-4 19 -1 -11 
35 -12 -2 -2 
-4 20 -2 -10 
10 6 -5 8 
-3 7 -5 4 
11 6 -5 7 
-2 7 -5 3 
11 6 -5 7 
-1 7 -6 3 
11 7 -5 6 
0 7 -7 3 
0 13 6 9 
-21 13 -7 7 
0 13 5 10 
-20 13 -8 8 
1 12 5 10 
-19 13 -9 8 
1 12 4 10 
-18 13 -11 8 
-1 1 15 -4 
3 -27 -10 7 
-2 2 15 -4 
3 -28 -10 6 
-3 3 16 -5 
3 -28 -9 5 
-4 3 16 -5 
3 -28 -9 4 
17 -14 -1 -13 
-24 37 7 -2 
18 -15 -1 -12 
-24 36 6 -1 
19 -15 -1 -11 
-24 36 4 1 
19 -16 -1 -11 
-24 35 3 2 
12 -11 5 -23 
6 -16 27 6 
12 -9 6 -25 
4 -15 27 5 
12 -7 7 -26 
2 -15 28 3 
12 -5 8 -28 
0 -14 28 2 
-15 -23 -29 4 
4 10 -20 -1 
-15 -23 -29 4 
4 10 -19 0 
-15 -23 -29 4 
4 9 -18 1 
-15 -24 -28 3 
3 9 -17 2 
18 -2 -14 0 
1 -3 15 1 
19 -2 -13 0 
1 -3 14 1 
20 -2 -13 0 
1 -3 13 1 
21 -2 -13 0 
0 -3 13 1 
-5 -5 -11 -2 
1 6 1 -8 
-5 -5 -12 -2 
0 6 2 -8 
-4 -5 -12 -2 
0 6 2 -7 
-4 -6 -12 -2 
-1 6 2 -7 
6 -15 -14 -15 
5 10 -5 7 
6 -14 -13 -16 
5 10 -5 8 
6 -13 -13 -17 
5 11 -5 8 
6 -12 -12 -18 
5 11 -5 8 
-13 -1 -11 19 
7 -13 2 14 
-12 -1 -11 19 
6 -14 3 14 
-12 -1 -11 18 
5 -14 3 14 
-12 -1 -12 18 
3 -15 4 13 
15 -2 -11 -6 
-14 -13 -15 -13 
15 -2 -10 -5 
-14 -12 -15 -14 
14 -3 -9 -4 
-14 -12 -16 -14 
14 -3 -8 -4 
-15 -12 -16 -14 
8 -2 -24 -5 
5 -16 5 -18 
9 -2 -23 -5 
5 -15 4 -18 
9 -2 -23 -5 
6 -14 4 -19 
10 -3 -22 -4 
6 -14 3 -19 
-18 16 3 11 
1 8 -10 7 
-18 15 2 12 
1 7 -9 7 
-18 15 1 12 
0 7 -9 7 
-18 15 1 13 
0 7 -8 7 
-22 2 -12 -3 
7 -15 -19 -8 
-22 3 -13 -3 
7 -15 -18 -9 
-22 3 -13 -3 
8 -14 -17 -10 
-23 4 -13 -4 
7 -13 -17 -11 
-15 16 -17 5 
-7 -10 7 3 
-14 16 -18 5 
-7 -10 7 2 
-13 16 -19 6 
-7 -10 7 1 
-12 16 -20 6 
-7 -10 6 1 
9 2 9 2 
-3 17 8 3 
9 2 10 2 
-4 16 8 4 
8 2 10 2 
-4 16 8 5 
8 1 11 3 
-5 15 8 5 
-1 -1 -5 -12 
31 -6 10 0 
-1 0 -4 -12 
30 -6 12 -1 
-2 0 -4 -13 
30 -5 13 -2 
-2 1 -3 -13 
29 -5 14 -2 
25 -5 17 2 
12 13 -1 -1 
24 -6 17 2 
12 13 -1 -1 
23 -6 18 2 
13 13 -1 0 
23 -6 18 2 
13 13 -2 1 
3 12 17 8 
-1 15 16 2 
3 11 17 9 
-1 15 16 2 
3 11 17 9 
-2 15 16 3 
3 10 16 9 
-3 14 17 3 
-9 11 -6 -8 
-1 9 -3 1 
-9 12 -5 -8 
-2 9 -3 1 
-10 12 -5 -8 
-3 9 -2 1 
-11 12 -4 -8 
-4 9 -1 0 
-16 0 -22 -2 
-35 10 23 3 
-15 0 -22 -2 
-34 10 22 4 
-15 0 -21 -2 
-32 9 22 4 
-14 1 -21 -3 
-31 8 21 4 
-149 -9 41 28 
377 616 696 20 
-140 -15 37 31 
348 620 718 36 
-129 -22 32 33 
320 623 737 54 
-117 -28 26 35 
293 624 754 72 
-102 -56 -113 149 
-38 -35 103 76 
-96 -50 -116 128 
-37 -37 102 75 
-90 -44 -118 108 
-36 -38 101 73 
-83 -37 -120 89 
-35 -39 99 71 
21 55 127 42 
19 -17 54 17 
18 52 130 46 
14 -20 57 17 
14 49 131 50 
9 -23 60 18 
11 46 133 54 
4 -26 63 19 
-31 9 -72 -65 
-7 4 -4 5 
-30 10 -71 -63 
-8 6 -3 4 
-29 12 -70 -62 
-9 9 -2 2 
-29 14 -69 -60 
-10 11 -1 1 
7 -56 23 32 
0 -3 -57 38 
4 -56 25 29 
1 -5 -56 40 
0 -55 28 26 
1 -7 -54 41 
-4 -54 30 23 
2 -9 -53 43 
2 12 10 1 
29 20 -13 -1 
1 11 10 2 
29 20 -12 0 
0 10 10 4 
29 21 -11 0 
-1 10 11 5 
29 22 -10 0 
-1 -20 -8 25 
-32 33 -26 22 
0 -21 -9 24 
-30 31 -29 25 
1 -22 -11 23 
-27 29 -31 27 
2 -22 -12 22 
-24 27 -33 29 
-9 15 38 -17 
0 -17 -26 -5 
-11 16 38 -17 
0 -16 -25 -7 
-12 17 38 -17 
0 -15 -24 -8 
-14 18 38 -17 
0 -14 -24 -10 
43 6 9 -5 
-11 -13 -2 2 
43 7 10 -5 
-10 -12 -3 1 
43 8 11 -5 
-10 -12 -5 0 
43 9 12 -6 
-9 -12 -6 -1 
-6 -14 -14 -16 
-11 13 12 -11 
-5 -14 -14 -16 
-11 13 11 -11 
-3 -14 -15 -17 
-10 14 10 -11 
-2 -13 -15 -17 
-10 15 10 -10 
28 -9 31 6 
-16 18 -20 -6 
26 -9 33 5 
-15 19 -21 -6 
25 -9 34 4 
-15 19 -21 -5 
23 -9 35 4 
-14 20 -22 -5 
-22 -1 -11 0 
0 1 -18 6 
-22 -1 -12 -1 
1 1 -18 5 
-22 0 -12 -2 
1 1 -18 5 
-22 1 -12 -3 
2 1 -17 4 
-3 4 14 -3 
6 34 -5 15 
-4 5 14 -4 
7 34 -5 15 
-4 5 14 -4 
8 35 -5 15 
-4 6 13 -4 
8 35 -5 16 
-20 -8 9 20 
1 10 1 -3 
-21 -8 8 19 
1 10 2 -3 
-21 -9 8 17 
0 10 2 -3 
-21 -9 7 16 
-1 9 3 -2 
-12 7 -19 -3 
9 1 -5 -14 
-12 7 -19 -3 
9 2 -4 -15 
-12 8 -19 -3 
9 3 -4 -16 
-12 7 -19 -3 
9 5 -4 -16 
-6 -1 2 17 
-1 -27 9 -2 
-6 -1 2 16 
-2 -27 9 -2 
-5 -1 1 16 
-2 -27 9 -3 
-5 -1 1 15 
-2 -28 9 -3 
-20 12 -7 -6 
-22 33 -40 -3 
-21 11 -7 -4 
-21 34 -40 -3 
-22 11 -7 -3 
-20 35 -40 -2 
-23 10 -7 -1 
-20 35 -40 -1 
-38 -8 -26 18 
-1 6 -12 -4 
-37 -8 -27 17 
-1 6 -12 -3 
-36 -9 -28 16 
-1 6 -11 -3 
-36 -9 -29 15 
-1 6 -11 -2 
21 1 -5 4 
-28 7 21 -11 
22 0 -5 4 
-28 6 19 -10 
24 -1 -5 5 
-28 6 18 -10 
25 -2 -5 5 
-28 6 16 -9 
-15 4 -2 3 
1 8 -13 -8 
-15 3 -1 4 
1 7 -12 -7 
-16 2 -1 4 
1 6 -11 -6 
-17 1 -1 5 
1 6 -10 -5 
8 13 -4 1 
13 -8 16 -37 
9 11 -4 2 
12 -7 17 -38 
9 10 -4 3 
11 -6 17 -38 
10 8 -4 4 
10 -5 17 -38 
3 12 -20 8 
25 -4 7 4 
4 12 -21 8 
25 -4 8 4 
5 12 -21 8 
25 -4 8 4 
5 12 -21 9 
25 -5 8 3 
-7 14 6 -3 
1 5 -6 8 
-7 14 6 -3 
1 5 -5 7 
-7 15 5 -2 
1 5 -5 7 
-8 15 4 -2 
0 5 -4 7 
3 -27 -14 -1 
4 -6 5 -7 
4 -27 -14 -2 
4 -6 5 -6 
4 -27 -13 -2 
4 -6 5 -6 
5 -27 -13 -3 
4 -6 5 -5 
-16 -1 -3 6 
0 13 -1 -5 
-15 -2 -4 6 
1 13 -1 -5 
-15 -2 -4 7 
1 13 -1 -4 
-15 -3 -5 7 
2 14 -1 -4 
-12 8 10 13 
4 -20 14 -15 
-12 8 9 13 
4 -20 15 -16 
-12 7 9 12 
3 -19 15 -16 
-11 7 8 12 
3 -19 16 -17 
0 12 5 -2 
14 -10 -1 12 
0 12 5 -1 
14 -11 0 12 
0 12 5 -1 
13 -11 0 11 
-1 13 5 0 
13 -12 1 11 
14 -12 -3 -17 
-4 3 4 -14 
15 -12 -3 -16 
-3 3 3 -13 
15 -13 -3 -16 
-2 3 2 -13 
16 -13 -3 -15 
-2 3 1 -12 
-10 5 2 -8 
-10 13 5 8 
-9 5 1 -8 
-10 13 5 8 
-9 6 0 -8 
-10 13 4 8 
-8 6 -1 -8 
-10 13 4 8 
-26 5 -10 19 
-19 7 0 -7 
-25 4 -11 19 
-19 6 0 -6 
-25 4 -11 19 
-19 6 0 -6 
-24 3 -12 19 
-19 5 -1 -5 
-14 -1 0 -26 
-10 -5 -23 -9 
-15 0 1 -26 
-10 -4 -23 -10 
-16 1 1 -26 
-9 -4 -22 -10 
-16 1 1 -27 
-9 -3 -22 -11 
-9 -3 1 7 
-1 17 -2 14 
-10 -3 1 7 
-1 17 -1 15 
-10 -3 1 7 
-2 16 -1 15 
-10 -3 1 7 
-2 16 -1 16 
1 -5 2 -4 
18 -6 -8 2 
0 -5 2 -5 
17 -6 -7 2 
-1 -4 3 -5 
17 -6 -6 2 
-2 -4 3 -5 
16 -7 -5 2 
10 6 -18 4 
-9 3 17 0 
11 6 -19 4 
-10 4 16 0 
12 5 -19 5 
-10 4 15 0 
14 5 -20 5 
-10 4 14 0 
-13 -15 -2 4 
9 5 -28 11 
-13 -15 -2 4 
10 5 -28 12 
-14 -14 -2 3 
11 4 -27 12 
-15 -14 -1 2 
12 4 -26 13 
9 28 10 25 
-25 13 11 18 
10 28 10 26 
-25 13 10 18 
10 27 9 27 
-25 13 9 18 
11 27 9 27 
-26 13 8 18 
1 -5 -18 15 
1 21 -8 34 
1 -5 -17 15 
2 20 -8 35 
1 -5 -17 14 
3 19 -9 36 
2 -5 -16 14 
4 17 -10 37 
-25 6 2 3 
-19 17 -7 14 
-24 6 1 4 
-19 16 -7 15 
-24 6 -1 4 
-19 15 -7 16 
-24 6 -2 4 
-19 15 -7 16 
8 0 -4 2 
13 6 10 1 
8 0 -3 2 
12 6 11 1 
8 0 -2 2 
12 5 11 2 
8 -1 -1 2 
12 4 11 2 
-18 6 -8 -5 
-16 -9 5 -19 
-17 6 -9 -5 
-17 -8 5 -19 
-17 6 -10 -4 
-18 -7 6 -19 
-16 5 -11 -4 
-19 -7 6 -20 
0 6 -10 1 
17 0 -27 -2 
-1 7 -9 1 
18 1 -26 -2 
-1 7 -8 1 
19 2 -26 -3 
-2 7 -7 1 
20 3 -25 -4 
-16 -2 -1 27 
-1 17 15 14 
-15 -3 -3 26 
-2 17 15 15 
-14 -3 -4 26 
-3 16 15 16 
-12 -3 -6 25 
-3 16 15 16 
-6 -15 -5 7 
0 13 -3 2 
-6 -15 -5 6 
0 12 -2 3 
-6 -16 -5 6 
0 12 -2 4 
-7 -16 -5 5 
0 11 -2 5 
15 -4 10 1 
-12 17 -1 6 
15 -4 11 1 
-13 17 -1 6 
14 -4 12 1 
-13 18 -2 7 
14 -4 12 1 
-14 18 -2 7 
-11 -6 -23 6 
3 -12 -7 6 
-10 -6 -23 6 
3 -12 -7 6 
-10 -5 -23 5 
4 -12 -7 6 
-10 -5 -22 4 
4 -13 -7 6 
-11 -11 -6 -9 
17 6 13 6 
-10 -11 -6 -9 
17 6 14 7 
-9 -10 -7 -9 
17 6 14 7 
-8 -10 -8 -9 
17 5 14 8 
-46 -5 3 3 
18 10 -12 5 
-47 -5 2 3 
17 10 -10 5 
-48 -5 1 3 
16 9 -7 6 
-48 -5 -1 3 
15 9 -5 6 
5 -5 -13 1 
0 2 -27 -5 
4 -5 -12 0 
1 3 -27 -6 
4 -5 -12 0 
1 4 -27 -6 
3 -5 -11 0 
2 5 -27 -6 
8 -22 -2 26 
-14 6 -31 -5 
8 -23 -2 26 
-13 5 -32 -3 
7 -24 -2 25 
-12 5 -33 -2 
7 -25 -2 24 
-10 4 -34 -1 
-30 9 -4 -3 
-43 -9 7 -3 
-30 9 -5 -2 
-41 -11 7 -3 
-29 9 -6 -2 
-39 -12 6 -3 
-28 9 -8 -1 
-36 -13 5 -3 
-159 15 67 -13 
461 539 732 0 
-151 11 63 -11 
433 545 757 12 
-141 7 58 -8 
406 549 779 25 
-129 2 52 -5 
379 552 799 39 
-30 -52 46 110 
-4 7 103 80 
-31 -44 46 90 
-6 8 105 78 
-31 -36 45 70 
-8 9 107 75 
-30 -27 45 51 
-10 10 108 72 
35 45 85 95 
20 -4 10 19 
31 42 88 97 
18 -8 12 21 
27 38 91 99 
16 -12 13 22 
24 35 93 100 
14 -15 15 24 
3 5 -2 -71 
-9 -16 -15 -13 
1 7 0 -69 
-10 -13 -14 -15 
-1 8 1 -68 
-12 -10 -12 -17 
-3 10 2 -66 
-14 -8 -11 -19 
46 -23 -4 31 
-22 -21 -71 15 
43 -23 -1 30 
-19 -21 -72 15 
40 -22 3 28 
-16 -20 -73 14 
37 -21 6 26 
-14 -20 -74 13 
-42 27 6 42 
2 21 -6 -15 
-43 25 4 44 
0 22 -4 -15 
-43 23 3 46 
-2 23 -2 -14 
-43 21 2 47 
-4 23 0 -13 
17 7 -46 21 
-23 23 -12 18 
18 7 -45 20 
-22 21 -14 19 
19 6 -45 20 
-20 19 -16 21 
21 6 -44 19 
-19 17 -18 22 
1 33 11 -29 
4 -39 -14 8 
1 35 11 -29 
4 -39 -14 6 
0 36 11 -28 
5 -39 -14 3 
0 37 11 -28 
6 -40 -14 1 
26 19 22 -23 
-2 3 3 -4 
26 19 23 -22 
-2 3 2 -5 
26 20 23 -20 
-1 3 1 -5 
25 20 23 -18 
-1 3 0 -6 
-18 -16 -3 -11 
-8 -4 13 -2 
-17 -15 -4 -12 
-9 -4 14 -2 
-16 -15 -5 -13 
-10 -4 14 -2 
-16 -14 -6 -13 
-11 -4 14 -1 
15 27 -14 8 
-11 23 -21 11 
14 27 -13 9 
-10 23 -22 11 
14 26 -12 10 
-9 23 -23 11 
14 26 -11 11 
-9 23 -24 11 
7 19 -6 8 
21 -33 28 -8 
8 19 -7 8 
21 -32 28 -10 
9 19 -7 8 
21 -31 27 -12 
10 19 -7 8 
21 -31 27 -13 
20 6 40 3 
12 -7 -2 -16 
19 5 40 4 
12 -6 -1 -16 
18 5 40 5 
12 -6 -1 -17 
16 4 41 6 
12 -5 0 -17 
-11 9 -4 8 
-1 -14 -5 13 
-11 9 -4 8 
-2 -15 -4 13 
-11 10 -5 8 
-3 -16 -4 12 
-11 10 -5 8 
-4 -17 -3 12 
3 5 -26 -15 
-2 -24 11 -18 
4 5 -26 -14 
-2 -24 10 -19 
5 5 -26 -13 
-3 -23 10 -20 
6 4 -26 -12 
-3 -22 9 -21 
3 15 -5 1 
15 -2 -14 -17 
2 14 -5 2 
17 -1 -15 -18 
2 14 -4 3 
18 0 -15 -19 
2 13 -4 4 
20 1 -15 -19 
-9 -6 22 10 
9 11 29 -26 
-8 -7 21 10 
8 11 29 -25 
-8 -8 19 10 
7 11 29 -24 
-7 -9 18 10 
7 11 29 -23 
-16 -15 1 -20 
5 24 -25 4 
-17 -15 1 -21 
6 24 -25 5 
-17 -14 1 -21 
7 23 -24 6 
-18 -13 1 -22 
7 23 -23 7 
-25 7 -14 -16 
-23 1 1 10 
-25 8 -15 -17 
-24 2 1 10 
-24 9 -17 -18 
-25 2 1 9 
-23 10 -18 -18 
-25 3 1 8 
-17 -3 -12 4 
26 6 -17 8 
-18 -2 -11 3 
27 7 -16 8 
-19 -2 -10 3 
27 7 -14 8 
-20 -1 -9 2 
27 8 -13 8 
-10 12 -1 17 
6 16 0 4 
-9 11 -2 17 
6 15 0 5 
-9 11 -3 17 
6 15 0 5 
-8 11 -4 17 
7 15 0 5 
8 -1 19 -2 
-1 13 0 13 
7 -1 19 -2 
-1 13 0 13 
7 0 19 -3 
-2 12 0 14 
6 0 19 -3 
-3 12 0 14 
13 21 -18 5 
-17 15 28 0 
15 21 -18 6 
-18 15 27 0 
16 21 -18 7 
-19 14 26 0 
17 20 -18 7 
-20 14 25 0 
6 -6 -10 -16 
15 -20 -5 -4 
6 -5 -9 -17 
15 -19 -5 -5 
6 -4 -8 -18 
16 -18 -6 -6 
6 -3 -8 -19 
17 -16 -6 -7 
-9 -7 9 19 
8 15 16 5 
-9 -8 8 19 
8 16 17 6 
-8 -8 7 19 
8 16 17 6 
-7 -8 5 19 
8 16 17 7 
20 3 9 9 
-13 -8 18 -11 
20 3 10 8 
-14 -7 17 -12 
21 4 10 7 
-14 -5 16 -13 
21 4 10 7 
-14 -4 15 -14 
0 8 -1 19 
-7 7 21 10 
0 8 0 19 
-8 6 21 10 
0 8 0 18 
-9 6 21 10 
1 8 0 18 
-10 5 21 10 
14 -25 4 -21 
20 18 23 1 
14 -24 5 -22 
19 19 24 1 
14 -24 6 -23 
18 19 25 2 
13 -23 7 -24 
17 20 26 2 
13 -27 3 9 
-33 -23 -7 -11 
13 -27 4 8 
-33 -24 -8 -11 
13 -27 4 6 
-34 -24 -9 -11 
12 -26 4 5 
-35 -24 -9 -11 
6 13 -35 -9 
-16 -2 -8 0 
7 13 -34 -8 
-15 -2 -9 -1 
8 13 -33 -7 
-15 -2 -10 -1 
8 13 -32 -6 
-14 -2 -10 -2 
-8 -13 -2 -7 
7 6 14 -27 
-7 -13 -2 -7 
6 7 15 -27 
-7 -13 -3 -8 
5 9 15 -26 
-7 -14 -3 -8 
4 10 16 -26 
4 -10 -23 22 
-15 -6 27 -14 
6 -11 -23 22 
-16 -5 27 -14 
7 -12 -23 21 
-18 -5 26 -14 
8 -12 -22 20 
-19 -4 26 -14 
13 -5 -10 3 
0 -16 -10 -2 
12 -5 -8 3 
0 -16 -10 -2 
12 -5 -7 3 
1 -16 -10 -2 
11 -5 -5 2 
1 -16 -10 -3 
2 -4 -3 -5 
-11 4 3 -19 
3 -5 -3 -4 
-11 4 2 -19 
3 -6 -3 -4 
-12 5 2 -19 
3 -6 -3 -3 
-12 5 1 -18 
6 6 -12 2 
-8 -8 7 2 
7 6 -12 2 
-9 -9 7 2 
7 6 -12 2 
-9 -9 6 2 
8 6 -12 2 
-9 -10 6 2 
24 4 5 -16 
4 -7 0 -16 
24 3 6 -16 
4 -6 -1 -16 
24 3 7 -15 
4 -6 -1 -16 
23 3 8 -14 
4 -5 -1 -17 
12 -3 -3 -3 
-5 4 17 18 
13 -2 -3 -4 
-5 4 16 18 
14 -1 -3 -4 
-5 4 16 17 
14 0 -3 -5 
-6 4 15 17 
-16 12 3 25 
14 2 -14 -24 
-17 11 3 25 
15 3 -12 -25 
-18 10 4 26 
15 5 -11 -25 
-19 8 4 26 
15 6 -10 -25 
5 3 9 21 
-2 -12 -5 1 
4 3 9 21 
-2 -12 -5 1 
4 3 9 20 
-2 -12 -5 1 
4 3 9 20 
-3 -12 -5 0 
-17 3 -10 -1 
12 -5 -4 -10 
-18 2 -10 -1 
12 -5 -3 -10 
-18 2 -11 0 
11 -5 -2 -10 
-18 2 -11 0 
11 -4 -1 -11 
4 5 -3 -1 
-6 17 3 21 
4 5 -3 -1 
-7 17 3 21 
4 6 -3 -1 
-7 17 3 21 
5 7 -3 -1 
-8 17 3 21 
-5 -6 -10 3 
-3 -15 -4 6 
-5 -6 -10 2 
-3 -16 -4 6 
-5 -5 -10 1 
-3 -16 -4 6 
-5 -5 -10 1 
-3 -17 -4 5 
2 -2 11 -19 
13 9 -7 7 
1 -2 12 -19 
13 9 -6 7 
0 -1 12 -19 
13 9 -6 7 
-1 -1 13 -18 
13 9 -5 7 
-8 -26 -2 -5 
3 2 0 -4 
-8 -26 -3 -6 
3 1 0 -3 
-8 -26 -3 -7 
3 1 0 -2 
-8 -26 -4 -8 
3 0 1 -1 
-10 -3 4 -13 
-16 5 1 0 
-10 -3 4 -13 
-17 5 1 1 
-10 -3 4 -13 
-17 4 1 1 
-10 -3 4 -13 
-17 4 1 1 
9 1 5 1 
-12 3 11 -10 
8 0 6 1 
-12 3 11 -10 
8 0 7 1 
-12 3 10 -10 
8 -1 8 1 
-12 3 10 -10 
14 -9 21 -7 
2 6 -13 5 
12 -8 23 -7 
2 6 -13 6 
11 -8 24 -8 
3 5 -13 6 
10 -8 25 -8 
3 4 -13 7 
-17 -30 -4 -25 
-4 -3 2 13 
-17 -29 -5 -25 
-4 -4 2 14 
-16 -28 -6 -26 
-4 -6 2 15 
-16 -27 -7 -27 
-4 -7 2 16 
-12 12 -4 -10 
-1 -1 0 -4 
-12 12 -4 -9 
-2 -1 0 -4 
-12 12 -4 -7 
-2 -1 0 -5 
-12 11 -5 -6 
-2 -1 0 -5 
-4 0 -17 -7 
-29 -11 49 1 
-2 0 -18 -7 
-28 -13 48 1 
0 1 -18 -7 
-27 -14 47 1 
2 1 -18 -7 
-25 -15 45 1 
-166 48 69 -8 
473 476 696 -42 
-160 44 66 -5 
447 484 721 -34 
-152 39 62 -1 
421 490 745 -24 
-142 35 56 2 
396 494 766 -13 
67 -51 175 56 
36 5 83 62 
59 -40 180 35 
29 8 88 57 
51 -30 184 15 
23 11 94 52 
43 -20 188 -4 
17 14 99 48 
38 22 -18 87 
30 -9 7 13 
37 20 -14 88 
30 -12 8 14 
35 17 -11 87 
29 -16 9 16 
34 15 -8 87 
28 -19 10 17 
-4 -5 0 -70 
2 -24 -2 -36 
-5 -4 0 -69 
0 -21 0 -38 
-5 -4 0 -68 
-1 -19 1 -39 
-6 -3 0 -66 
-3 -17 2 -41 
34 -19 2 20 
-36 -13 -38 18 
32 -19 4 19 
-36 -14 -39 18 
30 -18 7 18 
-36 -15 -40 18 
28 -18 9 17 
-36 -16 -40 19 
-29 36 -35 16 
-21 49 -19 -10 
-29 35 -35 18 
-21 50 -18 -9 
-29 33 -35 20 
-22 51 -18 -8 
-29 31 -34 22 
-23 51 -17 -7 
25 -33 -18 23 
-25 23 -15 16 
25 -34 -16 21 
-25 21 -16 19 
25 -34 -15 19 
-25 19 -17 21 
24 -35 -13 17 
-25 16 -18 24 
40 19 -3 -10 
6 -21 -12 -23 
39 18 -1 -8 
7 -21 -13 -24 
38 17 1 -7 
7 -21 -13 -24 
37 16 3 -5 
7 -22 -14 -24 
14 -13 -13 -18 
-11 0 8 -29 
15 -14 -14 -17 
-11 0 7 -28 
16 -15 -14 -17 
-10 0 6 -27 
17 -16 -14 -16 
-10 0 5 -27 
20 -31 24 -7 
-19 20 -7 -22 
19 -32 25 -7 
-19 20 -7 -20 
18 -33 26 -8 
-18 19 -8 -18 
17 -34 27 -8 
-18 19 -8 -16 
-20 -2 6 -2 
4 1 -29 -11 
-21 -3 6 -2 
3 0 -28 -11 
-23 -3 7 -2 
2 -1 -26 -10 
-25 -4 7 -2 
2 -2 -24 -9 
-12 17 -27 -17 
18 -23 -9 -23 
-12 16 -28 -16 
18 -23 -9 -24 
-12 15 -28 -15 
18 -24 -8 -24 
-12 15 -28 -13 
18 -24 -7 -25 
-13 12 -2 -28 
1 17 6 2 
-13 12 -3 -27 
0 17 7 2 
-13 12 -4 -26 
-1 16 8 3 
-13 12 -5 -24 
-2 16 8 3 
-3 11 -2 -7 
1 14 -18 17 
-4 12 -1 -8 
1 15 -17 17 
-5 13 0 -8 
1 15 -17 16 
-6 14 0 -8 
1 16 -16 16 
-23 26 -19 35 
2 -1 4 7 
-22 25 -19 35 
1 -1 4 6 
-22 25 -20 35 
1 -1 5 6 
-21 24 -21 35 
0 -1 6 5 
-1 -10 -10 -21 
6 -3 8 12 
-1 -9 -10 -22 
6 -3 9 12 
-1 -8 -10 -22 
6 -4 9 12 
0 -7 -10 -23 
5 -4 9 12 
-1 11 1 -1 
7 16 -2 31 
-1 12 1 -1 
8 14 -2 32 
-1 12 1 0 
9 12 -2 32 
-1 13 1 0 
9 11 -2 33 
15 -5 26 -24 
2 -6 4 24 
15 -4 26 -24 
2 -7 3 24 
14 -3 26 -24 
3 -8 3 24 
14 -2 26 -24 
3 -10 3 24 
-3 20 4 -13 
-2 -11 0 1 
-2 20 3 -12 
-1 -11 0 0 
-2 20 3 -11 
-1 -10 -1 0 
-2 20 2 -10 
0 -10 -1 -1 
-14 -5 8 2 
-5 -10 -1 1 
-14 -5 8 3 
-5 -11 -1 1 
-13 -5 7 3 
-4 -12 -1 1 
-13 -5 6 3 
-3 -12 -1 1 
-10 2 21 -12 
25 -26 0 1 
-11 3 21 -12 
25 -26 2 0 
-12 3 21 -11 
24 -25 3 -1 
-13 3 21 -11 
24 -25 4 -2 
-1 21 2 15 
16 21 -3 13 
-1 20 1 16 
16 21 -3 14 
-1 19 1 18 
17 21 -3 14 
-1 18 0 19 
17 21 -2 15 
-14 1 3 15 
-3 -9 -11 -7 
-14 1 2 15 
-3 -8 -11 -8 
-14 0 1 15 
-3 -7 -11 -8 
-14 0 0 14 
-2 -7 -11 -8 
6 -34 -4 6 
-12 12 17 -8 
7 -34 -4 5 
-13 11 16 -7 
8 -35 -4 4 
-13 11 16 -5 
9 -36 -4 4 
-13 10 15 -4 
14 -7 -1 -2 
-3 7 13 -8 
14 -7 0 -2 
-3 6 12 -8 
14 -8 0 -2 
-2 6 12 -7 
15 -8 1 -2 
-2 6 11 -6 
11 -21 17 -7 
-18 8 8 4 
10 -20 18 -7 
-18 7 7 5 
10 -20 18 -8 
-18 6 7 6 
10 -20 18 -9 
-18 5 6 7 
4 -13 7 -23 
5 22 -5 41 
3 -12 7 -24 
5 21 -4 42 
3 -10 8 -25 
5 19 -4 43 
2 -9 9 -25 
5 18 -4 44 
-2 18 -20 -7 
-1 -12 23 -15 
0 18 -21 -6 
-1 -10 22 -16 
2 18 -22 -6 
-1 -9 21 -18 
4 18 -23 -5 
-1 -8 20 -19 
11 -10 18 6 
-3 -1 17 -9 
11 -9 18 5 
-4 0 17 -10 
11 -9 18 4 
-4 1 17 -10 
11 -9 18 3 
-5 2 17 -11 
-4 12 -4 16 
12 -20 -9 18 
-5 13 -3 15 
12 -20 -8 17 
-6 14 -3 15 
12 -21 -7 16 
-6 15 -2 15 
12 -21 -6 15 
-26 -15 -11 -21 
9 4 -18 -10 
-27 -15 -12 -21 
9 6 -17 -10 
-27 -14 -13 -21 
9 7 -16 -10 
-27 -14 -14 -21 
9 9 -15 -10 
12 -3 -1 30 
-3 -1 7 0 
12 -4 -1 30 
-4 -1 7 0 
12 -4 -1 29 
-4 -1 7 0 
12 -5 -1 28 
-5 -1 6 0 
10 -14 -8 2 
-14 -4 12 -16 
11 -14 -8 2 
-14 -4 11 -15 
12 -15 -8 1 
-15 -4 11 -15 
12 -15 -7 1 
-15 -4 10 -14 
14 8 -11 -5 
4 -4 28 -17 
15 8 -11 -5 
3 -4 28 -18 
16 7 -10 -5 
2 -4 27 -18 
17 7 -10 -4 
1 -4 27 -18 
11 -15 1 -22 
2 6 -17 7 
11 -14 2 -23 
3 6 -18 8 
10 -13 3 -24 
4 6 -18 8 
9 -12 3 -24 
5 7 -18 8 
-1 -9 1 10 
-3 -27 11 -31 
0 -10 0 10 
-3 -26 11 -31 
0 -11 -1 9 
-3 -26 10 -31 
1 -11 -1 9 
-3 -25 10 -32 
11 7 1 -7 
-28 13 0 22 
12 7 1 -7 
-27 12 -2 22 
13 8 1 -6 
-25 12 -3 22 
13 9 1 -6 
-24 11 -5 22 
-8 5 24 4 
-4 -5 3 -10 
-9 4 25 4 
-5 -5 4 -10 
-10 4 25 5 
-5 -5 5 -10 
-11 3 25 5 
-6 -5 5 -10 
2 -9 -6 -8 
6 -10 19 -6 
2 -9 -5 -8 
5 -10 19 -6 
2 -9 -5 -9 
4 -10 20 -6 
2 -9 -4 -9 
3 -11 21 -6 
14 13 9 -13 
-2 -17 0 -9 
13 13 10 -13 
-3 -16 1 -10 
12 13 11 -12 
-3 -14 1 -11 
11 14 12 -12 
-4 -13 1 -13 
8 6 -7 10 
10 -5 -6 25 
8 6 -7 10 
11 -6 -7 25 
8 7 -6 10 
12 -7 -7 24 
8 7 -6 9 
13 -8 -7 24 
-12 4 12 -18 
3 17 3 20 
-12 4 11 -17 
3 16 3 20 
-12 5 10 -17 
3 15 4 21 
-12 6 9 -16 
2 14 4 22 
-23 -7 -2 -12 
-15 -16 -27 -16 
-23 -7 -3 -12 
-15 -16 -27 -16 
-24 -7 -3 -12 
-14 -16 -27 -16 
-25 -8 -4 -12 
-13 -16 -26 -16 
-8 20 6 -4 
2 -33 -16 2 
-8 20 6 -3 
3 -34 -16 1 
-9 20 6 -2 
3 -34 -16 0 
-9 20 6 -1 
4 -34 -16 -1 
3 2 17 1 
5 29 -8 11 
2 2 17 3 
5 29 -8 12 
2 1 17 4 
5 28 -7 13 
1 0 16 5 
5 27 -7 15 
-5 -28 -13 -9 
-5 2 3 11 
-4 -28 -13 -10 
-4 1 2 12 
-3 -27 -14 -11 
-4 0 2 13 
-2 -27 -14 -12 
-4 -1 1 13 
-24 6 -8 -12 
-23 -12 -22 9 
-24 6 -9 -11 
-22 -12 -22 9 
-24 7 -10 -11 
-22 -12 -22 8 
-25 7 -10 -10 
-21 -13 -22 8 
18 15 10 1 
21 11 18 4 
18 15 11 2 
20 11 19 4 
17 15 12 3 
19 12 19 4 
17 15 13 3 
18 12 20 3 
14 -3 5 3 
-11 13 8 11 
14 -3 6 2 
-11 12 8 12 
14 -2 6 1 
-12 12 7 12 
14 -2 6 0 
-13 12 7 12 
11 -18 -5 -3 
-21 27 22 9 
11 -18 -4 -4 
-20 25 21 10 
11 -18 -3 -4 
-18 24 21 12 
11 -18 -1 -5 
-16 22 20 13 
-152 35 95 -22 
467 335 669 -89 
-149 33 93 -21 
437 344 697 -85 
-144 30 90 -19 
407 352 723 -80 
-137 26 86 -18 
379 358 747 -74 
93 -67 130 46 
83 29 46 -3 
82 -60 138 29 
74 33 55 -5 
70 -53 147 13 
64 36 64 -8 
59 -46 155 -3 
54 40 73 -10 
78 -3 -83 58 
26 -14 37 -11 
79 -5 -80 57 
25 -16 36 -10 
80 -6 -75 55 
25 -19 35 -8 
80 -8 -70 53 
24 -21 35 -7 
14 -27 18 -64 
3 5 -17 -81 
13 -28 18 -63 
3 9 -17 -82 
11 -29 19 -62 
4 13 -16 -82 
9 -30 20 -61 
4 17 -16 -82 
36 -25 32 43 
-31 -20 -36 -7 
34 -25 33 41 
-31 -19 -37 -8 
32 -25 35 38 
-30 -18 -37 -8 
29 -25 36 36 
-30 -17 -38 -8 
-16 -10 -15 25 
-8 33 -19 -21 
-17 -12 -14 25 
-8 33 -18 -19 
-18 -14 -14 26 
-8 32 -17 -16 
-18 -16 -13 26 
-9 32 -17 -14 
31 -18 4 -9 
-23 12 -28 -11 
30 -18 5 -10 
-21 12 -29 -9 
29 -18 7 -11 
-20 11 -31 -8 
28 -19 8 -12 
-18 10 -32 -7 
-7 -9 14 -16 
-6 -26 8 -10 
-7 -9 13 -16 
-6 -27 8 -10 
-7 -9 13 -16 
-6 -27 8 -10 
-7 -8 13 -16 
-6 -28 8 -11 
-5 24 1 -18 
-11 -12 12 12 
-5 24 1 -16 
-12 -12 12 11 
-5 25 1 -15 
-13 -13 12 10 
-4 26 1 -14 
-13 -13 12 9 
-3 -13 -10 -20 
-2 44 0 25 
-4 -12 -9 -21 
-3 44 0 26 
-4 -11 -9 -21 
-3 44 0 27 
-4 -10 -8 -21 
-3 44 0 28 
-1 22 -6 29 
2 -18 -17 19 
-1 23 -5 28 
2 -18 -17 18 
-2 23 -5 27 
3 -18 -18 17 
-2 24 -5 26 
3 -18 -17 15 
2 -6 -1 2 
-25 8 -14 3 
2 -6 -2 2 
-24 8 -15 3 
2 -7 -2 3 
-23 9 -16 3 
3 -7 -2 3 
-23 9 -17 3 
10 -11 13 16 
27 9 17 -9 
10 -12 14 15 
26 9 19 -8 
9 -12 15 15 
25 10 20 -8 
8 -13 16 14 
24 10 21 -7 
9 23 1 17 
-7 6 15 21 
9 23 1 18 
-8 6 15 21 
9 23 1 18 
-9 6 15 20 
9 24 1 18 
-10 6 15 20 
22 6 -7 8 
3 -21 -7 5 
21 7 -5 8 
4 -21 -7 4 
21 7 -4 8 
5 -21 -8 3 
21 7 -3 8 
6 -21 -9 2 
2 8 21 -5 
6 -14 13 16 
2 8 21 -5 
5 -14 14 16 
1 9 21 -4 
5 -15 14 15 
1 10 21 -4 
4 -16 15 15 
9 6 0 -9 
-11 -11 14 -5 
9 6 0 -9 
-12 -11 14 -6 
9 6 0 -8 
-12 -11 14 -6 
9 6 1 -7 
-13 -11 13 -6 
-3 3 5 -9 
10 5 3 7 
-4 3 6 -9 
9 5 4 7 
-4 4 6 -8 
8 5 5 7 
-5 4 7 -8 
7 5 6 7 
29 -10 -6 -11 
-16 3 -5 -9 
30 -10 -5 -12 
-16 3 -7 -9 
30 -10 -4 -12 
-15 3 -8 -9 
30 -9 -3 -12 
-15 3 -10 -9 
-31 -3 -26 -8 
6 -26 7 -10 
-30 -2 -27 -8 
6 -25 7 -11 
-29 -2 -28 -9 
5 -25 8 -12 
-28 -1 -29 -9 
5 -24 8 -13 
-3 -7 -10 -5 
9 -1 25 -3 
-2 -7 -10 -5 
8 -2 25 -3 
-1 -7 -11 -4 
7 -2 25 -3 
0 -8 -11 -4 
6 -2 26 -2 
16 15 6 6 
20 16 8 -12 
15 14 7 7 
20 16 9 -12 
15 13 8 8 
20 16 9 -12 
14 12 8 9 
20 17 10 -11 
-13 6 21 3 
22 8 -15 -12 
-15 6 21 2 
21 9 -13 -12 
-16 6 20 2 
20 10 -11 -12 
-18 5 20 2 
20 11 -9 -13 
17 9 -2 12 
-29 -9 -17 2 
16 9 -1 11 
-28 -8 -18 1 
16 10 -1 10 
-28 -8 -19 0 
16 10 -1 10 
-28 -7 -20 -1 
-13 6 -19 11 
9 24 -11 4 
-13 6 -18 11 
10 25 -11 4 
-13 6 -18 11 
11 25 -11 5 
-12 6 -18 11 
11 26 -11 5 
-28 -3 -2 7 
-2 3 -7 17 
-27 -3 -4 6 
-1 3 -7 17 
-27 -2 -5 5 
0 3 -7 17 
-26 -1 -7 4 
1 3 -7 16 
-39 14 0 16 
7 1 3 -6 
-39 13 -1 16 
7 1 4 -7 
-39 13 -3 17 
7 2 5 -7 
-38 12 -4 17 
7 2 6 -7 
-3 9 17 11 
0 9 -15 12 
-4 9 17 11 
-1 9 -14 12 
-5 9 18 11 
-1 9 -14 12 
-7 9 18 11 
-1 9 -13 12 
19 9 5 20 
-22 2 -29 19 
19 9 6 21 
-20 1 -30 19 
18 8 7 21 
-19 0 -31 19 
17 8 8 21 
-18 -1 -32 19 
-25 -4 10 -1 
-7 -1 -7 -21 
-26 -5 10 -1 
-8 -1 -6 -21 
-27 -6 9 0 
-9 -1 -5 -20 
-28 -7 9 1 
-10 -1 -4 -20 
-1 -1 -21 -8 
4 29 -8 -2 
-1 -1 -20 -8 
5 29 -8 -2 
-1 -1 -19 -8 
5 29 -8 -1 
-1 -1 -18 -8 
6 29 -8 0 
17 -1 11 -6 
0 -16 0 2 
17 0 11 -7 
1 -16 -1 2 
17 0 11 -8 
1 -17 -2 2 
16 1 11 -9 
2 -17 -2 1 
7 17 4 -3 
1 21 25 4 
7 16 4 -2 
0 20 25 4 
8 15 3 -1 
-1 19 25 5 
9 14 3 1 
-1 19 24 6 
30 29 2 1 
-1 15 29 8 
31 30 3 1 
-1 15 28 8 
32 29 4 2 
-2 15 26 7 
33 29 4 2 
-2 15 25 7 
-25 -3 -16 -1 
24 5 7 1 
-25 -3 -17 -1 
24 5 8 1 
-24 -3 -18 -2 
24 4 9 2 
-23 -3 -18 -2 
24 4 10 2 
4 1 6 -9 
-4 -4 1 5 
5 1 5 -10 
-3 -4 0 5 
5 2 5 -10 
-3 -4 -1 5 
6 2 4 -10 
-2 -4 -2 4 
-16 -23 6 0 
8 -12 4 -14 
-16 -24 5 0 
8 -11 5 -13 
-16 -24 4 -1 
8 -11 5 -13 
-15 -24 4 -1 
8 -10 5 -13 
15 6 0 10 
-4 -13 19 2 
16 6 0 10 
-5 -13 19 1 
17 6 0 11 
-5 -13 18 0 
18 6 0 11 
-5 -12 17 0 
-2 7 -7 3 
-1 -4 1 10 
-2 8 -7 3 
-1 -3 1 10 
-1 8 -7 4 
-1 -3 1 9 
-1 9 -7 4 
-2 -3 0 9 
14 -25 0 -2 
-6 8 -14 3 
14 -25 0 -3 
-5 8 -14 4 
14 -25 0 -4 
-4 7 -15 4 
13 -24 1 -4 
-3 7 -16 5 
2 0 -2 4 
4 -4 -2 -8 
2 0 -3 4 
5 -3 -2 -8 
3 0 -3 4 
6 -2 -3 -9 
3 0 -3 4 
6 -1 -3 -9 
-20 25 -1 26 
19 7 16 15 
-19 24 -2 26 
19 7 16 14 
-18 24 -4 27 
19 6 17 14 
-17 23 -5 27 
19 6 17 14 
18 -13 22 9 
-18 26 -15 -8 
17 -14 22 9 
-17 26 -16 -7 
17 -15 22 9 
-16 26 -17 -5 
16 -16 22 9 
-16 26 -18 -4 
-1 7 -1 2 
-15 -9 -4 -10 
-1 7 -1 1 
-14 -8 -5 -10 
-1 7 -1 1 
-14 -7 -5 -11 
-1 7 -1 0 
-14 -7 -6 -12 
1 7 6 4 
-1 6 0 15 
0 7 6 4 
-1 6 0 15 
0 7 6 4 
-1 6 0 15 
0 7 7 4 
-1 5 0 15 
-22 17 -4 12 
9 -9 -7 -19 
-22 16 -5 12 
9 -9 -7 -19 
-22 16 -5 13 
9 -8 -6 -20 
-22 15 -6 14 
9 -7 -5 -20 
-10 4 -3 -5 
0 11 6 7 
-10 5 -3 -5 
-1 12 6 7 
-10 6 -3 -5 
-2 12 7 7 
-10 6 -3 -6 
-3 13 8 6 
14 4 -2 11 
1 -7 -8 7 
13 4 -1 10 
1 -7 -8 7 
12 5 0 10 
0 -7 -7 6 
11 5 1 9 
0 -6 -7 6 
14 7 -3 8 
-5 -1 12 -17 
15 7 -3 8 
-6 0 12 -17 
15 6 -2 9 
-6 0 12 -17 
15 5 -2 9 
-7 1 11 -17 
11 25 3 14 
-28 14 18 3 
11 25 4 14 
-27 14 17 2 
11 25 5 15 
-26 14 17 2 
11 24 6 15 
-24 13 16 1 
-155 57 78 -4 
365 268 593 -142 
-152 54 76 -3 
334 279 619 -141 
-148 51 74 -1 
303 290 643 -139 
-142 46 70 1 
273 299 665 -136 
-1 -107 -23 36 
80 7 49 -51 
-9 -101 -15 19 
69 11 60 -53 
-17 -95 -7 2 
57 14 72 -54 
-25 -89 1 -14 
45 18 83 -56 
96 -31 -93 6 
9 -26 11 -34 
96 -31 -87 4 
8 -27 10 -33 
95 -31 -81 1 
7 -28 10 -33 
94 -31 -74 -1 
6 -29 9 -32 
10 -46 2 -55 
38 0 -57 -91 
7 -47 3 -55 
40 3 -56 -91 
4 -48 5 -55 
42 7 -54 -91 
1 -49 7 -55 
43 11 -53 -90 
6 -43 35 10 
-34 -46 -23 13 
5 -41 34 7 
-33 -47 -24 12 
5 -40 32 4 
-31 -47 -25 12 
4 -38 31 0 
-29 -48 -27 11 
-46 14 10 8 
-30 -17 -32 -26 
-47 13 10 10 
-30 -17 -32 -26 
-48 11 9 13 
-29 -17 -31 -26 
-49 9 8 15 
-28 -17 -31 -26 
52 1 30 0 
-46 2 -13 3 
51 1 32 1 
-45 1 -15 4 
50 0 35 2 
-45 0 -17 4 
48 -1 37 3 
-45 -1 -19 5 
-13 8 -24 2 
4 -7 15 -3 
-12 7 -23 3 
3 -8 15 -2 
-11 6 -23 4 
3 -9 16 -2 
-11 6 -22 5 
2 -10 16 -1 
-4 19 14 -23 
12 -5 -5 -1 
-5 20 14 -22 
11 -5 -3 -2 
-7 20 15 -20 
11 -5 -2 -3 
-8 20 15 -19 
10 -5 -1 -3 
4 10 3 -4 
9 7 -22 0 
3 10 4 -4 
10 7 -22 0 
2 10 4 -4 
10 7 -21 0 
1 10 5 -3 
10 7 -21 0 
28 6 14 -6 
10 -1 -22 -2 
27 7 14 -6 
12 0 -23 -2 
26 7 15 -6 
13 2 -24 -3 
25 8 16 -7 
15 3 -24 -4 
-8 0 20 37 
-12 17 -2 19 
-8 -1 19 36 
-12 16 -2 20 
-8 -1 18 36 
-13 16 -2 21 
-9 -2 17 35 
-14 15 -2 21 
20 20 -11 18 
7 2 -4 3 
20 20 -10 18 
7 2 -4 2 
20 19 -9 19 
8 2 -4 2 
19 19 -8 19 
8 3 -5 2 
-49 -6 -19 5 
4 -2 -8 -1 
-48 -6 -21 5 
4 -2 -7 -1 
-48 -6 -22 4 
3 -2 -5 -1 
-47 -6 -24 4 
3 -2 -4 -1 
-1 -22 15 -9 
6 8 -6 -6 
-2 -22 15 -10 
6 8 -6 -6 
-3 -22 16 -10 
7 8 -5 -6 
-4 -21 16 -11 
7 8 -5 -5 
1 -2 20 -4 
9 -11 11 7 
1 -1 20 -4 
8 -12 11 7 
0 0 20 -5 
8 -13 12 7 
0 0 20 -5 
7 -13 12 7 
-1 25 -13 -5 
-16 16 5 10 
0 24 -14 -4 
-16 15 4 10 
0 24 -14 -2 
-16 14 3 11 
1 23 -14 -1 
-16 13 2 11 
-17 28 3 -17 
29 8 -7 21 
-17 29 3 -16 
29 7 -5 21 
-18 30 3 -15 
28 6 -3 21 
-19 30 3 -15 
27 5 -1 20 
13 7 -6 -6 
-15 -20 -17 -18 
13 6 -6 -6 
-15 -20 -18 -18 
13 6 -6 -5 
-14 -21 -19 -18 
13 5 -5 -4 
-14 -21 -19 -18 
20 -21 5 -34 
1 1 10 -20 
20 -20 6 -34 
0 1 10 -19 
20 -20 7 -34 
0 2 10 -19 
19 -20 8 -34 
-1 2 10 -19 
2 21 -3 5 
19 -2 2 16 
1 22 -3 5 
18 -2 3 15 
0 22 -2 5 
17 -2 4 15 
0 23 -1 6 
16 -1 5 14 
0 -23 -7 5 
7 -6 -7 3 
0 -23 -7 4 
7 -6 -7 4 
0 -23 -7 4 
7 -7 -6 5 
-1 -23 -7 3 
7 -7 -6 5 
12 4 -3 7 
-2 22 24 -4 
12 3 -3 8 
-2 22 24 -3 
13 2 -3 9 
-3 22 24 -2 
14 1 -3 10 
-3 21 23 -1 
-5 6 9 -5 
21 -6 -9 10 
-6 7 9 -5 
21 -6 -8 9 
-8 7 10 -6 
21 -6 -7 9 
-9 8 10 -6 
21 -6 -5 8 
-6 16 4 20 
14 2 -19 3 
-6 15 3 21 
16 1 -19 4 
-6 13 3 22 
17 0 -19 4 
-7 12 2 23 
19 -1 -19 5 
-14 -2 16 -19 
-27 3 19 1 
-13 -3 14 -18 
-27 2 18 1 
-12 -3 12 -18 
-27 0 17 2 
-10 -3 10 -17 
-27 -1 16 3 
-12 6 10 -36 
-19 -13 -6 9 
-13 7 11 -36 
-19 -13 -6 8 
-13 9 12 -36 
-19 -12 -6 7 
-14 10 12 -36 
-19 -12 -6 6 
-2 0 -5 0 
-4 -10 22 7 
-1 0 -4 0 
-5 -11 23 7 
-1 0 -4 0 
-6 -11 23 7 
-1 1 -4 0 
-7 -12 23 7 
6 10 -7 -16 
24 3 5 26 
6 11 -6 -16 
24 2 5 25 
6 12 -5 -16 
25 2 5 25 
6 13 -5 -16 
25 2 6 24 
-6 -20 8 1 
-16 3 27 5 
-5 -20 7 0 
-17 2 27 6 
-4 -20 5 0 
-18 2 27 7 
-3 -20 4 0 
-19 1 26 7 
0 13 0 18 
-5 -3 -10 -6 
-1 12 1 19 
-6 -3 -9 -6 
-2 11 2 20 
-7 -3 -8 -6 
-3 10 3 21 
-8 -2 -7 -6 
10 8 -31 10 
-9 12 5 8 
11 8 -31 10 
-8 12 4 8 
12 8 -30 10 
-6 13 2 7 
13 8 -30 10 
-5 14 1 7 
7 -16 29 12 
1 -21 5 -6 
6 -16 30 11 
1 -22 5 -5 
6 -16 30 10 
1 -23 5 -5 
5 -16 29 9 
1 -23 5 -5 
-29 6 -4 -21 
-5 21 -18 15 
-29 7 -4 -20 
-6 20 -17 15 
-30 7 -5 -19 
-7 20 -16 15 
-30 8 -5 -18 
-8 19 -15 16 
-34 19 -37 6 
14 6 -29 3 
-34 19 -37 6 
14 6 -28 3 
-35 19 -38 6 
15 6 -27 2 
-35 19 -38 6 
15 7 -26 2 
-5 -34 -8 -15 
29 4 5 -1 
-5 -33 -9 -16 
29 4 5 0 
-4 -33 -10 -17 
29 3 6 1 
-4 -32 -11 -19 
29 2 7 2 
-8 0 -11 -15 
-14 2 13 -2 
-6 1 -13 -15 
-14 2 12 -2 
-5 1 -14 -15 
-14 2 11 -2 
-3 1 -16 -15 
-14 2 10 -3 
-7 6 1 3 
-21 -9 -17 1 
-7 6 1 3 
-22 -8 -16 0 
-8 6 2 3 
-22 -8 -16 0 
-9 7 2 3 
-23 -8 -16 -1 
28 21 -19 7 
1 -19 4 2 
28 21 -18 7 
0 -19 4 1 
28 21 -16 8 
0 -19 3 0 
28 21 -14 9 
-1 -19 3 -1 
7 -11 -18 -10 
12 4 3 16 
8 -10 -18 -10 
13 3 3 17 
8 -10 -17 -10 
13 2 2 17 
9 -10 -17 -10 
14 0 2 18 
-3 -6 15 -18 
-4 13 -1 -16 
-3 -6 15 -18 
-4 13 -1 -16 
-4 -7 14 -17 
-4 13 -1 -15 
-4 -7 13 -16 
-4 14 -1 -14 
1 12 -1 11 
4 6 -3 4 
1 12 -1 11 
4 6 -3 3 
1 12 -1 11 
3 6 -3 3 
1 11 -1 11 
3 6 -3 3 
19 1 -10 4 
-18 3 16 5 
20 2 -10 4 
-18 3 14 5 
21 2 -10 4 
-18 4 13 5 
22 2 -10 4 
-18 4 11 4 
6 -18 4 8 
-4 3 -30 -2 
5 -19 5 7 
-3 3 -30 -1 
4 -19 6 7 
-2 2 -30 0 
3 -19 7 6 
-1 2 -30 1 
-20 7 9 3 
-2 -6 -34 -22 
-21 6 8 3 
-2 -5 -33 -23 
-22 6 8 4 
-2 -4 -32 -23 
-23 5 7 5 
-1 -3 -31 -23 
-10 8 -14 22 
2 3 4 4 
-10 7 -14 22 
2 2 4 5 
-9 7 -15 23 
2 1 4 5 
-8 6 -15 23 
3 1 4 6 
-12 5 14 -12 
-8 19 -25 17 
-13 5 14 -11 
-8 18 -24 17 
-14 6 14 -11 
-7 17 -24 18 
-15 6 14 -11 
-6 17 -23 18 
11 14 14 11 
-5 1 15 -18 
11 14 14 11 
-6 2 15 -19 
10 13 14 11 
-7 4 15 -19 
10 12 15 12 
-8 5 15 -20 
-8 -13 -16 27 
-9 2 -8 -20 
-8 -14 -15 26 
-10 2 -8 -20 
-9 -15 -15 26 
-10 2 -8 -19 
-9 -16 -15 25 
-10 3 -8 -18 
-6 10 -13 -2 
-11 22 17 -6 
-5 10 -13 -2 
-10 21 17 -6 
-5 10 -12 -2 
-9 20 17 -6 
-5 10 -12 -2 
-7 19 17 -6 
-113 65 73 -40 
199 184 490 -216 
-111 63 72 -39 
168 200 510 -219 
-108 60 70 -38 
137 215 529 -221 
-104 57 68 -36 
105 229 546 -222 
-78 -102 -257 99 
64 49 53 -91 
-79 -100 -250 84 
55 54 62 -91 
-80 -97 -242 69 
46 59 70 -91 
-80 -95 -233 54 
37 63 79 -90 
61 -75 -55 11 
17 3 19 -30 
60 -74 -51 6 
14 2 20 -28 
58 -74 -46 0 
11 1 22 -26 
57 -73 -40 -5 
8 -1 23 -24 
43 -33 -33 -50 
-2 -6 -34 -74 
42 -33 -31 -50 
0 -3 -35 -75 
41 -33 -28 -51 
2 0 -36 -75 
40 -34 -26 -51 
3 3 -37 -75 
-22 -39 10 -2 
-23 -17 -17 30 
-22 -37 9 -5 
-22 -19 -17 31 
-22 -36 8 -7 
-22 -21 -17 31 
-23 -34 7 -10 
-21 -23 -17 32 
-13 16 10 5 
-45 -7 -6 -23 
-13 14 11 8 
-45 -8 -7 -22 
-14 11 11 10 
-45 -8 -7 -21 
-14 9 11 13 
-46 -9 -8 -20 
2 25 -8 -1 
-16 -18 5 -16 
1 25 -7 1 
-16 -17 5 -17 
1 24 -5 2 
-17 -16 5 -17 
0 23 -4 4 
-17 -15 5 -18 
2 -3 0 16 
-16 -6 9 -9 
2 -4 1 17 
-16 -6 8 -9 
2 -5 2 17 
-17 -6 8 -8 
2 -6 3 18 
-17 -6 8 -8 
-26 -4 -14 1 
3 3 15 -5 
-26 -4 -14 1 
1 3 16 -4 
-26 -4 -14 1 
0 3 18 -4 
-26 -5 -14 1 
-1 3 19 -4 
-4 -19 5 -7 
28 -14 -7 -17 
-5 -19 6 -7 
28 -14 -5 -17 
-7 -19 7 -8 
28 -14 -4 -17 
-8 -19 8 -8 
27 -13 -2 -17 
1 -4 10 9 
-32 -1 -26 -16 
1 -5 10 9 
-32 -1 -26 -16 
0 -6 10 10 
-31 -1 -27 -15 
-1 -7 10 10 
-30 -1 -28 -14 
25 -6 14 -2 
-16 -9 -10 -6 
24 -6 16 -2 
-15 -10 -11 -6 
24 -7 17 -2 
-14 -10 -12 -6 
23 -7 18 -2 
-13 -10 -13 -5 
-4 -13 3 -17 
12 0 14 -20 
-3 -13 2 -17 
13 1 13 -20 
-2 -13 1 -17 
14 2 13 -20 
-1 -13 1 -17 
16 3 12 -20 
-20 14 27 20 
-25 -6 -5 14 
-20 14 26 20 
-25 -6 -5 13 
-21 14 24 20 
-26 -7 -5 13 
-21 14 23 19 
-26 -7 -6 12 
5 -19 -3 -16 
0 -15 14 -25 
5 -19 -3 -16 
0 -15 14 -25 
5 -19 -2 -16 
0 -15 14 -25 
5 -19 -1 -16 
0 -15 14 -25 
-15 37 2 -25 
-2 -14 25 13 
-15 39 1 -25 
-4 -13 26 11 
-15 40 1 -24 
-5 -13 26 8 
-14 42 1 -23 
-7 -12 27 6 
10 1 -6 -7 
3 14 -15 6 
9 2 -5 -7 
4 15 -15 6 
9 2 -4 -7 
5 15 -15 6 
8 3 -2 -8 
6 16 -15 6 
-15 -4 15 11 
17 5 -2 12 
-16 -3 14 10 
16 4 0 12 
-17 -3 14 10 
16 4 1 13 
-17 -3 13 9 
15 3 2 13 
-3 16 -3 9 
6 -1 -13 -20 
-3 15 -3 10 
7 -1 -12 -20 
-4 14 -3 11 
8 0 -12 -20 
-4 13 -3 12 
8 0 -12 -20 
15 3 12 -14 
6 -10 4 -7 
15 4 12 -14 
6 -10 3 -8 
15 4 12 -14 
7 -9 3 -9 
15 5 12 -14 
7 -8 2 -10 
-12 -13 9 12 
0 -3 1 -9 
-12 -14 8 13 
0 -4 1 -8 
-12 -14 7 12 
0 -5 1 -7 
-11 -15 7 12 
0 -5 1 -6 
-30 -14 -5 -15 
14 28 14 5 
-30 -15 -6 -14 
13 27 16 6 
-29 -15 -6 -14 
12 26 17 8 
-29 -15 -7 -14 
10 25 18 9 
10 2 0 -2 
10 -3 -10 -18 
9 2 0 -2 
9 -3 -9 -18 
8 1 1 -2 
9 -2 -9 -18 
7 1 2 -2 
9 -1 -8 -19 
-12 -14 -10 6 
8 1 -9 -13 
-12 -15 -10 6 
8 1 -9 -13 
-12 -15 -11 5 
8 0 -8 -12 
-12 -16 -11 5 
8 0 -8 -11 
-11 11 -9 -10 
-12 9 -21 0 
-10 11 -9 -10 
-11 9 -21 0 
-10 11 -10 -9 
-10 9 -22 0 
-10 11 -10 -9 
-9 10 -22 0 
-25 -13 -7 3 
-20 -5 -5 11 
-24 -13 -8 3 
-21 -7 -5 12 
-24 -13 -9 2 
-21 -8 -5 13 
-23 -13 -10 2 
-22 -10 -5 14 
7 10 -18 -31 
-3 -11 -2 7 
8 11 -18 -30 
-3 -11 -2 6 
8 12 -17 -29 
-3 -11 -2 5 
8 13 -16 -28 
-3 -11 -3 5 
1 -15 -15 -4 
-21 -7 -16 -13 
2 -15 -15 -4 
-19 -7 -17 -13 
2 -16 -15 -4 
-18 -6 -19 -12 
3 -16 -15 -4 
-17 -6 -20 -12 
-8 4 3 6 
-12 -18 22 -16 
-7 4 3 6 
-12 -17 22 -17 
-6 4 2 6 
-13 -16 22 -17 
-5 4 2 6 
-13 -15 21 -18 
-5 -8 17 13 
-8 22 -10 -19 
-7 -9 18 13 
-8 23 -9 -18 
-8 -10 18 14 
-8 24 -9 -17 
-9 -12 19 14 
-9 24 -8 -16 
-28 -9 -14 18 
11 -14 -13 -18 
-28 -10 -14 17 
11 -14 -12 -18 
-29 -11 -14 16 
11 -13 -11 -18 
-29 -11 -14 15 
11 -13 -9 -18 
6 10 -9 -2 
-13 -2 10 -2 
7 10 -10 -2 
-13 -2 9 -2 
8 10 -10 -1 
-13 -3 8 -2 
9 10 -10 0 
-13 -3 7 -2 
-21 15 -5 -10 
-16 -4 -10 11 
-21 15 -5 -10 
-17 -5 -10 10 
-21 16 -5 -10 
-17 -5 -9 10 
-22 16 -5 -9 
-18 -6 -9 9 
9 -13 -12 -23 
11 19 0 11 
9 -12 -11 -24 
11 19 0 11 
9 -11 -10 -24 
11 20 1 11 
8 -10 -9 -24 
11 20 1 12 
-1 7 -2 20 
1 -2 -7 3 
-1 7 -3 20 
2 -2 -7 2 
-1 7 -3 20 
3 -2 -8 2 
-1 7 -3 19 
5 -2 -8 2 
13 15 37 17 
13 26 6 -13 
12 14 38 18 
13 27 7 -13 
11 13 38 19 
12 28 7 -13 
10 12 38 19 
11 29 8 -13 
16 7 -11 11 
-6 30 16 17 
18 8 -11 10 
-6 31 15 17 
19 9 -11 8 
-5 31 14 17 
20 10 -11 7 
-5 31 12 17 
10 -8 22 1 
6 -21 11 10 
10 -6 23 -1 
6 -21 11 9 
9 -5 23 -3 
5 -22 12 8 
8 -4 24 -4 
4 -22 12 7 
0 14 -10 -11 
5 -16 13 8 
1 14 -10 -11 
4 -16 14 7 
1 15 -10 -10 
3 -16 14 6 
2 15 -10 -9 
3 -16 14 5 
-5 4 -6 -2 
20 -9 1 -9 
-5 3 -6 -1 
19 -9 2 -9 
-6 3 -6 0 
19 -9 3 -9 
-6 2 -5 0 
18 -10 4 -9 
-2 6 2 -9 
-9 -1 -11 -2 
-2 6 1 -8 
-8 0 -11 -2 
-3 6 1 -8 
-8 0 -11 -3 
-3 6 1 -7 
-8 1 -11 -3 
-6 -2 -7 14 
-3 4 2 -4 
-6 -3 -7 14 
-4 4 3 -3 
-5 -4 -7 14 
-4 3 3 -3 
-5 -4 -7 14 
-5 3 3 -2 
2 15 -20 -8 
4 9 20 9 
3 15 -20 -8 
3 9 19 9 
4 16 -20 -7 
3 9 19 9 
5 16 -20 -7 
2 9 19 8 
5 -5 -9 5 
-14 5 -2 -1 
5 -5 -8 4 
-14 5 -2 0 
6 -5 -8 4 
-14 5 -3 0 
6 -5 -8 4 
-14 5 -4 1 
-1 3 -1 -2 
-5 -15 10 12 
-1 3 -1 -2 
-6 -16 10 11 
-1 3 -1 -2 
-7 -16 10 11 
-1 4 0 -2 
-7 -17 10 11 
9 -2 -4 -1 
-34 10 -10 7 
8 -2 -3 0 
-35 10 -11 8 
8 -2 -2 0 
-36 10 -12 8 
7 -2 -2 1 
-37 10 -12 9 
2 -5 -36 9 
-4 5 -8 6 
3 -5 -34 8 
-3 5 -8 6 
3 -5 -33 8 
-3 5 -9 7 
4 -5 -32 8 
-2 4 -9 7 
13 6 17 5 
10 -18 -5 4 
12 5 18 5 
10 -19 -5 3 
10 5 18 6 
9 -19 -4 3 
9 5 19 6 
9 -20 -3 3 
-13 1 -8 -4 
33 3 -8 -16 
-13 0 -8 -2 
33 2 -6 -15 
-14 -1 -8 -1 
33 2 -4 -14 
-14 -2 -8 0 
33 2 -3 -14 
8 13 18 -11 
-23 0 -7 12 
7 14 18 -11 
-22 -2 -8 11 
6 15 18 -11 
-21 -4 -8 11 
6 15 18 -11 
-19 -6 -9 11 
-105 94 36 -51 
-3 161 372 -242 
-103 92 34 -48 
-33 180 386 -247 
-99 89 32 -45 
-63 198 398 -251 
-95 85 29 -42 
-93 215 409 -254 
-84 -64 -427 174 
27 99 28 -83 
-78 -64 -418 160 
23 106 32 -82 
-74 -64 -408 146 
19 112 35 -81 
-69 -64 -397 132 
15 118 39 -80 
-5 -124 -19 71 
-6 -19 -25 -83 
-7 -126 -17 63 
-8 -19 -23 -80 
-10 -127 -15 55 
-10 -19 -21 -77 
-12 -129 -13 47 
-12 -19 -19 -74 
35 -32 -21 -40 
-19 17 -19 -44 
34 -32 -19 -41 
-18 19 -21 -44 
33 -32 -17 -41 
-18 21 -22 -43 
32 -32 -14 -41 
-17 23 -22 -42 
-30 -4 3 19 
-14 -37 -34 27 
-31 -3 3 18 
-13 -39 -33 27 
-33 -2 4 16 
-12 -41 -32 26 
-34 -1 3 14 
-10 -42 -32 25 
-41 15 34 -24 
-5 -30 -24 -14 
-43 15 34 -22 
-6 -30 -22 -15 
-46 15 34 -20 
-7 -29 -20 -16 
-48 14 34 -18 
-8 -28 -18 -17 
-27 2 -33 5 
-7 24 -1 -27 
-26 1 -34 6 
-6 26 -2 -27 
-25 0 -35 7 
-5 28 -2 -26 
-23 -2 -35 8 
-4 30 -3 -26 
-43 -24 17 25 
-6 5 11 25 
-43 -24 16 23 
-7 5 12 25 
-43 -23 14 21 
-8 4 13 26 
-43 -22 13 18 
-9 3 14 26 
7 -33 10 -11 
20 -18 -4 14 
6 -33 11 -12 
21 -19 -4 14 
5 -32 12 -13 
22 -20 -3 14 
4 -30 13 -14 
22 -21 -3 14 
11 -10 35 -25 
-21 -23 -8 21 
11 -9 35 -25 
-21 -24 -8 20 
10 -8 35 -25 
-21 -24 -9 20 
9 -6 34 -25 
-21 -25 -9 19 
4 7 -18 5 
3 25 3 5 
4 6 -17 6 
3 26 2 6 
5 6 -17 7 
4 27 2 6 
6 5 -16 8 
5 28 1 7 
13 -5 10 39 
-14 2 15 15 
14 -5 9 38 
-14 1 14 15 
15 -6 9 37 
-14 1 13 16 
15 -6 8 36 
-14 1 12 16 
2 -24 8 17 
4 14 6 -14 
1 -25 9 18 
3 14 6 -12 
1 -27 9 18 
3 13 7 -10 
0 -28 10 18 
2 13 7 -8 
-16 12 0 14 
7 2 -38 -7 
-17 11 1 15 
8 2 -37 -7 
-19 10 1 15 
8 1 -35 -7 
-20 9 1 16 
9 1 -34 -6 
-3 -4 1 -15 
-25 -6 -2 -8 
-3 -4 1 -15 
-26 -5 -2 -8 
-3 -4 0 -15 
-27 -4 -2 -9 
-3 -3 0 -15 
-28 -3 -2 -9 
-1 -29 -29 8 
3 -11 -14 3 
-1 -29 -28 7 
5 -12 -14 3 
-1 -28 -27 6 
6 -13 -15 4 
-1 -28 -26 4 
8 -13 -15 4 
-6 24 39 -3 
-25 -1 -21 13 
-8 25 39 -2 
-24 -1 -21 12 
-9 25 38 -1 
-24 0 -21 11 
-11 25 38 0 
-24 0 -21 10 
-4 15 10 24 
-3 -10 -6 15 
-5 14 11 24 
-4 -11 -4 15 
-6 14 12 24 
-6 -11 -3 15 
-7 14 12 24 
-7 -12 -2 15 
-5 24 -39 6 
20 -6 10 3 
-4 24 -39 8 
19 -7 11 3 
-3 23 -38 9 
19 -7 11 3 
-3 22 -38 11 
18 -8 12 2 
-13 1 -20 -20 
9 -23 10 10 
-12 2 -22 -19 
9 -23 10 9 
-10 2 -23 -19 
10 -24 10 9 
-9 3 -24 -19 
11 -24 10 8 
-20 -5 16 2 
7 1 22 -31 
-20 -7 15 3 
6 2 23 -30 
-20 -8 14 4 
4 2 24 -29 
-20 -10 13 6 
2 2 26 -28 
1 14 -22 5 
0 18 2 5 
1 14 -22 6 
0 17 2 6 
1 13 -21 6 
1 17 2 7 
2 13 -21 7 
1 16 1 7 
-9 16 8 -7 
9 8 -4 -5 
-10 16 8 -6 
9 8 -4 -5 
-10 15 8 -6 
8 7 -3 -4 
-11 15 8 -5 
8 7 -2 -4 
7 6 0 -1 
28 18 -2 -14 
7 5 0 -1 
29 18 -2 -13 
6 4 0 -1 
29 18 -1 -13 
6 3 0 0 
29 18 0 -12 
4 -5 8 -2 
-2 2 3 -4 
5 -5 7 -3 
-2 1 3 -4 
5 -6 6 -4 
-1 0 2 -3 
5 -6 5 -4 
-1 0 2 -3 
-6 23 -3 -16 
-8 -4 -6 -9 
-6 24 -3 -16 
-8 -3 -6 -10 
-6 24 -4 -15 
-8 -2 -6 -11 
-6 24 -4 -14 
-8 -2 -6 -12 
12 20 -8 6 
-2 2 3 20 
13 21 -8 6 
-2 2 2 19 
13 21 -7 6 
-2 2 2 18 
13 22 -7 6 
-2 1 1 18 
-11 -29 -7 -2 
2 -10 -23 -5 
-12 -30 -7 -2 
2 -10 -22 -4 
-12 -30 -7 -3 
2 -11 -21 -3 
-13 -30 -7 -4 
2 -12 -20 -2 
3 18 -8 -9 
-10 -11 7 4 
3 18 -8 -8 
-11 -11 7 3 
4 18 -8 -7 
-11 -11 6 3 
4 18 -8 -6 
-11 -11 6 2 
6 6 -2 -8 
-3 -17 -12 -2 
6 6 -1 -7 
-2 -17 -12 -2 
5 7 -1 -7 
-2 -16 -12 -3 
5 7 0 -7 
-1 -16 -13 -4 
-9 -2 18 -3 
30 2 -4 -2 
-10 -2 18 -2 
30 3 -3 -2 
-11 -2 18 -2 
30 3 -2 -1 
-12 -2 18 -2 
30 4 0 -1 
-16 -17 19 11 
-2 5 -15 -1 
-17 -17 18 10 
-2 4 -14 0 
-18 -18 17 10 
-1 3 -14 1 
-19 -18 16 9 
-1 3 -13 2 
27 -5 22 -16 
-6 4 -1 12 
26 -5 22 -16 
-5 4 -2 12 
26 -4 23 -16 
-5 4 -3 12 
25 -3 24 -16 
-4 3 -4 12 
-9 -2 -1 -6 
4 -11 4 -4 
-8 -1 -2 -6 
4 -11 4 -5 
-8 -1 -2 -6 
4 -10 4 -6 
-7 -1 -3 -6 
4 -10 4 -6 
3 5 -7 3 
2 2 2 11 
4 5 -8 3 
3 2 1 11 
5 6 -8 3 
5 2 0 10 
6 6 -9 3 
6 3 -1 10 
-16 0 15 6 
19 -2 27 17 
-16 0 14 6 
18 -2 28 17 
-16 1 13 5 
17 -3 29 17 
-15 1 12 5 
16 -3 30 17 
-16 8 -6 6 
1 -4 -22 0 
-17 7 -7 7 
1 -5 -22 0 
-17 7 -7 8 
2 -5 -21 1 
-18 6 -7 9 
3 -6 -21 1 
7 -22 13 -28 
-19 -14 -2 -23 
7 -22 13 -29 
-19 -14 -2 -23 
7 -22 13 -29 
-18 -13 -3 -22 
6 -22 13 -29 
-18 -13 -4 -22 
0 1 4 -3 
-5 -14 -14 -8 
-1 1 5 -3 
-5 -13 -14 -9 
-2 1 5 -3 
-4 -13 -14 -9 
-2 1 6 -3 
-3 -13 -14 -10 
-23 -28 7 -7 
-14 -12 8 -21 
-23 -28 7 -8 
-16 -11 9 -21 
-23 -28 6 -8 
-18 -10 10 -21 
-23 -28 5 -9 
-19 -9 10 -21 
12 1 -21 13 
7 -6 -9 19 
12 1 -20 13 
8 -7 -9 19 
11 1 -18 13 
9 -8 -9 18 
11 2 -17 13 
10 -9 -9 18 
-9 0 24 -23 
9 -16 -13 -16 
-10 1 24 -23 
9 -15 -12 -17 
-11 1 23 -22 
8 -15 -11 -18 
-12 1 23 -22 
8 -14 -10 -19 
0 -8 -12 -13 
19 6 -2 18 
0 -7 -12 -13 
19 6 -2 18 
0 -6 -12 -14 
19 5 -1 18 
0 -5 -12 -14 
19 5 -1 18 
-28 -15 -16 1 
4 5 6 -8 
-27 -16 -18 1 
4 4 6 -7 
-25 -16 -19 1 
4 3 6 -6 
-24 -17 -21 1 
5 3 6 -5 
9 7 12 -6 
27 21 18 -7 
9 7 12 -6 
27 21 19 -6 
9 6 12 -5 
27 22 19 -6 
10 6 12 -5 
27 22 19 -5 
5 -5 17 0 
-1 -4 -15 2 
5 -4 17 -1 
1 -4 -16 2 
5 -3 16 -2 
3 -4 -17 1 
5 -3 15 -2 
5 -4 -17 1 
2 2 31 3 
2 -1 7 3 
2 2 30 3 
3 -1 7 3 
1 3 30 3 
3 -1 7 2 
1 3 29 3 
3 0 7 2 
8 -10 5 9 
-2 3 14 -11 
8 -11 5 9 
-2 3 14 -10 
9 -11 5 9 
-2 3 13 -10 
9 -12 5 9 
-2 3 13 -9 
-7 -13 -4 -8 
3 -1 3 2 
-6 -12 -4 -9 
3 -1 3 2 
-6 -12 -4 -9 
3 -1 3 2 
-5 -12 -5 -10 
3 -1 3 2 
-16 10 -7 19 
-2 23 13 -20 
-15 9 -8 20 
-1 22 13 -19 
-15 7 -9 21 
0 21 13 -18 
-14 6 -9 21 
1 20 13 -17 
-52 74 49 -27 
-162 119 259 -305 
-50 70 47 -26 
-187 141 265 -311 
-47 65 46 -23 
-211 163 270 -316 
-43 59 44 -21 
-236 184 274 -320 
0 9 -425 299 
-19 120 -31 -14 
5 6 -413 288 
-19 125 -33 -13 
9 4 -399 276 
-18 130 -35 -12 
13 1 -385 264 
-18 135 -36 -10 
-19 -67 -29 118 
43 -43 26 -66 
-18 -70 -29 112 
41 -42 28 -65 
-18 -72 -29 106 
39 -41 30 -64 
-17 -75 -30 100 
38 -40 32 -63 
28 -6 2 -17 
-30 72 -9 10 
27 -6 2 -16 
-30 73 -10 12 
27 -6 3 -16 
-30 73 -11 13 
27 -6 3 -16 
-30 74 -12 15 
0 -3 -8 12 
10 -41 36 14 
0 -1 -7 9 
9 -41 37 13 
0 1 -6 6 
7 -41 38 11 
1 3 -5 3 
5 -41 38 9 
-26 12 -22 -8 
-8 -23 -10 3 
-26 11 -22 -7 
-7 -23 -10 2 
-25 11 -23 -5 
-6 -24 -11 2 
-25 11 -23 -4 
-4 -24 -11 1 
-1 26 24 -4 
1 3 -9 22 
-1 27 24 -3 
2 3 -9 21 
-2 27 24 -2 
2 3 -9 20 
-2 27 23 0 
2 4 -9 19 
4 -1 -15 24 
-38 -19 27 30 
6 -1 -16 24 
-39 -20 25 30 
8 0 -17 24 
-39 -22 23 30 
10 0 -18 23 
-39 -23 21 30 
4 -27 -2 -26 
-9 -1 -12 6 
4 -27 0 -26 
-8 -1 -12 7 
3 -26 1 -26 
-8 -1 -12 7 
2 -25 2 -26 
-7 -1 -13 7 
7 -1 16 15 
-3 -17 -12 4 
6 -2 16 15 
-2 -18 -12 4 
6 -2 17 15 
-1 -18 -12 4 
5 -2 17 15 
-1 -19 -12 4 
0 20 19 -2 
-24 21 -16 6 
-1 20 19 -1 
-24 22 -17 5 
-2 20 20 0 
-23 23 -17 5 
-3 20 20 1 
-22 25 -18 5 
13 19 10 38 
-36 14 22 20 
14 18 10 37 
-37 13 21 20 
14 18 11 37 
-38 13 20 20 
15 18 11 36 
-38 13 18 20 
2 -9 -17 4 
9 11 22 -3 
3 -9 -16 4 
8 11 22 -2 
3 -10 -15 3 
8 10 22 -1 
4 -10 -14 3 
7 9 22 0 
-26 19 -2 -20 
-16 12 -1 1 
-26 20 -3 -20 
-17 14 0 0 
-26 21 -4 -20 
-18 15 1 -1 
-26 22 -5 -20 
-19 16 1 -2 
9 -2 -12 -3 
-5 -2 -14 31 
8 1 -11 -5 
-5 -2 -15 30 
7 3 -9 -6 
-5 -2 -15 29 
7 5 -8 -8 
-5 -2 -15 28 
25 -15 -5 -2 
5 -13 8 11 
26 -14 -5 -3 
6 -13 7 11 
26 -14 -4 -4 
6 -14 6 11 
27 -13 -4 -5 
7 -14 5 10 
-20 -12 10 -20 
1 -2 -24 -4 
-21 -11 10 -20 
2 -1 -23 -4 
-22 -11 9 -20 
2 0 -23 -4 
-23 -10 8 -20 
2 0 -22 -5 
-3 -3 -1 -1 
0 -15 -7 15 
-3 -2 -1 -1 
0 -15 -8 14 
-3 -1 -2 -2 
1 -15 -8 13 
-3 0 -2 -3 
2 -15 -8 12 
23 -7 7 7 
-6 -8 26 -11 
24 -7 7 7 
-6 -8 25 -11 
25 -8 7 7 
-6 -7 24 -11 
26 -8 7 7 
-5 -7 23 -11 
-11 -6 4 10 
-16 1 -10 -17 
-12 -7 4 11 
-16 2 -10 -16 
-12 -8 4 11 
-17 2 -10 -16 
-12 -9 3 11 
-17 3 -10 -16 
27 12 -11 9 
2 5 4 -9 
27 12 -10 9 
2 6 3 -10 
28 12 -9 9 
3 6 2 -10 
28 11 -8 9 
4 6 1 -10 
-12 -2 12 -18 
1 10 -8 9 
-12 -1 11 -19 
2 10 -8 9 
-13 0 11 -20 
2 11 -8 8 
-13 2 10 -21 
3 12 -8 8 
17 -21 13 11 
-28 -4 -7 -6 
18 -22 13 10 
-27 -5 -9 -5 
18 -22 13 9 
-26 -7 -10 -4 
18 -23 13 8 
-24 -8 -12 -3 
-11 8 11 -45 
-6 -13 -14 10 
-11 10 11 -45 
-6 -13 -13 9 
-12 11 12 -44 
-5 -13 -13 8 
-13 13 12 -44 
-5 -14 -13 7 
0 7 9 -5 
-14 12 -30 4 
-1 7 9 -5 
-14 12 -30 4 
-2 7 10 -4 
-14 12 -30 4 
-4 7 10 -3 
-14 12 -30 4 
-11 0 -34 7 
1 6 9 7 
-10 1 -34 6 
1 6 8 7 
-8 1 -34 6 
2 7 8 6 
-7 1 -35 5 
3 7 7 6 
11 -36 14 13 
-11 -8 12 -11 
11 -37 14 12 
-11 -8 11 -9 
12 -37 14 11 
-10 -9 10 -9 
12 -38 14 10 
-10 -9 9 -8 
-4 8 9 11 
10 -2 12 -2 
-5 7 9 12 
9 -2 13 -2 
-5 7 10 13 
8 -2 14 -2 
-5 6 10 14 
7 -1 14 -2 
-7 2 -23 15 
-15 25 0 7 
-6 1 -23 16 
-16 24 -1 8 
-6 0 -24 16 
-16 24 -1 10 
-5 -1 -24 17 
-17 23 -1 11 
14 5 -25 3 
8 -4 33 -11 
15 4 -24 3 
8 -4 32 -11 
17 4 -24 3 
7 -3 32 -11 
18 3 -23 3 
7 -3 31 -11 
0 -11 8 -12 
16 7 2 16 
0 -10 8 -13 
16 7 2 16 
0 -9 8 -13 
17 7 3 16 
-1 -8 8 -14 
17 7 3 16 
-10 -23 22 5 
-6 -15 -7 -4 
-11 -23 22 4 
-6 -15 -6 -4 
-12 -23 21 3 
-6 -16 -6 -3 
-13 -23 21 2 
-7 -17 -5 -3 
17 2 14 -28 
-7 -9 -7 10 
16 4 15 -28 
-8 -8 -7 8 
15 5 16 -27 
-8 -7 -7 7 
14 7 17 -27 
-9 -6 -6 6 
11 -9 -21 23 
-4 15 5 -4 
12 -11 -21 23 
-4 15 4 -3 
13 -12 -20 23 
-3 14 3 -1 
14 -13 -20 23 
-3 13 2 0 
8 -24 9 -11 
-14 -20 -4 -19 
8 -24 9 -12 
-14 -20 -5 -19 
8 -24 9 -12 
-13 -20 -6 -18 
8 -24 9 -13 
-13 -20 -7 -18 
-7 10 2 -1 
11 7 -4 8 
-8 10 2 0 
10 7 -3 9 
-8 10 2 1 
10 7 -3 9 
-9 10 2 2 
9 7 -2 9 
-7 -12 -15 6 
-16 14 -20 -11 
-7 -13 -15 6 
-16 14 -20 -10 
-7 -14 -16 6 
-15 13 -21 -9 
-7 -15 -16 6 
-15 13 -21 -8 
7 -5 -8 -12 
-1 -24 -1 -3 
7 -4 -7 -13 
-1 -24 -1 -4 
7 -4 -7 -13 
-1 -24 -2 -4 
7 -3 -7 -14 
-1 -24 -2 -5 
10 6 -3 3 
-2 -15 -8 -20 
10 5 -3 4 
-2 -15 -8 -20 
10 4 -2 5 
-2 -15 -9 -20 
10 3 -2 6 
-1 -15 -9 -20 
-2 -1 -1 -10 
23 -8 -3 -4 
-3 -1 -1 -10 
23 -7 -2 -4 
-3 -1 -1 -10 
22 -7 -1 -4 
-3 0 -1 -10 
22 -6 0 -5 
0 0 -1 6 
0 0 0 0 
0 0 -1 6 
0 0 0 0 
0 0 -2 6 
0 0 0 0 
0 0 -3 6 
0 0 0 0 
0 0 0 0 
0 0 0 0 
0 0 0 0 
0 0 0 0 
0 0 0 0 
0 0 0 0 
