77 353 750 386 
51 84 0 -111 
71 332 728 405 
57 86 -3 -109 
66 310 704 423 
63 88 -7 -106 
62 288 680 440 
69 89 -11 -103 
36 63 45 13 
-4 6 78 84 
41 67 40 11 
-4 6 74 80 
46 70 34 10 
-3 7 70 77 
51 73 29 8 
-2 8 67 74 
-9 -69 33 27 
-25 7 16 -20 
-9 -70 32 25 
-25 6 15 -18 
-9 -71 32 23 
-25 4 15 -15 
-9 -72 31 21 
-24 3 14 -12 
0 0 0 0 
0 0 0 0 
0 0 0 0 
0 0 0 0 
0 0 0 0 
0 0 0 0 
0 0 0 0 
0 0 0 0 
0 0 0 0 
0 0 0 0 
0 0 0 0 
0 0 0 0 
0 0 0 0 
0 0 0 0 
0 0 0 0 
0 0 0 0 
0 0 0 0 
0 0 0 0 
0 0 0 0 
0 0 0 0 
0 0 0 0 
0 0 0 0 
0 0 0 0 
0 0 0 0 
0 0 0 0 
0 0 0 0 
0 0 0 0 
0 0 0 0 
0 0 0 0 
0 0 0 0 
0 0 0 0 
0 0 0 0 
0 0 0 0 
0 0 0 0 
0 0 0 0 
0 0 0 0 
0 0 0 0 
0 0 0 0 
0 0 0 0 
0 0 0 0 
0 0 0 0 
1 0 0 0 
0 0 0 0 
1 0 0 0 
0 0 0 0 
1 0 0 0 
0 0 0 0 
1 0 0 0 
10 -3 -4 1 
44 -15 -22 7 
11 -3 -4 1 
48 -14 -24 7 
12 -3 -5 1 
52 -13 -26 6 
13 -3 -5 1 
55 -11 -27 6 
241 -61 -90 29 
-205 376 575 368 
270 -57 -98 27 
-214 365 554 381 
299 -52 -106 24 
-221 355 531 394 
328 -46 -113 22 
-227 344 507 406 
-43 -41 -67 63 
23 -58 28 57 
-43 -38 -61 56 
22 -59 30 55 
-42 -35 -56 48 
21 -61 32 54 
-42 -32 -51 41 
19 -61 34 52 
54 -20 19 -13 
-83 -36 51 -20 
55 -21 20 -11 
-85 -37 48 -20 
57 -21 21 -10 
-87 -39 45 -19 
58 -22 22 -9 
-89 -41 42 -19 
27 -9 -32 -68 
-10 10 -21 14 
26 -8 -28 -68 
-9 8 -22 15 
25 -6 -24 -66 
-8 7 -23 15 
24 -5 -20 -65 
-7 5 -23 16 
-27 -11 0 -48 
32 39 -13 -29 
-27 -10 -1 -48 
31 41 -11 -29 
-28 -9 -2 -48 
31 43 -10 -29 
-28 -9 -3 -47 
30 46 -8 -29 
-2 8 -29 30 
19 -6 11 13 
0 9 -30 28 
20 -7 10 12 
2 10 -32 26 
21 -7 10 11 
4 10 -33 24 
21 -7 9 11 
3 5 22 -22 
16 -8 -39 24 
1 7 22 -22 
18 -8 -39 23 
0 9 22 -22 
20 -8 -39 22 
-1 10 21 -23 
21 -8 -39 21 
-9 13 3 14 
-14 6 43 -37 
-7 12 0 15 
-14 8 42 -37 
-4 10 -2 16 
-14 9 41 -37 
-2 9 -4 17 
-14 10 39 -37 
-18 27 24 8 
22 2 18 22 
-19 28 25 7 
21 2 20 21 
-20 29 25 7 
19 1 22 21 
-21 30 25 7 
17 1 24 20 
-11 -35 -26 -22 
16 -2 19 -23 
-10 -36 -26 -23 
15 -2 20 -22 
-9 -36 -26 -24 
15 -3 20 -21 
-8 -36 -27 -25 
14 -3 21 -20 
-11 -1 11 -15 
-4 -15 -28 -13 
-12 -1 11 -15 
-3 -15 -27 -14 
-13 -1 11 -15 
-2 -14 -27 -14 
-15 -1 11 -15 
-2 -14 -26 -15 
-14 16 -2 2 
1 -19 -8 10 
-14 16 -3 2 
2 -20 -8 10 
-13 16 -3 3 
3 -20 -8 9 
-13 17 -4 3 
4 -20 -8 8 
-7 3 26 0 
34 11 -7 -2 
-8 3 26 1 
34 10 -6 -2 
-9 2 26 2 
34 10 -5 -1 
-11 1 25 3 
34 9 -3 0 
0 14 -4 -3 
-19 21 -7 -3 
0 14 -5 -3 
-18 22 -8 -3 
1 14 -6 -2 
-17 23 -9 -3 
2 14 -7 -2 
-17 24 -10 -3 
-10 5 -1 26 
26 -5 9 -10 
-10 4 -1 25 
26 -4 10 -11 
-10 4 -1 25 
27 -4 11 -11 
-9 3 -2 24 
27 -4 11 -11 
-3 -12 27 -14 
-28 -15 -2 -16 
-4 -12 26 -15 
-28 -14 -3 -17 
-4 -11 25 -15 
-28 -13 -3 -18 
-4 -11 24 -16 
-28 -13 -4 -18 
-13 -1 -5 -10 
-5 -13 -4 27 
-14 0 -4 -11 
-5 -14 -4 26 
-14 2 -3 -11 
-5 -14 -3 25 
-15 3 -3 -12 
-5 -14 -3 24 
8 -5 16 1 
-5 -19 6 -6 
7 -5 16 2 
-5 -19 7 -6 
6 -6 17 2 
-6 -19 7 -6 
6 -6 18 3 
-7 -20 7 -6 
17 -22 -9 -17 
-5 8 -6 4 
17 -22 -8 -17 
-4 8 -7 5 
17 -22 -7 -17 
-3 7 -8 6 
18 -22 -7 -17 
-1 6 -9 7 
-10 -9 13 -13 
6 18 7 -7 
-10 -9 12 -14 
5 18 8 -7 
-10 -9 11 -14 
5 19 9 -6 
-10 -9 11 -14 
4 19 9 -6 
15 0 -6 -9 
-2 -4 -11 9 
14 1 -6 -10 
-1 -4 -12 8 
14 3 -5 -11 
-1 -4 -12 7 
14 4 -4 -12 
0 -3 -13 6 
-14 -23 -4 -6 
0 11 -12 -6 
-14 -23 -5 -6 
0 11 -11 -6 
-14 -23 -5 -7 
0 12 -11 -5 
-14 -23 -5 -8 
0 12 -10 -4 
-14 -11 -6 0 
8 -10 -5 -1 
-14 -10 -7 0 
8 -10 -4 -1 
-15 -10 -7 -1 
8 -10 -4 -1 
-15 -10 -7 -2 
7 -9 -3 -2 
-10 -3 -9 6 
10 10 -3 5 
-10 -3 -9 7 
9 10 -3 5 
-10 -3 -9 7 
8 10 -2 6 
-10 -3 -10 7 
8 10 -1 6 
8 6 -17 3 
3 2 -6 8 
8 6 -17 3 
3 2 -6 7 
9 7 -17 3 
4 2 -7 7 
9 7 -17 3 
4 2 -7 7 
-24 11 -4 8 
6 20 -6 15 
-24 11 -5 8 
6 19 -5 15 
-24 11 -5 8 
6 19 -4 15 
-24 11 -6 8 
6 19 -3 15 
8 12 10 6 
3 -6 10 -5 
8 12 10 5 
2 -5 10 -6 
8 13 10 5 
2 -4 11 -7 
8 13 11 5 
1 -3 11 -8 
-10 16 -8 24 
-2 -7 -5 -5 
-10 15 -8 25 
-1 -7 -5 -5 
-10 14 -8 25 
-1 -6 -5 -6 
-9 13 -9 25 
0 -6 -5 -6 
-18 -2 3 -2 
-8 3 6 -19 
-17 -3 3 -1 
-8 4 7 -19 
-17 -3 2 -1 
-9 5 7 -19 
-17 -4 1 -1 
-9 6 7 -19 
-10 -29 4 5 
3 29 -33 6 
-11 -29 5 3 
5 29 -33 7 
-12 -29 5 2 
6 29 -32 8 
-14 -29 6 1 
7 29 -32 10 
0 -19 16 26 
-14 4 -10 -31 
0 -20 15 25 
-14 4 -11 -30 
-1 -22 15 24 
-13 5 -11 -29 
-1 -24 14 24 
-12 5 -12 -27 
-19 -17 9 -15 
16 1 7 -3 
-19 -16 9 -16 
15 1 8 -2 
-20 -16 8 -16 
15 0 10 -2 
-20 -15 8 -17 
14 0 11 -2 
2 14 8 -13 
1 -7 -8 7 
1 16 8 -13 
2 -7 -8 6 
0 17 9 -13 
2 -6 -8 5 
0 17 9 -13 
2 -5 -8 4 
5 -14 4 5 
5 27 9 6 
6 -15 4 5 
5 26 9 7 
6 -15 4 4 
6 26 8 8 
6 -15 3 4 
6 25 8 9 
9 2 27 -6 
-14 3 -25 23 
8 3 27 -7 
-13 3 -26 23 
7 4 27 -7 
-12 2 -26 23 
6 5 27 -8 
-11 2 -27 22 
-3 -6 0 8 
-18 24 -8 -19 
-3 -7 0 9 
-17 25 -9 -18 
-3 -8 -1 9 
-17 26 -9 -17 
-3 -9 -1 9 
-16 27 -10 -16 
9 -1 8 22 
4 -9 -13 11 
8 -1 9 21 
4 -10 -13 10 
7 -1 9 20 
5 -10 -13 10 
6 -1 10 19 
5 -11 -12 10 
-7 32 0 6 
11 2 -3 16 
-8 32 0 7 
11 2 -2 16 
-8 32 0 8 
11 1 -2 15 
-8 32 -1 10 
10 1 -1 15 
1 8 -2 -1 
11 12 0 -5 
1 8 -2 -1 
11 12 0 -5 
1 7 -2 -1 
11 12 0 -5 
1 7 -3 0 
12 12 0 -5 
-4 3 1 -11 
19 5 40 5 
-3 4 1 -12 
17 5 41 5 
-2 4 0 -12 
16 5 41 4 
-1 5 -1 -13 
15 5 42 4 
10 13 1 1 
-13 -5 -11 19 
10 13 1 1 
-13 -5 -12 19 
9 14 2 1 
-13 -6 -12 18 
8 15 2 1 
-12 -6 -12 18 
2 -8 0 -4 
30 4 8 3 
1 -9 0 -4 
30 3 9 4 
1 -9 1 -4 
29 3 10 4 
0 -9 1 -4 
28 3 12 5 
13 -3 -2 10 
-22 -6 -20 -15 
13 -5 -3 11 
-21 -7 -21 -14 
13 -6 -3 11 
-20 -7 -22 -13 
13 -7 -3 12 
-19 -8 -24 -12 
6 -3 18 -18 
11 28 10 12 
5 -3 19 -17 
10 28 11 13 
4 -3 19 -17 
9 27 12 14 
4 -3 20 -16 
7 26 13 15 
-9 0 -19 -1 
11 -19 -14 -9 
-9 0 -19 -1 
12 -18 -14 -10 
-9 1 -19 -2 
12 -17 -14 -10 
-9 1 -18 -2 
13 -17 -13 -11 
6 -4 13 4 
26 12 5 26 
6 -3 13 4 
26 11 6 27 
6 -3 12 4 
26 10 6 27 
6 -3 12 4 
26 9 6 28 
1 5 -7 4 
-14 10 6 1 
3 4 -8 4 
-13 9 4 2 
4 4 -10 5 
-13 8 3 2 
5 3 -11 5 
-12 7 2 3 
17 -18 11 -35 
-29 -10 -7 0 
17 -17 11 -36 
-29 -10 -8 0 
17 -15 12 -37 
-29 -10 -9 0 
17 -14 12 -37 
-28 -9 -11 -1 
-14 5 -10 3 
11 -18 -23 -23 
-15 5 -10 3 
12 -18 -22 -24 
-16 4 -10 4 
12 -17 -21 -24 
-16 3 -9 4 
13 -16 -21 -25 
-2 -18 -18 -8 
49 -23 -34 -3 
-1 -17 -19 -8 
53 -21 -36 -3 
1 -17 -20 -9 
56 -20 -38 -4 
2 -17 -22 -9 
60 -18 -40 -4 
327 -84 -110 48 
-152 438 637 435 
359 -81 -118 46 
-163 422 614 454 
391 -77 -125 44 
-172 405 590 472 
423 -71 -131 41 
-180 388 564 488 
9 20 -169 3 
79 -37 28 46 
15 24 -166 -2 
83 -34 25 42 
20 28 -162 -7 
87 -31 23 38 
26 32 -159 -11 
91 -28 21 34 
12 -5 69 76 
-83 -70 68 25 
15 -6 65 76 
-87 -72 66 24 
17 -7 60 75 
-91 -75 64 24 
20 -8 56 74 
-95 -77 61 23 
26 28 -72 -21 
1 1 7 -6 
27 27 -68 -17 
2 -1 6 -6 
28 26 -64 -13 
3 -2 5 -5 
29 24 -60 -9 
4 -3 3 -5 
-26 19 13 -51 
19 -21 -19 -14 
-27 22 12 -51 
21 -17 -18 -18 
-27 24 11 -51 
23 -13 -18 -21 
-27 26 9 -51 
25 -9 -18 -25 
-32 5 28 67 
12 31 1 15 
-32 5 26 66 
11 31 2 16 
-32 4 24 65 
11 32 4 16 
-32 4 22 63 
11 32 5 17 
-14 29 15 8 
5 -22 -50 59 
-16 32 16 7 
6 -22 -49 56 
-19 35 16 5 
6 -22 -47 53 
-21 38 17 4 
7 -22 -45 50 
-10 -16 -12 14 
5 -17 34 -7 
-8 -16 -13 14 
4 -17 34 -7 
-7 -17 -13 14 
4 -17 34 -7 
-5 -17 -14 14 
4 -16 34 -8 
-12 18 40 14 
17 4 -20 12 
-15 18 40 15 
16 4 -18 12 
-17 18 41 16 
16 4 -16 12 
-20 17 41 17 
15 4 -14 12 
39 -3 1 10 
-18 -6 7 6 
40 -4 2 10 
-18 -7 5 7 
40 -4 3 10 
-18 -8 3 7 
40 -4 3 10 
-17 -9 2 8 
0 1 2 -16 
17 13 -18 6 
0 1 3 -16 
18 13 -17 6 
-1 2 3 -15 
19 14 -17 6 
-2 2 4 -15 
20 14 -16 7 
-4 -15 12 19 
-5 -13 15 6 
-3 -15 11 19 
-5 -14 14 6 
-3 -16 10 18 
-4 -15 14 7 
-2 -16 8 17 
-4 -16 13 7 
0 17 17 -2 
-3 -10 -12 -22 
-1 16 18 -1 
-3 -10 -12 -23 
-2 15 18 1 
-3 -9 -11 -23 
-3 14 18 2 
-3 -8 -11 -24 
-3 18 -6 3 
10 16 13 -10 
-3 18 -6 4 
9 17 14 -10 
-3 18 -6 4 
8 18 14 -10 
-2 17 -6 5 
8 19 15 -10 
2 6 -20 13 
-24 5 13 -7 
3 6 -20 12 
-24 5 12 -7 
5 6 -20 12 
-24 5 11 -6 
6 5 -20 11 
-24 4 10 -6 
20 16 4 -5 
-2 -5 -8 5 
19 17 5 -5 
-2 -4 -8 4 
18 17 6 -5 
-3 -3 -9 3 
18 18 8 -5 
-3 -2 -9 2 
10 -1 -15 16 
-9 -18 -1 -3 
11 -1 -15 16 
-8 -18 -2 -3 
11 -2 -15 16 
-7 -18 -3 -4 
12 -2 -15 16 
-6 -17 -4 -4 
1 6 17 -2 
22 -7 17 13 
1 6 17 -1 
21 -7 18 13 
1 6 17 -1 
21 -8 18 12 
1 7 17 -1 
20 -9 19 12 
4 12 1 -19 
-4 -7 -6 21 
5 13 1 -18 
-3 -8 -7 21 
5 14 1 -18 
-2 -9 -8 20 
5 15 0 -17 
-1 -10 -9 19 
-11 9 3 -6 
3 -5 4 20 
-11 9 2 -5 
3 -7 4 21 
-10 9 1 -4 
3 -8 4 21 
-9 9 0 -4 
4 -10 4 21 
3 16 -6 -22 
-12 16 4 -16 
4 16 -7 -21 
-11 17 3 -16 
4 15 -7 -19 
-11 18 2 -16 
5 15 -8 -18 
-11 18 1 -16 
4 -16 6 1 
23 9 14 -4 
4 -16 6 -1 
23 10 14 -4 
4 -15 6 -2 
22 11 15 -4 
3 -15 6 -3 
22 12 16 -4 
3 -5 4 31 
9 1 0 -8 
2 -6 4 31 
9 1 1 -7 
2 -7 4 31 
8 0 1 -7 
2 -9 4 30 
8 0 2 -6 
-10 -7 -13 -11 
19 -9 12 -9 
-10 -7 -14 -11 
19 -9 13 -9 
-9 -7 -14 -11 
19 -9 14 -9 
-9 -7 -14 -11 
18 -9 14 -9 
7 -13 8 -21 
18 0 10 10 
7 -12 8 -22 
18 -1 10 10 
8 -11 7 -22 
18 -1 10 10 
8 -10 7 -22 
19 -1 10 10 
11 11 16 3 
-26 24 12 1 
12 11 15 4 
-27 24 11 1 
12 11 15 4 
-27 25 9 2 
13 10 14 5 
-27 25 8 2 
38 17 1 24 
-19 13 -3 -7 
38 17 3 24 
-18 14 -5 -8 
38 16 4 24 
-16 15 -7 -8 
38 16 6 24 
-14 15 -9 -8 
-6 -9 17 1 
-21 -3 -1 -8 
-6 -9 17 0 
-20 -3 -1 -8 
-6 -9 16 -1 
-20 -3 -2 -8 
-6 -9 16 -2 
-19 -3 -3 -9 
16 -16 29 -6 
-4 16 -7 8 
14 -16 30 -7 
-4 16 -7 9 
13 -16 31 -7 
-5 15 -7 10 
12 -16 32 -7 
-5 14 -7 11 
7 6 3 3 
10 8 -12 4 
6 6 4 4 
10 8 -11 5 
5 5 4 4 
9 8 -11 5 
4 5 5 4 
9 8 -10 5 
2 8 -3 13 
4 4 -25 13 
2 7 -3 13 
5 3 -25 13 
1 7 -3 13 
6 2 -25 13 
1 7 -3 13 
8 1 -25 14 
-12 11 9 -5 
0 -23 0 -16 
-12 11 9 -5 
0 -22 0 -17 
-12 11 8 -4 
0 -21 0 -18 
-12 11 7 -4 
0 -20 1 -20 
20 -16 8 -8 
-8 4 -19 31 
19 -15 9 -8 
-7 1 -20 32 
18 -15 10 -9 
-6 -1 -21 33 
17 -14 10 -9 
-5 -4 -22 34 
18 12 14 -29 
-26 1 24 -15 
19 12 14 -28 
-27 2 23 -16 
19 12 13 -27 
-28 2 22 -16 
20 12 13 -26 
-28 3 21 -17 
-23 -15 -16 -13 
-9 3 -1 11 
-23 -14 -16 -14 
-9 3 0 11 
-23 -13 -15 -15 
-10 3 1 11 
-23 -12 -15 -16 
-11 3 2 11 
22 1 3 -3 
-7 -3 4 -1 
22 1 5 -3 
-7 -3 4 -1 
21 1 6 -3 
-8 -3 4 -2 
21 1 7 -3 
-8 -2 4 -2 
-1 -10 -9 -2 
-12 -4 5 3 
0 -10 -9 -2 
-13 -5 4 3 
0 -10 -9 -2 
-13 -6 4 4 
0 -10 -8 -3 
-13 -7 4 4 
-1 3 0 -22 
-3 20 1 7 
-1 3 1 -22 
-4 20 2 7 
-2 4 1 -22 
-5 21 2 7 
-2 4 2 -21 
-5 21 3 7 
-7 9 -14 3 
-13 -14 13 -1 
-6 10 -14 3 
-13 -13 13 -2 
-6 10 -13 2 
-14 -13 13 -3 
-5 11 -13 1 
-14 -12 12 -4 
-5 -10 11 1 
-23 -8 -14 -14 
-6 -11 12 1 
-24 -8 -14 -14 
-7 -11 13 1 
-24 -8 -13 -14 
-8 -11 14 1 
-24 -7 -13 -14 
11 -11 -5 -1 
8 2 1 -22 
10 -11 -4 -1 
8 3 1 -21 
10 -12 -2 -1 
7 3 1 -21 
9 -13 -1 -1 
7 4 2 -21 
-16 10 -12 17 
-7 3 0 7 
-15 10 -13 17 
-7 2 0 7 
-15 9 -13 17 
-8 2 0 7 
-15 9 -14 17 
-8 1 1 7 
-25 2 -18 -3 
-4 -1 0 -20 
-24 1 -18 -3 
-5 0 1 -20 
-24 1 -19 -2 
-6 0 2 -20 
-24 0 -19 -2 
-7 1 3 -19 
4 12 -24 12 
1 -3 -3 -10 
5 11 -24 12 
2 -3 -4 -10 
5 11 -23 13 
3 -3 -4 -10 
6 10 -23 13 
3 -2 -5 -10 
6 -1 13 5 
-9 -1 4 16 
6 -1 12 4 
-9 -2 4 16 
6 -1 12 4 
-9 -3 3 17 
6 0 12 4 
-9 -4 3 17 
-2 5 2 -10 
17 1 32 -8 
-1 5 2 -10 
17 1 32 -8 
0 4 2 -9 
16 1 32 -8 
1 4 2 -8 
16 2 33 -8 
6 -7 27 -1 
19 8 4 11 
5 -7 27 -2 
19 8 5 12 
5 -6 27 -2 
19 8 5 12 
4 -6 27 -2 
19 8 6 12 
10 1 7 14 
-10 -1 11 15 
10 1 7 14 
-10 -2 10 15 
11 1 6 14 
-10 -3 9 15 
11 1 6 14 
-9 -4 8 16 
-12 8 -3 3 
-20 5 7 4 
-12 7 -3 4 
-20 5 7 4 
-11 6 -3 5 
-21 4 7 5 
-11 6 -4 6 
-21 4 6 5 
12 1 -19 -3 
37 8 -20 12 
14 1 -19 -3 
40 9 -23 12 
15 1 -19 -3 
43 10 -25 12 
17 1 -19 -3 
46 11 -27 12 
335 -90 -134 46 
-40 417 695 451 
369 -87 -142 43 
-50 395 673 471 
403 -83 -150 40 
-59 373 650 491 
437 -78 -156 37 
-68 350 626 509 
57 63 -135 -89 
63 -10 4 5 
64 66 -135 -90 
70 -6 -2 1 
70 69 -134 -90 
77 -2 -7 -3 
76 72 -132 -90 
83 2 -13 -7 
15 14 83 80 
-63 -66 66 13 
17 14 77 79 
-65 -67 63 11 
21 13 72 78 
-67 -68 60 9 
24 13 66 77 
-69 -69 57 7 
-18 19 -43 -19 
-3 43 4 -12 
-17 19 -41 -16 
-2 43 4 -11 
-16 18 -40 -13 
0 44 3 -11 
-15 17 -39 -11 
2 44 2 -10 
-55 -1 40 -38 
6 -16 -17 27 
-56 3 38 -41 
6 -15 -15 25 
-58 7 36 -44 
6 -14 -13 22 
-59 11 34 -47 
6 -12 -11 20 
-17 -1 12 18 
11 30 18 11 
-18 -1 12 18 
9 30 19 11 
-18 -2 11 17 
8 30 21 12 
-18 -2 11 17 
6 30 22 13 
-3 -5 -13 -5 
23 -7 -51 46 
-5 -3 -12 -7 
26 -8 -50 46 
-6 -1 -11 -8 
27 -10 -50 45 
-8 1 -10 -10 
29 -11 -49 45 
-30 12 15 0 
2 -4 -7 -23 
-30 11 13 2 
2 -4 -6 -23 
-30 10 11 3 
2 -4 -6 -23 
-30 8 9 5 
3 -4 -5 -22 
20 12 36 -3 
-8 -11 -16 -13 
18 11 37 -2 
-8 -11 -15 -14 
17 11 38 -2 
-9 -11 -15 -14 
15 10 39 -1 
-9 -12 -15 -14 
13 -11 -16 -19 
11 16 -7 1 
14 -11 -16 -19 
13 16 -8 2 
14 -11 -15 -18 
15 15 -8 3 
14 -11 -14 -18 
17 14 -9 4 
-7 -8 42 -8 
-10 13 -22 8 
-8 -8 41 -8 
-10 12 -21 9 
-9 -8 40 -8 
-10 11 -21 10 
-11 -8 39 -8 
-10 10 -20 11 
-21 8 -19 -9 
14 0 -9 0 
-21 8 -19 -8 
14 0 -9 0 
-21 8 -19 -8 
14 0 -8 0 
-20 8 -20 -7 
14 -1 -7 0 
-6 13 3 -2 
15 33 0 25 
-6 13 2 -2 
15 32 0 26 
-6 13 2 -1 
14 31 1 27 
-6 13 1 -1 
14 30 1 27 
-11 -8 -13 -2 
-14 2 8 7 
-10 -7 -14 -3 
-14 1 7 8 
-9 -7 -14 -4 
-15 1 7 8 
-8 -7 -15 -4 
-16 0 7 8 
-8 -3 -16 3 
8 19 3 -13 
-7 -4 -16 3 
8 19 4 -12 
-7 -5 -16 4 
8 19 4 -11 
-7 -6 -15 4 
7 19 5 -10 
4 0 -7 3 
-6 -21 5 -17 
5 0 -7 3 
-6 -20 4 -18 
5 0 -7 2 
-6 -19 4 -19 
6 0 -7 2 
-6 -18 3 -20 
-36 -4 -12 15 
-18 31 -31 20 
-36 -4 -13 15 
-18 30 -30 21 
-37 -4 -13 15 
-19 29 -30 23 
-37 -5 -14 15 
-19 28 -29 24 
-21 -9 -40 -2 
-3 2 -4 6 
-20 -9 -40 -2 
-3 2 -4 7 
-19 -9 -40 -3 
-3 2 -4 7 
-19 -8 -40 -4 
-3 2 -3 7 
34 -14 5 8 
-14 0 -17 5 
34 -15 6 8 
-12 0 -19 6 
33 -15 8 8 
-11 0 -20 6 
33 -15 9 7 
-10 0 -21 7 
-19 -12 -5 11 
-3 -4 0 9 
-19 -12 -6 11 
-3 -4 0 10 
-19 -12 -7 10 
-3 -4 0 10 
-18 -12 -7 10 
-3 -4 1 10 
15 -24 2 19 
-11 5 18 -24 
15 -26 2 19 
-12 6 18 -23 
15 -27 3 19 
-13 6 18 -21 
15 -29 3 19 
-14 6 18 -20 
8 7 -9 12 
17 -7 19 0 
8 7 -8 12 
16 -7 19 0 
8 6 -7 12 
15 -7 20 -1 
7 6 -6 12 
14 -6 21 -1 
-10 12 -4 9 
-11 5 3 4 
-10 12 -4 10 
-11 5 3 4 
-9 11 -4 10 
-12 5 3 4 
-9 11 -4 11 
-12 5 3 4 
8 -17 -4 -20 
3 0 3 -4 
7 -16 -4 -21 
2 0 3 -4 
7 -15 -3 -22 
2 1 3 -4 
7 -14 -2 -23 
2 1 3 -4 
-6 -8 -15 5 
10 14 -2 7 
-5 -8 -15 5 
11 14 -2 7 
-5 -8 -15 5 
11 14 -2 8 
-4 -8 -15 4 
11 14 -2 9 
4 -5 -7 11 
2 -9 11 -22 
5 -6 -8 11 
2 -9 11 -22 
6 -7 -9 11 
2 -8 10 -22 
7 -8 -10 11 
3 -8 9 -22 
-3 14 4 8 
4 -20 11 1 
-3 14 4 9 
3 -20 11 0 
-3 14 3 9 
3 -20 12 -1 
-3 14 3 10 
2 -19 12 -2 
15 -18 4 -9 
6 -5 -8 1 
14 -18 5 -9 
6 -6 -8 1 
14 -18 6 -9 
6 -6 -8 2 
13 -18 6 -9 
6 -6 -8 2 
4 8 -12 -1 
-6 18 -7 10 
5 8 -12 -1 
-6 18 -8 10 
5 8 -12 0 
-6 18 -8 10 
5 8 -12 0 
-6 18 -9 10 
-7 -9 -26 15 
-9 -16 -12 8 
-6 -9 -26 14 
-8 -17 -13 8 
-5 -9 -27 13 
-7 -19 -14 8 
-4 -9 -27 13 
-6 -20 -14 9 
-24 0 -4 -13 
-1 7 -16 -12 
-24 -1 -4 -12 
-1 7 -15 -12 
-24 -2 -5 -11 
-1 7 -15 -12 
-24 -2 -6 -10 
0 8 -15 -11 
-8 5 -5 0 
-4 3 2 22 
-7 6 -5 -1 
-3 2 2 21 
-7 6 -6 -1 
-3 2 2 21 
-7 7 -6 -1 
-3 1 2 21 
-12 1 8 -7 
-5 -3 15 -3 
-12 1 7 -7 
-6 -2 15 -3 
-12 1 7 -7 
-8 -2 16 -4 
-12 1 7 -7 
-9 -1 17 -4 
24 1 -9 9 
-7 8 -3 1 
24 1 -7 8 
-6 8 -4 1 
24 1 -6 8 
-6 7 -5 1 
23 0 -4 8 
-6 7 -5 1 
-29 0 -3 -11 
16 13 -6 10 
-29 2 -4 -12 
16 14 -5 10 
-30 3 -4 -12 
16 15 -3 9 
-30 4 -5 -13 
15 16 -2 9 
18 20 4 33 
-24 17 -14 14 
17 20 4 33 
-23 17 -15 14 
17 20 4 32 
-23 17 -16 14 
17 20 5 32 
-23 17 -17 14 
0 15 -6 0 
12 3 -10 37 
-1 17 -5 -1 
12 2 -9 36 
-1 19 -5 -2 
11 2 -8 35 
-2 21 -4 -3 
11 2 -7 33 
-11 7 -23 8 
-13 4 -14 21 
-11 8 -23 8 
-12 4 -15 21 
-10 8 -24 8 
-11 3 -16 21 
-9 9 -24 8 
-11 3 -16 21 
8 -4 7 3 
2 -6 14 9 
8 -3 7 3 
1 -6 14 9 
8 -3 7 3 
0 -6 14 9 
8 -3 7 3 
0 -6 14 9 
-1 -9 -20 6 
-20 1 -5 -17 
0 -10 -20 6 
-20 1 -6 -16 
1 -11 -20 7 
-19 1 -7 -16 
1 -12 -20 7 
-18 1 -8 -15 
-22 6 4 3 
17 24 -2 -9 
-23 5 5 3 
16 24 0 -9 
-24 5 5 3 
15 25 1 -8 
-24 4 5 4 
13 26 3 -8 
8 3 -22 8 
-7 11 7 21 
9 4 -22 7 
-7 10 6 20 
10 5 -22 6 
-7 10 6 20 
11 6 -22 5 
-7 10 5 20 
-6 -10 -4 -7 
3 5 1 15 
-6 -9 -4 -8 
4 4 1 15 
-6 -8 -5 -8 
4 4 1 15 
-5 -7 -5 -9 
5 4 1 15 
4 1 18 -3 
-22 15 -7 14 
3 1 18 -3 
-22 14 -7 14 
3 1 18 -3 
-22 14 -8 14 
2 2 18 -3 
-23 13 -8 15 
-7 5 -16 -7 
3 -11 -2 -5 
-7 6 -15 -7 
2 -11 -2 -6 
-7 6 -15 -8 
2 -11 -1 -7 
-7 6 -14 -8 
1 -11 -1 -7 
7 -1 -15 -11 
14 3 16 9 
7 -1 -15 -11 
13 3 16 9 
8 0 -15 -11 
13 3 16 9 
9 1 -15 -11 
12 3 16 9 
-38 -2 -29 -1 
-9 5 23 11 
-37 -1 -31 -2 
-10 4 23 11 
-35 -1 -33 -2 
-11 4 24 11 
-33 0 -34 -2 
-12 4 24 11 
-19 -4 4 -5 
1 26 -12 -7 
-20 -4 5 -5 
0 26 -11 -7 
-21 -4 5 -5 
0 27 -10 -6 
-22 -4 6 -5 
0 27 -8 -6 
-14 -20 6 -4 
2 -4 -30 10 
-16 -19 7 -6 
2 -4 -29 10 
-17 -17 7 -8 
1 -4 -28 10 
-19 -16 7 -10 
1 -4 -27 9 
-2 0 -27 8 
53 -29 -36 -1 
0 -1 -28 8 
58 -29 -38 -2 
1 -1 -29 9 
62 -28 -41 -2 
3 -2 -30 9 
66 -28 -42 -2 
337 -64 -126 35 
84 374 771 366 
374 -64 -136 36 
77 353 750 386 
410 -63 -144 36 
71 332 728 405 
447 -61 -152 35 
66 310 704 423 
44 82 4 -111 
31 60 51 15 
51 84 0 -111 
36 63 45 13 
57 86 -3 -109 
41 67 40 11 
63 88 -7 -106 
46 70 34 10 
-5 6 81 86 
-9 -68 33 29 
-4 6 78 84 
-9 -69 33 27 
-4 6 74 80 
-9 -70 32 25 
-3 7 70 77 
-9 -71 32 23 
-25 9 16 -23 
-29 33 5 -35 
-25 7 16 -20 
-28 34 5 -34 
-25 6 15 -18 
-27 35 5 -34 
-25 4 15 -15 
-26 36 4 -33 
-35 6 54 -14 
11 13 -55 -12 
-39 8 55 -16 
12 16 -53 -13 
-43 9 56 -17 
12 18 -50 -14 
-46 11 56 -19 
12 21 -47 -16 
-29 -11 -28 50 
-38 25 15 8 
-27 -12 -30 48 
-40 25 15 9 
-26 -13 -31 47 
-41 24 14 10 
-24 -14 -33 45 
-42 24 14 12 
14 7 -10 12 
4 -19 -34 34 
12 8 -7 12 
5 -21 -34 33 
10 9 -5 11 
6 -23 -34 33 
8 9 -2 11 
7 -24 -33 33 
-10 33 7 6 
17 -36 -6 -29 
-11 31 7 8 
18 -35 -6 -30 
-11 29 6 11 
18 -35 -5 -31 
-12 27 6 14 
19 -34 -4 -32 
14 7 27 9 
4 -2 -7 -3 
13 6 27 11 
4 -2 -7 -3 
13 5 27 12 
3 -3 -6 -2 
12 4 27 13 
3 -4 -6 -2 
4 -6 -20 -19 
-20 -2 5 -1 
6 -6 -21 -19 
-19 -1 4 -1 
7 -5 -21 -19 
-19 -1 3 -2 
8 -5 -21 -18 
-19 0 2 -2 
-5 14 9 26 
-3 14 -23 20 
-6 14 10 26 
-3 13 -22 20 
-8 13 11 27 
-3 13 -21 21 
-9 13 11 27 
-3 12 -20 21 
25 9 -4 14 
31 -11 22 -32 
25 8 -4 14 
32 -10 22 -33 
26 6 -3 15 
33 -9 22 -33 
26 5 -2 15 
34 -7 21 -34 
-1 -9 35 11 
4 6 10 -15 
-1 -10 34 11 
3 6 10 -14 
-2 -10 33 11 
3 6 10 -14 
-2 -11 32 10 
2 7 11 -13 
-9 15 -10 7 
-20 -20 3 -3 
-9 15 -10 7 
-21 -20 3 -4 
-8 15 -10 7 
-22 -20 2 -5 
-8 15 -11 7 
-23 -20 2 -6 
13 -7 -11 1 
-6 -9 2 -28 
13 -7 -10 1 
-6 -8 2 -28 
13 -8 -9 2 
-6 -7 1 -28 
13 -9 -8 2 
-6 -7 1 -28 
-8 -5 2 15 
33 10 -3 -14 
-9 -7 2 16 
32 10 -2 -13 
-9 -8 2 16 
32 10 0 -12 
-10 -9 2 16 
31 10 1 -11 
17 -26 -7 4 
2 -4 20 0 
18 -26 -8 3 
2 -6 19 1 
19 -27 -9 3 
2 -7 18 3 
21 -27 -9 2 
2 -9 17 4 
-27 -5 -7 -23 
1 -1 -6 23 
-27 -4 -8 -22 
0 -2 -5 24 
-27 -4 -8 -22 
-1 -4 -4 24 
-27 -3 -9 -21 
-2 -5 -3 25 
-4 18 -31 -10 
-22 8 -13 -2 
-3 18 -31 -9 
-21 8 -14 -2 
-3 18 -31 -8 
-20 8 -15 -2 
-2 17 -31 -6 
-19 8 -16 -2 
-27 8 -7 -6 
15 15 15 4 
-27 8 -8 -6 
14 15 16 4 
-26 8 -8 -6 
12 15 18 4 
-26 8 -9 -6 
11 15 19 4 
-1 5 -13 15 
15 7 2 13 
-1 5 -13 15 
15 6 2 13 
-1 5 -13 15 
16 5 2 13 
-1 4 -13 14 
16 4 2 14 
-1 7 15 -5 
-15 3 3 17 
-1 8 15 -5 
-16 3 3 17 
-1 8 14 -4 
-16 3 3 17 
-1 9 13 -4 
-17 3 3 17 
32 6 -4 20 
-20 -1 -1 9 
32 5 -2 20 
-19 -2 -2 10 
32 4 -1 21 
-19 -3 -4 11 
32 4 0 21 
-18 -5 -5 11 
-1 6 4 -19 
21 11 2 -25 
-1 6 5 -18 
20 13 3 -25 
-2 6 5 -17 
20 14 4 -25 
-2 5 5 -16 
19 15 5 -26 
10 -2 -11 3 
7 16 13 12 
10 -1 -12 1 
8 15 12 12 
11 -1 -12 0 
8 15 12 12 
12 0 -12 -1 
8 14 11 13 
24 0 15 1 
-8 16 -5 -20 
24 -1 15 1 
-7 17 -6 -19 
24 -2 16 1 
-6 17 -7 -19 
24 -2 16 1 
-6 18 -8 -18 
14 9 0 11 
-9 -8 8 10 
15 9 0 10 
-9 -9 7 9 
16 9 -1 10 
-8 -11 5 9 
16 9 -1 10 
-7 -12 4 9 
15 -7 17 -31 
3 21 30 11 
16 -6 17 -31 
3 20 29 11 
16 -5 17 -31 
3 20 29 12 
17 -5 17 -31 
2 19 28 12 
2 -16 13 -20 
-42 -19 -22 -17 
1 -15 13 -21 
-42 -19 -23 -18 
0 -15 13 -22 
-42 -18 -24 -19 
-1 -14 14 -23 
-41 -17 -25 -19 
4 7 -7 9 
-4 -4 -19 -4 
3 6 -6 9 
-4 -4 -19 -4 
2 6 -4 10 
-3 -4 -19 -4 
1 5 -3 10 
-3 -5 -19 -4 
4 -23 -7 -10 
-16 26 17 -12 
5 -23 -7 -10 
-17 26 17 -11 
6 -24 -8 -11 
-18 26 16 -10 
7 -24 -8 -11 
-19 26 16 -8 
25 -15 -11 0 
-24 4 5 -11 
26 -15 -10 -1 
-23 4 3 -11 
26 -15 -8 -2 
-23 4 2 -10 
27 -15 -7 -3 
-22 4 0 -10 
-5 -1 14 -4 
0 -11 -5 -12 
-6 -1 15 -5 
0 -11 -4 -12 
-6 0 15 -5 
0 -10 -4 -13 
-7 0 15 -5 
-1 -10 -3 -13 
7 -18 -2 0 
-13 4 -7 -5 
6 -19 -2 0 
-13 4 -8 -4 
6 -19 -2 0 
-13 4 -8 -3 
6 -19 -1 0 
-13 4 -9 -2 
12 3 -3 5 
-4 -20 -4 0 
11 3 -2 5 
-4 -20 -5 -1 
11 3 -1 5 
-3 -20 -5 -1 
11 3 -1 6 
-2 -20 -6 -2 
9 -7 23 0 
0 1 1 -15 
8 -8 23 0 
0 1 1 -15 
7 -9 24 1 
-1 1 1 -14 
6 -10 24 2 
-1 1 2 -13 
20 16 3 -10 
-2 17 2 6 
20 17 4 -10 
-2 17 1 5 
20 17 5 -9 
-1 18 1 5 
20 18 5 -9 
-1 19 0 4 
-24 -14 -4 23 
12 22 9 -15 
-24 -15 -5 22 
11 23 10 -14 
-23 -16 -6 22 
11 23 11 -13 
-22 -17 -7 21 
11 23 11 -11 
-3 3 7 8 
-6 -8 -4 -7 
-3 3 7 8 
-6 -7 -3 -8 
-3 3 7 7 
-7 -7 -3 -8 
-4 3 7 7 
-7 -6 -3 -9 
-13 -6 -15 5 
1 -1 12 -9 
-13 -6 -16 5 
0 -1 12 -9 
-12 -7 -16 5 
0 -1 13 -9 
-11 -7 -16 5 
-1 -1 13 -8 
4 17 1 -1 
-12 11 -1 19 
4 18 2 0 
-12 10 -2 19 
4 18 2 0 
-12 10 -2 19 
4 19 2 0 
-12 9 -2 19 
-5 5 -5 -8 
4 -22 -4 -6 
-5 5 -5 -8 
5 -22 -4 -7 
-5 5 -5 -8 
6 -22 -4 -7 
-5 6 -5 -8 
6 -22 -4 -8 
-10 5 11 -9 
6 4 8 9 
-10 5 10 -8 
5 3 9 9 
-10 5 10 -8 
5 2 9 9 
-10 5 9 -7 
4 2 10 9 
-3 -16 -9 -22 
5 -11 2 7 
-3 -15 -9 -23 
5 -12 2 6 
-2 -14 -9 -23 
5 -12 2 6 
-2 -13 -9 -24 
5 -12 2 6 
-4 -2 -5 -7 
-8 1 -8 5 
-3 -2 -6 -6 
-7 1 -9 5 
-3 -1 -6 -6 
-6 0 -9 5 
-2 -1 -7 -6 
-5 0 -10 5 
10 -9 12 3 
3 -2 -4 -2 
10 -9 12 3 
5 -2 -5 -1 
10 -9 12 3 
6 -2 -5 -1 
11 -10 11 3 
8 -3 -6 0 
-9 -2 27 -10 
4 -13 -6 12 
-10 -1 26 -10 
3 -14 -5 11 
-11 -1 25 -10 
3 -15 -4 11 
-11 0 25 -10 
2 -16 -4 11 
-3 -4 -19 -34 
-2 -18 -2 13 
-2 -2 -19 -34 
-2 -18 -2 12 
-2 -1 -19 -34 
-2 -18 -2 11 
-1 1 -19 -34 
-2 -17 -2 10 
-5 1 -11 11 
-11 -4 2 -3 
-5 0 -11 11 
-11 -4 1 -3 
-4 0 -11 12 
-12 -4 1 -3 
-4 -1 -12 12 
-13 -5 1 -2 
42 3 -18 -5 
53 -28 -9 -2 
44 2 -17 -4 
58 -28 -13 -2 
45 2 -17 -4 
62 -27 -16 -3 
47 2 -16 -4 
65 -26 -19 -3 
297 -65 -119 60 
151 325 768 291 
333 -68 -129 61 
148 304 749 311 
369 -70 -139 63 
147 282 728 331 
405 -72 -147 63 
147 260 706 350 
17 88 168 -141 
-40 71 106 -9 
21 89 161 -138 
-40 73 101 -10 
25 89 154 -133 
-39 75 96 -10 
30 88 146 -128 
-38 77 91 -10 
9 -2 38 57 
7 -69 29 22 
8 -2 39 54 
6 -70 30 20 
7 -1 40 52 
5 -71 30 19 
6 0 41 49 
4 -72 31 17 
-12 -16 2 -25 
-15 18 13 -45 
-12 -17 2 -23 
-15 19 13 -44 
-11 -19 2 -21 
-14 20 12 -43 
-11 -21 1 -19 
-13 21 12 -41 
-18 5 41 -11 
-37 -9 -39 4 
-20 6 42 -12 
-37 -7 -38 2 
-23 8 42 -14 
-37 -6 -38 1 
-25 9 42 -15 
-37 -4 -38 -1 
-26 -4 -30 46 
-29 45 -14 27 
-25 -6 -30 47 
-29 43 -14 29 
-25 -7 -30 46 
-28 42 -15 31 
-24 -8 -30 46 
-28 40 -15 33 
3 -16 17 -18 
-20 -14 -25 42 
1 -13 18 -20 
-19 -15 -25 42 
-1 -11 20 -22 
-18 -15 -25 41 
-2 -8 21 -23 
-17 -15 -25 40 
5 -12 36 20 
-4 -23 -3 -22 
3 -13 37 21 
-5 -23 -2 -22 
1 -14 38 21 
-6 -23 -1 -21 
-1 -16 39 22 
-7 -22 0 -21 
20 -30 -1 -9 
9 -2 -11 -9 
19 -30 0 -9 
10 -3 -11 -8 
18 -30 1 -9 
12 -3 -12 -7 
18 -31 3 -9 
13 -4 -12 -6 
1 -38 30 -19 
-6 3 -17 15 
0 -38 29 -20 
-5 2 -17 17 
0 -37 29 -20 
-4 1 -17 18 
-1 -36 28 -21 
-3 1 -18 18 
-40 -15 0 2 
-19 -19 1 5 
-39 -15 -2 2 
-20 -20 2 5 
-39 -15 -3 2 
-21 -20 3 5 
-39 -15 -4 2 
-22 -20 3 5 
-13 -10 -19 12 
8 -32 11 -23 
-13 -11 -18 13 
7 -33 12 -23 
-13 -13 -17 14 
6 -33 13 -23 
-13 -14 -17 15 
5 -33 14 -22 
-4 5 -12 1 
-9 2 10 14 
-3 4 -12 3 
-9 1 10 14 
-2 4 -13 4 
-8 0 9 15 
-2 3 -13 5 
-8 -1 8 15 
-20 21 6 -1 
-10 29 -2 11 
-21 21 6 0 
-10 30 -1 11 
-21 21 5 1 
-11 30 -1 11 
-21 20 5 2 
-12 31 0 11 
-7 13 -26 32 
-10 -12 8 1 
-6 13 -26 32 
-10 -12 8 1 
-5 12 -26 31 
-10 -13 8 1 
-4 12 -26 31 
-10 -14 7 1 
4 10 -4 -22 
1 -5 10 3 
5 10 -4 -21 
1 -5 10 3 
5 11 -4 -20 
1 -5 9 2 
5 11 -3 -20 
1 -4 9 2 
-2 23 1 7 
21 -15 2 30 
-2 23 1 7 
22 -16 2 29 
-2 24 1 8 
23 -17 2 28 
-2 25 0 8 
23 -18 3 27 
8 17 21 -17 
7 -21 -1 11 
7 18 20 -16 
7 -20 -1 10 
7 19 20 -15 
7 -20 0 9 
7 19 19 -14 
7 -20 0 7 
3 12 -4 12 
11 -2 -7 -11 
3 11 -5 13 
11 -1 -7 -12 
3 11 -5 14 
11 -1 -6 -12 
3 10 -5 15 
11 0 -6 -12 
-5 -3 -9 -1 
13 -16 -6 -3 
-4 -2 -10 -1 
14 -16 -6 -3 
-4 -2 -10 -2 
15 -16 -7 -4 
-3 -2 -11 -2 
16 -16 -7 -5 
-13 5 6 -2 
11 -7 23 -19 
-13 5 5 -2 
10 -5 24 -20 
-12 5 4 -1 
9 -3 24 -21 
-11 5 2 -1 
8 -1 25 -21 
-3 10 -2 28 
14 18 8 21 
-3 10 -2 28 
13 18 8 21 
-3 10 -2 28 
12 18 9 21 
-3 10 -2 27 
11 18 10 21 
-12 -4 -12 6 
-2 6 -7 -13 
-12 -4 -13 6 
-2 6 -7 -13 
-12 -4 -13 5 
-2 7 -6 -13 
-12 -4 -13 5 
-2 7 -6 -12 
20 -27 -2 -19 
-9 0 -3 13 
20 -26 -2 -21 
-9 0 -4 13 
20 -24 -1 -22 
-8 0 -5 14 
20 -23 -1 -24 
-7 -1 -6 14 
16 -12 10 -3 
10 0 0 4 
16 -12 10 -3 
10 -1 -1 4 
16 -12 11 -3 
11 -1 -1 5 
16 -12 11 -4 
12 -2 -2 5 
11 -9 15 -18 
-5 -13 -11 14 
11 -8 14 -18 
-4 -14 -12 14 
11 -7 14 -19 
-3 -15 -13 13 
11 -5 14 -19 
-2 -16 -13 13 
-4 24 10 -26 
-7 -4 2 39 
-5 26 10 -25 
-8 -4 3 38 
-5 27 9 -25 
-10 -5 3 37 
-5 29 9 -24 
-11 -6 4 36 
25 4 -20 10 
11 9 2 -25 
25 3 -19 11 
12 9 2 -24 
26 1 -18 12 
13 9 1 -24 
26 -1 -16 12 
13 9 0 -23 
15 -6 15 -9 
-9 17 8 -11 
15 -6 14 -9 
-8 17 7 -11 
15 -6 14 -9 
-8 17 6 -10 
16 -6 14 -10 
-8 17 5 -10 
-13 24 1 8 
0 -22 8 -9 
-13 24 0 8 
-1 -22 9 -10 
-13 24 0 8 
-2 -21 9 -11 
-12 24 0 8 
-3 -21 10 -12 
-26 -8 -23 -20 
3 30 3 -8 
-25 -8 -23 -20 
2 31 4 -8 
-25 -8 -24 -20 
2 31 5 -7 
-24 -8 -24 -19 
1 32 5 -6 
11 -3 6 7 
-9 3 1 -1 
11 -2 7 6 
-9 3 1 -1 
11 -2 7 5 
-9 3 0 -1 
10 -2 8 4 
-9 3 0 -1 
17 -18 2 -7 
-16 -7 -5 -6 
16 -18 3 -8 
-16 -7 -6 -6 
16 -18 3 -8 
-16 -7 -7 -5 
16 -18 4 -9 
-15 -7 -8 -5 
28 -9 3 7 
-4 -12 14 -10 
28 -10 4 7 
-4 -13 14 -10 
28 -11 5 8 
-3 -14 13 -9 
28 -12 6 8 
-3 -15 12 -8 
-8 2 13 -24 
7 10 -9 7 
-10 3 13 -24 
7 10 -8 7 
-11 4 14 -23 
6 10 -7 6 
-11 4 14 -23 
6 10 -6 6 
11 -23 -6 0 
0 -12 1 -33 
11 -24 -6 -1 
0 -12 1 -33 
11 -25 -5 -1 
0 -11 0 -33 
12 -25 -5 -2 
0 -11 0 -32 
14 19 5 0 
10 5 -30 18 
14 19 5 0 
11 5 -31 18 
13 19 6 1 
13 4 -31 18 
12 20 6 1 
15 4 -31 17 
-8 -6 8 7 
-12 -7 6 -7 
-7 -7 7 7 
-11 -7 5 -6 
-6 -7 5 7 
-11 -7 5 -6 
-5 -8 4 7 
-11 -7 4 -6 
9 -8 2 -9 
-1 -15 18 -6 
10 -8 2 -9 
-1 -15 17 -6 
11 -8 2 -9 
0 -15 16 -7 
12 -8 2 -9 
1 -15 15 -7 
0 7 21 3 
-10 7 3 -25 
0 6 21 4 
-10 8 3 -25 
0 5 20 5 
-10 8 2 -25 
0 4 20 6 
-10 9 2 -24 
0 21 5 3 
20 -19 -1 10 
-1 22 5 3 
20 -19 0 9 
-1 22 6 3 
19 -19 0 7 
-2 23 6 3 
19 -20 1 6 
-3 13 -8 -4 
0 -6 5 25 
-3 14 -9 -3 
0 -7 5 25 
-2 14 -10 -2 
0 -8 5 25 
-2 15 -10 -2 
0 -8 4 24 
-28 -14 -14 -8 
0 -14 -22 -14 
-28 -14 -15 -7 
1 -13 -21 -14 
-28 -15 -16 -7 
2 -13 -21 -14 
-28 -15 -17 -7 
2 -12 -20 -15 
-16 13 1 16 
14 -19 -7 -23 
-17 12 0 17 
15 -17 -6 -24 
-17 12 -1 17 
15 -15 -6 -25 
-17 11 -1 18 
15 -14 -5 -27 
-8 -3 11 12 
-4 7 2 32 
-8 -2 10 12 
-5 6 2 32 
-8 -1 9 11 
-6 4 3 32 
-8 0 9 10 
-6 3 3 32 
5 -6 -13 -27 
-4 -13 -5 14 
5 -5 -13 -28 
-4 -13 -5 13 
5 -3 -12 -28 
-4 -13 -5 12 
5 -1 -11 -29 
-4 -13 -5 12 
-23 12 -21 -1 
-5 -7 -24 -5 
-22 12 -21 0 
-4 -7 -24 -6 
-22 12 -22 0 
-3 -6 -24 -7 
-22 12 -22 1 
-2 -5 -24 -8 
13 9 22 13 
7 10 25 6 
13 9 22 13 
7 10 25 6 
14 8 21 14 
6 9 25 6 
14 8 21 14 
6 9 25 7 
11 7 12 -6 
-15 5 -1 14 
11 7 12 -6 
-15 4 -2 14 
10 8 12 -6 
-14 4 -3 14 
10 8 13 -6 
-13 3 -3 14 
18 -7 11 -15 
66 -16 -12 33 
18 -6 11 -16 
71 -18 -14 33 
19 -5 11 -16 
76 -19 -16 33 
20 -4 11 -16 
80 -21 -18 33 
260 -72 -80 31 
83 259 783 159 
295 -77 -91 34 
81 243 763 176 
331 -82 -102 36 
80 227 742 194 
367 -86 -112 37 
80 209 719 211 
-32 18 205 -126 
-84 70 155 -11 
-29 18 199 -125 
-88 70 153 -8 
-26 17 193 -122 
-91 70 150 -6 
-21 16 186 -119 
-93 69 146 -3 
56 -21 36 20 
13 -62 32 5 
54 -21 41 18 
13 -63 32 4 
52 -21 47 16 
13 -64 31 3 
50 -20 51 14 
13 -65 31 2 
-16 -64 27 -32 
14 56 -2 -45 
-16 -66 26 -31 
15 56 -1 -41 
-17 -68 26 -29 
17 56 -1 -37 
-18 -70 25 -28 
18 56 0 -33 
-15 -12 51 -11 
-22 8 -37 -19 
-18 -12 51 -13 
-21 10 -37 -20 
-20 -11 50 -15 
-20 11 -36 -20 
-22 -10 49 -16 
-20 13 -36 -21 
-24 -34 -10 15 
-8 7 -7 24 
-24 -34 -11 13 
-8 5 -7 26 
-24 -34 -11 11 
-7 4 -7 27 
-24 -33 -11 9 
-6 2 -7 29 
-3 -20 31 -16 
9 -8 -38 12 
-5 -20 31 -16 
10 -9 -38 13 
-8 -20 32 -16 
11 -10 -37 13 
-10 -19 32 -16 
11 -11 -36 14 
3 -8 -2 -12 
-1 -28 -1 -19 
3 -8 -3 -12 
-1 -27 -1 -20 
4 -8 -3 -12 
-1 -27 -2 -20 
4 -8 -4 -11 
0 -26 -2 -21 
7 24 -5 10 
-15 -16 0 -8 
8 23 -5 12 
-15 -16 -1 -8 
8 22 -6 13 
-15 -16 -2 -9 
9 22 -6 14 
-14 -17 -3 -9 
-3 11 -3 -22 
-7 38 1 40 
-3 12 -3 -21 
-7 38 1 40 
-3 14 -3 -21 
-7 37 1 41 
-2 15 -3 -20 
-7 36 0 41 
-13 28 0 19 
4 -6 -8 -10 
-13 28 0 19 
4 -5 -7 -11 
-14 28 0 19 
3 -5 -6 -12 
-14 27 0 19 
3 -4 -6 -13 
-3 -2 -2 -1 
-2 16 -28 5 
-3 -2 -2 -2 
0 16 -28 6 
-4 -1 -2 -2 
1 16 -28 6 
-5 -1 -1 -3 
2 16 -28 6 
7 -15 18 0 
6 14 33 4 
7 -15 18 -1 
5 15 33 4 
8 -14 17 -2 
4 15 33 5 
9 -14 16 -3 
4 15 32 5 
13 24 6 22 
-16 7 6 11 
13 24 6 22 
-16 7 5 10 
14 24 6 22 
-15 8 4 10 
14 23 7 22 
-15 8 3 9 
5 11 18 5 
20 -12 -7 -16 
4 10 19 5 
20 -11 -7 -17 
3 10 19 5 
20 -10 -6 -18 
2 10 20 5 
21 -10 -5 -19 
5 19 10 1 
-3 -16 14 -3 
6 19 9 2 
-3 -16 14 -4 
7 19 8 2 
-3 -16 13 -5 
7 19 7 3 
-3 -15 13 -6 
14 0 6 4 
-7 -11 -1 -10 
15 -1 6 4 
-6 -11 -2 -10 
15 -1 6 4 
-5 -11 -3 -10 
15 -2 7 5 
-4 -11 -4 -10 
-7 7 7 -1 
-8 -5 16 7 
-7 7 6 -1 
-8 -5 16 7 
-6 7 6 -1 
-8 -6 15 7 
-5 7 5 0 
-8 -6 15 7 
15 -8 19 -13 
-15 0 -21 -3 
13 -8 20 -13 
-15 -1 -21 -3 
12 -8 21 -13 
-16 -1 -21 -2 
10 -8 22 -13 
-17 -2 -20 -2 
-5 -1 -39 -10 
-5 -12 10 -26 
-3 -1 -39 -10 
-5 -11 10 -27 
-2 -2 -39 -9 
-6 -11 10 -27 
-1 -2 -38 -9 
-6 -10 9 -27 
15 -8 -10 -3 
-1 -4 21 2 
16 -8 -9 -4 
-1 -3 20 2 
17 -8 -9 -4 
-1 -3 19 2 
18 -7 -8 -4 
0 -2 18 2 
6 -9 19 21 
20 10 18 7 
6 -10 19 22 
20 9 18 8 
6 -11 19 21 
20 8 19 9 
6 -11 19 21 
20 8 19 10 
-29 -4 6 3 
3 18 19 -5 
-28 -4 5 4 
2 18 20 -4 
-28 -5 3 4 
1 17 21 -3 
-27 -6 2 4 
0 17 21 -2 
-1 11 12 4 
-22 6 -30 -12 
-2 10 13 4 
-21 7 -30 -12 
-4 10 13 5 
-21 7 -30 -12 
-5 9 14 5 
-21 8 -30 -12 
-12 3 -15 9 
11 21 -1 16 
-12 3 -14 9 
11 20 0 17 
-12 3 -14 9 
10 19 1 17 
-12 3 -14 9 
9 18 2 18 
-12 14 -27 -8 
9 9 -8 7 
-11 15 -28 -8 
9 10 -8 7 
-10 15 -28 -8 
9 10 -7 6 
-10 16 -29 -8 
8 11 -7 6 
-15 0 -33 19 
11 9 11 -5 
-13 -1 -34 19 
11 10 10 -5 
-11 -2 -35 19 
12 10 10 -4 
-10 -2 -36 18 
12 10 10 -4 
-19 11 12 9 
-3 16 -1 9 
-20 11 11 9 
-2 17 -1 9 
-19 12 10 9 
-2 17 0 9 
-19 12 9 9 
-1 18 0 9 
-10 12 22 15 
5 -7 -34 14 
-12 13 22 15 
6 -7 -34 13 
-14 13 23 14 
6 -6 -33 12 
-15 14 23 13 
7 -6 -32 11 
-23 -21 -10 4 
-24 -6 4 -7 
-22 -21 -11 4 
-24 -6 3 -6 
-20 -22 -13 3 
-24 -6 3 -6 
-19 -22 -14 3 
-24 -7 2 -5 
-7 -5 -5 -3 
9 11 -1 21 
-7 -6 -4 -3 
9 9 -1 22 
-7 -6 -4 -2 
9 8 0 23 
-7 -6 -3 -2 
9 6 0 24 
8 6 16 -10 
6 -16 -4 -8 
7 5 16 -9 
6 -15 -4 -9 
7 5 16 -9 
6 -14 -4 -10 
6 5 16 -8 
6 -14 -4 -10 
23 1 1 18 
-4 2 11 21 
23 1 1 19 
-3 2 10 22 
24 1 1 19 
-3 1 9 22 
24 1 2 19 
-3 0 8 22 
37 17 19 22 
-8 7 7 11 
36 16 20 23 
-8 6 6 11 
36 15 21 24 
-9 6 5 12 
35 14 22 25 
-10 5 5 12 
-5 -1 -29 -5 
17 -5 20 6 
-3 -1 -29 -5 
16 -6 20 6 
-2 -1 -29 -4 
16 -6 21 6 
-1 -1 -29 -4 
15 -7 21 6 
9 7 -2 -6 
10 1 -11 -3 
9 7 -2 -5 
10 2 -10 -4 
8 7 -1 -5 
10 2 -10 -4 
8 7 -1 -4 
10 2 -10 -4 
-4 -18 -13 -16 
4 4 8 -14 
-3 -18 -14 -17 
4 4 8 -14 
-2 -17 -14 -18 
3 5 8 -14 
-1 -17 -15 -19 
3 6 8 -14 
25 6 5 8 
-7 -2 2 -12 
25 6 5 8 
-7 -1 1 -12 
25 6 6 8 
-7 -1 0 -13 
25 6 7 7 
-7 0 0 -13 
2 13 -6 5 
-2 2 -1 -2 
2 13 -5 5 
-2 2 -1 -2 
2 13 -5 5 
-2 2 -1 -3 
2 13 -5 5 
-2 1 -1 -3 
0 -10 10 -20 
2 4 -15 10 
-2 -9 11 -21 
2 4 -15 10 
-3 -8 11 -22 
2 4 -14 10 
-4 -7 12 -22 
1 4 -13 10 
5 -5 -4 2 
12 15 -5 -9 
5 -5 -4 2 
11 16 -5 -9 
4 -5 -4 2 
10 17 -4 -9 
4 -6 -3 2 
10 18 -4 -8 
6 17 -24 29 
22 8 17 9 
7 17 -25 29 
23 9 18 9 
8 17 -25 29 
23 9 18 9 
9 17 -25 28 
23 9 18 8 
0 -20 20 -1 
-4 12 -25 20 
-1 -19 20 -2 
-4 11 -24 21 
-2 -18 20 -3 
-3 10 -24 22 
-4 -18 20 -4 
-3 9 -24 23 
0 1 -2 2 
-2 2 -14 -15 
0 0 -2 3 
-1 2 -14 -15 
-1 -1 -2 3 
0 2 -15 -14 
-1 -2 -2 3 
0 3 -15 -14 
-1 13 5 5 
-1 5 0 12 
-1 13 5 5 
-1 5 0 11 
-1 13 4 5 
-1 6 0 11 
-1 13 4 5 
-2 6 0 10 
-17 -6 -16 22 
2 -3 8 -18 
-17 -8 -17 22 
2 -3 8 -17 
-16 -9 -17 22 
1 -3 8 -17 
-15 -10 -18 22 
1 -3 9 -16 
-4 11 -8 -3 
-12 16 10 5 
-3 10 -8 -2 
-11 16 10 6 
-3 10 -8 -2 
-11 16 9 6 
-2 10 -8 -1 
-10 16 8 6 
-5 10 17 2 
-6 1 1 -5 
-6 10 18 2 
-6 2 1 -5 
-6 10 18 2 
-6 2 1 -5 
-7 10 18 2 
-6 3 1 -6 
14 -9 10 12 
-8 11 4 -11 
13 -10 10 12 
-7 11 3 -10 
13 -11 11 12 
-6 11 3 -10 
13 -12 11 11 
-6 11 2 -9 
16 13 14 22 
51 -3 -17 8 
16 12 14 22 
55 -4 -19 8 
17 11 14 22 
60 -5 -21 9 
17 10 14 23 
64 -6 -23 10 
216 -86 -83 53 
-53 239 687 74 
249 -94 -94 56 
-58 225 667 92 
281 -102 -104 58 
-61 210 646 110 
314 -109 -114 60 
-62 194 622 128 
-61 -34 75 -153 
-110 33 172 -40 
-56 -34 72 -152 
-114 32 169 -36 
-49 -35 68 -151 
-116 30 165 -33 
-42 -36 64 -149 
-117 28 160 -29 
39 -34 61 -28 
-10 -48 14 -24 
35 -34 67 -29 
-10 -49 15 -24 
32 -34 72 -29 
-9 -50 15 -24 
29 -35 77 -30 
-9 -51 15 -24 
-51 -78 28 -45 
49 35 1 -50 
-53 -80 28 -45 
48 34 5 -46 
-55 -81 28 -44 
47 33 8 -42 
-56 -83 27 -44 
46 32 12 -38 
-8 3 13 -44 
3 -25 -42 -24 
-9 5 13 -46 
4 -22 -42 -27 
-10 6 12 -46 
6 -19 -42 -29 
-11 8 11 -47 
7 -17 -42 -31 
-44 -19 -24 30 
0 -9 -31 -20 
-43 -20 -26 29 
3 -9 -31 -20 
-42 -21 -28 28 
5 -8 -31 -20 
-41 -22 -30 27 
8 -7 -32 -19 
14 -4 58 7 
-32 -6 -43 10 
12 -4 58 7 
-31 -6 -44 9 
9 -4 58 7 
-31 -6 -44 9 
7 -3 58 6 
-30 -5 -45 8 
5 -5 -17 14 
6 -27 12 2 
6 -5 -17 14 
6 -27 11 2 
7 -5 -17 14 
7 -27 10 2 
8 -5 -17 14 
8 -27 10 1 
-15 9 10 8 
2 -6 14 -6 
-14 8 9 9 
1 -6 14 -6 
-14 7 8 11 
1 -6 14 -6 
-13 6 7 12 
1 -6 14 -6 
-19 3 11 7 
11 0 -2 5 
-20 3 11 8 
11 -1 -1 5 
-20 2 10 8 
11 -2 0 6 
-21 2 10 9 
11 -2 1 6 
-4 8 29 -2 
28 31 -12 -12 
-6 7 29 -1 
28 32 -10 -11 
-8 7 30 0 
27 33 -8 -11 
-10 6 30 0 
27 34 -7 -10 
-6 6 -1 14 
-19 13 -4 23 
-6 7 -2 12 
-19 13 -5 23 
-5 8 -3 11 
-18 13 -5 23 
-5 10 -3 10 
-18 14 -6 22 
5 9 14 23 
-2 7 1 -1 
4 8 15 23 
-3 7 2 -1 
3 8 16 23 
-5 7 2 -1 
3 7 17 23 
-6 7 3 -1 
-27 -3 -45 -4 
8 -3 6 -3 
-26 -2 -46 -4 
8 -3 6 -3 
-24 -2 -47 -5 
9 -3 6 -3 
-22 -2 -47 -5 
10 -4 6 -3 
-11 -12 11 -22 
16 4 2 3 
-11 -12 10 -22 
17 4 2 3 
-10 -11 9 -22 
17 3 3 4 
-10 -11 8 -23 
18 2 3 4 
2 7 10 -8 
-7 -17 15 -2 
3 8 9 -7 
-8 -16 15 -3 
4 8 8 -7 
-8 -16 15 -3 
4 8 8 -6 
-9 -15 14 -4 
10 10 -11 22 
-4 -12 -13 22 
10 10 -10 23 
-4 -14 -14 22 
10 9 -9 24 
-3 -14 -14 22 
9 9 -9 24 
-2 -15 -15 22 
-22 28 -4 12 
4 -8 27 16 
-21 27 -5 14 
3 -8 28 15 
-20 26 -6 15 
1 -8 28 15 
-19 26 -7 17 
0 -9 29 14 
-4 -12 7 8 
-4 -32 -20 -17 
-5 -13 8 8 
-4 -33 -20 -17 
-6 -13 9 9 
-3 -33 -20 -17 
-7 -14 10 9 
-2 -34 -19 -17 
12 -22 20 -25 
-8 4 8 -7 
12 -22 20 -24 
-7 4 7 -6 
12 -22 21 -24 
-7 4 7 -5 
11 -22 21 -23 
-7 4 6 -5 
-6 23 5 14 
-1 5 21 1 
-5 23 5 15 
-2 5 21 0 
-5 23 5 16 
-3 6 21 0 
-5 22 5 16 
-3 6 21 0 
-7 -11 -1 -14 
0 -4 4 3 
-8 -9 0 -15 
0 -3 5 2 
-8 -8 0 -16 
-1 -2 5 2 
-8 -7 0 -17 
-1 -1 6 1 
24 -10 3 14 
0 6 9 18 
24 -10 4 13 
0 5 8 19 
24 -10 4 13 
1 4 7 20 
24 -9 5 12 
2 3 6 20 
-18 13 8 -3 
12 6 16 -2 
-18 13 7 -2 
11 7 16 -2 
-17 13 6 -1 
10 8 17 -3 
-17 13 5 -1 
10 9 18 -3 
-15 -1 -3 28 
29 -19 -5 11 
-16 -1 -3 27 
29 -19 -4 11 
-16 -1 -4 26 
28 -20 -2 11 
-17 -1 -4 25 
28 -20 -1 10 
16 -5 -16 -5 
-6 -28 -13 11 
17 -5 -16 -4 
-4 -29 -15 11 
18 -4 -17 -4 
-3 -30 -17 11 
18 -4 -17 -3 
-1 -31 -18 10 
-12 18 2 -15 
-13 -4 -12 -11 
-12 18 1 -13 
-12 -3 -13 -11 
-11 17 -1 -11 
-12 -3 -13 -12 
-11 17 -2 -9 
-11 -3 -14 -12 
13 7 -2 -1 
-14 -17 12 -3 
14 7 -3 -1 
-13 -17 11 -3 
15 7 -3 -1 
-13 -17 9 -4 
16 8 -3 -1 
-13 -17 8 -5 
3 27 5 -4 
22 1 16 10 
3 27 6 -3 
21 1 17 9 
3 27 6 -2 
20 1 18 9 
3 28 6 0 
19 1 18 8 
21 -9 -11 -12 
-16 6 3 10 
22 -8 -12 -13 
-15 7 1 9 
23 -7 -12 -14 
-13 8 -1 9 
24 -6 -12 -15 
-12 9 -2 8 
-14 -3 10 23 
-28 6 2 -6 
-14 -3 10 22 
-29 7 1 -5 
-14 -4 9 22 
-29 7 1 -5 
-14 -4 8 21 
-30 7 1 -5 
17 10 -9 8 
20 19 -14 6 
17 10 -7 8 
21 19 -14 7 
16 9 -5 8 
23 19 -14 7 
15 9 -4 8 
24 18 -14 7 
3 -9 18 -10 
0 -27 3 -13 
3 -9 17 -11 
0 -27 3 -13 
3 -8 16 -12 
0 -26 2 -14 
4 -8 15 -13 
-1 -26 2 -15 
-29 11 -19 -2 
-28 9 -2 22 
-29 12 -20 -1 
-29 8 -1 22 
-28 12 -21 0 
-30 8 -1 22 
-27 12 -22 1 
-31 8 -1 22 
-36 11 -36 15 
5 0 0 2 
-36 10 -36 15 
4 -1 2 2 
-35 10 -36 16 
3 -2 3 3 
-35 9 -35 16 
2 -3 5 3 
2 -14 -12 -34 
11 -11 21 8 
2 -13 -12 -35 
9 -11 22 8 
2 -12 -11 -35 
7 -12 23 8 
2 -11 -11 -35 
5 -12 24 8 
15 1 -22 -7 
-7 4 -7 -1 
15 1 -22 -7 
-7 4 -8 -1 
16 1 -21 -6 
-6 4 -9 -1 
16 0 -20 -5 
-5 4 -10 -1 
-18 5 2 4 
-30 -1 -14 -8 
-18 5 1 5 
-30 0 -14 -8 
-18 4 1 5 
-30 0 -14 -8 
-18 4 0 5 
-29 1 -15 -8 
15 14 18 18 
-13 -13 2 -17 
14 13 19 18 
-14 -13 2 -17 
13 12 20 19 
-15 -13 2 -18 
12 11 22 19 
-15 -12 2 -18 
9 3 -4 -11 
20 -19 4 19 
8 4 -3 -11 
20 -20 5 18 
8 5 -2 -11 
20 -20 5 17 
7 7 -1 -11 
19 -20 6 16 
-2 -18 1 -5 
-2 13 -4 4 
-2 -18 0 -4 
-2 13 -4 5 
-2 -19 0 -4 
-2 12 -4 6 
-1 -19 -1 -4 
-2 12 -4 7 
-2 6 0 13 
-5 7 2 4 
-2 6 0 13 
-6 7 2 4 
-2 6 0 13 
-6 6 2 4 
-2 5 0 13 
-7 6 3 5 
27 6 3 0 
-8 10 -11 1 
27 6 4 0 
-7 10 -12 1 
26 6 6 0 
-6 10 -13 1 
25 6 7 0 
-5 10 -14 1 
-20 -13 14 -9 
11 -2 -19 7 
-21 -12 14 -10 
11 -2 -18 7 
-22 -11 14 -11 
11 -2 -17 7 
-23 -11 13 -12 
11 -2 -16 7 
-36 -14 -7 12 
-6 15 -13 -17 
-36 -15 -8 12 
-7 16 -11 -17 
-36 -16 -9 12 
-7 17 -10 -16 
-36 -16 -10 12 
-8 17 -9 -15 
1 0 -16 17 
10 -11 2 9 
2 1 -16 17 
11 -12 2 9 
2 1 -15 16 
11 -12 2 9 
2 1 -15 15 
12 -12 2 8 
-26 11 3 0 
7 9 -15 23 
-27 11 2 0 
7 9 -14 23 
-27 12 1 1 
8 9 -14 23 
-27 12 0 1 
9 9 -13 22 
12 -7 14 18 
-17 26 7 -15 
12 -8 14 18 
-17 27 6 -14 
13 -9 13 18 
-17 27 5 -13 
13 -10 13 18 
-17 28 4 -12 
-10 -25 -9 4 
-15 1 -6 -5 
-10 -24 -9 2 
-15 0 -7 -4 
-9 -24 -9 1 
-15 0 -7 -3 
-9 -24 -9 -1 
-15 0 -7 -3 
8 0 -8 5 
50 -24 -2 14 
9 -1 -8 5 
53 -26 -4 15 
10 -1 -7 6 
57 -29 -5 17 
11 -2 -7 6 
61 -31 -6 18 
184 -106 -53 39 
-259 262 526 -44 
211 -118 -62 43 
-267 252 505 -25 
237 -130 -70 48 
-273 241 483 -6 
264 -142 -78 52 
-278 229 460 14 
-45 -80 -96 -106 
-73 67 139 -25 
-38 -81 -91 -108 
-75 64 136 -18 
-32 -82 -88 -110 
-76 60 132 -12 
-24 -83 -85 -111 
-77 56 128 -6 
20 -52 48 -67 
-39 -34 38 3 
19 -51 52 -69 
-40 -36 38 4 
18 -49 54 -70 
-41 -37 37 4 
17 -47 57 -71 
-41 -39 36 5 
-5 -58 30 -39 
16 19 -25 -44 
-9 -60 32 -38 
16 18 -23 -41 
-12 -62 34 -37 
16 17 -21 -38 
-14 -64 36 -36 
15 15 -19 -35 
-20 8 -13 -42 
-1 -23 -23 11 
-20 10 -14 -43 
1 -21 -24 9 
-19 13 -15 -43 
2 -19 -24 7 
-19 15 -16 -44 
3 -17 -24 4 
-9 -23 -2 33 
-30 -13 -30 -5 
-8 -24 -3 33 
-28 -13 -31 -5 
-8 -25 -4 32 
-26 -12 -33 -5 
-7 -25 -5 31 
-25 -12 -35 -5 
1 -2 6 27 
-11 5 -6 -23 
2 -3 6 27 
-10 6 -7 -23 
2 -4 6 28 
-9 7 -8 -23 
2 -6 5 28 
-8 8 -9 -22 
6 -13 6 10 
-16 -3 -5 -5 
6 -13 6 9 
-16 -3 -6 -5 
7 -12 5 8 
-16 -3 -7 -5 
7 -12 5 7 
-15 -2 -8 -5 
-5 -7 -23 0 
-6 -1 18 2 
-3 -7 -23 0 
-5 -2 17 2 
-1 -7 -24 0 
-5 -2 16 2 
1 -7 -24 -1 
-4 -3 14 3 
-20 -19 11 -16 
15 -1 25 -16 
-19 -19 10 -16 
14 -1 26 -16 
-19 -19 9 -17 
14 0 27 -16 
-18 -19 8 -17 
13 1 27 -16 
-16 -19 8 8 
-5 -2 -36 -4 
-17 -19 7 8 
-4 -2 -36 -3 
-18 -19 7 7 
-2 -2 -36 -3 
-19 -19 7 6 
0 -2 -36 -3 
6 -8 29 -4 
3 -16 -23 -6 
5 -7 29 -4 
4 -16 -23 -6 
3 -7 29 -4 
4 -16 -23 -6 
2 -7 29 -4 
4 -17 -23 -7 
14 -16 -8 -14 
32 19 5 -13 
15 -17 -9 -14 
32 19 5 -12 
15 -17 -8 -14 
33 19 6 -11 
15 -17 -8 -14 
33 20 6 -10 
-11 17 -8 14 
-15 -13 -18 1 
-10 16 -9 14 
-14 -14 -18 1 
-9 16 -11 14 
-13 -14 -19 0 
-9 16 -12 13 
-12 -14 -20 -1 
12 -25 4 -17 
2 -25 5 -17 
12 -25 4 -17 
3 -25 5 -17 
12 -25 4 -17 
3 -26 4 -16 
13 -25 4 -17 
3 -26 4 -16 
8 38 -12 10 
-17 -5 18 -16 
10 37 -13 12 
-17 -5 17 -17 
11 35 -14 15 
-16 -5 15 -17 
13 33 -14 17 
-15 -5 13 -17 
-9 8 13 -6 
15 17 -6 8 
-10 8 13 -6 
15 17 -5 9 
-11 8 14 -5 
15 17 -4 9 
-11 7 14 -5 
15 16 -4 10 
-16 5 -2 -2 
2 1 19 12 
-15 6 -3 -2 
1 1 19 11 
-14 7 -4 -2 
1 2 19 11 
-13 7 -6 -3 
0 2 19 10 
-11 -11 -1 23 
12 -7 -2 -8 
-12 -12 -1 23 
12 -8 -1 -8 
-12 -13 -1 22 
12 -9 0 -7 
-12 -14 -1 22 
12 -9 1 -6 
11 2 14 -6 
14 7 0 -16 
10 1 14 -5 
14 8 0 -16 
9 1 14 -4 
14 9 0 -16 
9 0 14 -3 
14 9 1 -15 
-4 -18 -8 0 
1 -15 0 1 
-3 -18 -9 -1 
1 -15 0 1 
-3 -17 -9 -2 
1 -15 0 1 
-2 -16 -10 -3 
0 -15 0 1 
-7 -10 -25 -12 
-4 7 26 29 
-6 -9 -26 -12 
-4 6 25 29 
-4 -8 -27 -12 
-4 5 24 29 
-2 -7 -27 -12 
-4 4 24 30 
-8 -10 13 1 
-2 8 5 -14 
-9 -11 13 1 
-3 8 6 -13 
-9 -12 13 1 
-4 8 7 -12 
-10 -12 13 2 
-4 8 7 -11 
-13 -19 -12 -6 
0 -10 4 1 
-13 -19 -12 -7 
-1 -10 4 1 
-13 -19 -12 -7 
-2 -10 5 1 
-12 -18 -12 -8 
-2 -11 6 2 
-14 5 -13 5 
0 9 -22 4 
-14 5 -13 6 
0 9 -21 4 
-15 4 -13 6 
0 9 -21 5 
-15 3 -13 7 
-1 8 -20 5 
-10 -1 -25 -10 
-24 -32 -13 12 
-9 0 -25 -10 
-24 -33 -14 11 
-9 1 -26 -11 
-23 -33 -14 10 
-8 2 -26 -11 
-23 -34 -15 9 
4 14 0 -4 
-10 -6 -3 -8 
4 14 0 -3 
-10 -6 -3 -8 
3 14 1 -1 
-11 -5 -3 -9 
3 13 2 0 
-11 -5 -3 -9 
-2 -15 -7 -10 
3 2 -30 -10 
-3 -15 -7 -11 
3 2 -30 -10 
-4 -15 -6 -11 
4 3 -29 -10 
-5 -15 -5 -11 
4 3 -29 -10 
17 -6 -11 6 
3 5 0 -25 
18 -6 -11 6 
4 6 -2 -25 
19 -7 -11 6 
5 7 -3 -24 
20 -8 -11 6 
7 8 -4 -24 
-16 -23 11 5 
-12 27 -4 7 
-15 -23 10 4 
-13 26 -5 9 
-15 -23 8 3 
-13 26 -5 10 
-15 -23 7 2 
-13 25 -5 11 
-25 -17 -22 -1 
-1 -8 8 -16 
-24 -17 -22 -2 
-2 -8 9 -16 
-24 -17 -23 -2 
-3 -7 9 -16 
-23 -17 -24 -3 
-4 -7 10 -16 
16 3 -5 8 
-8 -9 -8 -1 
16 2 -4 9 
-7 -10 -9 -1 
15 2 -3 9 
-7 -10 -9 -1 
15 1 -3 9 
-7 -10 -10 -1 
-18 17 -14 4 
-22 -17 -8 1 
-18 16 -14 5 
-21 -17 -8 1 
-17 16 -15 6 
-21 -18 -9 0 
-17 16 -16 7 
-20 -19 -9 0 
0 4 8 -22 
3 23 10 16 
0 5 9 -22 
3 22 10 16 
0 6 9 -21 
2 22 10 16 
0 6 9 -20 
2 22 11 16 
-2 5 -3 11 
28 8 -9 -2 
-3 5 -3 11 
29 9 -8 -3 
-3 5 -3 11 
30 10 -8 -3 
-3 4 -3 10 
31 10 -7 -3 
1 -8 27 23 
-5 27 16 7 
2 -8 26 23 
-6 26 17 9 
2 -9 25 22 
-7 25 17 11 
2 -10 24 22 
-7 23 17 12 
25 19 2 -2 
12 22 -5 22 
25 19 3 -1 
13 20 -5 22 
24 19 4 -1 
14 18 -6 23 
24 19 5 0 
15 17 -6 24 
6 13 19 -18 
-8 -19 14 -12 
6 13 19 -17 
-8 -19 13 -13 
6 13 18 -17 
-9 -18 13 -14 
7 13 17 -16 
-9 -18 12 -15 
9 15 -5 6 
-6 -11 12 -9 
9 14 -4 6 
-7 -10 12 -10 
9 14 -4 7 
-7 -10 11 -11 
10 13 -3 8 
-7 -9 11 -11 
-7 -7 -3 7 
7 -11 18 -8 
-6 -7 -3 7 
7 -11 19 -8 
-6 -8 -3 7 
6 -11 19 -8 
-5 -8 -3 7 
6 -11 20 -8 
-9 3 0 1 
-7 11 -10 -5 
-9 3 0 2 
-7 12 -9 -5 
-9 2 0 2 
-7 12 -9 -5 
-9 2 -1 3 
-7 12 -9 -5 
-1 -8 -6 6 
-17 -7 3 6 
-1 -8 -6 6 
-17 -8 2 6 
-1 -8 -6 5 
-18 -8 2 6 
0 -8 -6 4 
-18 -8 2 6 
18 13 -11 7 
-7 7 11 8 
19 13 -10 8 
-7 7 11 8 
19 13 -9 9 
-7 7 10 8 
19 12 -8 9 
-8 7 10 8 
5 -5 -1 -1 
-6 0 -14 6 
5 -5 -1 -1 
-5 0 -14 6 
5 -5 0 -2 
-5 0 -14 6 
4 -4 0 -2 
-4 0 -14 6 
5 11 -1 -1 
-11 -11 4 -5 
6 12 -1 -1 
-10 -11 3 -6 
6 12 -1 0 
-10 -10 3 -7 
7 12 -1 0 
-9 -9 2 -8 
-3 0 9 3 
-43 9 -24 12 
-3 1 9 3 
-43 9 -25 12 
-4 1 9 2 
-42 10 -26 12 
-5 2 9 2 
-42 10 -27 12 
-1 0 -9 -1 
9 4 -9 8 
-1 0 -7 -1 
9 4 -9 8 
-2 1 -6 -2 
10 4 -8 7 
-3 2 -5 -2 
11 4 -8 7 
-6 5 21 6 
-4 -17 10 -8 
-6 5 21 6 
-5 -16 10 -9 
-7 5 21 6 
-5 -15 11 -10 
-7 5 20 6 
-6 -14 11 -11 
-19 -17 -7 10 
23 -7 26 0 
-19 -17 -7 9 
22 -8 27 1 
-18 -18 -8 9 
22 -8 28 1 
-18 -18 -8 9 
21 -9 29 1 
-4 17 15 1 
25 -50 -22 9 
-4 17 15 2 
27 -52 -23 9 
-5 16 14 3 
30 -54 -23 9 
-5 16 14 4 
32 -55 -24 8 
146 -104 -69 61 
-439 307 320 -88 
166 -118 -75 67 
-446 300 298 -68 
187 -133 -81 73 
-452 293 276 -48 
208 -147 -86 78 
-456 284 252 -27 
-16 -72 -180 -40 
-30 141 62 5 
-13 -74 -170 -45 
-30 137 60 12 
-10 -75 -159 -49 
-30 133 58 20 
-6 -77 -149 -52 
-30 128 56 28 
-37 -117 10 -77 
-34 -31 5 -31 
-37 -114 10 -82 
-34 -32 5 -29 
-37 -112 9 -88 
-34 -33 5 -27 
-37 -109 9 -93 
-34 -34 4 -26 
0 -41 28 -36 
-3 34 -25 -13 
-2 -42 30 -35 
-2 33 -25 -10 
-4 -42 31 -35 
-2 32 -25 -8 
-6 -43 32 -34 
-1 32 -24 -5 
-41 23 -11 -7 
21 -45 -23 -8 
-41 24 -13 -7 
23 -44 -23 -11 
-41 25 -14 -8 
25 -43 -22 -13 
-40 25 -16 -8 
26 -41 -22 -16 
-49 0 -4 11 
-24 -9 1 -31 
-48 -1 -7 12 
-25 -8 1 -31 
-46 -2 -10 12 
-26 -7 1 -31 
-44 -4 -14 13 
-27 -5 1 -31 
-3 -22 -37 12 
20 43 -13 -2 
-3 -23 -37 11 
20 42 -13 0 
-2 -24 -36 11 
21 41 -13 2 
-1 -24 -36 10 
21 40 -13 4 
-14 9 -27 -19 
-4 -2 9 16 
-11 10 -29 -21 
-3 -3 7 15 
-9 12 -31 -22 
-2 -3 6 14 
-7 14 -33 -23 
-1 -4 5 13 
-6 0 17 -34 
34 -26 9 -1 
-7 1 16 -35 
35 -26 10 -3 
-7 3 16 -35 
35 -26 11 -4 
-7 5 15 -36 
35 -26 12 -6 
-1 17 22 -21 
-20 -13 -18 -7 
-2 18 21 -21 
-20 -11 -18 -9 
-2 19 20 -20 
-20 -10 -18 -11 
-3 20 19 -19 
-20 -8 -19 -12 
9 2 -6 13 
12 41 -3 16 
9 2 -5 13 
12 42 -3 17 
8 2 -4 13 
12 42 -2 17 
8 2 -3 12 
12 42 -2 18 
23 3 6 10 
-2 9 -9 10 
22 4 7 8 
-1 10 -10 10 
22 5 7 7 
0 10 -10 9 
22 7 7 5 
1 11 -11 8 
0 -32 8 0 
-3 9 10 14 
0 -31 8 -2 
-3 9 10 14 
0 -30 7 -4 
-3 10 9 15 
1 -29 7 -6 
-3 10 9 15 
-41 -6 -1 20 
7 -10 -7 2 
-41 -7 -2 20 
6 -11 -5 3 
-42 -7 -2 20 
6 -11 -4 3 
-42 -8 -3 19 
5 -12 -2 3 
-2 -3 -3 -10 
-36 12 -12 -13 
-2 -3 -3 -9 
-36 12 -13 -13 
-1 -3 -3 -9 
-36 12 -14 -12 
-1 -4 -3 -8 
-36 12 -15 -12 
-8 -10 -7 -20 
32 -12 -10 -2 
-8 -9 -6 -22 
34 -12 -10 -2 
-9 -7 -6 -23 
34 -11 -9 -3 
-10 -6 -5 -24 
35 -10 -8 -4 
-23 23 16 17 
-7 16 -23 -2 
-23 22 14 17 
-5 16 -24 -2 
-23 21 12 18 
-4 17 -24 -3 
-23 21 10 19 
-2 18 -24 -3 
-15 14 11 20 
-33 -9 7 2 
-15 14 10 20 
-34 -8 7 1 
-14 15 9 19 
-35 -7 6 0 
-13 15 8 19 
-36 -6 6 -1 
6 8 -20 27 
-3 -18 20 0 
7 8 -19 27 
-5 -19 20 -1 
7 7 -17 27 
-6 -19 21 -1 
7 7 -16 27 
-8 -19 21 -1 
8 12 -26 -9 
20 -15 5 -11 
9 12 -25 -8 
20 -13 5 -12 
9 12 -24 -7 
20 -12 5 -14 
10 12 -23 -7 
20 -11 6 -15 
1 -32 -11 10 
-20 3 26 -8 
3 -32 -12 9 
-21 3 25 -7 
4 -33 -13 8 
-22 3 23 -6 
6 -33 -14 7 
-22 3 22 -5 
4 3 -8 15 
7 -3 -2 20 
4 3 -7 16 
7 -4 -2 20 
4 3 -6 16 
8 -5 -2 21 
4 3 -5 16 
8 -6 -2 21 
-11 1 -1 11 
1 -1 9 5 
-11 0 -2 12 
0 -2 9 6 
-11 -1 -2 13 
0 -2 9 6 
-10 -2 -3 13 
0 -2 9 7 
-3 -13 7 8 
20 8 18 8 
-3 -14 7 9 
19 7 19 10 
-3 -14 7 9 
18 6 20 11 
-3 -15 8 9 
17 5 21 12 
7 -7 1 -6 
-1 -16 -2 5 
6 -7 1 -6 
-1 -16 -2 5 
6 -7 1 -6 
-1 -17 -2 5 
6 -6 1 -6 
-1 -17 -2 5 
-4 9 -7 10 
-9 6 -8 -14 
-4 7 -7 11 
-9 6 -8 -14 
-4 6 -7 13 
-9 6 -8 -13 
-5 4 -7 14 
-9 6 -8 -12 
10 25 4 12 
-6 2 -1 6 
9 25 5 12 
-6 2 -1 5 
9 25 6 13 
-6 2 -1 5 
8 24 7 14 
-6 2 -1 4 
-24 -18 -6 -21 
-5 -17 -4 -1 
-25 -17 -6 -22 
-5 -17 -3 -1 
-25 -16 -6 -23 
-5 -16 -3 -2 
-25 -15 -6 -24 
-6 -16 -2 -3 
8 13 -2 11 
-10 -10 -3 -8 
8 12 -2 12 
-9 -10 -4 -8 
8 11 -1 13 
-9 -10 -5 -9 
8 11 -1 13 
-8 -9 -5 -9 
-6 6 8 1 
14 -8 -11 -15 
-6 6 8 1 
14 -7 -10 -16 
-7 5 8 2 
15 -7 -10 -16 
-7 5 8 2 
15 -6 -9 -16 
-16 -2 6 -1 
27 11 22 -1 
-16 -2 4 -1 
26 11 23 -1 
-15 -2 3 -1 
26 11 24 0 
-14 -2 2 -1 
25 11 25 0 
-22 -13 -3 -6 
10 -10 -5 10 
-22 -12 -4 -7 
11 -11 -5 10 
-21 -11 -5 -8 
12 -12 -5 9 
-21 -10 -6 -9 
13 -12 -4 9 
10 8 31 -13 
3 -3 -11 9 
9 8 31 -12 
3 -4 -10 9 
8 9 31 -12 
3 -4 -10 9 
7 9 30 -11 
3 -4 -10 8 
3 1 -12 -5 
1 1 2 -14 
3 0 -12 -5 
0 1 2 -14 
4 0 -12 -5 
-1 2 2 -14 
4 0 -12 -4 
-1 2 2 -14 
11 13 -8 2 
21 7 -8 2 
11 13 -7 2 
21 7 -7 2 
10 13 -6 2 
21 7 -7 2 
10 13 -5 2 
21 7 -6 2 
8 12 -11 -1 
-2 -2 32 8 
9 13 -12 -1 
-2 -2 31 7 
11 14 -13 -1 
-3 -1 31 6 
13 14 -14 -2 
-3 0 30 5 
-24 -1 -11 13 
12 -22 -9 3 
-24 -2 -11 13 
12 -23 -8 3 
-24 -2 -11 13 
12 -24 -7 2 
-24 -2 -12 13 
13 -25 -7 2 
4 -22 9 -25 
-6 -7 -16 -19 
3 -22 9 -25 
-5 -7 -16 -18 
3 -22 9 -25 
-4 -6 -17 -18 
3 -22 9 -25 
-4 -6 -17 -18 
-11 -3 6 1 
8 -6 -12 -16 
-12 -3 6 1 
8 -5 -11 -16 
-12 -3 6 1 
8 -5 -11 -16 
-12 -4 5 1 
8 -5 -11 -16 
-8 -24 -13 -22 
-32 9 5 -20 
-7 -24 -14 -23 
-32 10 4 -20 
-6 -23 -15 -24 
-31 11 2 -19 
-4 -23 -16 -24 
-31 11 1 -19 
-2 14 7 3 
23 -21 -3 7 
-2 14 8 2 
23 -22 -2 6 
-3 15 9 2 
23 -22 -2 5 
-4 16 10 1 
24 -22 -1 4 
-21 -4 7 -10 
-6 -8 8 -24 
-21 -5 6 -9 
-7 -9 8 -23 
-21 -6 5 -8 
-8 -9 9 -23 
-20 -7 3 -7 
-8 -9 9 -22 
-2 12 -5 -16 
5 1 12 13 
-3 12 -4 -16 
3 1 13 12 
-3 13 -4 -15 
2 1 13 12 
-3 14 -3 -15 
0 1 14 11 
-2 -18 -36 -6 
10 -8 4 7 
-1 -17 -36 -7 
11 -8 4 7 
0 -16 -35 -8 
11 -8 3 8 
1 -16 -35 -9 
11 -8 3 8 
15 -5 9 7 
25 13 24 11 
15 -6 9 7 
24 12 24 13 
15 -6 9 7 
24 11 24 14 
16 -7 9 8 
23 10 25 15 
-4 4 7 -9 
30 2 -18 -5 
-5 4 7 -9 
31 3 -17 -5 
-6 4 6 -9 
32 3 -16 -5 
-6 4 6 -9 
32 3 -15 -5 
5 6 10 1 
5 8 4 -3 
5 5 9 1 
5 9 3 -3 
6 5 8 1 
5 9 3 -3 
6 5 7 1 
5 9 3 -3 
16 -15 4 -2 
-2 -2 2 0 
16 -14 4 -3 
-2 -2 1 0 
16 -14 4 -3 
-2 -3 1 0 
16 -14 4 -4 
-2 -3 0 1 
2 -3 -9 -14 
0 8 2 1 
2 -3 -9 -15 
0 9 2 1 
2 -2 -9 -15 
-1 10 2 0 
3 -2 -9 -14 
-1 11 2 0 
5 -19 -19 23 
38 -20 0 14 
6 -19 -19 22 
40 -23 -1 15 
7 -20 -19 21 
42 -25 -1 17 
8 -21 -19 21 
44 -26 -2 18 
125 -154 -28 61 
-488 374 125 -158 
138 -170 -32 65 
-490 373 105 -137 
152 -185 -37 69 
-491 371 83 -115 
165 -200 -40 73 
-490 368 61 -93 
0 -16 -115 75 
-22 166 -32 52 
-3 -16 -102 67 
-22 164 -31 57 
-6 -17 -89 59 
-23 162 -30 63 
-9 -17 -77 52 
-24 159 -28 69 
3 -79 -26 -15 
6 -24 53 -52 
4 -78 -26 -21 
5 -24 53 -51 
6 -77 -25 -26 
4 -23 53 -50 
8 -76 -25 -31 
3 -22 52 -50 
8 0 23 -10 
-19 51 -27 51 
6 0 23 -10 
-18 48 -27 53 
5 1 24 -10 
-17 45 -28 55 
3 2 25 -9 
-16 41 -28 57 
20 25 -1 -19 
-15 -26 31 -28 
21 25 -1 -19 
-16 -24 29 -30 
23 25 -1 -18 
-16 -23 28 -31 
24 25 -1 -17 
-17 -21 26 -33 
-12 8 -29 10 
18 -19 -15 -13 
-12 8 -29 10 
19 -18 -15 -14 
-11 7 -29 10 
20 -17 -15 -15 
-11 7 -29 11 
21 -16 -15 -16 
-7 28 9 19 
-3 19 -4 5 
-8 28 8 20 
-4 20 -4 4 
-8 27 7 21 
-5 21 -3 4 
-8 27 6 22 
-6 22 -3 3 
35 20 -17 6 
-22 -30 -21 5 
36 21 -16 5 
-20 -30 -23 3 
36 23 -15 4 
-18 -29 -25 1 
36 24 -13 3 
-17 -29 -27 -1 
-8 -5 10 -29 
6 10 -13 2 
-9 -4 10 -29 
7 10 -13 2 
-9 -2 10 -29 
8 11 -12 1 
-9 -1 9 -29 
9 12 -12 1 
-8 2 16 6 
13 -15 -9 -7 
-9 2 16 5 
14 -14 -9 -8 
-9 3 15 4 
15 -13 -8 -9 
-10 3 15 3 
16 -12 -8 -10 
-12 12 11 17 
-2 39 -26 9 
-12 11 10 18 
-1 39 -26 10 
-13 11 9 18 
0 39 -26 11 
-13 10 8 19 
2 40 -26 12 
26 20 12 24 
-31 9 -16 16 
26 20 11 23 
-30 8 -18 16 
26 20 11 22 
-29 8 -20 16 
26 20 11 22 
-28 8 -22 15 
16 -10 -3 -4 
3 -12 15 13 
17 -10 -3 -5 
3 -13 15 13 
18 -9 -2 -5 
2 -14 14 14 
18 -9 -2 -6 
2 -15 13 14 
-13 17 -20 0 
-24 16 -3 -2 
-12 15 -21 2 
-23 15 -4 -1 
-11 14 -22 4 
-23 14 -5 0 
-10 13 -22 6 
-22 13 -6 1 
-9 34 10 -20 
-7 3 -9 4 
-9 35 10 -19 
-7 2 -8 3 
-10 35 10 -18 
-7 2 -8 2 
-11 35 10 -17 
-7 2 -8 1 
21 5 13 -17 
15 -20 -1 -2 
20 6 15 -18 
15 -20 -1 -3 
19 7 16 -18 
14 -20 -1 -4 
18 8 17 -18 
14 -20 0 -5 
-28 -4 -9 -17 
3 5 -7 -6 
-28 -4 -10 -17 
2 5 -6 -6 
-28 -3 -11 -16 
2 4 -5 -6 
-28 -3 -12 -16 
2 4 -4 -5 
-4 17 -4 -10 
7 -1 -6 -9 
-5 17 -4 -10 
7 0 -6 -10 
-5 17 -4 -10 
7 1 -5 -11 
-5 18 -4 -10 
7 1 -5 -12 
34 -11 12 1 
1 5 1 -12 
34 -11 12 0 
2 5 0 -11 
34 -11 13 -1 
2 6 -1 -11 
34 -11 14 -1 
3 7 -2 -11 
-12 -18 -5 4 
-19 8 -11 -6 
-12 -18 -6 3 
-19 8 -12 -5 
-12 -18 -6 2 
-18 8 -12 -5 
-12 -18 -7 2 
-18 8 -12 -4 
18 -1 16 12 
14 -3 -5 -4 
17 -1 17 13 
14 -4 -5 -3 
16 -2 18 13 
15 -5 -5 -2 
15 -3 19 13 
15 -7 -4 -1 
-11 14 -5 -19 
11 18 -4 3 
-11 14 -6 -18 
12 17 -4 4 
-11 14 -6 -17 
12 17 -3 4 
-10 14 -7 -15 
12 17 -3 4 
11 -18 14 -12 
2 -37 -33 6 
10 -17 14 -13 
3 -39 -33 6 
9 -16 15 -14 
4 -40 -33 6 
7 -16 15 -15 
5 -41 -33 5 
-16 20 0 -17 
2 -11 -8 -9 
-16 20 -1 -14 
2 -10 -8 -9 
-16 19 -2 -12 
3 -10 -8 -10 
-16 19 -3 -10 
4 -9 -8 -10 
-25 5 11 5 
-24 12 -19 8 
-26 5 10 5 
-25 11 -19 9 
-27 4 10 5 
-26 11 -18 9 
-27 4 9 6 
-27 11 -17 9 
10 7 -28 -1 
13 18 -1 2 
10 7 -26 -1 
13 18 -1 2 
10 8 -25 -1 
14 18 -1 2 
10 8 -24 -1 
14 18 -1 2 
17 -26 10 -21 
3 0 -7 -4 
17 -25 9 -23 
4 1 -8 -5 
17 -23 9 -24 
4 2 -9 -5 
17 -22 9 -26 
5 3 -9 -5 
1 -3 2 16 
-14 7 19 -1 
2 -3 1 16 
-15 7 18 -1 
3 -3 1 15 
-16 8 18 -1 
4 -3 0 15 
-17 9 17 -2 
2 -5 -17 14 
-25 7 -9 28 
2 -4 -16 13 
-25 6 -9 28 
2 -4 -16 12 
-25 5 -10 28 
1 -3 -15 11 
-26 5 -10 28 
34 -7 -5 7 
6 -6 17 -7 
34 -7 -4 7 
6 -6 16 -7 
34 -8 -2 7 
6 -7 15 -7 
35 -8 0 7 
6 -7 15 -6 
-2 10 6 -18 
23 10 11 9 
-2 11 5 -18 
23 10 11 9 
-2 12 5 -17 
24 9 12 8 
-2 13 4 -17 
24 9 12 8 
-15 -12 4 -16 
0 -26 -2 -7 
-14 -11 2 -17 
1 -26 -2 -8 
-14 -10 1 -18 
2 -26 -3 -8 
-13 -9 0 -19 
3 -27 -3 -9 
-4 18 26 -14 
-20 15 -4 -11 
-4 18 26 -13 
-20 16 -4 -11 
-5 17 25 -12 
-21 17 -4 -12 
-5 17 25 -10 
-21 18 -4 -12 
15 -16 -3 7 
7 -2 -8 16 
15 -15 -1 6 
8 -3 -8 16 
14 -15 0 4 
8 -4 -8 17 
13 -14 1 3 
8 -4 -8 17 
4 -22 8 -20 
-3 -12 -15 -18 
3 -22 8 -21 
-2 -11 -16 -18 
3 -22 8 -21 
-2 -10 -16 -19 
2 -22 8 -21 
-1 -9 -16 -19 
-11 7 -1 11 
-7 6 11 9 
-11 7 -1 11 
-8 6 12 9 
-11 7 -2 11 
-9 6 12 9 
-10 7 -2 11 
-10 6 12 9 
-13 -20 -12 -2 
-10 -2 -21 11 
-13 -20 -11 -2 
-10 -3 -21 12 
-14 -19 -11 -3 
-10 -4 -20 12 
-15 -19 -10 -4 
-10 -5 -20 13 
4 1 1 -12 
-3 -12 -3 -19 
4 1 2 -11 
-3 -11 -3 -20 
3 1 3 -11 
-3 -10 -3 -20 
3 1 3 -10 
-3 -9 -2 -21 
0 -14 6 14 
0 -12 -7 -18 
-1 -15 7 14 
0 -12 -7 -18 
-1 -16 7 13 
0 -12 -6 -18 
-2 -16 8 13 
0 -12 -6 -17 
-7 0 0 -5 
10 3 17 -10 
-7 0 0 -5 
9 3 18 -10 
-7 0 0 -4 
8 3 19 -10 
-7 0 0 -4 
7 4 19 -10 
0 0 0 0 
0 0 0 0 
0 0 0 0 
0 0 0 0 
0 0 0 0 
0 0 0 0 
0 0 0 0 
0 0 0 0 
0 0 0 0 
0 0 0 0 
0 0 0 0 
0 0 0 0 
0 0 0 0 
0 0 0 0 
