111 432 823 305 
25 71 16 -107 
101 414 808 326 
32 75 12 -110 
92 394 790 346 
38 79 8 -111 
84 374 771 366 
44 82 4 -111 
17 49 68 23 
-4 6 90 94 
22 53 62 20 
-5 6 87 92 
27 56 57 18 
-5 6 84 89 
31 60 51 15 
-5 6 81 86 
-7 -62 33 32 
-24 12 16 -32 
-8 -64 33 31 
-24 11 17 -29 
-8 -66 33 30 
-25 10 16 -26 
-9 -68 33 29 
-25 9 16 -23 
0 0 0 0 
0 0 0 0 
0 0 0 0 
0 0 0 0 
0 0 0 0 
0 0 0 0 
0 0 0 0 
0 0 0 0 
0 0 0 0 
0 0 0 0 
0 0 0 0 
0 0 0 0 
0 0 0 0 
0 0 0 0 
0 0 0 0 
0 0 0 0 
0 0 0 0 
0 0 0 0 
0 0 0 0 
0 0 0 0 
0 0 0 0 
0 0 0 0 
0 0 0 0 
0 0 0 0 
0 0 0 0 
0 0 0 0 
0 0 0 0 
0 0 0 0 
0 0 0 0 
0 0 0 0 
0 0 0 0 
0 0 0 0 
0 0 0 0 
0 0 0 0 
0 0 0 0 
0 0 0 0 
0 0 0 0 
0 0 0 0 
0 0 0 0 
0 0 0 0 
0 0 0 0 
0 0 0 0 
0 0 0 0 
1 0 0 0 
0 0 0 0 
1 0 0 0 
0 0 0 0 
1 0 0 0 
6 -3 -2 1 
27 -17 -13 8 
7 -3 -3 1 
31 -17 -15 8 
8 -3 -3 1 
36 -16 -17 8 
9 -3 -3 1 
40 -16 -20 8 
130 -70 -54 34 
-155 414 640 308 
157 -69 -63 33 
-170 405 626 324 
185 -67 -72 32 
-183 395 611 339 
213 -65 -81 31 
-195 386 594 354 
-41 -48 -94 95 
28 -48 18 58 
-42 -47 -87 87 
27 -51 21 58 
-42 -45 -80 79 
26 -54 24 58 
-42 -43 -73 71 
24 -56 26 57 
49 -16 16 -21 
-70 -29 61 -22 
50 -17 16 -19 
-74 -31 59 -22 
52 -18 17 -17 
-77 -32 56 -21 
53 -19 18 -15 
-80 -34 54 -21 
29 -16 -48 -71 
-14 16 -16 12 
29 -14 -44 -70 
-13 15 -18 12 
28 -13 -40 -70 
-12 13 -19 13 
28 -11 -36 -69 
-11 12 -20 13 
-24 -14 2 -45 
31 28 -19 -28 
-25 -13 1 -46 
31 31 -17 -29 
-26 -12 1 -47 
32 34 -16 -29 
-26 -11 0 -47 
32 36 -15 -29 
-10 6 -21 39 
16 -5 13 15 
-8 6 -23 37 
17 -5 13 15 
-6 7 -25 35 
17 -6 12 14 
-4 7 -27 33 
18 -6 11 13 
7 -2 24 -20 
7 -7 -38 27 
6 0 23 -21 
9 -7 -39 27 
5 2 23 -21 
12 -8 -39 26 
4 3 23 -22 
14 -8 -39 25 
-17 18 11 10 
-11 0 45 -34 
-15 17 9 11 
-12 2 45 -35 
-13 16 7 12 
-13 3 44 -36 
-11 15 5 13 
-14 5 44 -36 
-12 23 21 10 
29 4 9 26 
-13 24 22 9 
28 4 11 25 
-15 25 23 9 
26 3 13 24 
-16 27 24 8 
24 3 15 23 
-15 -35 -23 -19 
18 -2 16 -27 
-14 -35 -24 -20 
17 -2 17 -26 
-13 -35 -25 -21 
17 -2 18 -25 
-12 -35 -25 -22 
16 -2 19 -24 
-6 -2 11 -15 
-7 -16 -29 -11 
-8 -1 11 -16 
-6 -16 -28 -12 
-9 -1 11 -16 
-5 -16 -28 -12 
-10 -1 11 -15 
-4 -15 -28 -13 
-14 14 0 -1 
-3 -17 -7 13 
-14 15 0 0 
-2 -18 -7 13 
-14 15 -1 0 
-1 -18 -7 12 
-14 15 -1 1 
0 -19 -8 11 
-2 6 26 -4 
33 12 -12 -5 
-3 6 26 -3 
33 12 -11 -4 
-4 5 26 -2 
34 12 -10 -4 
-6 4 26 -1 
34 11 -9 -3 
-4 14 2 -4 
-21 17 -3 -2 
-3 14 1 -4 
-20 18 -4 -2 
-2 14 -1 -3 
-20 19 -5 -3 
-1 14 -2 -3 
-19 20 -6 -3 
-10 7 -1 28 
24 -6 6 -9 
-10 6 -1 28 
25 -6 7 -9 
-10 6 -1 27 
25 -5 8 -10 
-10 5 -1 26 
26 -5 8 -10 
-1 -14 29 -12 
-27 -18 -1 -14 
-2 -14 29 -12 
-27 -17 -1 -14 
-2 -13 28 -13 
-28 -16 -2 -15 
-3 -13 27 -13 
-28 -16 -2 -16 
-11 -6 -8 -8 
-5 -10 -7 28 
-12 -5 -7 -8 
-5 -11 -6 28 
-12 -4 -6 -9 
-5 -12 -5 28 
-13 -2 -5 -9 
-5 -12 -5 27 
11 -3 12 -2 
-1 -17 5 -6 
10 -3 13 -1 
-2 -17 5 -6 
9 -4 14 0 
-3 -18 6 -6 
8 -4 15 0 
-4 -18 6 -6 
16 -22 -12 -18 
-10 11 -1 0 
16 -22 -11 -17 
-8 10 -3 1 
17 -22 -11 -17 
-7 10 -4 2 
17 -22 -10 -17 
-6 9 -5 3 
-9 -10 15 -12 
9 15 5 -8 
-9 -10 14 -12 
8 16 6 -8 
-10 -10 14 -13 
7 17 6 -8 
-10 -9 13 -13 
7 17 7 -7 
15 -5 -8 -3 
-4 -5 -9 12 
15 -4 -8 -5 
-3 -5 -10 11 
15 -3 -7 -6 
-3 -5 -10 11 
15 -1 -7 -7 
-2 -4 -11 10 
-13 -22 -3 -3 
0 11 -13 -10 
-13 -23 -3 -4 
0 11 -13 -9 
-13 -23 -4 -5 
0 11 -12 -8 
-13 -23 -4 -5 
0 11 -12 -7 
-14 -12 -5 3 
9 -11 -8 0 
-14 -11 -6 2 
9 -11 -7 0 
-14 -11 -6 2 
8 -11 -7 -1 
-14 -11 -6 1 
8 -10 -6 -1 
-11 -2 -7 6 
11 10 -6 4 
-11 -2 -7 6 
11 10 -5 4 
-10 -2 -8 6 
11 10 -5 4 
-10 -2 -8 6 
10 10 -4 5 
5 5 -16 4 
0 2 -3 8 
6 5 -17 4 
1 2 -4 8 
7 5 -17 4 
1 2 -4 8 
7 6 -17 3 
2 2 -5 8 
-23 10 0 7 
6 20 -9 14 
-23 11 -1 7 
6 20 -8 14 
-24 11 -2 7 
6 20 -7 14 
-24 11 -3 7 
6 20 -6 14 
9 11 9 7 
5 -9 10 -1 
9 11 9 7 
4 -8 10 -2 
9 12 9 6 
4 -8 10 -3 
8 12 10 6 
3 -7 10 -4 
-11 19 -7 22 
-4 -7 -4 -4 
-11 18 -7 23 
-4 -7 -5 -4 
-10 17 -7 23 
-3 -7 -5 -4 
-10 16 -8 24 
-2 -7 -5 -5 
-18 -1 6 -3 
-6 -1 4 -18 
-18 -1 5 -2 
-6 0 5 -18 
-18 -1 5 -2 
-7 1 5 -19 
-18 -2 4 -2 
-7 2 6 -19 
-4 -29 1 9 
-1 28 -35 0 
-5 -29 2 8 
0 28 -34 1 
-7 -29 3 7 
1 28 -34 3 
-8 -29 3 6 
2 28 -34 4 
1 -12 17 27 
-17 3 -8 -35 
1 -13 17 27 
-16 3 -9 -34 
1 -15 16 27 
-16 4 -9 -33 
0 -17 16 26 
-15 4 -10 -32 
-16 -19 9 -12 
19 2 1 -4 
-17 -18 9 -13 
18 2 3 -4 
-18 -18 9 -13 
17 1 4 -3 
-18 -17 9 -14 
17 1 6 -3 
5 10 7 -13 
1 -9 -9 12 
4 11 7 -13 
1 -9 -9 11 
3 12 8 -13 
1 -8 -9 10 
3 13 8 -13 
1 -8 -9 9 
5 -13 3 6 
3 28 10 1 
5 -13 4 6 
3 27 10 2 
5 -14 4 6 
4 27 10 3 
5 -14 4 6 
4 27 9 4 
14 -2 25 -2 
-18 5 -22 23 
13 -1 26 -3 
-17 5 -23 23 
12 0 26 -4 
-16 4 -24 23 
11 1 27 -5 
-15 4 -24 23 
-4 -2 0 7 
-19 19 -6 -21 
-4 -3 0 7 
-18 20 -7 -20 
-4 -4 0 8 
-18 21 -7 -20 
-4 -5 0 8 
-18 23 -8 -19 
11 -1 4 26 
2 -7 -12 10 
11 -1 5 25 
2 -7 -12 10 
10 -1 6 24 
3 -8 -12 10 
9 -1 7 23 
3 -9 -12 11 
-7 32 2 1 
11 4 -5 19 
-7 32 2 2 
11 3 -4 18 
-7 32 1 3 
11 3 -4 17 
-7 32 1 5 
11 2 -3 17 
0 8 -1 -2 
9 11 0 -5 
0 8 -1 -2 
10 11 0 -5 
0 8 -1 -2 
10 11 0 -5 
0 8 -2 -2 
10 12 0 -5 
-7 -1 5 -8 
25 4 36 7 
-7 0 4 -9 
23 4 37 7 
-6 1 3 -9 
22 4 38 6 
-5 2 2 -10 
20 5 39 6 
11 10 -1 2 
-13 -2 -9 21 
11 10 -1 2 
-13 -3 -10 21 
11 11 0 2 
-13 -3 -10 20 
10 12 0 2 
-13 -4 -11 20 
3 -7 -3 -6 
32 6 3 0 
3 -7 -2 -5 
32 5 4 1 
3 -8 -1 -5 
31 5 6 1 
2 -8 -1 -5 
31 4 7 2 
12 2 -1 8 
-26 -3 -14 -18 
13 1 -1 8 
-25 -4 -16 -17 
13 -1 -2 9 
-24 -5 -17 -16 
13 -2 -2 10 
-23 -5 -19 -16 
9 -4 15 -19 
15 29 6 8 
9 -4 16 -19 
14 29 7 9 
8 -3 17 -18 
13 29 8 10 
7 -3 17 -18 
12 28 9 11 
-9 -1 -18 3 
7 -21 -15 -5 
-9 -1 -19 2 
8 -20 -15 -6 
-9 -1 -19 1 
9 -20 -15 -7 
-9 0 -19 0 
10 -19 -14 -8 
6 -4 15 3 
25 17 4 22 
6 -4 14 4 
25 16 4 23 
6 -4 14 4 
26 15 5 24 
6 -4 13 4 
26 13 5 25 
-4 7 -1 2 
-16 12 10 -1 
-3 6 -3 2 
-15 12 9 0 
-1 6 -4 3 
-15 11 8 0 
0 5 -6 3 
-14 10 7 0 
17 -23 9 -30 
-30 -10 -1 2 
17 -22 9 -31 
-30 -10 -3 1 
17 -21 10 -33 
-30 -10 -4 1 
17 -19 10 -34 
-30 -10 -5 1 
-12 7 -12 1 
8 -21 -25 -20 
-13 7 -12 1 
9 -21 -24 -21 
-13 6 -11 2 
10 -20 -24 -21 
-14 6 -11 2 
11 -19 -23 -22 
-9 -18 -11 -7 
29 -27 -24 -2 
-7 -18 -13 -7 
34 -26 -27 -2 
-6 -18 -14 -8 
39 -25 -29 -2 
-4 -18 -16 -8 
44 -24 -32 -3 
200 -87 -72 51 
-99 499 713 354 
231 -88 -82 51 
-114 485 697 375 
263 -87 -92 50 
-128 470 679 396 
295 -86 -101 50 
-141 454 659 416 
-17 5 -182 31 
61 -43 39 60 
-10 9 -179 23 
65 -42 36 57 
-4 12 -175 16 
70 -41 33 54 
3 16 -172 9 
74 -39 31 50 
5 1 86 73 
-64 -58 72 24 
7 -1 82 74 
-69 -61 72 25 
8 -3 78 75 
-74 -64 71 25 
10 -4 74 76 
-79 -67 69 25 
21 33 -87 -37 
-3 4 13 -7 
23 32 -83 -33 
-2 3 11 -7 
24 31 -79 -29 
-1 3 10 -6 
25 30 -76 -25 
0 2 9 -6 
-25 8 17 -49 
12 -36 -20 0 
-25 11 16 -49 
13 -33 -19 -3 
-26 14 15 -50 
15 -29 -19 -7 
-26 16 14 -51 
17 -25 -19 -11 
-29 9 35 68 
13 28 -4 14 
-30 8 34 68 
13 29 -3 14 
-31 7 32 68 
13 30 -1 15 
-31 6 30 67 
12 30 0 15 
-4 18 13 15 
2 -20 -54 67 
-6 21 13 13 
3 -21 -53 66 
-9 24 14 12 
4 -22 -52 64 
-11 26 15 10 
5 -22 -51 61 
-14 -13 -8 12 
7 -18 33 -8 
-13 -14 -9 13 
6 -18 33 -8 
-12 -15 -10 14 
5 -18 34 -7 
-11 -15 -11 14 
5 -17 34 -7 
-2 20 36 10 
18 5 -27 13 
-4 19 37 11 
18 5 -25 13 
-7 19 38 12 
17 4 -23 12 
-10 19 39 13 
17 4 -21 12 
36 -1 0 9 
-19 -1 14 4 
37 -2 0 10 
-19 -3 12 4 
38 -2 0 10 
-19 -4 10 5 
39 -3 1 10 
-18 -5 8 6 
3 0 0 -18 
12 11 -18 5 
2 0 0 -18 
13 12 -18 6 
2 1 1 -17 
14 12 -18 6 
1 1 2 -17 
16 12 -18 6 
-6 -12 17 21 
-4 -8 15 2 
-6 -13 16 21 
-5 -10 15 3 
-5 -14 15 20 
-5 -11 15 4 
-5 -14 13 20 
-5 -12 15 5 
4 20 15 -8 
-4 -13 -13 -19 
3 19 16 -7 
-3 -12 -13 -20 
2 19 16 -5 
-3 -12 -13 -21 
1 18 17 -4 
-3 -11 -12 -22 
-4 19 -5 1 
13 12 11 -7 
-4 19 -5 2 
13 13 11 -8 
-4 19 -6 2 
12 14 12 -9 
-3 19 -6 3 
11 15 13 -9 
-3 7 -17 15 
-22 4 16 -6 
-2 7 -18 15 
-22 4 16 -6 
0 7 -19 14 
-23 5 15 -6 
1 7 -19 13 
-23 5 14 -7 
22 13 -2 -5 
-3 -7 -6 9 
21 14 -1 -5 
-3 -7 -7 8 
21 15 1 -5 
-2 -6 -7 7 
20 16 2 -5 
-2 -5 -8 6 
6 0 -15 16 
-12 -18 3 -1 
7 0 -15 16 
-11 -18 2 -1 
8 -1 -15 17 
-10 -18 1 -2 
9 -1 -15 16 
-10 -18 0 -2 
3 4 17 -3 
23 -3 14 13 
2 5 17 -3 
23 -4 15 13 
2 5 17 -2 
23 -5 15 13 
2 5 17 -2 
22 -6 16 13 
3 7 4 -20 
-8 -4 -3 23 
3 9 3 -19 
-7 -5 -4 23 
3 10 2 -19 
-6 -6 -5 22 
4 11 2 -19 
-5 -7 -6 22 
-13 8 6 -8 
3 2 4 19 
-13 9 6 -8 
3 1 4 19 
-12 9 5 -7 
3 -1 4 20 
-12 9 4 -6 
3 -3 4 20 
-1 16 -4 -27 
-13 11 7 -14 
0 16 -5 -26 
-13 13 7 -15 
1 16 -5 -25 
-12 14 6 -15 
2 16 -6 -24 
-12 15 5 -16 
5 -17 4 6 
25 6 11 -5 
4 -17 5 5 
25 6 11 -5 
4 -17 5 3 
24 7 12 -4 
4 -16 5 2 
24 8 13 -4 
4 0 5 32 
11 3 -1 -11 
3 -1 5 32 
10 2 -1 -10 
3 -3 5 32 
10 2 0 -10 
3 -4 5 32 
10 2 0 -9 
-12 -8 -11 -11 
20 -8 9 -9 
-12 -8 -12 -11 
20 -8 10 -9 
-11 -8 -12 -11 
20 -8 11 -9 
-11 -8 -13 -11 
20 -9 11 -9 
7 -16 9 -20 
16 2 10 9 
7 -16 9 -20 
16 1 10 9 
7 -15 8 -21 
17 1 10 9 
7 -14 8 -21 
17 0 10 10 
9 13 18 1 
-24 21 15 1 
10 12 18 1 
-25 22 14 1 
10 12 17 2 
-25 23 14 1 
11 12 17 3 
-26 23 13 1 
37 19 -5 25 
-24 10 6 -6 
37 19 -4 25 
-23 11 4 -6 
38 18 -2 25 
-22 12 1 -7 
38 18 0 24 
-20 12 -1 -7 
-5 -10 18 5 
-22 -4 1 -8 
-5 -10 18 4 
-22 -4 1 -8 
-6 -10 18 3 
-22 -4 0 -8 
-6 -10 17 2 
-21 -4 0 -8 
21 -16 23 -5 
-4 18 -7 3 
20 -16 24 -5 
-4 18 -7 4 
19 -16 26 -6 
-4 17 -7 5 
17 -16 27 -6 
-4 17 -7 7 
9 7 0 3 
9 8 -13 4 
9 6 1 3 
9 8 -13 4 
8 6 2 3 
9 8 -12 4 
7 6 2 3 
9 8 -12 4 
3 9 -2 13 
-1 6 -23 12 
3 8 -2 13 
0 6 -23 12 
3 8 -2 13 
1 5 -24 12 
3 8 -3 13 
3 4 -24 13 
-11 10 12 -6 
1 -26 -2 -11 
-11 11 12 -6 
1 -25 -2 -12 
-12 11 11 -6 
1 -24 -1 -14 
-12 11 10 -6 
1 -23 -1 -15 
21 -18 5 -7 
-13 13 -15 25 
21 -18 6 -7 
-12 11 -16 27 
21 -17 6 -7 
-11 8 -17 28 
20 -17 7 -8 
-10 6 -18 30 
16 11 13 -33 
-22 -2 28 -12 
16 11 14 -32 
-23 -1 27 -13 
17 12 14 -31 
-24 -1 26 -14 
17 12 14 -31 
-25 0 25 -15 
-21 -19 -19 -8 
-5 5 -4 10 
-22 -18 -18 -9 
-6 4 -3 11 
-22 -17 -17 -10 
-7 4 -2 11 
-22 -16 -17 -11 
-8 4 -1 11 
24 1 -2 -2 
-5 -3 6 -1 
24 1 -1 -2 
-5 -3 5 -1 
23 1 1 -2 
-6 -3 5 -1 
23 1 2 -2 
-6 -3 5 -1 
-1 -9 -11 -2 
-10 -1 4 1 
-1 -10 -10 -2 
-10 -2 5 1 
-1 -10 -10 -2 
-11 -2 5 2 
-1 -10 -10 -2 
-12 -3 5 2 
1 0 -3 -23 
-1 19 -1 7 
1 1 -2 -23 
-1 19 0 7 
0 1 -2 -23 
-2 19 0 7 
0 2 -1 -22 
-3 20 1 7 
-9 6 -14 7 
-10 -16 12 4 
-9 7 -14 6 
-11 -15 13 3 
-8 8 -14 5 
-12 -15 13 2 
-8 8 -14 4 
-12 -15 13 0 
0 -9 7 1 
-21 -9 -15 -15 
-1 -9 8 1 
-22 -9 -15 -14 
-2 -9 9 1 
-22 -9 -14 -14 
-3 -10 10 1 
-23 -8 -14 -14 
12 -8 -10 -2 
8 -2 0 -22 
12 -9 -8 -2 
8 -1 1 -22 
11 -10 -7 -2 
8 0 1 -22 
11 -10 -6 -1 
8 1 1 -22 
-17 11 -9 17 
-5 4 -2 7 
-17 11 -10 17 
-5 4 -1 7 
-17 11 -11 17 
-6 4 -1 7 
-16 10 -12 17 
-6 3 0 7 
-25 4 -17 -4 
0 -3 -3 -19 
-25 4 -17 -4 
-1 -3 -2 -19 
-25 3 -18 -4 
-2 -2 -1 -20 
-25 3 -18 -3 
-3 -1 0 -20 
2 14 -25 11 
-2 -5 -1 -8 
2 14 -25 11 
-1 -5 -1 -9 
3 13 -25 11 
0 -4 -2 -9 
4 13 -24 12 
0 -4 -2 -9 
6 -1 13 5 
-10 4 6 14 
6 -1 13 5 
-10 3 6 14 
6 -1 13 5 
-10 2 5 15 
6 -1 13 5 
-10 0 5 15 
-3 5 2 -13 
19 0 29 -7 
-3 5 2 -12 
18 0 30 -8 
-3 5 2 -12 
18 0 31 -8 
-2 5 2 -11 
17 1 31 -8 
10 -8 25 0 
19 9 2 9 
9 -7 26 0 
19 9 2 10 
8 -7 26 -1 
19 9 3 10 
7 -7 26 -1 
19 9 3 11 
7 3 10 13 
-10 2 14 12 
8 2 9 13 
-10 1 13 13 
8 2 8 13 
-10 1 12 14 
9 2 8 14 
-10 0 12 14 
-14 10 -2 -1 
-17 7 7 2 
-13 9 -2 0 
-18 7 7 2 
-13 9 -2 1 
-19 6 7 3 
-13 8 -2 2 
-19 6 7 3 
5 1 -20 -4 
20 5 -8 11 
7 1 -20 -4 
24 6 -11 11 
9 1 -20 -4 
29 6 -14 12 
10 1 -20 -4 
33 7 -17 12 
200 -92 -96 51 
11 496 765 363 
233 -93 -106 50 
-4 478 750 386 
267 -93 -116 49 
-17 458 734 408 
301 -92 -126 48 
-29 438 715 430 
25 45 -136 -74 
33 -25 31 23 
33 50 -136 -79 
41 -21 24 19 
41 55 -136 -83 
48 -18 17 14 
49 59 -136 -86 
55 -14 11 10 
5 18 104 82 
-52 -61 73 18 
7 16 99 82 
-55 -62 72 17 
9 15 94 82 
-58 -64 70 16 
12 15 88 81 
-61 -65 68 14 
-21 21 -49 -29 
-9 39 6 -12 
-21 21 -47 -27 
-8 40 6 -12 
-20 21 -46 -24 
-6 41 5 -12 
-19 20 -44 -21 
-5 42 5 -12 
-47 -17 43 -25 
5 -18 -25 36 
-49 -13 43 -28 
5 -18 -23 34 
-51 -9 42 -32 
5 -17 -21 32 
-53 -5 41 -35 
6 -17 -19 30 
-15 0 13 17 
17 29 11 8 
-16 0 13 18 
16 29 13 9 
-17 -1 13 18 
14 29 15 9 
-17 -1 13 18 
13 30 16 10 
2 -13 -15 2 
14 0 -51 46 
1 -11 -15 0 
16 -2 -51 46 
-1 -9 -14 -1 
19 -4 -51 47 
-2 -7 -13 -3 
21 -5 -51 47 
-28 16 23 -5 
1 -5 -11 -22 
-29 15 21 -4 
1 -5 -10 -23 
-29 14 19 -2 
1 -4 -9 -23 
-29 13 17 -1 
1 -4 -8 -23 
28 13 30 -5 
-7 -10 -16 -12 
26 13 32 -5 
-7 -10 -16 -12 
24 13 33 -4 
-7 -10 -16 -13 
22 12 34 -4 
-8 -11 -16 -13 
11 -11 -18 -19 
5 18 -3 -3 
12 -11 -17 -19 
6 18 -4 -2 
12 -11 -17 -19 
8 17 -5 -1 
13 -11 -17 -19 
10 17 -6 0 
0 -8 43 -6 
-10 17 -23 5 
-2 -8 43 -7 
-10 16 -23 6 
-3 -8 42 -7 
-10 15 -22 6 
-5 -8 42 -7 
-10 14 -22 7 
-22 8 -17 -9 
12 1 -12 0 
-21 8 -18 -9 
12 1 -11 0 
-21 8 -18 -9 
13 0 -10 0 
-21 8 -18 -9 
13 0 -10 0 
-6 12 6 -4 
14 35 -2 22 
-6 12 5 -3 
15 35 -2 23 
-6 12 4 -3 
15 34 -1 24 
-6 12 4 -3 
15 34 -1 24 
-15 -8 -8 1 
-11 4 8 5 
-14 -8 -9 0 
-12 4 8 6 
-13 -8 -10 -1 
-13 3 8 6 
-12 -8 -11 -1 
-13 2 8 7 
-8 1 -18 1 
10 17 2 -16 
-8 0 -17 1 
9 18 2 -16 
-8 -1 -17 2 
9 18 2 -15 
-8 -2 -17 2 
9 19 3 -14 
2 0 -6 6 
-6 -25 6 -13 
3 0 -6 5 
-6 -24 6 -14 
3 0 -7 4 
-6 -23 5 -15 
4 0 -7 4 
-6 -22 5 -16 
-33 -1 -10 13 
-17 34 -34 14 
-34 -2 -11 13 
-17 34 -33 16 
-35 -2 -11 14 
-17 33 -33 17 
-35 -3 -12 14 
-18 32 -32 18 
-25 -10 -39 2 
-2 2 -5 5 
-24 -10 -39 1 
-2 2 -5 5 
-23 -10 -39 0 
-2 2 -5 6 
-22 -9 -40 -1 
-2 2 -5 6 
35 -13 1 9 
-18 0 -10 3 
35 -13 2 8 
-17 0 -12 4 
35 -14 3 8 
-16 0 -14 4 
35 -14 4 8 
-15 0 -16 5 
-20 -11 -2 11 
-2 -3 -2 7 
-20 -11 -3 11 
-2 -4 -2 8 
-20 -12 -4 11 
-2 -4 -1 8 
-20 -12 -4 11 
-3 -4 -1 9 
14 -16 0 17 
-5 4 19 -29 
14 -18 0 17 
-7 4 19 -28 
14 -20 1 18 
-8 5 18 -27 
14 -22 1 18 
-9 5 18 -25 
8 8 -13 11 
20 -7 16 1 
8 8 -12 11 
19 -7 16 1 
8 8 -11 12 
18 -7 17 0 
8 7 -10 12 
17 -7 18 0 
-10 13 -2 7 
-8 6 2 4 
-10 13 -3 8 
-9 6 2 4 
-10 13 -3 8 
-10 6 3 4 
-10 12 -3 9 
-10 6 3 4 
8 -20 -7 -17 
4 -2 3 -3 
8 -19 -6 -17 
3 -2 3 -3 
8 -18 -6 -18 
3 -1 3 -3 
8 -18 -5 -19 
3 -1 3 -3 
-8 -8 -13 7 
9 15 -1 4 
-7 -8 -13 7 
9 15 -2 5 
-7 -8 -14 6 
10 14 -2 6 
-6 -8 -14 6 
10 14 -2 6 
-1 -2 -4 11 
1 -12 14 -22 
0 -3 -5 11 
1 -11 13 -22 
2 -3 -6 11 
2 -11 13 -22 
3 -4 -7 11 
2 -10 12 -22 
-3 14 5 7 
7 -19 8 4 
-3 14 5 7 
6 -19 9 3 
-3 14 4 8 
5 -20 10 2 
-3 14 4 8 
5 -20 10 2 
17 -18 1 -10 
6 -3 -8 -2 
17 -18 1 -10 
6 -4 -8 -1 
16 -18 2 -9 
6 -4 -8 0 
16 -18 3 -9 
6 -5 -8 0 
2 8 -10 -3 
-6 17 -5 9 
3 8 -11 -3 
-6 17 -6 9 
3 8 -11 -2 
-6 17 -6 9 
4 8 -11 -2 
-6 17 -7 10 
-11 -7 -23 17 
-12 -11 -9 5 
-10 -8 -24 16 
-11 -12 -10 6 
-9 -8 -25 16 
-10 -14 -10 7 
-8 -8 -25 15 
-10 -15 -11 7 
-23 2 -1 -18 
-3 6 -17 -14 
-23 1 -1 -17 
-2 6 -17 -13 
-24 1 -2 -16 
-2 6 -17 -13 
-24 0 -3 -15 
-2 7 -16 -13 
-9 2 -3 1 
-4 6 3 21 
-9 3 -3 1 
-4 5 3 22 
-9 4 -4 1 
-4 5 3 22 
-8 4 -4 0 
-4 4 2 22 
-11 0 8 -8 
1 -4 11 -1 
-12 0 8 -8 
0 -4 12 -2 
-12 0 8 -8 
-2 -4 13 -2 
-12 1 8 -8 
-3 -3 14 -3 
24 1 -14 9 
-8 7 0 1 
24 1 -13 9 
-8 7 -1 1 
24 1 -11 9 
-7 7 -1 1 
24 1 -10 9 
-7 8 -2 1 
-27 -4 -2 -8 
17 9 -12 12 
-27 -3 -2 -9 
17 10 -10 12 
-28 -2 -2 -10 
17 11 -9 11 
-29 -1 -3 -10 
16 12 -8 11 
17 21 4 33 
-25 16 -9 15 
17 21 4 33 
-25 16 -10 15 
18 21 4 33 
-25 16 -11 15 
18 20 4 33 
-24 17 -13 14 
2 9 -9 3 
13 4 -11 40 
1 10 -8 2 
13 4 -11 39 
1 12 -7 1 
13 3 -11 38 
0 14 -7 0 
12 3 -10 38 
-14 6 -19 8 
-15 6 -12 22 
-13 6 -20 8 
-15 5 -13 22 
-13 7 -21 8 
-14 5 -13 22 
-12 7 -22 8 
-14 4 -14 22 
8 -4 5 3 
5 -4 14 9 
8 -4 6 3 
4 -4 14 9 
8 -4 6 3 
4 -5 14 9 
8 -4 6 3 
3 -5 14 9 
-5 -5 -19 4 
-22 0 -1 -19 
-4 -6 -19 4 
-21 0 -2 -18 
-3 -7 -20 5 
-21 0 -3 -18 
-2 -8 -20 5 
-21 1 -4 -17 
-18 7 3 2 
21 20 -9 -9 
-19 7 4 2 
20 21 -8 -9 
-20 7 4 2 
20 22 -6 -9 
-21 6 4 3 
19 23 -4 -9 
4 0 -21 13 
-7 12 10 21 
5 1 -21 12 
-7 11 9 21 
6 2 -22 11 
-7 11 9 21 
7 3 -22 9 
-7 11 8 21 
-7 -13 -4 -4 
2 6 1 14 
-7 -13 -4 -4 
2 6 1 14 
-6 -12 -4 -5 
2 5 1 14 
-6 -11 -4 -6 
3 5 1 14 
6 -1 18 -2 
-21 17 -5 12 
5 -1 18 -2 
-21 16 -6 13 
5 0 18 -3 
-21 16 -6 13 
4 0 18 -3 
-22 15 -6 13 
-8 3 -18 -6 
4 -12 -4 -2 
-8 4 -17 -6 
4 -12 -4 -3 
-8 4 -17 -7 
4 -12 -3 -4 
-7 5 -16 -7 
3 -12 -3 -5 
3 -4 -15 -10 
15 3 16 10 
4 -3 -15 -10 
15 3 16 10 
5 -3 -15 -10 
15 3 16 10 
6 -2 -15 -11 
14 3 16 9 
-44 -4 -22 0 
-5 6 20 11 
-43 -3 -24 0 
-6 5 21 11 
-42 -3 -26 -1 
-7 5 22 11 
-40 -2 -27 -1 
-8 5 22 11 
-14 -4 1 -4 
2 22 -17 -8 
-15 -4 2 -4 
2 23 -16 -8 
-16 -4 3 -5 
1 24 -14 -8 
-18 -3 4 -5 
1 25 -13 -8 
-8 -24 4 4 
1 -3 -34 9 
-9 -23 5 2 
1 -3 -33 9 
-11 -22 5 0 
1 -3 -32 10 
-13 -21 6 -2 
2 -4 -31 10 
-9 2 -23 6 
31 -28 -25 -1 
-7 1 -24 6 
37 -28 -28 -1 
-5 1 -25 7 
43 -29 -31 -1 
-3 0 -26 7 
48 -29 -34 -1 
195 -58 -81 30 
123 449 837 284 
230 -60 -93 32 
111 432 823 305 
265 -62 -105 33 
101 414 808 326 
301 -63 -116 34 
92 394 790 346 
19 67 19 -103 
13 46 73 26 
25 71 16 -107 
17 49 68 23 
32 75 12 -110 
22 53 62 20 
38 79 8 -111 
27 56 57 18 
-4 7 92 96 
-6 -59 32 33 
-4 6 90 94 
-7 -62 33 32 
-5 6 87 92 
-8 -64 33 31 
-5 6 84 89 
-8 -66 33 30 
-23 13 16 -35 
-30 27 5 -35 
-24 12 16 -32 
-30 28 5 -36 
-24 11 17 -29 
-30 30 6 -36 
-25 10 16 -26 
-30 32 6 -35 
-17 0 47 -5 
9 3 -65 -5 
-22 1 49 -8 
10 5 -62 -7 
-26 3 51 -10 
11 8 -60 -8 
-30 5 53 -12 
11 10 -58 -10 
-35 -6 -21 53 
-31 26 15 2 
-34 -7 -23 53 
-33 26 15 3 
-32 -9 -24 52 
-35 25 15 5 
-31 -10 -26 51 
-37 25 15 6 
20 6 -20 14 
0 -12 -34 33 
18 6 -18 14 
1 -14 -34 33 
17 6 -15 13 
2 -16 -34 34 
15 7 -13 13 
3 -18 -34 34 
-8 38 9 -4 
15 -39 -9 -24 
-9 37 8 -2 
16 -38 -9 -25 
-9 35 8 1 
16 -38 -8 -27 
-10 34 8 3 
17 -37 -7 -28 
18 11 26 3 
4 1 -7 -5 
17 10 26 5 
4 0 -7 -5 
16 9 27 6 
4 0 -7 -4 
15 8 27 8 
4 -1 -7 -4 
0 -8 -18 -19 
-19 -3 8 -1 
1 -7 -19 -19 
-19 -3 7 -1 
2 -7 -19 -19 
-19 -3 6 -1 
3 -7 -20 -19 
-20 -2 6 -1 
1 17 5 23 
-3 17 -25 17 
0 16 6 24 
-3 16 -25 18 
-2 16 7 25 
-3 15 -24 18 
-3 15 8 25 
-3 15 -23 19 
22 13 -6 12 
28 -17 23 -30 
23 12 -6 12 
29 -15 23 -30 
24 11 -5 13 
30 -14 23 -31 
24 10 -5 13 
31 -13 22 -32 
2 -6 38 11 
7 4 7 -17 
1 -7 38 11 
6 4 8 -16 
0 -8 37 11 
5 5 8 -16 
0 -8 36 11 
5 5 9 -15 
-10 15 -10 7 
-17 -21 2 1 
-10 15 -10 7 
-18 -21 2 0 
-9 15 -10 7 
-19 -21 2 -1 
-9 15 -10 7 
-20 -21 2 -2 
13 -3 -16 -2 
-6 -13 4 -28 
13 -4 -15 -1 
-6 -12 3 -28 
13 -5 -14 0 
-6 -11 3 -28 
13 -6 -13 0 
-6 -10 3 -28 
-5 0 1 14 
32 9 -8 -17 
-6 -2 1 14 
33 9 -7 -17 
-7 -3 1 15 
33 10 -6 -16 
-7 -4 2 15 
33 10 -5 -15 
11 -23 -3 6 
2 1 24 -6 
12 -24 -4 6 
2 0 23 -4 
14 -24 -5 5 
2 -2 22 -3 
15 -25 -6 5 
2 -3 21 -1 
-26 -7 -4 -24 
5 6 -11 20 
-26 -6 -5 -24 
4 4 -10 21 
-26 -6 -6 -24 
3 3 -9 22 
-27 -5 -6 -23 
2 1 -7 22 
-8 19 -30 -15 
-24 8 -8 -1 
-7 19 -30 -14 
-24 8 -9 -1 
-6 19 -30 -13 
-23 8 -10 -1 
-5 19 -31 -11 
-23 8 -11 -1 
-27 6 -6 -5 
20 13 9 4 
-27 7 -6 -5 
19 14 10 4 
-27 7 -7 -5 
17 14 12 4 
-27 8 -7 -5 
16 14 14 4 
-2 6 -13 16 
13 9 1 11 
-2 6 -13 16 
14 9 1 11 
-2 5 -13 15 
14 8 1 12 
-1 5 -13 15 
15 7 2 12 
0 6 17 -5 
-12 5 3 18 
0 6 16 -5 
-13 4 3 18 
-1 6 16 -5 
-14 4 3 18 
-1 7 16 -5 
-14 4 3 18 
31 10 -8 17 
-22 4 6 6 
31 9 -7 18 
-22 3 4 7 
32 8 -6 19 
-21 2 3 8 
32 7 -5 19 
-21 1 1 9 
1 7 2 -21 
22 5 -1 -23 
0 7 3 -21 
22 7 0 -24 
0 7 3 -20 
22 8 1 -24 
-1 7 4 -20 
21 10 2 -25 
6 -5 -9 7 
7 17 14 11 
7 -4 -10 6 
7 17 14 11 
8 -3 -10 5 
7 16 13 11 
9 -3 -11 4 
7 16 13 12 
25 3 14 1 
-10 13 0 -21 
25 2 14 1 
-10 14 -1 -21 
25 1 14 1 
-9 14 -2 -20 
25 1 15 1 
-8 15 -3 -20 
10 8 0 12 
-12 -4 13 10 
11 9 0 12 
-12 -5 12 10 
12 9 0 11 
-11 -6 10 10 
13 9 0 11 
-10 -7 9 10 
13 -10 16 -32 
5 23 30 8 
14 -9 16 -32 
5 22 30 9 
14 -9 17 -32 
4 22 30 9 
14 -8 17 -32 
4 22 30 10 
5 -19 11 -15 
-42 -22 -19 -15 
4 -18 12 -17 
-42 -21 -20 -16 
3 -18 12 -18 
-42 -21 -21 -16 
2 -17 13 -19 
-42 -20 -21 -17 
7 9 -13 6 
-6 -3 -19 -4 
6 9 -12 6 
-5 -3 -19 -4 
6 8 -10 7 
-5 -3 -19 -4 
5 7 -9 8 
-5 -4 -19 -4 
1 -20 -6 -10 
-12 25 19 -18 
2 -21 -6 -10 
-13 25 19 -16 
3 -22 -7 -10 
-14 26 18 -15 
3 -22 -7 -10 
-15 26 18 -14 
22 -15 -15 5 
-26 3 11 -12 
23 -15 -14 4 
-26 3 10 -12 
24 -15 -13 2 
-25 3 8 -12 
25 -15 -12 1 
-25 4 7 -11 
-1 -1 12 -3 
1 -13 -6 -10 
-2 -1 12 -3 
1 -13 -6 -10 
-3 -1 13 -4 
1 -12 -6 -11 
-4 -1 14 -4 
0 -12 -5 -11 
7 -16 -3 1 
-13 5 -6 -8 
7 -17 -3 1 
-13 5 -6 -7 
7 -17 -3 1 
-13 5 -7 -7 
7 -18 -3 1 
-13 5 -7 -6 
12 4 -5 4 
-6 -19 -2 1 
12 4 -5 4 
-6 -19 -3 1 
12 3 -4 5 
-5 -19 -3 1 
12 3 -3 5 
-5 -19 -4 0 
13 -4 20 -3 
2 1 -1 -17 
12 -5 21 -2 
1 1 0 -17 
11 -6 22 -2 
1 1 0 -16 
10 -6 22 -1 
1 1 0 -16 
20 14 1 -10 
-4 13 5 8 
20 14 1 -10 
-4 14 5 8 
20 15 2 -10 
-3 15 4 7 
20 16 2 -10 
-3 16 3 6 
-25 -9 0 25 
13 20 6 -20 
-25 -10 -1 25 
12 21 7 -19 
-25 -12 -2 24 
12 21 7 -18 
-25 -13 -3 24 
12 22 8 -16 
-1 3 8 11 
-5 -10 -4 -5 
-2 3 8 10 
-5 -9 -4 -6 
-2 3 8 9 
-5 -9 -4 -6 
-2 3 8 9 
-6 -8 -4 -7 
-15 -4 -15 5 
3 -1 10 -10 
-15 -5 -15 5 
2 -1 11 -10 
-14 -5 -15 5 
2 -1 11 -10 
-14 -6 -15 5 
1 -1 12 -10 
4 15 0 -1 
-12 13 0 20 
4 16 0 -1 
-12 12 0 20 
4 16 1 -1 
-12 12 -1 20 
4 17 1 -1 
-12 11 -1 20 
-5 3 -6 -7 
2 -22 -3 -2 
-5 3 -6 -7 
3 -22 -3 -3 
-5 4 -6 -7 
3 -22 -3 -4 
-5 4 -6 -8 
4 -22 -4 -5 
-9 4 13 -11 
9 6 5 8 
-9 4 12 -11 
8 5 6 8 
-10 5 12 -10 
7 5 7 8 
-10 5 11 -9 
7 4 7 9 
-4 -19 -9 -19 
5 -9 2 6 
-4 -19 -9 -20 
5 -10 2 6 
-3 -18 -9 -21 
5 -10 2 7 
-3 -17 -9 -21 
5 -11 2 7 
-6 -2 -3 -8 
-12 1 -4 4 
-6 -2 -3 -8 
-11 1 -5 5 
-5 -2 -4 -8 
-10 1 -6 5 
-4 -2 -4 -7 
-9 1 -7 5 
9 -7 13 3 
-2 0 0 -4 
9 -8 13 3 
-1 0 -1 -3 
9 -8 12 3 
0 -1 -2 -3 
10 -8 12 3 
2 -1 -3 -2 
-6 -4 29 -10 
5 -9 -8 12 
-7 -3 29 -10 
5 -10 -7 12 
-8 -3 28 -10 
5 -11 -7 12 
-9 -2 28 -10 
4 -12 -6 12 
-6 -10 -17 -33 
-3 -18 0 17 
-5 -9 -18 -33 
-3 -18 -1 16 
-4 -7 -18 -34 
-3 -18 -1 15 
-4 -6 -18 -34 
-2 -18 -1 14 
-7 4 -10 8 
-9 -3 2 -4 
-7 3 -10 9 
-9 -3 2 -4 
-6 2 -10 9 
-10 -3 2 -4 
-6 2 -11 10 
-10 -3 2 -3 
33 3 -20 -6 
32 -28 5 0 
36 3 -19 -6 
38 -28 1 -1 
38 3 -19 -6 
43 -28 -2 -1 
40 3 -19 -5 
48 -28 -6 -1 
158 -46 -73 50 
172 401 828 209 
192 -51 -85 53 
165 383 816 230 
226 -56 -96 56 
159 365 802 250 
261 -61 -108 58 
154 345 786 271 
5 79 191 -143 
-37 59 118 -3 
7 82 186 -144 
-38 62 116 -5 
10 85 181 -144 
-39 65 113 -7 
13 87 175 -143 
-40 68 109 -8 
13 -3 31 68 
12 -61 25 26 
12 -3 33 65 
11 -63 26 25 
11 -3 35 63 
10 -65 27 24 
10 -3 37 60 
8 -67 28 23 
-13 -10 2 -35 
-16 13 13 -48 
-13 -11 2 -33 
-16 14 14 -47 
-13 -13 2 -30 
-16 16 14 -47 
-12 -14 2 -28 
-16 17 14 -46 
-8 -2 37 -5 
-37 -14 -40 9 
-10 0 38 -6 
-37 -13 -40 8 
-13 2 39 -8 
-37 -12 -40 7 
-15 3 40 -10 
-37 -10 -39 5 
-27 2 -31 44 
-29 49 -13 17 
-27 1 -30 45 
-29 48 -13 20 
-27 -1 -30 46 
-29 47 -14 22 
-26 -3 -30 46 
-29 46 -14 24 
9 -24 11 -10 
-23 -10 -25 43 
8 -22 12 -12 
-22 -12 -25 43 
6 -20 14 -14 
-21 -13 -25 43 
4 -18 16 -16 
-21 -14 -25 43 
13 -5 30 16 
0 -23 -7 -23 
11 -7 32 17 
-1 -23 -6 -23 
9 -9 33 18 
-2 -23 -5 -22 
7 -10 35 19 
-3 -23 -4 -22 
21 -28 -6 -9 
4 -1 -8 -13 
21 -28 -5 -9 
5 -1 -9 -12 
21 -29 -4 -9 
6 -2 -10 -11 
20 -29 -3 -9 
8 -2 -10 -10 
4 -40 31 -15 
-10 7 -15 10 
3 -40 31 -16 
-9 6 -15 11 
3 -40 30 -17 
-8 5 -16 13 
2 -39 30 -18 
-7 4 -16 14 
-39 -14 4 2 
-14 -16 -3 3 
-39 -14 3 2 
-15 -17 -2 4 
-40 -15 2 2 
-16 -18 -1 4 
-40 -15 1 2 
-17 -19 0 5 
-13 -3 -22 6 
12 -31 7 -24 
-13 -5 -21 8 
11 -32 8 -24 
-13 -6 -20 9 
10 -32 9 -23 
-13 -8 -19 10 
9 -32 10 -23 
-7 7 -11 -5 
-9 6 12 11 
-6 7 -11 -3 
-9 5 11 12 
-6 6 -12 -2 
-9 4 11 12 
-5 5 -12 0 
-9 3 11 13 
-19 21 6 -4 
-6 26 -5 11 
-19 21 6 -3 
-7 27 -4 11 
-20 21 6 -3 
-8 28 -3 11 
-20 21 6 -2 
-9 28 -2 11 
-11 16 -26 34 
-8 -9 9 2 
-10 15 -26 33 
-9 -9 9 2 
-9 15 -26 33 
-9 -10 9 2 
-8 14 -26 33 
-9 -11 9 1 
3 7 -6 -24 
2 -6 10 6 
3 8 -5 -23 
1 -6 10 5 
4 8 -5 -23 
1 -5 10 5 
4 9 -5 -22 
1 -5 10 4 
-2 20 1 5 
19 -10 1 33 
-2 21 1 6 
19 -11 1 32 
-2 21 1 6 
20 -12 1 32 
-2 22 1 7 
21 -14 1 31 
9 13 23 -20 
7 -20 -1 16 
9 14 22 -19 
7 -21 -1 15 
8 15 22 -19 
7 -21 -1 14 
8 16 21 -18 
7 -21 -1 13 
3 15 -4 7 
9 -4 -6 -10 
3 15 -4 8 
10 -3 -7 -10 
3 14 -4 10 
10 -3 -7 -11 
3 13 -4 11 
10 -2 -7 -11 
-7 -4 -6 0 
9 -16 -5 -1 
-7 -4 -7 0 
10 -16 -5 -1 
-6 -3 -7 0 
11 -16 -6 -2 
-5 -3 -8 -1 
12 -16 -6 -2 
-16 5 12 -4 
15 -13 20 -15 
-15 5 10 -3 
14 -12 21 -16 
-15 5 9 -3 
13 -10 22 -17 
-14 5 8 -2 
12 -8 22 -18 
-2 11 -2 29 
16 19 4 20 
-2 11 -2 29 
15 19 5 20 
-2 10 -2 29 
15 19 6 20 
-2 10 -2 29 
14 18 7 20 
-13 -3 -10 8 
-1 4 -8 -12 
-13 -3 -11 8 
-1 4 -8 -13 
-13 -3 -11 7 
-1 5 -8 -13 
-13 -3 -12 7 
-1 6 -7 -13 
18 -32 -4 -13 
-11 2 1 11 
19 -31 -4 -14 
-11 2 0 12 
19 -30 -3 -16 
-10 1 -1 12 
19 -28 -3 -18 
-10 1 -2 13 
17 -12 8 -2 
6 2 2 2 
17 -12 9 -2 
7 1 1 3 
17 -12 9 -3 
8 1 1 3 
17 -12 9 -3 
9 0 0 4 
11 -13 16 -16 
-10 -8 -7 14 
11 -12 16 -17 
-9 -10 -8 14 
11 -11 16 -17 
-8 -11 -9 14 
11 -10 15 -18 
-6 -12 -10 14 
-3 16 11 -28 
-3 0 1 43 
-4 18 11 -27 
-4 -1 1 42 
-4 20 11 -27 
-5 -2 2 41 
-4 22 10 -27 
-6 -3 2 40 
22 10 -24 6 
8 7 6 -27 
23 8 -23 7 
9 8 5 -26 
24 7 -22 8 
10 8 4 -26 
25 6 -21 9 
10 9 3 -26 
13 -6 16 -7 
-9 15 11 -13 
14 -6 16 -7 
-9 15 10 -12 
14 -6 16 -8 
-9 16 9 -12 
14 -6 15 -8 
-9 16 9 -12 
-12 23 1 9 
4 -22 5 -3 
-12 24 1 8 
3 -22 6 -5 
-13 24 1 8 
2 -22 7 -6 
-13 24 1 8 
1 -22 7 -7 
-27 -8 -21 -21 
4 27 -1 -11 
-27 -8 -22 -21 
4 28 0 -10 
-26 -8 -22 -21 
3 28 1 -10 
-26 -8 -23 -20 
3 29 2 -9 
12 -4 4 13 
-9 2 2 -1 
12 -4 5 11 
-9 2 2 -1 
12 -3 5 10 
-9 2 2 -1 
11 -3 6 9 
-9 2 1 -1 
17 -18 -1 -5 
-17 -6 -2 -8 
17 -18 0 -6 
-17 -7 -2 -7 
17 -18 1 -6 
-17 -7 -3 -7 
17 -18 1 -7 
-16 -7 -4 -6 
26 -5 0 4 
-4 -9 18 -13 
27 -6 1 5 
-4 -10 17 -12 
27 -7 2 6 
-4 -11 16 -12 
27 -8 3 6 
-4 -11 15 -11 
-4 0 12 -26 
8 9 -13 7 
-5 0 12 -26 
8 9 -12 7 
-6 1 13 -25 
8 9 -11 7 
-7 2 13 -25 
8 10 -10 7 
9 -21 -6 3 
-1 -15 3 -34 
10 -21 -6 2 
-1 -14 3 -34 
10 -22 -6 1 
-1 -13 2 -34 
10 -23 -6 1 
-1 -13 2 -34 
16 17 4 -2 
2 6 -26 20 
16 17 4 -1 
4 6 -27 19 
15 18 4 -1 
6 5 -28 19 
15 18 5 -1 
8 5 -29 19 
-11 -4 14 7 
-12 -6 8 -8 
-11 -5 13 7 
-12 -6 7 -7 
-10 -5 11 7 
-12 -6 7 -7 
-9 -6 10 7 
-12 -7 6 -7 
7 -8 1 -9 
-3 -15 21 -6 
7 -8 1 -9 
-2 -15 20 -6 
8 -8 2 -9 
-2 -15 19 -6 
9 -8 2 -9 
-2 -15 19 -6 
2 11 21 -1 
-10 3 3 -25 
1 10 21 0 
-10 4 3 -25 
1 10 21 1 
-10 5 3 -25 
0 9 21 2 
-10 6 3 -25 
2 18 2 4 
20 -18 -4 14 
2 19 3 4 
20 -18 -4 13 
1 20 4 3 
20 -19 -3 12 
1 21 4 3 
20 -19 -2 11 
-6 12 -5 -7 
1 -2 5 26 
-5 12 -6 -6 
1 -3 5 26 
-5 12 -7 -5 
1 -4 5 26 
-4 13 -7 -5 
1 -5 5 25 
-28 -13 -11 -9 
-3 -16 -23 -14 
-28 -13 -12 -9 
-2 -15 -23 -14 
-28 -14 -13 -8 
-1 -15 -22 -14 
-29 -14 -14 -8 
-1 -15 -22 -14 
-16 16 3 13 
13 -25 -10 -18 
-16 15 2 14 
13 -23 -9 -19 
-16 14 2 14 
13 -22 -8 -20 
-16 14 1 15 
14 -20 -8 -22 
-6 -4 13 13 
-1 12 -1 30 
-7 -4 12 13 
-2 11 0 30 
-7 -4 12 13 
-2 10 1 31 
-7 -3 11 13 
-3 8 1 31 
5 -12 -15 -25 
-3 -12 -4 16 
5 -11 -15 -26 
-3 -12 -4 16 
5 -9 -14 -26 
-3 -12 -4 15 
5 -8 -14 -27 
-4 -13 -4 15 
-23 12 -19 -3 
-10 -10 -24 -2 
-23 12 -19 -3 
-9 -9 -24 -3 
-23 12 -20 -2 
-8 -9 -24 -4 
-23 12 -20 -2 
-7 -8 -24 -5 
13 11 21 11 
9 12 25 4 
13 11 21 12 
9 12 25 4 
13 10 22 12 
8 11 25 5 
13 10 22 13 
8 11 25 5 
12 5 10 -6 
-17 7 2 14 
11 6 11 -6 
-16 6 1 14 
11 6 11 -6 
-16 6 0 14 
11 7 11 -6 
-16 5 0 14 
15 -11 10 -13 
43 -8 -3 30 
16 -10 10 -14 
49 -10 -5 31 
16 -9 10 -14 
55 -12 -7 32 
17 -8 11 -15 
60 -14 -9 32 
127 -48 -32 20 
111 315 839 90 
158 -54 -44 23 
101 303 828 107 
191 -60 -57 26 
94 289 815 124 
225 -66 -69 29 
88 275 800 141 
-34 15 217 -124 
-63 68 154 -18 
-35 16 216 -126 
-69 69 156 -17 
-35 17 213 -127 
-75 70 156 -15 
-34 18 209 -127 
-80 70 156 -13 
64 -21 12 28 
14 -55 32 5 
62 -21 18 26 
14 -57 32 6 
60 -22 25 24 
13 -58 32 5 
58 -22 30 22 
13 -60 32 5 
-12 -55 27 -38 
10 53 -5 -59 
-13 -57 27 -36 
11 54 -4 -55 
-14 -60 27 -35 
12 55 -3 -52 
-15 -62 27 -33 
13 56 -3 -48 
-5 -16 51 -1 
-24 1 -39 -17 
-8 -15 51 -4 
-23 3 -38 -17 
-10 -14 51 -6 
-23 5 -38 -18 
-13 -13 51 -8 
-22 6 -38 -19 
-24 -34 -10 21 
-10 14 -8 17 
-24 -34 -10 19 
-10 12 -8 19 
-24 -34 -10 18 
-9 11 -8 21 
-24 -34 -10 16 
-9 9 -7 23 
6 -21 27 -16 
4 -4 -40 9 
3 -21 28 -16 
5 -5 -40 10 
1 -21 29 -16 
7 -6 -39 11 
-1 -21 30 -16 
8 -7 -39 12 
0 -8 2 -14 
-3 -29 2 -16 
0 -8 1 -13 
-2 -29 1 -17 
1 -8 0 -13 
-2 -29 1 -18 
2 -8 -1 -13 
-2 -28 0 -18 
4 26 -4 5 
-16 -15 4 -5 
5 26 -4 6 
-16 -15 3 -6 
6 25 -4 7 
-16 -15 2 -6 
6 25 -5 9 
-16 -15 1 -7 
-4 6 -4 -23 
-7 41 1 37 
-3 7 -3 -23 
-7 40 1 38 
-3 9 -3 -23 
-7 40 1 39 
-3 10 -3 -22 
-7 39 1 39 
-10 28 -1 19 
5 -10 -11 -4 
-11 29 -1 19 
5 -9 -11 -6 
-11 28 0 19 
5 -8 -10 -7 
-12 28 0 19 
4 -7 -9 -8 
0 -4 -3 0 
-7 15 -27 5 
0 -4 -3 0 
-6 15 -27 5 
-1 -3 -3 0 
-5 15 -28 5 
-2 -3 -2 -1 
-3 16 -28 5 
5 -16 19 4 
9 13 32 1 
5 -16 19 3 
8 14 32 2 
6 -15 19 2 
7 14 33 2 
6 -15 18 1 
6 14 33 3 
12 24 4 21 
-17 7 10 13 
12 24 5 21 
-17 7 9 12 
13 24 5 21 
-17 7 8 12 
13 24 5 21 
-17 7 7 11 
10 11 14 5 
17 -14 -9 -13 
8 11 15 5 
18 -14 -9 -14 
7 11 16 5 
18 -13 -9 -15 
6 11 17 5 
19 -12 -8 -16 
3 17 13 0 
-2 -18 16 2 
4 18 12 0 
-2 -17 15 1 
4 18 11 1 
-3 -17 15 0 
5 18 10 1 
-3 -17 15 -2 
13 1 5 2 
-10 -11 3 -9 
14 1 5 2 
-9 -11 2 -9 
14 1 5 3 
-8 -11 1 -9 
14 0 6 3 
-8 -11 0 -10 
-9 6 9 -3 
-5 -2 15 7 
-8 6 9 -3 
-6 -3 15 7 
-8 6 8 -2 
-7 -3 16 7 
-8 7 8 -2 
-7 -4 16 7 
21 -8 13 -14 
-13 2 -21 -5 
20 -8 14 -14 
-13 2 -21 -5 
18 -8 16 -14 
-14 1 -21 -4 
17 -8 17 -14 
-14 1 -21 -4 
-10 1 -39 -11 
-3 -15 11 -25 
-8 1 -39 -11 
-3 -14 11 -25 
-7 0 -39 -11 
-4 -14 10 -26 
-6 0 -39 -10 
-4 -13 10 -26 
12 -9 -11 -3 
-2 -5 24 2 
13 -9 -11 -3 
-2 -5 23 2 
14 -9 -10 -3 
-2 -4 23 2 
15 -8 -10 -3 
-2 -4 22 2 
7 -5 18 20 
20 12 17 2 
7 -6 18 21 
20 12 17 3 
6 -7 19 21 
20 11 17 4 
6 -8 19 21 
20 10 18 6 
-29 -1 12 2 
6 18 14 -9 
-29 -1 10 3 
5 18 16 -8 
-29 -2 9 3 
4 18 17 -7 
-29 -3 8 3 
3 18 18 -6 
5 12 9 4 
-23 3 -29 -11 
3 12 10 4 
-23 4 -30 -11 
2 12 10 4 
-22 5 -30 -12 
1 11 11 4 
-22 5 -30 -12 
-12 3 -15 10 
14 24 -4 13 
-12 3 -15 10 
13 23 -3 13 
-12 3 -15 10 
13 22 -3 14 
-12 3 -15 9 
12 22 -2 15 
-15 11 -24 -8 
9 7 -8 9 
-14 12 -25 -8 
9 7 -8 9 
-13 13 -26 -8 
9 8 -8 8 
-12 14 -27 -8 
9 8 -8 8 
-22 3 -27 20 
9 8 11 -6 
-20 2 -29 20 
9 9 11 -6 
-18 1 -30 20 
10 9 11 -6 
-16 0 -31 19 
10 9 11 -6 
-18 11 15 10 
-3 14 -3 10 
-19 11 15 10 
-3 15 -2 10 
-19 11 14 9 
-3 15 -2 10 
-19 11 13 9 
-3 16 -1 10 
-3 10 20 17 
0 -7 -36 17 
-5 11 21 17 
2 -7 -36 16 
-7 11 21 16 
3 -7 -35 15 
-8 12 22 16 
4 -7 -35 14 
-26 -18 -4 5 
-22 -4 4 -10 
-26 -19 -6 5 
-23 -4 4 -9 
-25 -20 -7 4 
-23 -5 4 -9 
-24 -20 -8 4 
-23 -5 4 -8 
-5 -5 -7 -5 
9 17 -3 16 
-6 -5 -7 -4 
9 15 -3 17 
-6 -5 -6 -4 
9 14 -2 18 
-6 -5 -5 -3 
9 12 -2 19 
11 6 15 -12 
6 -18 -5 -6 
10 6 15 -11 
6 -18 -5 -6 
9 6 15 -11 
6 -17 -5 -7 
9 6 15 -10 
6 -17 -5 -8 
20 3 1 16 
-4 6 15 18 
21 3 1 17 
-4 5 14 19 
21 2 1 17 
-4 4 13 20 
22 2 1 18 
-4 3 12 21 
37 21 16 17 
-6 10 11 9 
37 20 17 18 
-7 9 10 10 
37 19 17 19 
-7 8 9 10 
37 18 18 21 
-7 8 8 11 
-9 -2 -27 -5 
20 -3 18 5 
-8 -1 -28 -5 
19 -3 18 6 
-7 -1 -28 -5 
19 -4 19 6 
-6 -1 -28 -5 
18 -5 19 6 
10 7 -2 -7 
9 0 -10 -2 
10 7 -2 -7 
9 1 -10 -2 
10 7 -2 -7 
10 1 -11 -3 
9 7 -2 -6 
10 1 -11 -3 
-7 -20 -10 -13 
5 0 8 -14 
-6 -20 -11 -14 
5 1 8 -14 
-5 -19 -12 -15 
5 2 8 -14 
-4 -19 -12 -15 
4 3 8 -14 
25 7 2 9 
-6 -4 5 -10 
25 7 3 9 
-6 -4 4 -10 
25 7 3 9 
-6 -3 3 -11 
25 7 4 8 
-6 -3 2 -11 
2 13 -6 4 
-2 1 -1 0 
2 13 -6 4 
-2 1 -1 -1 
2 13 -6 4 
-2 1 -1 -1 
2 13 -6 5 
-2 1 -1 -2 
4 -15 8 -17 
2 5 -18 10 
3 -13 9 -18 
2 5 -17 10 
2 -12 9 -19 
2 5 -17 10 
1 -11 10 -20 
2 5 -16 10 
6 -4 -5 3 
13 11 -7 -10 
6 -4 -5 3 
13 12 -7 -10 
6 -4 -5 3 
12 13 -6 -10 
5 -4 -5 2 
12 14 -6 -10 
1 18 -22 30 
22 8 18 11 
2 18 -23 30 
22 8 18 10 
4 18 -23 30 
22 8 18 10 
5 18 -24 30 
22 8 17 10 
5 -21 21 2 
-6 17 -25 15 
4 -21 20 1 
-5 16 -25 16 
3 -20 20 1 
-5 15 -25 18 
1 -20 20 0 
-4 14 -25 19 
0 3 -2 0 
-5 0 -13 -16 
0 3 -2 1 
-4 1 -13 -16 
0 2 -2 1 
-4 1 -13 -15 
0 1 -2 2 
-3 2 -14 -15 
-2 11 6 5 
-1 4 0 13 
-1 12 6 5 
-1 4 0 13 
-1 12 6 5 
-1 4 0 12 
-1 12 5 5 
-1 5 0 12 
-20 -1 -13 21 
4 -3 6 -20 
-19 -2 -14 21 
3 -3 6 -20 
-19 -4 -15 21 
3 -3 7 -19 
-18 -5 -15 22 
2 -3 7 -19 
-7 11 -7 -5 
-12 17 12 4 
-6 11 -7 -4 
-12 17 11 5 
-5 11 -7 -4 
-12 17 11 5 
-5 11 -8 -3 
-12 17 11 5 
-2 10 15 2 
-5 -1 -1 -3 
-3 10 16 2 
-5 -1 0 -3 
-4 10 16 2 
-5 0 0 -4 
-5 10 17 2 
-6 1 0 -4 
14 -6 7 12 
-9 9 7 -14 
14 -7 8 12 
-9 9 6 -13 
14 -8 9 12 
-9 10 5 -12 
14 -9 9 12 
-8 10 5 -12 
13 17 14 20 
30 2 -8 5 
14 16 14 20 
35 0 -10 5 
15 15 14 21 
40 -1 -13 6 
15 14 14 21 
46 -2 -15 7 
94 -50 -39 40 
-18 288 744 4 
123 -59 -50 44 
-29 277 733 21 
153 -68 -61 47 
-39 266 720 38 
184 -77 -72 50 
-47 253 704 56 
-75 -36 78 -146 
-90 37 174 -51 
-73 -35 78 -149 
-96 36 175 -49 
-70 -34 78 -151 
-102 35 175 -46 
-66 -34 77 -153 
-106 34 174 -43 
53 -34 34 -25 
-9 -44 13 -26 
50 -34 41 -26 
-9 -45 13 -25 
46 -34 48 -27 
-9 -46 14 -25 
42 -34 55 -27 
-10 -47 14 -24 
-42 -70 27 -48 
51 36 -13 -64 
-44 -72 28 -47 
51 36 -10 -61 
-47 -74 28 -46 
50 36 -6 -57 
-49 -76 28 -46 
49 36 -2 -53 
-4 -6 17 -38 
-4 -34 -40 -14 
-5 -4 16 -40 
-2 -32 -41 -17 
-6 -1 15 -41 
0 -30 -41 -19 
-7 1 14 -43 
1 -27 -42 -22 
-47 -14 -14 30 
-9 -12 -30 -22 
-46 -15 -17 30 
-7 -11 -30 -21 
-45 -17 -19 30 
-4 -11 -30 -21 
-44 -18 -21 30 
-2 -10 -31 -21 
23 -5 56 8 
-36 -7 -40 10 
21 -5 57 8 
-35 -7 -41 10 
19 -5 57 8 
-34 -7 -42 10 
16 -5 58 8 
-33 -7 -42 10 
1 -4 -18 14 
4 -25 14 3 
2 -4 -18 14 
4 -25 14 3 
3 -5 -18 14 
5 -26 13 3 
4 -5 -18 14 
5 -26 12 3 
-15 13 13 2 
3 -6 12 -6 
-15 12 13 3 
2 -6 12 -6 
-15 11 12 5 
2 -6 13 -6 
-15 10 11 6 
2 -6 13 -6 
-15 5 10 5 
11 2 -7 3 
-16 5 11 5 
11 1 -6 4 
-17 4 11 6 
11 1 -5 4 
-18 4 11 7 
11 0 -3 4 
4 10 26 -4 
27 25 -18 -12 
2 9 27 -3 
28 27 -16 -12 
0 9 28 -3 
28 28 -15 -12 
-2 8 28 -2 
28 29 -13 -12 
-7 2 3 20 
-19 12 -3 25 
-7 3 2 18 
-19 12 -3 24 
-7 4 1 17 
-19 12 -3 24 
-6 5 0 15 
-19 13 -4 24 
10 11 10 23 
2 6 -1 -1 
9 11 11 23 
1 7 -1 -1 
8 10 12 23 
0 7 0 -1 
6 9 13 23 
-1 7 0 -1 
-33 -4 -41 -2 
6 -2 5 -3 
-32 -3 -42 -3 
6 -2 6 -3 
-30 -3 -43 -3 
7 -2 6 -3 
-29 -3 -44 -4 
7 -2 6 -3 
-11 -15 14 -20 
14 6 1 1 
-11 -14 13 -21 
15 6 1 1 
-11 -14 13 -21 
15 5 2 2 
-11 -13 12 -22 
16 5 2 2 
0 6 13 -8 
-4 -18 16 1 
1 7 13 -8 
-5 -18 16 0 
1 7 12 -8 
-5 -17 16 0 
2 7 11 -8 
-6 -17 16 -1 
9 13 -13 18 
-8 -7 -10 20 
9 12 -12 19 
-7 -9 -11 21 
9 11 -12 20 
-6 -10 -11 21 
10 11 -11 21 
-5 -11 -12 21 
-24 30 -1 5 
10 -6 22 17 
-23 29 -2 7 
8 -7 23 17 
-23 29 -3 8 
7 -7 24 16 
-22 28 -4 10 
5 -7 26 16 
2 -8 3 6 
-7 -30 -21 -17 
0 -9 4 7 
-6 -31 -21 -17 
-1 -10 5 7 
-6 -31 -21 -17 
-2 -11 6 8 
-5 -32 -21 -17 
14 -21 18 -27 
-7 4 9 -10 
13 -21 19 -27 
-7 4 9 -9 
13 -21 19 -26 
-7 4 8 -8 
13 -21 20 -25 
-8 4 8 -7 
-6 24 5 12 
3 4 18 3 
-6 24 5 12 
2 4 19 3 
-6 24 5 13 
1 4 20 2 
-6 24 5 14 
0 5 20 2 
-6 -15 -2 -10 
2 -7 2 6 
-6 -14 -2 -11 
2 -6 3 5 
-7 -13 -1 -12 
1 -5 3 4 
-7 -12 -1 -13 
1 -5 4 4 
22 -9 1 15 
-3 10 13 14 
22 -9 1 15 
-2 9 12 15 
23 -9 2 15 
-2 8 11 16 
23 -10 3 14 
-1 7 10 17 
-18 13 11 -5 
15 2 11 0 
-18 13 10 -4 
14 3 13 0 
-18 13 9 -4 
13 4 14 -1 
-18 13 9 -3 
13 5 15 -1 
-13 0 -2 29 
30 -16 -10 12 
-13 0 -3 29 
30 -17 -9 12 
-14 -1 -3 28 
30 -18 -8 12 
-15 -1 -3 28 
30 -18 -6 11 
10 -5 -12 -7 
-13 -22 -6 11 
12 -5 -13 -6 
-11 -23 -8 11 
13 -5 -14 -6 
-9 -25 -10 11 
14 -5 -15 -5 
-8 -26 -11 11 
-14 19 7 -22 
-16 -6 -9 -8 
-14 19 6 -20 
-15 -5 -10 -9 
-13 19 4 -18 
-14 -5 -11 -9 
-13 18 3 -17 
-14 -4 -11 -10 
9 6 -2 -1 
-14 -16 16 0 
10 6 -2 -1 
-14 -16 15 -1 
11 6 -2 -1 
-14 -17 14 -1 
12 7 -2 -1 
-14 -17 13 -2 
4 25 4 -7 
24 1 13 14 
4 26 4 -7 
24 1 14 13 
3 26 5 -6 
23 1 15 12 
3 27 5 -5 
22 1 15 11 
16 -14 -10 -9 
-19 3 10 11 
17 -13 -10 -10 
-18 4 8 11 
19 -12 -11 -11 
-18 4 7 10 
20 -11 -11 -12 
-17 5 5 10 
-14 -1 11 25 
-24 4 1 -6 
-14 -2 11 24 
-25 5 1 -6 
-14 -2 11 24 
-26 5 1 -6 
-14 -3 11 24 
-27 6 2 -6 
19 9 -15 9 
14 19 -13 6 
19 10 -13 9 
16 19 -13 6 
18 10 -12 9 
17 19 -14 6 
18 10 -10 8 
19 19 -14 6 
3 -11 22 -6 
0 -27 3 -10 
3 -11 21 -7 
0 -27 3 -11 
3 -10 20 -8 
0 -27 3 -11 
3 -10 19 -9 
0 -27 3 -12 
-31 11 -15 -5 
-23 11 -3 21 
-31 11 -16 -4 
-24 11 -3 21 
-30 11 -17 -3 
-25 10 -2 21 
-30 11 -18 -3 
-26 10 -2 22 
-36 14 -37 12 
10 3 -6 1 
-36 13 -37 13 
9 2 -4 1 
-36 13 -37 13 
7 1 -3 1 
-36 12 -36 14 
6 0 -1 2 
1 -19 -14 -32 
18 -8 18 8 
1 -18 -14 -33 
16 -8 19 8 
1 -17 -13 -34 
14 -9 20 8 
2 -15 -13 -34 
13 -10 21 8 
13 2 -24 -10 
-10 4 -3 -2 
14 2 -24 -9 
-9 4 -4 -2 
14 2 -23 -9 
-9 4 -5 -2 
15 2 -23 -8 
-8 4 -6 -2 
-17 6 3 4 
-31 -3 -13 -6 
-18 6 3 4 
-31 -3 -13 -7 
-18 6 3 4 
-31 -2 -13 -7 
-18 5 2 4 
-31 -2 -13 -7 
19 17 11 16 
-10 -15 2 -14 
18 16 13 17 
-11 -14 2 -15 
17 15 14 17 
-12 -14 2 -15 
16 15 16 18 
-13 -14 2 -16 
10 -1 -8 -11 
20 -16 2 21 
10 0 -7 -11 
20 -17 3 20 
9 1 -6 -11 
20 -18 3 20 
9 2 -5 -11 
20 -19 4 19 
-2 -16 3 -6 
-2 14 -3 0 
-2 -17 3 -6 
-2 13 -3 1 
-2 -17 2 -5 
-2 13 -4 2 
-2 -18 2 -5 
-2 13 -4 3 
-1 7 0 13 
-3 7 0 4 
-1 7 0 13 
-3 7 1 4 
-1 7 0 13 
-4 7 1 4 
-2 6 0 13 
-4 7 1 4 
28 5 -2 1 
-12 9 -7 2 
28 5 -1 1 
-11 9 -8 1 
28 5 0 0 
-10 10 -9 1 
28 6 2 0 
-9 10 -10 1 
-15 -16 14 -5 
9 -3 -24 7 
-16 -15 14 -6 
10 -3 -23 7 
-18 -15 14 -7 
10 -3 -22 7 
-19 -14 14 -8 
10 -2 -21 7 
-34 -9 -3 11 
-4 11 -17 -20 
-34 -10 -4 12 
-4 12 -16 -20 
-35 -12 -5 12 
-5 13 -15 -19 
-35 -13 -6 12 
-5 14 -14 -18 
-1 0 -17 20 
8 -10 3 10 
0 0 -17 19 
8 -10 3 10 
0 0 -17 19 
9 -11 3 10 
1 0 -17 18 
10 -11 2 9 
-25 9 7 -3 
4 10 -17 23 
-26 10 6 -2 
4 10 -17 23 
-26 10 5 -2 
5 10 -16 23 
-26 10 4 -1 
6 9 -16 23 
11 -2 15 17 
-16 23 10 -18 
11 -3 15 17 
-16 24 9 -18 
12 -4 15 18 
-17 25 8 -17 
12 -6 14 18 
-17 25 7 -16 
-10 -24 -10 10 
-14 2 -6 -8 
-10 -24 -10 8 
-14 2 -6 -7 
-10 -25 -10 7 
-15 1 -6 -6 
-10 -25 -9 5 
-15 1 -6 -6 
4 4 -8 2 
33 -12 4 8 
5 3 -8 3 
37 -15 2 10 
6 2 -8 4 
41 -18 1 11 
7 1 -8 4 
46 -21 -1 12 
86 -57 -17 18 
-212 290 587 -114 
109 -69 -26 23 
-226 285 575 -98 
133 -81 -35 28 
-239 278 560 -81 
159 -93 -44 34 
-250 271 544 -63 
-65 -78 -118 -88 
-60 78 143 -48 
-61 -78 -112 -94 
-64 76 143 -43 
-56 -79 -106 -98 
-68 74 142 -37 
-51 -79 -100 -102 
-71 71 141 -31 
27 -59 32 -58 
-32 -25 38 -1 
25 -57 37 -61 
-34 -27 38 0 
23 -56 41 -63 
-36 -30 39 1 
22 -54 45 -65 
-38 -32 39 2 
7 -51 18 -43 
16 20 -31 -56 
4 -53 21 -42 
16 20 -30 -53 
1 -55 24 -41 
16 20 -28 -50 
-2 -57 27 -40 
16 19 -26 -47 
-21 -3 -8 -37 
-6 -28 -22 20 
-21 0 -9 -39 
-5 -27 -22 18 
-21 3 -11 -40 
-3 -26 -23 16 
-20 5 -12 -41 
-2 -24 -23 14 
-11 -18 3 33 
-37 -14 -23 -8 
-10 -20 1 34 
-35 -14 -25 -7 
-10 -21 0 34 
-34 -14 -27 -6 
-9 -22 -1 34 
-32 -14 -28 -6 
0 4 6 23 
-14 0 -2 -23 
0 3 6 24 
-14 1 -3 -23 
1 1 6 25 
-13 2 -4 -23 
1 0 6 26 
-12 4 -5 -23 
4 -13 7 14 
-18 -4 -1 -5 
5 -13 6 13 
-17 -4 -2 -5 
5 -13 6 12 
-17 -4 -3 -5 
6 -13 6 11 
-17 -3 -4 -5 
-11 -7 -20 1 
-8 0 21 1 
-10 -7 -21 1 
-7 0 20 1 
-8 -7 -21 1 
-7 -1 20 1 
-6 -7 -22 1 
-7 -1 19 2 
-20 -19 13 -14 
18 -5 20 -16 
-20 -19 12 -15 
17 -4 22 -16 
-20 -19 12 -15 
16 -3 23 -16 
-20 -19 11 -16 
16 -2 24 -16 
-12 -18 9 11 
-12 -1 -35 -6 
-13 -18 8 10 
-11 -2 -35 -5 
-14 -18 8 10 
-9 -2 -35 -5 
-15 -19 8 9 
-7 -2 -35 -4 
11 -8 28 -3 
1 -15 -23 -5 
9 -8 29 -3 
2 -15 -23 -5 
8 -8 29 -3 
2 -16 -24 -5 
7 -8 29 -4 
3 -16 -24 -6 
12 -15 -7 -15 
30 16 6 -16 
12 -15 -8 -15 
31 17 5 -16 
13 -16 -8 -15 
31 17 5 -15 
14 -16 -8 -15 
32 18 5 -14 
-14 16 -1 15 
-19 -12 -14 4 
-13 16 -3 15 
-18 -13 -15 3 
-13 16 -4 14 
-17 -13 -16 3 
-12 17 -6 14 
-16 -13 -17 2 
10 -23 4 -17 
2 -22 8 -19 
11 -24 4 -17 
2 -23 7 -19 
11 -24 4 -17 
2 -24 6 -18 
11 -24 4 -17 
2 -24 6 -18 
1 44 -9 0 
-18 -6 23 -14 
3 42 -10 2 
-18 -5 22 -15 
5 41 -11 5 
-18 -5 21 -16 
6 40 -12 7 
-17 -5 20 -16 
-6 8 11 -8 
13 18 -9 7 
-7 8 12 -7 
14 18 -8 7 
-8 8 12 -7 
14 18 -7 8 
-8 8 13 -7 
14 18 -7 8 
-19 3 3 0 
4 0 17 13 
-18 3 1 0 
4 0 17 13 
-18 4 0 -1 
3 0 18 12 
-17 5 -1 -1 
2 0 18 12 
-10 -6 -2 22 
12 -5 -5 -12 
-10 -7 -1 22 
12 -5 -4 -11 
-11 -9 -1 22 
12 -6 -3 -10 
-11 -10 -1 22 
12 -7 -2 -9 
12 4 13 -9 
14 4 -1 -16 
12 4 13 -8 
14 5 -1 -16 
11 3 13 -7 
14 6 -1 -16 
11 3 13 -7 
14 6 0 -16 
-6 -20 -5 5 
2 -13 0 1 
-5 -19 -6 4 
2 -14 0 1 
-5 -19 -7 3 
2 -14 0 1 
-4 -19 -7 2 
1 -15 0 2 
-14 -13 -21 -12 
-2 11 27 26 
-13 -12 -22 -12 
-3 10 27 27 
-11 -12 -23 -12 
-3 9 26 27 
-9 -11 -24 -12 
-4 8 26 28 
-5 -7 12 0 
1 7 2 -16 
-6 -8 12 0 
0 7 3 -16 
-7 -8 12 0 
0 8 4 -15 
-8 -9 13 1 
-1 8 4 -15 
-13 -20 -13 -3 
3 -8 1 -1 
-13 -20 -13 -4 
2 -8 2 -1 
-13 -20 -12 -4 
1 -9 3 0 
-13 -20 -12 -5 
1 -9 3 0 
-12 7 -14 2 
0 10 -24 2 
-12 7 -14 2 
0 10 -23 2 
-13 6 -14 3 
0 10 -23 3 
-13 6 -13 4 
0 10 -22 3 
-13 -5 -23 -7 
-24 -29 -10 15 
-12 -4 -23 -8 
-24 -30 -11 14 
-11 -3 -24 -9 
-24 -31 -12 14 
-11 -2 -25 -9 
-24 -32 -12 13 
6 16 -4 -10 
-8 -7 -4 -6 
6 15 -3 -9 
-8 -7 -4 -6 
5 15 -2 -7 
-9 -7 -3 -7 
5 15 -1 -6 
-9 -6 -3 -7 
1 -16 -10 -8 
0 0 -30 -11 
0 -16 -10 -9 
1 1 -30 -11 
0 -16 -9 -9 
1 1 -30 -11 
-1 -15 -8 -10 
2 1 -30 -10 
12 -3 -9 6 
-3 0 6 -25 
13 -3 -9 6 
-2 2 4 -25 
15 -4 -10 6 
0 3 3 -25 
16 -5 -10 6 
1 4 1 -25 
-16 -22 15 9 
-12 28 -4 1 
-16 -22 14 8 
-12 28 -4 3 
-16 -23 13 7 
-12 27 -4 4 
-16 -23 12 6 
-12 27 -4 6 
-28 -16 -20 3 
2 -10 5 -17 
-27 -16 -20 2 
1 -9 6 -17 
-27 -16 -21 1 
0 -9 7 -16 
-26 -17 -21 0 
-1 -8 8 -16 
16 4 -8 7 
-9 -8 -5 -2 
16 4 -7 7 
-9 -8 -6 -2 
16 4 -7 8 
-8 -9 -6 -2 
16 3 -6 8 
-8 -9 -7 -1 
-21 18 -11 0 
-23 -14 -6 3 
-20 18 -12 1 
-23 -15 -7 2 
-20 18 -12 2 
-23 -15 -7 2 
-19 17 -13 3 
-22 -16 -7 2 
2 1 5 -24 
5 22 8 15 
1 2 6 -24 
5 22 8 15 
1 3 7 -23 
4 23 9 15 
1 4 8 -23 
4 23 9 15 
-1 5 -4 13 
23 5 -10 -2 
-2 5 -4 13 
24 6 -10 -2 
-2 5 -3 12 
25 7 -9 -2 
-2 5 -3 12 
26 7 -9 -2 
2 -3 32 24 
-1 30 16 1 
2 -4 31 24 
-2 30 16 2 
1 -5 30 24 
-3 29 16 4 
1 -7 28 23 
-4 28 16 6 
26 18 -3 -2 
7 27 -2 19 
26 19 -2 -2 
8 25 -3 20 
26 19 -1 -2 
10 24 -3 20 
26 19 0 -2 
11 23 -4 21 
5 11 22 -18 
-6 -21 15 -7 
5 11 21 -18 
-6 -21 14 -8 
5 12 21 -18 
-7 -20 14 -10 
6 12 20 -18 
-8 -20 14 -11 
7 16 -6 2 
-5 -13 14 -6 
7 16 -6 3 
-5 -13 14 -7 
8 16 -5 4 
-6 -12 13 -8 
8 15 -5 5 
-6 -12 13 -9 
-8 -5 -3 7 
10 -11 16 -9 
-7 -6 -3 7 
9 -11 17 -8 
-7 -6 -3 7 
9 -11 17 -8 
-7 -7 -3 7 
8 -11 18 -8 
-7 4 0 -1 
-8 9 -10 -6 
-8 4 0 0 
-8 9 -10 -6 
-8 4 0 0 
-8 10 -10 -6 
-8 3 0 1 
-7 11 -10 -5 
-3 -9 -6 9 
-14 -5 4 5 
-2 -9 -6 8 
-15 -6 4 5 
-2 -9 -6 8 
-15 -6 3 6 
-2 -9 -6 7 
-16 -7 3 6 
16 15 -14 3 
-5 8 14 8 
17 15 -13 4 
-5 8 13 8 
17 14 -12 5 
-6 8 13 8 
18 14 -12 6 
-6 7 12 8 
7 -6 -4 0 
-8 1 -12 5 
6 -6 -3 0 
-7 1 -13 6 
6 -6 -2 0 
-7 1 -13 6 
6 -5 -2 -1 
-6 0 -13 6 
4 10 0 -1 
-11 -14 7 0 
4 10 -1 -1 
-11 -14 6 -1 
4 11 -1 -1 
-11 -13 5 -2 
5 11 -1 -1 
-11 -12 5 -4 
0 -2 7 4 
-43 9 -21 12 
-1 -1 8 4 
-43 9 -22 12 
-1 -1 8 4 
-43 9 -23 12 
-2 0 9 3 
-43 9 -23 12 
1 -2 -14 2 
6 3 -10 8 
1 -2 -13 1 
7 3 -10 8 
0 -1 -11 1 
7 3 -10 8 
0 -1 -10 0 
8 3 -9 8 
-4 5 22 7 
-1 -20 7 -5 
-4 5 22 7 
-2 -19 8 -6 
-5 5 22 6 
-3 -18 9 -6 
-6 5 22 6 
-4 -18 9 -7 
-20 -15 -7 10 
25 -5 20 -3 
-20 -16 -7 10 
25 -6 22 -2 
-20 -16 -7 10 
24 -6 23 -1 
-20 -17 -7 10 
23 -7 24 -1 
-3 19 16 -3 
13 -40 -18 9 
-3 18 16 -2 
16 -43 -19 9 
-3 18 16 -1 
19 -45 -20 9 
-4 18 16 0 
22 -48 -21 9 
67 -46 -41 35 
-394 321 389 -160 
86 -60 -48 42 
-408 319 374 -143 
106 -75 -55 48 
-420 317 358 -126 
126 -89 -62 55 
-430 312 340 -107 
-29 -67 -228 -15 
-25 150 64 -25 
-26 -69 -216 -23 
-27 148 64 -18 
-23 -70 -204 -29 
-28 146 64 -11 
-19 -71 -192 -35 
-29 144 63 -3 
-35 -124 9 -52 
-32 -27 3 -39 
-36 -123 10 -59 
-33 -28 3 -36 
-37 -121 10 -65 
-34 -29 4 -34 
-37 -119 10 -71 
-34 -30 4 -32 
9 -38 20 -38 
-6 35 -26 -22 
7 -39 22 -38 
-6 35 -26 -20 
5 -40 24 -37 
-5 35 -26 -18 
2 -41 26 -37 
-4 34 -26 -15 
-42 18 -6 -4 
13 -49 -25 2 
-42 19 -7 -5 
15 -48 -24 0 
-42 20 -8 -6 
17 -47 -24 -3 
-42 21 -10 -6 
19 -46 -23 -5 
-54 4 9 6 
-21 -15 0 -29 
-53 3 6 7 
-22 -13 1 -29 
-52 2 3 8 
-23 -12 1 -30 
-51 1 0 10 
-24 -11 1 -30 
-7 -18 -38 13 
16 43 -12 -10 
-6 -19 -38 13 
17 43 -12 -8 
-5 -20 -38 13 
18 43 -13 -6 
-4 -21 -38 12 
19 43 -13 -4 
-23 1 -18 -13 
-8 -1 13 20 
-21 3 -20 -14 
-7 -1 12 19 
-18 5 -23 -16 
-6 -2 11 18 
-16 7 -25 -18 
-5 -2 10 17 
-5 -8 19 -31 
32 -26 6 4 
-6 -6 18 -32 
33 -26 7 3 
-6 -4 18 -33 
33 -26 8 1 
-6 -2 18 -33 
34 -26 9 0 
1 13 26 -23 
-21 -18 -16 0 
0 14 25 -23 
-21 -17 -16 -2 
0 15 24 -22 
-21 -16 -17 -4 
-1 16 23 -22 
-21 -14 -17 -5 
10 2 -9 14 
11 39 -3 13 
10 2 -8 14 
12 40 -3 14 
9 2 -7 14 
12 40 -3 15 
9 2 -7 14 
12 41 -3 15 
23 -1 5 16 
-5 5 -5 14 
23 0 6 15 
-4 6 -6 13 
23 1 6 13 
-3 7 -7 12 
23 2 6 11 
-2 8 -8 11 
-2 -35 10 7 
-3 9 11 11 
-1 -35 9 5 
-3 9 11 12 
-1 -34 9 3 
-3 9 11 12 
-1 -33 9 1 
-3 9 10 13 
-38 -4 2 21 
9 -8 -13 1 
-39 -5 1 21 
8 -8 -12 1 
-40 -5 1 21 
8 -9 -10 2 
-40 -6 0 21 
7 -10 -8 2 
-2 -2 -3 -12 
-36 10 -9 -13 
-2 -2 -3 -11 
-36 10 -9 -13 
-2 -2 -3 -11 
-37 11 -10 -13 
-2 -2 -3 -10 
-37 11 -11 -13 
-5 -15 -11 -15 
27 -14 -13 1 
-6 -14 -10 -16 
29 -14 -13 1 
-7 -13 -9 -18 
30 -13 -12 0 
-7 -11 -8 -19 
31 -13 -11 -1 
-22 25 23 13 
-12 12 -22 0 
-22 24 21 14 
-11 13 -23 -1 
-22 24 20 15 
-10 14 -23 -1 
-23 23 18 16 
-8 15 -23 -2 
-16 14 14 22 
-28 -12 7 6 
-16 14 13 22 
-29 -11 7 5 
-15 14 13 21 
-31 -11 7 4 
-15 14 12 21 
-32 -10 7 3 
5 11 -25 25 
3 -16 18 1 
5 11 -24 25 
1 -17 19 0 
6 10 -23 26 
0 -17 19 0 
6 9 -21 26 
-2 -18 20 0 
6 11 -28 -12 
19 -19 6 -6 
6 11 -27 -11 
19 -18 6 -7 
7 12 -27 -11 
20 -17 6 -9 
8 12 -26 -10 
20 -16 5 -10 
-6 -29 -5 12 
-17 3 29 -13 
-5 -30 -6 11 
-18 3 28 -12 
-3 -30 -8 11 
-19 3 28 -10 
-1 -31 -9 10 
-20 3 27 -9 
5 5 -11 14 
6 1 -1 18 
5 5 -10 14 
6 0 -1 18 
5 4 -9 15 
7 -2 -1 19 
4 4 -8 15 
7 -2 -2 20 
-13 4 2 7 
2 1 7 3 
-12 3 1 8 
2 0 7 3 
-12 2 0 9 
1 0 8 4 
-12 2 0 10 
1 -1 8 5 
-1 -10 5 7 
24 11 13 3 
-1 -11 6 8 
23 10 14 5 
-2 -12 6 8 
22 9 16 6 
-2 -12 7 8 
21 8 17 7 
7 -7 0 -7 
-1 -12 -1 4 
7 -7 0 -7 
-1 -13 -2 4 
7 -7 0 -6 
-1 -14 -2 4 
7 -7 1 -6 
-1 -15 -2 4 
-4 15 -7 3 
-9 5 -8 -16 
-4 13 -7 5 
-9 6 -8 -16 
-4 12 -7 7 
-9 6 -8 -15 
-4 11 -7 8 
-9 6 -8 -15 
12 26 1 10 
-5 2 -1 8 
12 26 2 10 
-5 2 -1 7 
11 26 3 11 
-5 2 -1 7 
11 25 4 11 
-6 2 -1 6 
-23 -23 -5 -17 
-3 -17 -8 1 
-23 -22 -5 -18 
-3 -17 -7 1 
-24 -21 -5 -19 
-4 -17 -6 0 
-24 -20 -6 -20 
-4 -17 -5 0 
8 15 -4 7 
-11 -10 -1 -6 
8 15 -4 8 
-11 -10 -1 -7 
8 14 -3 9 
-11 -10 -2 -7 
8 13 -3 10 
-10 -10 -3 -8 
-3 7 7 -1 
11 -10 -12 -13 
-4 7 7 -1 
11 -10 -12 -14 
-4 7 8 0 
12 -9 -12 -14 
-5 6 8 0 
13 -9 -11 -15 
-18 -2 10 -1 
28 9 18 -1 
-17 -2 9 -1 
28 10 19 -1 
-17 -2 8 -1 
27 10 20 -1 
-17 -2 7 -1 
27 10 21 -1 
-23 -16 2 -2 
7 -8 -6 10 
-23 -15 1 -3 
8 -8 -6 10 
-23 -15 0 -4 
9 -9 -6 10 
-22 -14 -1 -5 
9 -10 -5 10 
14 6 31 -14 
3 -2 -11 11 
13 6 31 -14 
3 -2 -11 10 
12 7 31 -14 
3 -3 -11 10 
11 7 31 -13 
3 -3 -11 10 
1 1 -11 -6 
3 -1 2 -13 
2 1 -11 -6 
2 -1 2 -13 
2 1 -11 -6 
2 0 2 -13 
3 1 -12 -5 
1 0 2 -13 
12 12 -10 2 
19 7 -8 4 
12 12 -9 2 
20 7 -8 3 
12 13 -9 2 
20 7 -8 3 
12 13 -8 2 
21 7 -8 2 
1 10 -6 0 
1 -4 34 11 
2 10 -8 0 
1 -4 34 10 
4 11 -9 -1 
0 -3 33 9 
6 12 -10 -1 
-1 -3 33 9 
-23 -1 -9 14 
10 -19 -12 3 
-23 -1 -10 14 
11 -20 -11 3 
-24 -1 -10 14 
11 -21 -11 3 
-24 -1 -10 14 
12 -22 -10 3 
5 -22 11 -27 
-10 -8 -13 -20 
4 -22 10 -26 
-9 -8 -14 -20 
4 -22 10 -26 
-8 -8 -15 -19 
4 -22 10 -26 
-7 -7 -15 -19 
-10 -1 8 0 
6 -7 -13 -15 
-10 -1 7 0 
6 -6 -13 -15 
-10 -2 7 0 
7 -6 -13 -15 
-11 -2 7 0 
7 -6 -12 -15 
-14 -25 -8 -19 
-32 6 9 -21 
-13 -25 -10 -20 
-32 7 9 -21 
-11 -25 -11 -21 
-32 8 8 -21 
-10 -24 -12 -22 
-32 8 6 -20 
2 11 3 5 
21 -19 -6 11 
1 11 4 4 
21 -20 -5 10 
0 12 5 4 
22 -20 -5 9 
-1 13 6 3 
22 -21 -4 8 
-22 -1 12 -13 
-3 -8 5 -25 
-22 -2 11 -13 
-4 -8 6 -25 
-22 -2 10 -12 
-5 -8 7 -24 
-22 -3 9 -11 
-6 -8 7 -24 
-2 8 -7 -17 
10 2 8 15 
-2 9 -6 -17 
9 2 9 14 
-2 10 -6 -17 
8 1 10 14 
-2 11 -5 -16 
6 1 11 13 
-6 -19 -35 -4 
9 -6 4 6 
-5 -19 -35 -5 
9 -7 4 6 
-4 -18 -35 -5 
10 -7 4 7 
-3 -18 -36 -6 
10 -7 4 7 
13 -3 10 4 
26 17 23 7 
14 -4 10 5 
26 16 23 8 
14 -4 10 6 
25 15 23 9 
14 -5 9 6 
25 14 23 10 
-1 3 8 -9 
26 1 -21 -4 
-1 3 8 -9 
27 2 -20 -5 
-2 4 8 -9 
28 2 -19 -5 
-3 4 7 -9 
29 2 -19 -5 
4 5 14 1 
5 7 4 -3 
4 5 13 1 
5 7 4 -3 
5 5 12 1 
5 8 4 -3 
5 6 11 1 
5 8 4 -3 
15 -15 3 1 
-2 0 4 -2 
16 -15 4 0 
-2 0 4 -2 
16 -15 4 0 
-2 -1 3 -1 
16 -15 4 -1 
-2 -1 2 -1 
1 -5 -9 -14 
2 5 2 2 
1 -5 -9 -14 
2 6 2 1 
1 -4 -9 -14 
1 7 2 1 
2 -4 -9 -14 
1 8 2 1 
0 -14 -18 24 
29 -10 4 6 
1 -15 -18 24 
31 -13 3 8 
2 -17 -18 24 
34 -15 2 10 
4 -18 -19 23 
36 -18 1 12 
72 -91 -8 41 
-463 363 196 -231 
85 -107 -13 46 
-472 368 181 -215 
98 -122 -18 51 
-479 371 163 -197 
112 -138 -23 56 
-484 373 145 -178 
10 -14 -174 111 
-19 169 -36 32 
8 -15 -159 101 
-20 169 -35 36 
5 -15 -144 92 
-20 168 -34 41 
2 -16 -129 83 
-21 167 -33 47 
-3 -82 -28 10 
12 -28 51 -54 
-2 -81 -28 4 
11 -27 52 -53 
-1 -80 -27 -3 
9 -26 52 -53 
1 -79 -27 -9 
8 -25 52 -52 
13 -2 18 -11 
-23 61 -24 41 
12 -1 19 -11 
-22 59 -25 44 
11 -1 20 -11 
-21 56 -25 46 
9 -1 22 -10 
-20 53 -26 48 
14 23 -1 -19 
-12 -31 35 -20 
15 24 -1 -20 
-13 -30 34 -22 
17 25 -1 -20 
-13 -28 33 -24 
18 25 -1 -20 
-14 -27 32 -26 
-15 9 -28 8 
14 -22 -15 -9 
-14 9 -28 8 
15 -22 -15 -10 
-13 9 -29 9 
16 -21 -15 -11 
-13 8 -29 9 
17 -20 -15 -12 
-7 29 13 16 
0 15 -6 8 
-7 29 12 17 
-1 16 -6 7 
-7 28 11 18 
-1 17 -5 6 
-7 28 10 18 
-2 18 -5 5 
33 14 -21 11 
-28 -31 -11 14 
34 16 -20 10 
-27 -30 -14 12 
34 17 -19 9 
-25 -30 -16 10 
35 19 -18 7 
-23 -30 -19 7 
-6 -10 11 -28 
3 7 -13 4 
-7 -9 11 -28 
4 8 -13 4 
-7 -7 11 -29 
5 8 -13 3 
-8 -6 11 -29 
6 9 -13 3 
-6 0 18 9 
10 -18 -11 -3 
-7 1 18 8 
11 -17 -10 -4 
-7 1 17 7 
12 -17 -10 -5 
-8 1 17 6 
13 -16 -10 -6 
-10 14 14 14 
-7 37 -24 7 
-11 14 13 15 
-6 38 -25 7 
-11 13 12 16 
-5 38 -25 8 
-12 12 12 17 
-3 38 -25 8 
24 19 12 26 
-35 10 -7 17 
25 19 12 26 
-34 10 -9 17 
25 20 12 25 
-33 9 -12 17 
26 20 12 24 
-32 9 -14 16 
13 -11 -5 -3 
4 -7 18 11 
14 -11 -5 -3 
4 -8 17 12 
15 -11 -4 -4 
3 -10 16 12 
16 -10 -4 -4 
3 -11 16 13 
-17 21 -16 -6 
-25 20 0 -5 
-16 20 -17 -5 
-25 19 0 -5 
-15 19 -18 -3 
-25 18 -1 -4 
-14 18 -19 -1 
-24 17 -2 -3 
-5 30 7 -21 
-7 2 -11 8 
-6 31 8 -21 
-7 2 -10 7 
-7 32 8 -21 
-7 2 -10 6 
-8 33 9 -20 
-7 2 -9 5 
25 2 9 -16 
14 -19 -2 2 
24 3 10 -16 
14 -19 -2 1 
23 4 11 -17 
14 -19 -2 0 
22 5 12 -17 
15 -19 -2 -1 
-28 -5 -4 -18 
3 5 -11 -6 
-28 -4 -6 -18 
3 5 -10 -6 
-28 -4 -7 -18 
3 5 -9 -6 
-28 -4 -8 -17 
3 5 -8 -6 
-4 14 -4 -10 
7 -5 -7 -4 
-4 15 -4 -10 
7 -4 -7 -6 
-4 16 -4 -10 
7 -3 -7 -7 
-4 16 -4 -10 
7 -2 -6 -8 
34 -11 9 3 
0 2 5 -12 
34 -11 10 3 
0 2 4 -12 
35 -11 10 2 
1 3 3 -12 
35 -11 11 1 
1 4 2 -12 
-13 -17 -3 7 
-20 7 -11 -9 
-13 -17 -3 6 
-19 7 -11 -8 
-13 -17 -4 6 
-19 7 -11 -7 
-12 -18 -5 5 
-19 8 -11 -7 
22 3 10 12 
13 1 -6 -7 
21 2 12 12 
13 0 -6 -6 
20 1 13 12 
14 -1 -6 -5 
19 0 14 12 
14 -2 -6 -5 
-12 14 -1 -22 
10 18 -5 3 
-12 14 -2 -22 
10 18 -5 3 
-12 14 -3 -21 
11 18 -5 3 
-11 14 -4 -20 
11 18 -4 3 
15 -21 14 -7 
-4 -31 -30 6 
14 -20 14 -8 
-2 -33 -31 6 
13 -20 14 -9 
-1 -35 -32 6 
12 -19 14 -10 
0 -36 -32 6 
-16 22 4 -25 
0 -12 -9 -6 
-16 21 3 -23 
0 -12 -9 -7 
-16 21 2 -21 
1 -11 -9 -7 
-16 21 1 -19 
1 -11 -9 -8 
-21 5 12 3 
-21 12 -22 7 
-22 5 12 4 
-22 12 -22 8 
-23 5 12 4 
-23 12 -21 8 
-24 5 11 4 
-24 12 -20 8 
7 6 -31 0 
11 16 0 2 
8 6 -31 0 
11 17 0 2 
9 7 -30 0 
12 17 0 2 
9 7 -29 -1 
12 18 -1 2 
17 -31 10 -13 
-1 -4 -4 -3 
17 -30 10 -15 
0 -3 -5 -3 
17 -29 10 -17 
1 -2 -6 -4 
17 -27 10 -19 
2 -1 -6 -4 
-1 -2 5 17 
-10 4 19 -1 
-1 -2 4 17 
-11 5 19 -1 
0 -2 3 17 
-12 5 19 -1 
1 -2 3 17 
-13 6 19 -1 
1 -6 -20 16 
-23 10 -7 26 
1 -6 -19 16 
-24 9 -7 26 
1 -6 -19 15 
-24 8 -8 27 
1 -5 -18 14 
-25 7 -8 28 
32 -5 -11 6 
5 -4 21 -9 
32 -5 -9 6 
5 -5 20 -8 
33 -6 -8 6 
5 -5 19 -8 
33 -6 -7 6 
6 -5 18 -8 
-3 7 7 -18 
22 9 9 11 
-3 8 7 -18 
23 10 10 11 
-3 8 6 -18 
23 10 10 10 
-3 9 6 -18 
23 10 11 10 
-16 -15 9 -12 
-3 -24 -1 -5 
-16 -14 7 -13 
-3 -24 -2 -6 
-16 -13 6 -14 
-2 -25 -2 -6 
-15 -12 5 -16 
-1 -25 -2 -7 
-1 18 26 -19 
-18 10 -4 -8 
-1 18 26 -18 
-18 11 -4 -9 
-2 18 26 -17 
-19 13 -4 -10 
-3 18 26 -16 
-19 14 -4 -10 
17 -18 -8 13 
6 2 -7 14 
17 -18 -7 12 
6 1 -7 14 
16 -17 -5 10 
7 0 -8 15 
16 -17 -4 9 
7 -1 -8 16 
6 -23 8 -19 
-5 -15 -14 -18 
5 -23 8 -19 
-5 -14 -15 -18 
5 -23 8 -20 
-4 -13 -15 -18 
4 -23 8 -20 
-4 -13 -15 -18 
-12 7 1 10 
-3 6 9 10 
-12 7 0 11 
-4 6 10 10 
-12 7 0 11 
-5 6 10 10 
-11 7 -1 11 
-6 6 11 10 
-11 -21 -13 1 
-11 2 -22 7 
-11 -21 -13 1 
-11 1 -22 8 
-12 -21 -12 0 
-11 0 -22 9 
-12 -20 -12 -1 
-10 -1 -21 10 
6 1 -1 -14 
-2 -17 -3 -16 
5 1 0 -13 
-3 -16 -3 -17 
5 1 0 -13 
-3 -15 -3 -17 
5 1 1 -12 
-3 -13 -3 -18 
3 -11 4 14 
0 -13 -9 -19 
3 -12 5 14 
0 -13 -8 -19 
2 -13 5 14 
0 -13 -8 -18 
1 -13 6 14 
0 -12 -8 -18 
-7 1 0 -6 
14 1 13 -9 
-7 1 0 -6 
13 1 14 -9 
-7 0 0 -5 
12 2 15 -9 
-7 0 0 -5 
11 2 16 -10 
0 0 0 0 
0 0 0 0 
0 0 0 0 
0 0 0 0 
0 0 0 0 
0 0 0 0 
0 0 0 0 
0 0 0 0 
0 0 0 0 
0 0 0 0 
0 0 0 0 
0 0 0 0 
0 0 0 0 
0 0 0 0 
