38 -44 237 536 
102 51 -17 22 
36 -56 217 528 
99 47 -13 30 
34 -67 198 519 
96 43 -8 37 
31 -77 180 507 
92 40 -4 44 
100 104 -8 24 
25 32 6 18 
100 103 -6 26 
27 32 4 15 
100 103 -4 29 
28 33 2 13 
99 102 -1 32 
29 33 1 12 
10 -54 3 -38 
-2 -29 -14 14 
11 -51 2 -41 
0 -31 -16 15 
12 -49 0 -44 
1 -32 -17 15 
13 -46 -2 -48 
2 -33 -19 15 
0 0 0 0 
0 0 0 0 
0 0 0 0 
0 0 0 0 
0 0 0 0 
0 0 0 0 
0 0 0 0 
0 0 0 0 
0 0 0 0 
0 0 0 0 
0 0 0 0 
0 0 0 0 
0 0 0 0 
0 0 0 0 
0 0 0 0 
0 0 0 0 
0 0 0 0 
0 0 0 0 
0 0 0 0 
0 0 0 0 
0 0 0 0 
0 0 0 0 
0 0 0 0 
0 0 0 0 
0 0 0 0 
0 0 0 0 
0 0 0 0 
0 0 0 0 
0 0 0 0 
0 0 0 0 
0 0 0 0 
0 0 0 0 
0 0 0 0 
0 0 0 0 
0 0 0 0 
0 0 0 0 
0 0 0 0 
0 0 0 0 
0 0 0 0 
0 0 0 0 
0 0 0 0 
1 1 0 0 
0 0 0 0 
1 1 0 0 
0 0 0 0 
0 1 0 0 
0 0 0 0 
0 1 0 0 
5 6 -2 -2 
18 27 -9 -13 
3 7 -1 -3 
10 29 -5 -14 
1 7 0 -3 
2 30 -1 -15 
-1 7 0 -3 
-7 31 3 -16 
668 173 -46 -55 
-162 167 16 467 
673 190 -28 -59 
-153 157 -10 463 
675 207 -9 -62 
-145 148 -35 458 
674 224 11 -65 
-136 139 -58 452 
-5 41 -33 -44 
11 -40 38 -18 
-2 44 -34 -46 
12 -38 37 -22 
1 47 -35 -48 
12 -35 36 -27 
4 50 -36 -49 
13 -33 35 -31 
69 -26 40 -7 
-76 -68 -35 -20 
69 -26 41 -8 
-73 -69 -40 -21 
68 -26 42 -9 
-70 -69 -45 -22 
68 -25 43 -10 
-66 -70 -49 -23 
-4 8 25 -32 
4 -33 -22 21 
-6 8 26 -30 
4 -35 -21 21 
-7 9 27 -28 
4 -37 -20 21 
-9 9 28 -26 
4 -39 -19 20 
-26 -21 -18 -26 
-2 52 23 4 
-26 -22 -19 -24 
-4 50 25 7 
-25 -23 -20 -23 
-7 49 26 10 
-24 -24 -21 -21 
-9 48 27 13 
17 18 -26 4 
26 -16 10 -1 
17 18 -24 4 
26 -16 10 -2 
16 17 -22 4 
26 -17 11 -2 
16 17 -20 4 
25 -18 12 -3 
-29 29 14 -13 
25 2 -12 0 
-31 29 13 -12 
24 3 -10 -1 
-32 29 12 -11 
22 4 -7 -2 
-33 29 12 -9 
21 5 -5 -3 
39 -24 -24 24 
9 14 2 -15 
40 -26 -24 24 
10 14 0 -13 
41 -27 -24 23 
12 13 -2 -11 
43 -29 -23 23 
14 13 -4 -9 
-9 32 4 15 
-15 -12 37 8 
-7 31 2 16 
-16 -13 37 7 
-5 31 0 17 
-17 -14 36 7 
-3 30 -2 18 
-19 -15 35 6 
9 -33 -21 -33 
10 -13 21 -4 
10 -32 -21 -33 
10 -13 21 -4 
11 -32 -20 -33 
10 -14 21 -3 
12 -31 -19 -34 
10 -14 20 -3 
-28 -7 2 -5 
3 -5 -14 -18 
-28 -7 1 -5 
3 -5 -13 -18 
-29 -8 0 -4 
2 -4 -12 -17 
-29 -8 -1 -4 
2 -3 -11 -17 
-8 17 -13 11 
21 -12 -7 -11 
-8 17 -14 12 
22 -11 -7 -12 
-8 16 -14 12 
23 -10 -6 -13 
-8 16 -14 12 
23 -9 -6 -13 
-18 -7 10 10 
15 -2 25 11 
-18 -7 8 9 
13 -2 26 12 
-17 -7 7 9 
12 -3 28 12 
-17 -6 5 9 
10 -3 29 12 
4 3 -10 11 
-4 30 -22 8 
3 2 -9 11 
-3 30 -22 9 
3 1 -9 12 
-3 30 -22 10 
2 1 -8 12 
-2 30 -22 11 
0 -6 -8 12 
31 -7 21 -9 
1 -6 -8 11 
31 -7 21 -9 
1 -7 -9 11 
31 -8 22 -8 
2 -7 -9 10 
31 -8 22 -8 
-2 -9 6 -18 
-16 -5 -20 -22 
-2 -10 5 -17 
-15 -6 -21 -22 
-1 -10 4 -17 
-14 -6 -22 -21 
-1 -11 3 -17 
-13 -6 -23 -21 
-12 26 -6 -14 
5 -8 -2 0 
-11 27 -6 -13 
6 -8 -3 -1 
-10 27 -7 -12 
6 -7 -3 -3 
-10 28 -8 -12 
7 -6 -3 -4 
2 -8 17 2 
-14 -20 5 -12 
2 -8 16 1 
-14 -19 4 -13 
2 -7 15 1 
-14 -19 4 -13 
3 -7 15 0 
-14 -19 3 -14 
8 -9 10 -20 
15 -7 -16 14 
7 -8 11 -21 
15 -8 -15 13 
6 -7 12 -21 
15 -9 -15 13 
5 -6 12 -21 
15 -9 -14 13 
-1 -8 -5 -13 
-8 8 12 8 
0 -8 -6 -12 
-8 7 12 9 
0 -8 -6 -12 
-8 5 12 10 
1 -8 -7 -12 
-8 4 11 11 
-1 15 11 -14 
0 -1 -9 -5 
-2 15 11 -13 
0 -1 -8 -5 
-3 15 12 -12 
-1 -1 -7 -5 
-4 15 13 -11 
-1 -1 -7 -5 
-15 -16 -11 -19 
-3 8 -2 7 
-15 -15 -11 -20 
-4 7 -1 8 
-15 -14 -11 -20 
-4 7 -1 8 
-15 -13 -11 -21 
-4 6 -1 9 
-12 -2 -11 -11 
-2 1 7 -9 
-12 -1 -12 -11 
-3 2 8 -10 
-11 -1 -12 -11 
-3 3 8 -10 
-11 -1 -12 -12 
-4 3 8 -10 
-9 0 -11 1 
-10 6 10 10 
-9 1 -11 1 
-11 6 11 10 
-8 1 -11 0 
-12 6 11 10 
-8 2 -11 0 
-13 5 11 10 
3 9 -3 3 
5 5 -5 3 
3 9 -2 3 
4 5 -4 3 
2 9 -1 3 
4 6 -4 3 
1 9 0 3 
3 6 -3 2 
-16 13 -20 10 
7 11 5 19 
-15 13 -20 10 
7 11 5 19 
-14 13 -21 10 
7 10 5 19 
-13 13 -21 10 
7 10 6 19 
8 6 11 7 
-5 16 8 -13 
8 5 11 8 
-5 17 8 -13 
8 4 11 8 
-5 17 7 -13 
8 3 10 9 
-6 18 7 -12 
-5 0 -11 24 
8 -4 -7 -7 
-5 0 -11 23 
8 -4 -6 -7 
-5 -1 -11 23 
8 -4 -6 -7 
-4 -2 -11 22 
7 -4 -6 -7 
-2 -14 -15 1 
-5 14 0 -10 
-1 -15 -15 1 
-4 14 0 -9 
0 -15 -16 1 
-4 13 -1 -8 
0 -16 -16 0 
-3 13 -2 -7 
-33 -12 4 -23 
17 29 -12 25 
-33 -11 4 -24 
18 29 -11 25 
-34 -9 3 -25 
18 29 -10 26 
-34 -8 2 -25 
18 29 -8 26 
-5 -38 5 3 
4 -5 -18 -4 
-5 -38 4 1 
5 -6 -18 -3 
-6 -38 4 -1 
6 -7 -18 -2 
-6 -38 3 -2 
6 -7 -18 -1 
-10 -7 -8 -21 
6 -9 22 2 
-9 -7 -9 -21 
6 -9 21 2 
-8 -6 -10 -20 
6 -10 21 2 
-6 -6 -11 -20 
6 -10 21 2 
-9 20 9 -1 
3 6 -1 -10 
-9 19 8 1 
3 6 -1 -10 
-10 18 8 2 
3 6 -1 -11 
-10 18 7 3 
3 6 0 -11 
10 -8 3 -8 
20 7 2 26 
10 -7 4 -9 
21 6 2 26 
10 -6 4 -10 
22 5 2 27 
10 -5 4 -10 
22 3 2 27 
-14 21 21 -8 
-1 4 -24 11 
-15 21 20 -8 
0 4 -24 10 
-17 22 20 -7 
0 4 -23 10 
-18 22 19 -6 
0 5 -22 9 
-3 -21 -4 5 
-3 32 -18 7 
-4 -21 -4 4 
-2 31 -18 8 
-4 -22 -4 4 
-1 31 -18 10 
-4 -22 -4 3 
0 30 -19 11 
-8 7 14 2 
5 -7 -4 0 
-9 8 14 1 
5 -7 -3 -1 
-9 8 14 1 
5 -6 -2 -2 
-10 9 14 0 
4 -5 -2 -3 
-7 24 -6 28 
3 -3 9 7 
-7 23 -6 29 
2 -3 9 6 
-7 23 -6 30 
2 -3 10 6 
-7 22 -6 30 
1 -3 10 5 
0 -2 -1 7 
10 0 6 6 
0 -2 -1 7 
9 -1 6 7 
0 -3 -1 8 
8 -2 7 7 
0 -3 -1 8 
8 -3 7 8 
24 10 -10 -9 
-1 5 36 2 
26 10 -10 -8 
-1 4 35 2 
28 9 -10 -7 
-2 4 33 2 
29 9 -9 -6 
-2 4 32 2 
-4 22 11 4 
-7 -8 -14 4 
-5 22 11 5 
-6 -7 -14 3 
-6 22 11 6 
-6 -7 -14 2 
-6 22 12 6 
-5 -7 -14 2 
-2 -6 6 -4 
6 3 31 9 
-2 -5 5 -5 
5 3 31 9 
-1 -4 5 -5 
4 4 32 8 
-1 -4 5 -5 
3 4 32 8 
-3 -20 7 11 
5 -19 -31 -2 
-4 -20 8 10 
7 -19 -31 -2 
-6 -20 9 9 
8 -19 -30 -2 
-7 -20 10 8 
9 -19 -30 -2 
1 3 16 -7 
-14 11 20 28 
1 3 16 -6 
-14 10 20 28 
2 4 15 -6 
-15 8 20 29 
2 4 14 -5 
-16 7 19 29 
-14 0 -11 -4 
17 -1 -1 -22 
-14 -1 -11 -4 
17 -1 0 -22 
-14 -1 -10 -4 
17 0 1 -22 
-14 -2 -10 -3 
16 1 2 -22 
4 13 7 -2 
11 1 19 25 
4 14 7 -2 
10 1 20 24 
4 15 7 -3 
8 1 21 23 
4 17 6 -3 
6 1 22 22 
15 -2 -13 9 
3 -18 -15 12 
15 -2 -12 9 
4 -20 -15 13 
14 -2 -11 8 
4 -21 -16 13 
14 -2 -10 8 
5 -23 -16 13 
8 1 16 -33 
-18 -3 -28 -8 
7 1 16 -32 
-17 -3 -28 -9 
6 2 16 -31 
-16 -2 -29 -9 
5 2 17 -30 
-16 -2 -29 -9 
-25 -12 -9 8 
2 -8 -1 -26 
-25 -13 -9 8 
0 -8 0 -25 
-25 -14 -9 8 
-1 -7 2 -25 
-25 -15 -10 8 
-3 -7 3 -24 
-3 -5 -22 -17 
8 37 -13 -24 
-6 -5 -21 -17 
-1 40 -9 -25 
-8 -4 -19 -17 
-11 42 -4 -26 
-11 -4 -18 -18 
-21 44 2 -26 
763 179 -12 -56 
-203 113 68 581 
765 201 10 -61 
-201 101 43 575 
764 223 33 -67 
-198 89 19 567 
761 245 58 -72 
-196 78 -3 558 
58 71 -72 -19 
110 50 29 -37 
56 71 -65 -17 
108 54 33 -39 
54 70 -58 -14 
105 58 36 -41 
52 69 -52 -12 
103 61 40 -42 
66 13 4 24 
-109 -66 -19 -27 
68 15 3 21 
-107 -63 -25 -31 
70 17 3 18 
-104 -59 -31 -35 
71 18 2 14 
-102 -56 -36 -39 
23 -2 3 34 
19 -36 -7 6 
22 -3 6 34 
20 -38 -7 6 
20 -4 9 35 
20 -40 -7 6 
19 -5 11 35 
19 -42 -7 6 
-22 24 -17 -18 
43 57 -3 -52 
-22 22 -18 -15 
42 60 -1 -51 
-21 19 -20 -12 
42 62 0 -50 
-21 17 -21 -8 
41 63 2 -48 
-16 9 -18 24 
9 26 15 24 
-15 10 -20 22 
9 25 15 24 
-13 10 -22 20 
10 24 15 25 
-12 11 -23 18 
10 22 15 25 
-54 73 11 2 
-1 3 -10 -6 
-54 73 9 3 
-2 4 -8 -8 
-55 73 8 5 
-2 6 -7 -11 
-55 73 6 7 
-3 7 -5 -13 
24 -11 -20 -4 
24 1 16 -15 
25 -11 -19 -5 
25 2 14 -16 
27 -10 -19 -7 
27 3 13 -16 
28 -10 -18 -8 
29 4 12 -17 
-35 14 20 21 
1 7 14 7 
-35 14 17 21 
1 8 15 6 
-34 14 15 21 
0 8 16 6 
-33 13 12 21 
0 8 16 6 
27 -1 27 4 
-6 -19 -17 5 
25 -1 28 3 
-6 -19 -17 5 
24 0 29 2 
-5 -19 -18 4 
22 1 31 2 
-4 -19 -18 3 
-15 4 7 -4 
24 21 1 9 
-16 4 6 -3 
23 21 2 9 
-16 5 6 -3 
23 21 3 10 
-17 5 6 -2 
22 22 5 10 
13 -6 -7 -3 
8 -17 0 1 
14 -5 -7 -5 
9 -16 -1 0 
14 -4 -8 -6 
10 -15 -2 -1 
15 -3 -8 -7 
11 -14 -2 -2 
-13 -10 12 21 
-5 -1 -5 -19 
-13 -11 11 21 
-5 -1 -5 -18 
-13 -13 10 21 
-5 -1 -5 -18 
-13 -14 9 21 
-5 0 -4 -17 
6 1 -5 16 
-11 20 17 2 
6 -1 -5 17 
-12 19 17 3 
7 -2 -5 17 
-13 19 17 4 
8 -3 -5 18 
-14 18 16 6 
19 -3 -13 7 
-13 -2 -14 1 
19 -4 -12 7 
-12 -3 -15 2 
19 -4 -10 7 
-10 -3 -16 2 
19 -5 -9 7 
-9 -4 -17 3 
0 15 22 7 
-11 13 -5 -8 
-1 15 23 8 
-11 14 -5 -8 
-2 14 23 8 
-12 14 -4 -8 
-3 13 23 9 
-12 15 -4 -8 
11 0 -3 4 
12 -8 -15 -16 
10 0 -2 4 
13 -7 -14 -16 
9 0 0 3 
13 -7 -14 -17 
8 0 1 2 
14 -6 -14 -17 
7 13 8 2 
9 -19 25 3 
8 13 7 2 
8 -19 25 2 
9 13 6 3 
7 -19 25 1 
10 13 6 3 
7 -20 25 0 
3 24 0 -2 
9 -12 -14 4 
3 24 0 -1 
9 -12 -13 3 
2 24 0 0 
9 -12 -13 2 
1 24 1 2 
9 -11 -12 1 
2 15 -13 6 
0 -30 2 14 
2 15 -14 7 
0 -30 2 13 
3 16 -14 7 
-1 -30 2 12 
3 16 -14 7 
-1 -30 2 10 
11 -6 -7 10 
0 16 -12 0 
11 -7 -6 11 
1 15 -12 2 
11 -8 -6 12 
1 13 -12 3 
10 -10 -5 13 
2 12 -13 5 
6 -7 6 -17 
9 28 25 0 
6 -6 6 -17 
9 29 26 1 
7 -6 6 -18 
8 30 26 1 
8 -6 6 -18 
7 30 26 2 
-3 -15 5 12 
-6 -9 11 3 
-3 -15 5 10 
-6 -9 11 3 
-3 -14 5 9 
-7 -9 11 3 
-3 -14 5 7 
-8 -10 11 3 
3 -9 -15 -9 
12 -16 21 -8 
4 -9 -15 -9 
11 -16 21 -8 
4 -9 -14 -8 
11 -17 21 -8 
5 -9 -14 -8 
11 -17 21 -8 
10 4 6 -21 
21 -2 13 5 
10 5 6 -21 
21 -2 13 5 
10 6 6 -20 
20 -2 14 5 
10 6 6 -20 
20 -1 14 4 
18 2 8 13 
-16 27 -16 15 
18 2 8 13 
-15 27 -17 15 
18 1 8 13 
-14 26 -18 16 
18 1 8 13 
-12 26 -19 17 
22 1 30 21 
13 13 -28 2 
20 0 31 21 
14 12 -28 3 
18 -1 32 21 
15 11 -28 4 
16 -2 33 21 
15 10 -28 5 
1 -7 0 -11 
8 -3 -19 -7 
1 -7 -1 -11 
10 -3 -20 -6 
1 -7 -2 -11 
12 -3 -20 -6 
1 -7 -3 -11 
14 -3 -21 -6 
-5 -6 31 -14 
-3 4 -4 21 
-6 -5 30 -15 
-3 4 -4 21 
-6 -4 29 -15 
-3 4 -4 20 
-6 -3 28 -15 
-2 3 -4 20 
-11 3 12 7 
1 11 4 7 
-11 3 12 7 
1 11 5 7 
-12 3 12 7 
0 12 6 8 
-12 3 11 7 
0 12 6 8 
-16 9 3 11 
16 -6 -12 11 
-17 10 3 11 
16 -7 -11 10 
-18 10 3 10 
15 -7 -10 10 
-19 10 3 10 
15 -7 -8 9 
-6 -1 -7 7 
1 -8 3 -29 
-6 -2 -8 7 
1 -8 3 -29 
-5 -3 -9 8 
2 -8 2 -28 
-5 -5 -9 8 
2 -7 2 -28 
-4 11 21 -18 
11 -33 -21 29 
-6 13 22 -18 
12 -33 -20 27 
-7 15 22 -18 
12 -34 -19 26 
-9 17 22 -18 
12 -34 -18 24 
30 -4 13 3 
-25 0 -9 -10 
30 -5 13 4 
-24 -1 -11 -9 
30 -6 13 5 
-23 -2 -13 -8 
30 -7 13 6 
-23 -3 -15 -7 
-13 6 -18 -24 
-10 -1 1 7 
-12 7 -18 -23 
-9 -1 0 7 
-11 8 -19 -23 
-8 -2 -1 7 
-10 8 -19 -22 
-7 -2 -1 6 
9 0 23 -1 
-12 -2 -1 -3 
9 0 24 -1 
-12 -2 -2 -3 
8 0 24 0 
-12 -1 -2 -3 
8 0 24 0 
-12 -2 -3 -3 
3 -4 -3 -7 
-10 -21 -4 4 
3 -4 -2 -8 
-9 -21 -5 4 
4 -3 -2 -8 
-8 -22 -6 3 
4 -2 -2 -8 
-7 -22 -6 3 
-4 7 5 -8 
-13 14 3 14 
-4 7 5 -7 
-13 13 3 15 
-3 7 4 -6 
-13 12 3 15 
-3 7 4 -5 
-13 11 2 16 
8 11 -11 1 
-3 -1 -2 -17 
9 10 -11 1 
-1 -1 -3 -17 
10 10 -11 2 
0 0 -4 -17 
10 9 -11 3 
1 0 -6 -17 
-16 -14 10 -5 
-18 -3 -17 -11 
-16 -15 9 -6 
-17 -3 -17 -11 
-16 -15 8 -6 
-16 -3 -18 -10 
-16 -15 7 -7 
-15 -3 -18 -10 
1 -21 12 -4 
-3 15 7 -9 
1 -21 12 -5 
-4 15 8 -8 
1 -22 12 -5 
-5 16 8 -7 
1 -22 12 -6 
-6 16 8 -7 
-5 6 -19 14 
-15 -5 -1 7 
-5 6 -19 13 
-15 -5 -2 7 
-4 6 -18 13 
-16 -5 -2 6 
-4 6 -18 13 
-16 -5 -2 6 
-12 -15 -24 5 
-23 8 6 -10 
-11 -16 -24 5 
-24 8 6 -9 
-10 -16 -24 5 
-24 8 5 -8 
-9 -17 -24 5 
-25 9 4 -7 
4 -3 -6 16 
13 4 -6 -8 
4 -4 -5 16 
13 4 -5 -8 
3 -5 -4 16 
13 4 -5 -8 
2 -5 -3 16 
13 4 -4 -7 
8 9 7 0 
-1 -15 -7 12 
8 9 7 0 
0 -15 -8 11 
8 10 7 0 
0 -15 -8 10 
7 11 6 -1 
1 -14 -9 9 
21 -5 -3 4 
21 2 25 -3 
22 -5 -4 4 
22 2 24 -3 
23 -6 -4 5 
22 1 23 -2 
24 -6 -4 5 
23 1 23 -2 
-1 4 18 -7 
14 11 16 12 
-1 5 17 -7 
13 11 16 11 
-1 6 16 -8 
13 11 17 11 
0 6 15 -8 
12 12 17 11 
17 7 4 7 
-2 -6 -7 10 
17 7 4 7 
-2 -6 -8 9 
16 8 5 6 
-2 -5 -8 8 
16 9 5 6 
-2 -4 -9 7 
3 0 -13 13 
-20 -4 -10 10 
4 0 -13 12 
-20 -4 -11 10 
5 0 -13 12 
-20 -4 -12 9 
5 0 -14 12 
-20 -4 -13 9 
13 7 -8 1 
-13 45 -16 6 
11 7 -7 1 
-23 47 -12 6 
8 8 -5 1 
-33 48 -8 5 
6 9 -4 1 
-43 50 -4 5 
805 177 -26 -60 
-129 6 165 604 
808 199 -2 -66 
-130 -8 142 596 
809 222 23 -71 
-131 -20 120 586 
807 246 49 -76 
-132 -32 99 574 
81 56 -45 -3 
131 70 -17 -40 
76 53 -37 4 
129 73 -12 -39 
70 49 -28 10 
127 75 -7 -38 
64 45 -19 17 
124 77 -1 -37 
73 21 1 33 
-62 -50 -20 -42 
74 21 0 30 
-61 -48 -25 -44 
75 21 0 28 
-59 -45 -29 -47 
76 21 0 26 
-57 -43 -34 -50 
4 -6 -26 19 
39 6 -12 23 
4 -7 -26 20 
40 2 -12 25 
5 -8 -25 20 
41 -2 -12 27 
5 -9 -25 21 
42 -5 -12 30 
-43 45 -22 -44 
13 11 4 -16 
-41 45 -26 -41 
13 13 4 -17 
-39 44 -29 -38 
13 14 4 -18 
-36 43 -33 -35 
13 14 5 -18 
-2 3 -7 6 
-15 15 27 25 
-1 3 -9 5 
-16 14 26 26 
1 4 -10 4 
-16 12 25 26 
3 5 -11 3 
-16 11 24 27 
-42 38 4 -21 
34 -14 -10 16 
-44 40 4 -21 
33 -13 -7 14 
-45 41 4 -20 
32 -12 -4 12 
-47 42 4 -19 
31 -11 -1 10 
-19 -16 -21 19 
19 -6 1 -10 
-18 -17 -22 19 
20 -6 1 -9 
-17 -18 -23 19 
21 -6 1 -8 
-16 -19 -24 19 
23 -6 1 -8 
-12 -6 39 12 
-17 -19 -8 -11 
-13 -7 38 12 
-18 -19 -7 -10 
-13 -8 37 13 
-18 -19 -7 -10 
-14 -9 36 13 
-18 -19 -7 -10 
5 -9 4 -12 
40 -1 -6 18 
4 -8 5 -11 
41 -2 -5 18 
3 -8 6 -11 
42 -2 -4 18 
2 -7 7 -11 
42 -3 -2 18 
-23 -2 14 -8 
-14 -7 -12 20 
-24 -1 12 -8 
-14 -8 -12 20 
-24 -1 11 -8 
-15 -8 -12 20 
-24 0 9 -8 
-15 -8 -11 20 
-15 2 -22 4 
11 -4 6 1 
-15 2 -22 5 
10 -5 7 1 
-15 2 -22 5 
10 -4 8 1 
-14 2 -22 6 
9 -4 9 1 
-4 18 -6 9 
1 10 11 37 
-4 18 -6 9 
0 9 12 37 
-4 19 -6 9 
-1 8 12 37 
-3 19 -6 10 
-2 6 13 37 
6 1 -20 -9 
-19 -3 -5 8 
7 1 -19 -9 
-19 -2 -6 8 
7 2 -19 -9 
-19 -2 -7 7 
7 2 -18 -9 
-19 -2 -7 7 
-2 -18 -10 6 
-2 12 10 11 
-2 -18 -10 6 
-3 11 10 12 
-1 -18 -10 5 
-3 10 10 13 
-1 -18 -9 5 
-4 9 10 14 
9 -6 -3 -1 
-8 5 -4 -28 
8 -7 -2 -1 
-8 6 -4 -28 
8 -8 -1 -1 
-8 7 -5 -28 
8 -9 -1 0 
-8 9 -5 -28 
-38 4 -27 6 
-33 9 -17 37 
-38 5 -28 5 
-34 8 -17 37 
-38 6 -29 4 
-35 7 -17 36 
-37 7 -29 3 
-36 6 -17 36 
-8 1 -32 -10 
-4 7 -1 4 
-8 2 -31 -10 
-3 7 -1 4 
-8 2 -30 -10 
-3 7 -1 3 
-7 3 -29 -10 
-2 8 -1 3 
6 -4 30 -7 
0 8 -26 3 
4 -3 31 -8 
0 8 -25 3 
2 -2 32 -8 
0 9 -24 2 
0 -1 33 -9 
0 9 -23 2 
-7 0 -19 -5 
-3 9 0 2 
-6 1 -20 -6 
-3 10 0 1 
-6 2 -20 -7 
-3 11 0 0 
-5 3 -20 -7 
-2 12 0 0 
18 -37 12 0 
-20 10 5 -1 
18 -36 12 -2 
-19 10 4 0 
18 -35 12 -4 
-19 10 2 1 
18 -34 13 -6 
-18 10 1 1 
10 2 8 11 
1 2 24 -6 
11 2 8 10 
1 2 24 -6 
11 2 8 10 
0 3 24 -6 
12 2 8 10 
0 4 23 -6 
-2 5 -9 15 
-12 -8 -3 6 
-1 5 -9 15 
-11 -9 -4 6 
-1 5 -9 15 
-11 -10 -4 6 
0 5 -9 14 
-10 -11 -5 6 
4 -3 7 -25 
-8 8 4 -5 
4 -3 7 -25 
-9 8 4 -5 
4 -3 7 -24 
-9 8 4 -5 
4 -3 7 -24 
-10 8 4 -4 
-1 -1 -13 -5 
4 12 4 15 
-1 0 -12 -6 
3 12 5 15 
-1 0 -12 -6 
2 12 5 15 
-1 1 -11 -6 
1 12 6 15 
16 -20 -9 4 
5 3 1 -16 
16 -20 -8 3 
5 3 1 -16 
16 -21 -7 3 
5 4 1 -15 
16 -21 -6 2 
5 4 1 -15 
4 9 -2 13 
-3 -13 12 -16 
4 8 -2 13 
-3 -12 11 -16 
5 8 -2 13 
-2 -12 11 -17 
5 7 -3 14 
-2 -11 10 -17 
-4 -8 18 -15 
-5 -7 2 1 
-4 -7 18 -16 
-5 -6 2 0 
-5 -6 18 -16 
-6 -6 3 0 
-6 -5 18 -16 
-7 -6 3 -1 
1 8 -4 7 
-16 19 -8 15 
0 8 -3 7 
-17 19 -8 15 
-1 8 -3 8 
-18 19 -8 15 
-1 8 -2 8 
-19 18 -8 15 
-3 -1 -19 -2 
2 -25 -17 0 
-3 0 -18 -2 
2 -24 -17 -2 
-4 1 -17 -3 
2 -24 -16 -3 
-5 1 -16 -4 
1 -23 -16 -4 
-20 -13 -20 3 
0 5 -7 1 
-20 -13 -20 3 
0 4 -6 2 
-20 -14 -21 3 
-1 4 -6 2 
-19 -14 -21 3 
-1 4 -5 3 
1 19 -11 -1 
6 -7 -4 12 
2 19 -11 -1 
6 -7 -4 11 
2 20 -10 -1 
7 -7 -4 11 
2 20 -10 0 
7 -7 -4 10 
1 1 -6 -3 
-20 7 12 -6 
2 1 -7 -2 
-19 7 11 -6 
3 0 -7 -2 
-19 8 9 -6 
5 0 -8 -2 
-18 8 8 -6 
9 0 19 3 
-1 -1 -10 6 
7 0 20 3 
0 -2 -10 6 
6 0 21 3 
0 -3 -10 6 
5 0 22 3 
-1 -4 -9 6 
-22 14 -20 -11 
6 31 15 5 
-21 14 -21 -11 
6 31 15 5 
-19 14 -22 -10 
5 32 16 6 
-18 14 -23 -9 
5 32 16 6 
2 17 14 24 
-14 10 -27 14 
1 17 14 24 
-13 9 -27 14 
-1 16 15 23 
-12 9 -27 15 
-2 16 15 23 
-12 8 -26 15 
-12 41 3 -1 
-9 6 9 11 
-12 41 3 0 
-10 6 10 10 
-12 41 3 1 
-12 7 10 9 
-12 41 3 2 
-13 7 11 8 
-8 19 -20 5 
2 3 -19 11 
-9 19 -20 5 
2 3 -19 10 
-9 20 -19 5 
3 3 -18 10 
-10 20 -18 5 
3 3 -18 9 
12 5 7 -2 
-15 -1 10 1 
12 6 7 -3 
-15 0 9 0 
13 6 7 -3 
-16 0 9 0 
13 7 7 -3 
-17 1 8 -1 
4 -21 -12 2 
-2 1 -21 -4 
4 -21 -11 1 
-2 1 -21 -3 
3 -20 -10 0 
-1 1 -22 -2 
3 -20 -9 -1 
0 1 -22 -2 
-21 -7 -8 8 
-13 22 23 10 
-20 -7 -9 8 
-15 21 24 11 
-19 -8 -10 8 
-16 20 24 12 
-17 -8 -12 8 
-17 19 24 14 
14 19 -6 -3 
-4 3 -5 14 
14 20 -5 -3 
-4 2 -6 14 
13 20 -3 -3 
-4 1 -6 13 
13 20 -2 -2 
-4 0 -6 13 
-1 9 -7 -16 
15 0 0 9 
0 10 -7 -16 
16 -1 0 9 
0 11 -7 -16 
16 -1 0 8 
0 11 -7 -16 
17 -1 0 8 
-3 9 11 -3 
-21 0 -17 18 
-3 10 10 -3 
-21 -1 -17 18 
-4 10 9 -3 
-20 -2 -18 18 
-4 10 9 -2 
-20 -3 -18 18 
-7 3 -9 -2 
-12 -9 5 -13 
-6 2 -8 -1 
-12 -9 5 -13 
-6 2 -8 -1 
-13 -9 5 -13 
-6 1 -8 0 
-13 -9 5 -13 
15 9 -4 -8 
-8 2 17 4 
15 9 -3 -8 
-10 2 17 4 
15 10 -2 -7 
-12 2 17 4 
16 10 -1 -7 
-13 1 17 4 
7 8 -50 -5 
-7 -2 7 8 
9 9 -49 -5 
-6 -2 6 8 
11 9 -49 -5 
-5 -3 4 7 
12 10 -49 -5 
-4 -3 2 7 
-25 -8 -3 -4 
0 18 3 12 
-24 -8 -4 -4 
0 16 3 13 
-23 -8 -5 -4 
1 14 3 15 
-22 -8 -7 -4 
1 13 3 16 
-36 4 3 -27 
-13 1 -5 1 
-36 5 2 -27 
-15 2 -4 1 
-36 6 1 -27 
-16 2 -3 0 
-36 7 -1 -26 
-17 3 -2 0 
-4 -2 -23 7 
11 10 -15 -20 
-6 -2 -21 6 
1 13 -10 -21 
-8 -2 -19 6 
-10 16 -4 -22 
-11 -2 -18 5 
-22 18 1 -23 
863 122 -39 -23 
40 -31 258 543 
868 141 -15 -28 
38 -44 237 536 
871 160 10 -33 
36 -56 217 528 
871 180 38 -38 
34 -67 198 519 
104 54 -20 15 
100 104 -10 21 
102 51 -17 22 
100 104 -8 24 
99 47 -13 30 
100 103 -6 26 
96 43 -8 37 
100 103 -4 29 
24 31 9 20 
9 -56 5 -34 
25 32 6 18 
10 -54 3 -38 
27 32 4 15 
11 -51 2 -41 
28 33 2 13 
12 -49 0 -44 
-3 -28 -12 14 
24 15 -23 7 
-2 -29 -14 14 
27 12 -24 9 
0 -31 -16 15 
30 10 -26 12 
1 -32 -17 15 
34 7 -27 15 
-75 8 18 -15 
-6 53 -2 -14 
-75 6 14 -13 
-8 53 -1 -12 
-74 5 10 -11 
-10 54 1 -10 
-73 3 5 -10 
-12 54 3 -8 
8 -9 -43 9 
-37 17 -14 25 
9 -7 -42 7 
-36 17 -17 26 
10 -6 -42 5 
-34 17 -19 26 
11 -5 -41 3 
-32 16 -21 26 
-27 27 24 5 
11 -22 -11 7 
-28 28 24 5 
11 -20 -10 4 
-29 29 24 5 
11 -18 -8 2 
-30 30 24 5 
10 -16 -7 0 
-13 -10 -3 41 
25 -10 10 -40 
-13 -12 -4 41 
25 -8 11 -40 
-12 -13 -5 41 
25 -7 11 -40 
-12 -15 -5 41 
25 -5 12 -40 
-3 -7 23 18 
-11 -16 2 4 
-4 -7 23 17 
-12 -17 2 3 
-5 -7 22 17 
-13 -17 3 3 
-5 -7 21 16 
-14 -17 3 3 
13 -1 -10 -12 
-5 16 -15 -5 
13 -1 -9 -11 
-4 17 -16 -5 
12 -1 -8 -11 
-3 18 -17 -4 
12 -1 -7 -10 
-1 19 -17 -4 
-26 13 11 23 
-8 9 -5 21 
-26 13 10 22 
-8 9 -5 21 
-27 14 9 21 
-8 9 -4 20 
-27 14 8 21 
-8 9 -4 20 
26 -20 15 19 
41 9 23 -26 
26 -22 16 18 
41 9 24 -25 
25 -23 17 18 
41 10 24 -24 
25 -24 18 17 
41 10 25 -23 
2 -18 10 0 
-7 7 11 -1 
3 -18 8 -1 
-8 7 10 0 
4 -18 7 -1 
-8 7 10 0 
4 -18 6 -2 
-8 7 9 1 
-1 8 -11 12 
-24 -8 -8 -19 
0 7 -11 12 
-23 -7 -9 -20 
0 7 -11 13 
-22 -7 -10 -20 
0 6 -11 13 
-21 -6 -11 -20 
7 -25 10 3 
-2 8 -4 -19 
7 -25 11 2 
-2 9 -5 -18 
6 -26 11 2 
-2 10 -5 -17 
6 -26 12 1 
-1 10 -5 -17 
-14 -20 0 9 
9 9 26 5 
-13 -20 -1 8 
8 9 27 5 
-13 -20 -1 7 
6 8 28 6 
-12 -20 -2 6 
5 8 29 7 
29 -17 -1 -15 
0 -25 4 9 
29 -16 0 -16 
-1 -25 4 8 
28 -15 2 -17 
-1 -25 3 8 
27 -13 3 -18 
-2 -25 3 7 
-19 12 -22 -11 
-24 -19 8 17 
-18 13 -22 -10 
-25 -19 8 16 
-17 14 -23 -10 
-26 -19 8 15 
-16 15 -23 -9 
-27 -18 8 14 
-2 4 -17 15 
-7 -1 -26 6 
-2 3 -16 16 
-6 -2 -26 6 
-3 2 -15 17 
-6 -2 -26 6 
-4 2 -14 17 
-6 -3 -26 7 
-5 6 -24 2 
-9 17 26 10 
-3 6 -24 3 
-9 17 25 10 
-1 6 -25 3 
-10 17 25 11 
0 5 -26 4 
-11 16 24 11 
0 7 -6 9 
19 -5 9 14 
0 7 -5 8 
19 -5 10 13 
1 8 -5 8 
19 -5 10 13 
1 8 -4 8 
18 -5 11 12 
2 16 3 2 
-15 11 -6 9 
2 16 3 3 
-15 12 -7 8 
2 17 2 3 
-14 12 -8 7 
2 17 2 3 
-13 13 -9 7 
19 1 24 17 
-3 -22 -22 12 
17 2 25 16 
-2 -22 -23 11 
16 2 26 15 
-2 -22 -23 11 
14 3 27 14 
-1 -22 -23 10 
-5 -14 4 2 
-1 16 21 -8 
-5 -15 4 3 
-2 15 21 -7 
-4 -17 4 4 
-3 14 22 -5 
-4 -18 3 5 
-4 13 22 -3 
16 8 -3 -8 
11 4 7 17 
16 9 -2 -8 
12 3 7 17 
16 9 0 -7 
12 3 7 17 
16 9 1 -7 
12 2 7 17 
10 -18 23 4 
1 16 -14 3 
9 -19 23 4 
1 16 -13 4 
7 -19 24 4 
1 15 -13 6 
6 -20 24 4 
1 15 -13 7 
20 10 4 8 
12 -28 -13 2 
19 10 4 8 
13 -29 -13 2 
19 10 5 8 
13 -30 -13 1 
18 10 6 8 
14 -30 -13 0 
29 5 12 -18 
7 -3 12 22 
29 5 12 -17 
8 -5 11 22 
30 5 12 -16 
8 -6 10 23 
30 6 12 -15 
9 -8 9 23 
-13 -11 10 -24 
-25 -1 -38 -24 
-14 -12 9 -24 
-24 -1 -39 -24 
-14 -12 9 -23 
-22 0 -40 -24 
-15 -13 8 -23 
-21 1 -40 -24 
-15 -3 9 12 
-4 -9 -11 -2 
-15 -4 9 12 
-4 -9 -10 -2 
-16 -4 9 12 
-4 -9 -9 -2 
-17 -4 9 11 
-5 -9 -9 -2 
18 -24 -5 -16 
-21 14 -2 17 
19 -24 -4 -17 
-20 13 -4 18 
19 -23 -3 -17 
-20 12 -5 19 
19 -22 -3 -18 
-19 11 -6 21 
22 -13 14 -14 
2 0 -24 -1 
21 -13 15 -14 
4 0 -24 -1 
20 -13 17 -14 
5 -1 -25 0 
18 -13 18 -14 
6 -1 -25 0 
-10 -5 6 -3 
-4 -1 1 -16 
-9 -6 5 -3 
-4 -1 1 -15 
-9 -6 4 -3 
-4 0 1 -15 
-9 -7 3 -3 
-4 0 1 -15 
-1 -15 5 -10 
-10 3 -12 6 
-2 -14 6 -11 
-9 3 -13 6 
-3 -14 6 -12 
-9 3 -13 6 
-3 -13 6 -13 
-8 3 -13 6 
3 2 10 5 
13 -10 -9 -14 
2 2 11 5 
14 -9 -9 -15 
1 2 11 5 
15 -8 -8 -15 
1 2 11 5 
16 -7 -8 -16 
-2 -18 20 1 
-3 -7 4 -2 
-2 -18 19 1 
-3 -8 4 -1 
-2 -18 18 0 
-2 -8 4 -1 
-2 -18 17 -1 
-2 -9 3 0 
12 14 17 6 
4 27 -6 7 
11 13 18 7 
3 27 -6 8 
10 12 18 8 
3 27 -6 8 
9 12 18 9 
3 27 -5 9 
-4 -25 -23 2 
9 16 14 13 
-2 -24 -24 0 
9 16 14 14 
-1 -24 -24 -1 
9 15 14 15 
0 -23 -25 -2 
8 14 14 16 
-5 -2 2 3 
-12 3 -3 -12 
-5 -2 1 3 
-13 3 -3 -12 
-5 -3 1 3 
-13 3 -3 -11 
-5 -3 0 3 
-13 4 -4 -11 
4 -11 -17 0 
-2 -2 8 -3 
5 -11 -17 -1 
-2 -2 7 -2 
6 -11 -17 -1 
-2 -2 7 -2 
6 -11 -17 -2 
-2 -2 6 -2 
2 21 5 10 
-8 -3 -10 16 
2 21 5 11 
-8 -3 -10 15 
2 21 5 11 
-8 -4 -10 15 
1 21 5 12 
-7 -4 -11 15 
-3 3 -5 -2 
14 -16 -1 -20 
-3 3 -5 -1 
14 -15 -1 -20 
-3 2 -5 -1 
14 -15 -1 -20 
-3 1 -5 0 
14 -14 0 -21 
-1 7 -5 2 
-6 -12 12 8 
-1 7 -5 2 
-7 -13 12 8 
0 8 -6 2 
-7 -14 11 8 
1 8 -7 3 
-8 -15 11 8 
1 3 -6 -25 
2 -11 4 -4 
1 3 -6 -24 
1 -11 4 -4 
1 4 -6 -24 
1 -11 4 -5 
2 5 -5 -23 
0 -10 4 -6 
0 3 -9 -2 
11 2 -17 3 
0 3 -9 -2 
11 2 -17 3 
-1 3 -9 -2 
12 2 -16 3 
-1 3 -8 -2 
12 2 -16 2 
7 -8 8 -3 
29 -9 -10 3 
6 -7 8 -4 
29 -9 -9 2 
6 -7 8 -4 
29 -10 -9 2 
5 -6 8 -5 
30 -10 -8 2 
-12 9 3 -7 
-11 -30 5 -1 
-11 10 2 -6 
-12 -31 5 -2 
-11 10 0 -6 
-13 -31 5 -3 
-11 10 -1 -6 
-14 -31 5 -4 
2 18 -12 -22 
-6 0 -3 -13 
1 19 -11 -21 
-7 1 -3 -14 
1 19 -10 -19 
-7 2 -3 -15 
1 19 -10 -18 
-8 3 -3 -16 
1 -5 -10 9 
-20 -8 -5 -1 
2 -5 -10 8 
-20 -7 -5 -1 
2 -5 -10 8 
-20 -7 -6 -1 
2 -5 -9 7 
-20 -7 -6 -1 
34 1 14 2 
18 21 -9 -21 
30 1 16 2 
8 25 -5 -22 
27 1 19 2 
-3 29 0 -23 
24 1 21 3 
-14 33 5 -24 
839 57 -62 5 
202 -83 284 490 
846 74 -40 -1 
203 -95 265 485 
851 92 -17 -8 
204 -106 247 477 
853 110 9 -15 
204 -115 231 468 
117 24 15 28 
9 83 -11 32 
119 20 11 36 
12 82 -15 35 
121 16 8 44 
16 80 -19 39 
122 12 6 52 
19 78 -23 42 
15 24 26 4 
1 -56 23 -37 
16 25 24 3 
1 -53 21 -41 
18 25 23 1 
1 -51 20 -44 
19 26 21 0 
1 -48 19 -47 
8 -46 -10 -3 
21 9 -10 -4 
9 -47 -10 -3 
23 7 -11 -2 
10 -47 -11 -4 
26 6 -12 1 
11 -48 -11 -5 
28 4 -13 3 
-42 17 15 -13 
-33 33 -36 -18 
-42 17 12 -12 
-32 35 -36 -18 
-42 16 9 -11 
-32 37 -37 -18 
-42 15 7 -9 
-32 38 -37 -18 
-15 0 -29 20 
-4 6 -26 53 
-15 2 -29 18 
-2 4 -27 53 
-14 4 -29 15 
0 2 -27 53 
-14 6 -29 13 
2 0 -28 53 
-22 35 20 -34 
14 3 -25 4 
-23 36 19 -33 
16 5 -25 2 
-23 38 18 -32 
18 7 -25 0 
-23 39 17 -31 
20 8 -24 -2 
-13 -25 29 8 
-13 -13 6 -22 
-13 -24 27 7 
-12 -12 5 -23 
-12 -24 25 5 
-12 -12 5 -23 
-11 -24 23 3 
-11 -11 4 -23 
-1 -22 21 -21 
30 -10 -6 0 
-2 -21 21 -22 
30 -11 -5 0 
-3 -20 21 -23 
31 -11 -4 0 
-4 -19 22 -23 
31 -12 -2 0 
-11 -5 12 -38 
8 -1 -16 15 
-11 -3 11 -39 
8 0 -16 14 
-12 -1 10 -39 
8 0 -15 13 
-12 1 9 -40 
8 0 -14 12 
-16 -4 -32 -8 
-26 -6 -3 -8 
-14 -3 -34 -9 
-26 -5 -5 -9 
-12 -2 -35 -10 
-25 -3 -6 -10 
-11 -1 -36 -11 
-25 -1 -7 -11 
-2 -26 -12 9 
-8 -17 17 -27 
-1 -26 -12 8 
-8 -16 16 -28 
0 -25 -12 6 
-9 -14 16 -28 
1 -25 -12 5 
-9 -13 15 -29 
11 5 -11 11 
4 -8 -6 13 
11 6 -11 11 
4 -8 -7 12 
12 7 -10 11 
5 -8 -7 11 
12 7 -10 10 
5 -7 -8 11 
-12 14 -12 17 
-23 36 -1 20 
-11 13 -13 18 
-24 35 -2 20 
-10 13 -14 19 
-24 35 -2 21 
-9 12 -15 19 
-24 35 -3 22 
8 4 -18 21 
-8 -25 -4 -4 
8 3 -17 20 
-8 -25 -4 -4 
9 3 -16 20 
-8 -25 -5 -5 
9 3 -15 19 
-7 -25 -6 -5 
10 10 1 -1 
1 2 4 -5 
10 10 1 0 
1 3 3 -5 
10 9 1 1 
1 3 3 -6 
10 9 2 2 
1 3 3 -6 
-1 34 -2 15 
26 -24 13 3 
-1 34 -2 16 
25 -23 14 1 
-1 34 -2 16 
25 -23 14 -1 
-1 34 -2 17 
25 -23 15 -2 
1 23 12 4 
0 -3 5 -15 
1 22 11 5 
-1 -2 5 -16 
0 21 11 6 
-1 0 6 -17 
0 21 11 8 
-2 1 6 -18 
-4 -5 0 20 
2 2 4 -8 
-4 -6 1 19 
1 2 5 -7 
-5 -7 1 19 
0 2 5 -7 
-5 -7 2 18 
-1 2 6 -6 
-2 1 -12 -5 
19 -8 1 -15 
-3 1 -11 -5 
19 -7 2 -15 
-3 1 -11 -5 
18 -7 3 -15 
-3 1 -10 -5 
17 -6 4 -16 
11 -6 -16 4 
-1 25 21 -23 
12 -7 -16 5 
-2 26 20 -22 
14 -8 -16 5 
-2 27 20 -21 
15 -9 -17 5 
-2 27 19 -20 
0 17 -1 15 
-5 12 18 20 
0 17 -1 14 
-6 12 18 20 
1 18 -1 13 
-6 11 18 20 
1 18 -1 13 
-7 11 18 20 
-10 -10 -14 -1 
-5 -2 -1 -3 
-10 -11 -14 -2 
-5 -3 -1 -2 
-10 -11 -14 -2 
-5 -4 -1 -1 
-9 -11 -13 -2 
-5 -5 -1 0 
10 3 13 -36 
4 -2 -14 7 
9 5 14 -36 
5 -2 -14 6 
8 6 14 -36 
5 -2 -14 6 
7 7 15 -35 
6 -2 -13 5 
8 -3 16 -10 
18 -12 0 5 
7 -2 16 -11 
18 -12 1 5 
6 -2 16 -11 
18 -13 2 4 
5 -1 16 -11 
18 -13 2 4 
2 11 10 -18 
11 -27 -16 0 
1 12 10 -18 
11 -28 -15 -1 
0 12 10 -17 
11 -28 -15 -2 
-1 13 10 -16 
12 -28 -14 -3 
-2 45 0 0 
-25 -2 3 10 
-2 45 -1 2 
-25 -1 2 8 
-2 45 -1 4 
-25 0 2 7 
-1 45 -2 6 
-25 1 1 6 
15 -24 12 17 
18 -1 2 -1 
14 -25 14 16 
18 -2 3 0 
13 -25 15 16 
18 -2 3 2 
11 -26 17 15 
18 -3 4 3 
16 -12 11 -7 
0 12 -8 8 
15 -13 12 -7 
0 11 -8 9 
15 -13 12 -7 
0 11 -8 10 
14 -13 12 -7 
1 10 -9 11 
-2 8 -9 18 
-17 -21 10 -22 
-1 7 -10 19 
-18 -21 9 -22 
0 5 -10 20 
-18 -21 9 -22 
1 4 -11 21 
-19 -21 8 -22 
-9 -11 -28 -11 
1 23 8 16 
-8 -11 -28 -11 
1 22 8 18 
-7 -11 -28 -10 
1 20 7 19 
-6 -11 -28 -10 
2 19 7 21 
5 0 13 -5 
-5 -1 -6 0 
5 0 13 -5 
-5 -1 -7 0 
4 0 13 -5 
-4 -2 -7 1 
4 0 13 -5 
-4 -2 -7 1 
6 -12 15 -17 
-6 -1 -16 -5 
5 -11 15 -17 
-6 0 -17 -5 
4 -11 15 -17 
-5 0 -17 -5 
3 -10 16 -17 
-4 1 -17 -5 
24 -17 21 3 
7 -26 -2 -5 
23 -17 22 2 
8 -26 -2 -5 
23 -16 23 1 
8 -27 -2 -5 
22 -16 23 0 
9 -27 -3 -6 
-17 8 5 -7 
-4 7 7 7 
-17 8 4 -7 
-4 7 8 8 
-17 8 3 -6 
-5 6 8 8 
-16 8 2 -5 
-5 6 8 8 
8 -34 5 -15 
2 -4 -3 -21 
7 -34 5 -16 
2 -4 -2 -20 
7 -34 6 -17 
2 -4 -2 -19 
6 -34 6 -17 
2 -4 -2 -18 
-14 21 16 12 
23 6 -15 9 
-16 21 16 13 
22 6 -13 9 
-17 21 16 13 
22 6 -11 8 
-19 21 16 14 
21 6 -9 8 
8 -10 -13 0 
-2 -9 -9 -5 
8 -9 -13 0 
-1 -9 -10 -5 
8 -9 -13 -1 
-1 -9 -10 -5 
8 -9 -13 -1 
0 -9 -11 -5 
22 -6 3 -9 
17 -8 -1 -12 
22 -6 3 -9 
18 -7 -1 -13 
22 -5 3 -9 
18 -7 -2 -13 
22 -5 4 -9 
19 -6 -2 -13 
2 -19 7 15 
-3 7 -7 -7 
3 -20 6 14 
-2 7 -7 -5 
3 -21 5 14 
-1 7 -8 -4 
3 -22 5 14 
-1 6 -8 -3 
-7 21 6 11 
3 -13 17 -13 
-7 21 6 12 
2 -12 18 -14 
-7 20 6 13 
1 -12 18 -14 
-7 19 5 14 
0 -11 19 -15 
5 24 -10 8 
-6 -11 2 8 
5 24 -10 8 
-7 -11 2 7 
5 25 -9 9 
-7 -11 2 5 
5 25 -9 9 
-8 -11 1 4 
-25 -15 -27 -9 
6 5 -9 -17 
-25 -15 -27 -10 
6 6 -8 -17 
-25 -15 -27 -10 
5 7 -8 -17 
-24 -15 -28 -11 
5 8 -7 -17 
-14 -7 -12 19 
16 11 8 -32 
-13 -8 -13 19 
15 11 8 -32 
-13 -10 -13 18 
15 12 9 -31 
-12 -11 -14 18 
15 13 10 -30 
-5 22 -2 -3 
-16 -18 4 22 
-4 23 -3 -4 
-16 -19 3 21 
-4 24 -3 -4 
-16 -20 3 20 
-3 25 -4 -5 
-16 -21 2 18 
-1 16 1 -22 
-13 -8 -3 -6 
-1 17 2 -21 
-14 -7 -3 -7 
-2 17 2 -20 
-15 -7 -3 -8 
-2 17 3 -19 
-15 -6 -3 -8 
-22 4 -24 10 
17 7 -18 -12 
-23 3 -24 10 
18 8 -17 -12 
-23 3 -24 10 
19 8 -16 -12 
-23 2 -24 11 
19 9 -15 -12 
23 3 14 14 
7 -3 15 13 
23 3 14 14 
8 -3 14 13 
24 3 14 13 
8 -4 13 13 
24 3 14 13 
9 -4 12 13 
5 13 13 1 
4 -8 -15 10 
5 13 13 1 
5 -9 -16 10 
5 13 13 2 
6 -10 -16 10 
4 13 13 2 
6 -10 -16 9 
14 21 11 -16 
54 -6 1 11 
12 22 12 -16 
45 -3 5 9 
11 24 12 -15 
35 0 10 7 
9 25 12 -15 
25 3 15 4 
833 -28 -73 3 
194 -70 247 370 
843 -15 -55 -3 
200 -80 225 368 
850 -3 -34 -9 
205 -90 203 364 
855 11 -11 -15 
209 -98 184 359 
115 -19 9 -15 
-41 44 4 55 
122 -20 0 -9 
-35 42 -6 57 
129 -21 -7 -4 
-28 40 -15 59 
135 -21 -14 0 
-21 38 -24 62 
33 0 78 -15 
24 -53 19 -35 
33 1 77 -16 
25 -51 18 -38 
32 2 75 -17 
25 -49 18 -40 
32 3 74 -18 
26 -47 17 -43 
-12 -77 1 -38 
44 22 6 35 
-11 -76 -1 -39 
45 19 6 38 
-10 -74 -3 -41 
46 16 6 41 
-9 -72 -4 -44 
47 13 7 44 
-40 -11 17 -23 
-11 27 -27 -12 
-40 -11 14 -22 
-11 27 -27 -10 
-40 -12 11 -22 
-10 26 -26 -9 
-40 -13 8 -21 
-10 26 -26 -7 
-13 -2 -21 -25 
16 -14 -10 27 
-12 0 -22 -27 
17 -15 -10 25 
-12 3 -22 -28 
19 -15 -10 24 
-11 5 -23 -29 
20 -15 -10 23 
-38 0 21 -20 
9 -16 -9 5 
-38 1 19 -21 
8 -16 -7 4 
-39 3 18 -21 
8 -16 -5 3 
-40 4 16 -21 
7 -15 -4 2 
6 -12 -5 -8 
-1 -7 -5 -29 
6 -13 -5 -8 
-1 -6 -5 -30 
5 -13 -4 -8 
-1 -4 -5 -30 
5 -14 -4 -8 
-2 -3 -5 -30 
10 3 -2 27 
-6 -23 -16 -13 
10 2 -1 28 
-6 -23 -16 -13 
9 1 0 28 
-5 -23 -16 -14 
8 0 0 28 
-5 -23 -16 -14 
1 32 -4 -4 
-3 23 -5 44 
1 33 -4 -3 
-3 22 -5 44 
1 33 -4 -2 
-3 21 -6 43 
2 34 -4 0 
-2 21 -6 43 
-16 8 -5 26 
-3 3 5 -16 
-16 6 -5 27 
-4 3 5 -16 
-15 5 -6 27 
-4 3 6 -15 
-15 3 -7 27 
-4 2 6 -14 
-22 4 3 -7 
18 11 -17 11 
-23 5 3 -6 
19 10 -16 12 
-23 5 2 -6 
19 9 -15 12 
-24 5 2 -6 
19 9 -14 12 
26 -4 6 -15 
2 19 18 11 
27 -3 5 -15 
2 19 17 12 
28 -3 5 -16 
2 20 16 12 
29 -2 5 -16 
3 20 14 12 
14 17 10 24 
4 7 -14 6 
14 17 10 24 
5 7 -15 6 
13 16 11 24 
7 7 -15 6 
13 16 11 24 
8 6 -16 6 
-10 -4 18 9 
18 -2 11 -19 
-10 -5 17 9 
18 -2 12 -19 
-11 -6 16 10 
17 -2 12 -18 
-11 -7 15 10 
16 -2 13 -18 
16 10 1 13 
2 -4 1 -17 
16 9 1 14 
3 -3 0 -18 
16 8 1 14 
3 -2 0 -18 
16 7 1 15 
3 -1 -1 -18 
10 -8 11 4 
9 -6 -13 -11 
10 -8 11 4 
10 -6 -13 -11 
9 -8 11 4 
10 -6 -13 -11 
8 -8 12 3 
10 -5 -13 -11 
11 7 -8 5 
2 -14 2 2 
11 7 -8 5 
3 -14 1 2 
12 7 -9 6 
5 -14 0 1 
13 7 -9 6 
6 -14 -1 1 
-16 -8 29 -9 
-34 -11 -13 4 
-17 -8 28 -8 
-35 -11 -13 4 
-17 -7 27 -8 
-35 -12 -12 4 
-18 -7 26 -8 
-36 -12 -12 4 
10 -18 -21 1 
-11 -3 2 -21 
10 -19 -20 1 
-11 -3 1 -21 
10 -20 -18 1 
-11 -3 1 -20 
11 -21 -17 1 
-11 -3 0 -19 
27 0 4 -9 
13 14 2 -4 
26 0 5 -9 
14 15 1 -4 
26 1 6 -9 
14 16 0 -5 
26 1 7 -9 
15 17 0 -5 
12 -7 11 5 
18 1 20 16 
13 -6 10 4 
18 1 20 16 
14 -5 10 3 
17 1 20 16 
14 -4 9 1 
16 1 20 15 
1 -13 -24 4 
2 7 15 15 
2 -13 -25 4 
3 6 14 16 
4 -12 -26 3 
4 6 13 17 
6 -12 -27 3 
5 5 12 17 
-25 -6 13 12 
-17 11 -26 -3 
-26 -6 12 12 
-17 11 -26 -2 
-26 -7 11 12 
-17 11 -25 -1 
-27 -8 10 12 
-16 11 -25 -1 
-9 7 -12 5 
-14 -2 14 26 
-8 8 -12 4 
-16 -3 14 26 
-8 8 -12 4 
-17 -4 14 26 
-7 9 -12 4 
-18 -5 14 26 
-8 14 -22 4 
-13 19 5 4 
-8 14 -21 5 
-15 19 5 4 
-8 13 -20 6 
-17 19 6 4 
-8 13 -19 7 
-18 20 7 5 
10 -8 -33 8 
18 11 7 5 
10 -8 -32 8 
18 10 7 5 
11 -8 -31 7 
18 10 7 6 
11 -7 -29 6 
18 10 7 6 
-9 12 -12 9 
13 20 -2 11 
-8 11 -13 10 
14 20 -3 11 
-7 11 -14 10 
15 20 -3 11 
-6 11 -15 10 
16 19 -3 12 
-35 20 10 8 
5 3 -10 -5 
-36 20 9 8 
4 3 -9 -5 
-36 19 7 8 
3 4 -8 -6 
-36 19 6 8 
2 4 -6 -6 
1 -17 -29 -12 
-14 -7 -16 -1 
2 -16 -29 -13 
-13 -7 -17 -2 
3 -15 -29 -14 
-12 -7 -18 -2 
3 -14 -29 -14 
-11 -6 -19 -2 
-7 5 -2 -2 
12 -12 7 26 
-6 6 -3 -3 
13 -12 7 25 
-6 8 -3 -3 
13 -12 7 24 
-6 9 -3 -3 
13 -12 8 23 
-4 -1 15 4 
2 7 4 -19 
-4 -2 15 4 
1 9 4 -19 
-5 -2 14 4 
1 10 5 -19 
-5 -3 14 5 
1 11 5 -19 
22 11 13 10 
8 7 -3 14 
21 12 14 9 
9 8 -4 13 
20 13 15 8 
10 9 -4 12 
20 14 16 7 
11 11 -4 11 
20 7 36 27 
-22 -4 -4 14 
19 7 36 27 
-23 -4 -4 13 
17 7 36 26 
-24 -4 -4 13 
16 7 37 25 
-25 -5 -4 12 
13 3 -18 -2 
0 -10 23 2 
14 4 -17 -2 
0 -9 23 1 
15 4 -16 -2 
-1 -9 23 1 
15 4 -15 -2 
-1 -9 22 0 
-6 2 8 4 
-2 -5 3 -2 
-7 1 9 5 
-3 -6 4 -2 
-7 1 9 5 
-4 -7 5 -2 
-8 0 9 6 
-5 -8 6 -1 
7 -13 -13 -23 
0 11 7 -6 
7 -13 -12 -23 
0 11 7 -6 
7 -13 -12 -23 
0 10 7 -5 
8 -13 -11 -22 
0 10 7 -4 
12 -4 22 6 
-7 4 -6 -10 
11 -5 22 7 
-7 4 -6 -9 
10 -6 23 7 
-7 4 -6 -8 
9 -6 23 7 
-7 4 -6 -8 
0 5 0 11 
3 -9 -2 -1 
0 5 1 11 
4 -10 -2 -1 
0 4 1 11 
4 -11 -2 -1 
-1 3 1 12 
5 -12 -2 0 
-18 8 11 -22 
-5 4 0 6 
-18 9 10 -21 
-5 3 0 6 
-18 9 10 -20 
-5 3 1 6 
-19 9 9 -19 
-5 3 1 6 
-6 -10 5 -2 
-13 29 10 3 
-6 -10 6 -2 
-14 30 11 4 
-6 -10 6 -2 
-15 30 11 5 
-7 -10 6 -2 
-17 30 12 6 
18 13 -10 21 
21 7 21 6 
18 13 -9 21 
21 7 21 7 
18 12 -8 21 
21 6 21 7 
18 12 -6 20 
21 6 21 7 
-22 4 13 -19 
-2 -1 -11 24 
-23 5 12 -20 
-2 -1 -11 23 
-23 7 11 -20 
-2 -1 -10 22 
-24 8 10 -20 
-2 -1 -9 21 
-9 -14 0 7 
7 4 -11 -4 
-9 -15 0 7 
7 4 -10 -3 
-10 -15 0 6 
7 4 -10 -3 
-10 -15 0 6 
7 4 -9 -2 
1 15 -1 9 
-8 17 -1 4 
1 15 -1 9 
-9 18 -1 4 
1 15 -1 9 
-10 18 -1 4 
1 14 -2 10 
-10 19 -1 4 
0 -22 -22 9 
-5 -6 7 -5 
1 -22 -22 8 
-5 -6 7 -4 
1 -22 -22 7 
-5 -6 6 -4 
2 -22 -22 5 
-5 -6 6 -4 
11 5 -10 9 
7 6 -8 15 
11 5 -9 9 
9 5 -9 15 
11 4 -9 9 
10 5 -9 16 
12 4 -9 10 
11 4 -10 16 
-5 2 6 7 
2 11 -2 -5 
-4 2 5 8 
2 11 -2 -5 
-4 1 4 8 
3 12 -3 -4 
-3 0 3 9 
4 12 -3 -4 
10 -17 15 1 
10 17 -9 5 
10 -17 15 0 
10 17 -9 5 
9 -16 15 -1 
11 17 -9 6 
9 -16 15 -1 
12 18 -10 7 
9 1 11 23 
41 13 -9 11 
7 1 11 22 
33 16 -5 10 
5 1 11 22 
24 20 -1 9 
3 2 11 21 
15 23 4 8 
744 -102 -86 17 
42 -84 134 323 
753 -92 -70 10 
49 -95 110 323 
759 -81 -51 2 
55 -105 87 323 
763 -69 -31 -6 
61 -115 65 320 
132 -60 -59 -62 
-33 -12 -14 31 
140 -60 -64 -57 
-25 -14 -25 32 
148 -59 -68 -53 
-16 -16 -36 34 
154 -59 -72 -49 
-8 -18 -47 35 
9 -30 82 -32 
16 -53 -1 -34 
9 -29 79 -32 
18 -52 -2 -35 
10 -29 76 -32 
20 -52 -3 -36 
10 -28 72 -33 
21 -51 -4 -37 
-40 -85 -16 -55 
25 -16 50 25 
-37 -83 -19 -57 
24 -19 50 28 
-34 -81 -23 -59 
23 -22 51 30 
-31 -79 -26 -61 
22 -25 51 31 
-33 4 1 -26 
2 24 -20 -46 
-34 2 1 -24 
0 25 -18 -45 
-35 0 0 -21 
-2 27 -16 -44 
-36 -2 -1 -19 
-4 28 -14 -43 
-29 -24 -50 -1 
46 6 -23 -15 
-29 -24 -50 -3 
48 6 -22 -15 
-29 -24 -50 -4 
50 7 -20 -15 
-29 -23 -50 -6 
51 7 -18 -14 
-29 8 40 -3 
-20 9 -42 -4 
-30 9 38 -4 
-20 10 -41 -5 
-32 9 36 -4 
-20 11 -41 -5 
-33 10 34 -5 
-19 11 -40 -6 
17 1 -7 1 
16 -12 2 -17 
17 2 -6 1 
16 -10 2 -18 
16 2 -5 0 
16 -8 2 -19 
16 2 -4 -1 
16 -7 2 -20 
5 -5 -12 19 
7 0 7 -5 
6 -6 -13 18 
8 0 6 -5 
7 -6 -14 18 
8 1 6 -5 
8 -6 -14 17 
9 2 5 -6 
-16 1 -5 9 
20 -7 12 6 
-15 1 -6 8 
21 -6 12 5 
-14 1 -8 8 
21 -6 12 5 
-13 1 -9 7 
22 -6 12 4 
-24 -8 19 10 
11 31 22 12 
-24 -9 17 10 
10 30 23 14 
-24 -10 15 10 
9 28 24 15 
-23 -10 13 10 
8 27 25 17 
-1 24 -9 -2 
-1 21 -17 13 
-1 24 -9 -2 
0 22 -17 13 
-1 25 -8 -1 
2 22 -18 13 
-1 25 -8 -1 
3 22 -18 12 
-5 0 17 16 
-31 2 7 4 
-4 0 16 15 
-33 1 7 5 
-4 0 15 15 
-34 1 6 5 
-4 -1 14 14 
-35 0 6 5 
1 -2 -44 -5 
17 -15 3 -1 
2 -2 -43 -5 
17 -16 3 -1 
3 -2 -41 -5 
16 -16 4 -1 
3 -2 -40 -5 
16 -17 4 -1 
-2 -3 -8 -19 
18 -7 10 9 
-2 -2 -8 -19 
18 -8 10 8 
-2 -2 -9 -18 
17 -8 11 8 
-1 -1 -9 -18 
17 -8 11 8 
15 5 -1 3 
-14 7 3 -16 
15 5 -1 4 
-14 9 2 -17 
15 4 -1 4 
-14 10 1 -17 
16 4 -1 4 
-14 12 0 -17 
-2 15 5 20 
3 -9 -13 5 
-3 16 6 19 
3 -7 -13 4 
-4 16 6 18 
2 -6 -12 2 
-5 17 7 17 
2 -4 -11 0 
8 19 -23 32 
-3 0 21 0 
10 19 -23 32 
-3 1 20 0 
12 19 -23 32 
-2 1 19 -1 
14 18 -24 31 
-1 2 17 -2 
-21 -18 10 0 
12 -32 -11 -25 
-22 -18 9 -1 
13 -31 -11 -25 
-22 -18 8 -2 
14 -31 -10 -26 
-22 -18 7 -3 
15 -30 -10 -27 
10 -16 17 -20 
2 7 -4 3 
10 -15 17 -20 
2 8 -5 3 
10 -14 16 -20 
3 8 -5 4 
10 -14 16 -21 
3 9 -6 4 
11 10 -3 24 
-5 -1 11 0 
12 9 -4 24 
-5 -2 10 1 
13 8 -4 25 
-5 -3 9 1 
14 7 -4 25 
-4 -4 8 1 
-3 7 -3 -22 
-2 13 6 -9 
-2 7 -3 -22 
-2 14 5 -9 
-2 7 -4 -21 
-2 14 5 -9 
-1 7 -4 -20 
-1 15 4 -9 
20 5 17 -4 
12 -7 -5 18 
20 6 18 -5 
12 -7 -5 17 
19 7 19 -5 
12 -7 -5 16 
18 9 19 -6 
12 -7 -4 15 
1 5 -14 11 
0 27 20 -4 
3 5 -14 11 
0 28 19 -4 
4 4 -15 12 
-1 28 19 -3 
5 4 -16 12 
-1 29 18 -2 
-17 8 -9 6 
1 -13 25 -8 
-17 9 -9 5 
-1 -12 26 -9 
-16 10 -10 4 
-3 -12 27 -10 
-15 10 -10 3 
-4 -11 28 -11 
9 7 -3 -4 
12 -32 -24 -9 
8 7 -1 -4 
12 -31 -23 -10 
6 8 0 -4 
11 -30 -21 -12 
4 8 2 -5 
11 -29 -20 -14 
-6 0 -16 15 
-2 0 -19 -10 
-6 -1 -16 16 
-2 0 -19 -10 
-6 -2 -16 17 
-2 0 -19 -9 
-7 -3 -16 17 
-2 -1 -18 -9 
22 5 2 3 
-1 -13 -11 -14 
22 4 3 3 
0 -13 -12 -14 
21 3 4 3 
0 -12 -13 -15 
21 3 5 4 
1 -11 -13 -15 
8 21 5 19 
-2 -3 26 1 
9 20 5 20 
-4 -4 26 1 
9 19 5 21 
-5 -4 26 1 
10 18 4 22 
-6 -5 26 1 
22 11 4 -19 
8 24 -21 0 
21 11 5 -19 
9 24 -22 0 
19 11 7 -18 
9 25 -22 1 
18 11 9 -18 
10 25 -21 1 
-3 -6 -8 5 
-26 10 -14 0 
-3 -6 -9 4 
-25 10 -15 1 
-2 -6 -10 3 
-23 10 -17 1 
-1 -6 -11 2 
-22 10 -18 2 
-5 6 18 9 
28 3 2 16 
-6 6 18 9 
27 2 4 17 
-7 6 19 9 
27 0 5 17 
-9 6 19 9 
26 -1 7 18 
5 -6 3 -15 
-8 -13 1 -26 
4 -7 3 -15 
-9 -12 1 -26 
4 -7 3 -14 
-10 -11 0 -26 
4 -7 3 -14 
-11 -10 0 -27 
-9 18 -32 9 
-38 8 -13 16 
-9 18 -32 9 
-38 8 -14 16 
-8 19 -32 10 
-38 9 -15 15 
-7 19 -32 10 
-38 9 -17 15 
-19 0 -35 18 
-14 -25 15 6 
-18 0 -35 18 
-14 -26 15 6 
-16 0 -35 17 
-14 -27 14 6 
-14 0 -36 17 
-14 -28 14 6 
10 5 -1 -28 
-22 -14 27 -1 
11 6 -1 -27 
-22 -14 26 -2 
12 6 -1 -26 
-23 -13 25 -3 
13 7 0 -25 
-23 -13 24 -4 
5 -3 4 2 
4 3 -14 3 
4 -3 6 2 
4 3 -13 3 
3 -3 7 3 
4 3 -13 4 
2 -3 8 3 
4 3 -13 4 
-14 -3 -13 7 
-5 12 -27 -7 
-14 -4 -14 7 
-3 12 -28 -6 
-14 -4 -14 7 
-1 13 -28 -6 
-13 -4 -15 7 
1 13 -29 -6 
2 -7 26 20 
-15 -10 -4 -18 
2 -8 26 20 
-14 -10 -5 -17 
2 -9 25 20 
-14 -10 -5 -17 
1 -10 24 19 
-13 -10 -6 -17 
1 21 11 -7 
9 -12 17 -7 
1 21 11 -6 
9 -12 18 -9 
1 21 11 -6 
8 -11 18 -10 
1 22 11 -5 
7 -10 18 -11 
-2 -9 -3 -11 
-1 12 -3 14 
-2 -8 -3 -12 
0 12 -3 14 
-2 -7 -3 -12 
0 12 -3 14 
-2 -6 -3 -13 
0 12 -3 14 
-2 3 0 10 
-8 2 2 7 
-2 3 0 10 
-8 2 1 7 
-1 3 0 9 
-7 2 1 7 
-1 3 0 9 
-6 2 0 7 
4 3 26 3 
11 2 -17 6 
3 3 27 4 
12 2 -17 7 
1 3 27 4 
12 1 -16 7 
0 2 28 4 
13 0 -16 7 
-29 4 -4 -19 
4 8 4 -1 
-29 5 -5 -19 
3 8 5 -1 
-28 5 -6 -19 
2 9 6 -1 
-28 6 -8 -19 
1 9 7 -2 
-27 -23 -28 0 
-17 23 -1 3 
-26 -23 -29 -2 
-17 23 -1 4 
-24 -23 -30 -3 
-17 22 -1 5 
-23 -22 -31 -4 
-17 22 -1 6 
4 8 -5 3 
13 -8 4 -4 
4 8 -5 2 
13 -7 4 -4 
4 9 -4 2 
12 -7 5 -5 
4 9 -3 2 
11 -6 5 -6 
-21 21 -20 7 
16 14 -3 14 
-21 21 -21 7 
16 15 -2 13 
-20 21 -22 8 
16 15 -1 13 
-20 22 -23 8 
16 15 0 12 
14 -21 10 7 
-13 20 -12 13 
13 -21 10 6 
-12 19 -12 14 
13 -21 10 5 
-12 18 -13 16 
13 -21 10 4 
-12 17 -14 17 
-7 -15 -9 -21 
-11 -1 -12 3 
-7 -14 -9 -21 
-10 -1 -12 3 
-7 -13 -9 -22 
-10 -1 -13 3 
-7 -12 -9 -22 
-10 0 -13 3 
14 -2 -2 9 
45 -21 4 11 
13 -1 -1 8 
39 -17 7 8 
12 0 -1 8 
32 -13 10 6 
11 1 0 7 
25 -8 13 3 
605 -207 -60 26 
-186 -15 -40 281 
611 -199 -46 18 
-177 -26 -67 287 
614 -191 -32 9 
-167 -38 -92 292 
615 -181 -15 -1 
-158 -48 -116 295 
115 -81 -82 -84 
-12 -29 -7 78 
121 -79 -81 -83 
-6 -34 -15 80 
126 -75 -80 -81 
0 -38 -23 81 
131 -72 -79 -80 
6 -42 -30 82 
30 -15 46 -69 
-10 -50 -9 -9 
31 -13 44 -68 
-6 -49 -12 -11 
33 -11 41 -67 
-3 -49 -15 -13 
34 -9 39 -65 
1 -48 -18 -15 
-39 -72 31 -38 
1 -22 10 14 
-38 -70 28 -39 
0 -24 11 15 
-38 -69 25 -41 
-1 -26 12 17 
-37 -67 23 -42 
-2 -28 13 18 
-19 31 -23 -24 
9 24 -16 -29 
-19 30 -23 -21 
9 26 -15 -29 
-19 29 -23 -19 
8 27 -14 -30 
-20 28 -23 -16 
7 29 -13 -30 
-12 -15 -14 -3 
2 12 -45 -12 
-13 -14 -14 -5 
3 14 -44 -12 
-15 -13 -14 -7 
4 15 -44 -13 
-16 -12 -13 -9 
4 17 -43 -13 
3 -21 -1 16 
6 18 -18 -10 
3 -21 -1 15 
6 18 -18 -9 
2 -22 -1 14 
6 17 -18 -8 
2 -22 -1 12 
6 17 -17 -6 
6 -6 2 -10 
-15 2 -19 -6 
5 -6 2 -11 
-16 2 -19 -6 
5 -6 3 -11 
-16 2 -19 -6 
4 -6 3 -12 
-17 2 -19 -5 
22 -2 -22 -6 
11 -11 -5 2 
22 -1 -21 -6 
12 -11 -6 2 
23 -1 -20 -6 
12 -12 -7 2 
23 -1 -19 -7 
13 -12 -7 2 
7 -17 -15 -20 
9 12 24 -11 
9 -16 -16 -20 
9 12 23 -10 
11 -16 -17 -20 
9 12 23 -10 
13 -16 -17 -20 
9 12 22 -9 
-31 -11 -5 -12 
24 -2 -24 -1 
-32 -10 -6 -13 
25 -2 -23 -1 
-32 -10 -7 -14 
25 -2 -22 -1 
-33 -9 -8 -15 
26 -2 -20 -1 
-18 -5 19 -8 
-3 -17 -7 -12 
-19 -5 18 -8 
-3 -16 -6 -13 
-20 -5 17 -8 
-4 -16 -5 -13 
-21 -5 16 -8 
-5 -16 -3 -13 
9 -20 4 -13 
14 18 22 9 
9 -19 5 -13 
13 17 23 10 
8 -19 6 -14 
11 17 24 11 
8 -19 7 -14 
9 17 25 12 
-8 9 -20 15 
2 -16 -25 -10 
-8 9 -19 15 
2 -16 -24 -10 
-9 8 -19 15 
2 -17 -24 -10 
-10 7 -18 16 
3 -17 -23 -11 
12 -23 7 -21 
-3 -17 0 -17 
12 -23 7 -21 
-3 -15 0 -18 
11 -22 8 -22 
-4 -13 0 -19 
11 -22 8 -22 
-5 -11 0 -19 
28 -4 -10 46 
4 -8 -13 -9 
28 -5 -9 46 
5 -8 -14 -8 
28 -7 -7 47 
6 -8 -15 -8 
27 -9 -6 47 
7 -8 -16 -7 
-13 5 3 5 
10 5 9 18 
-13 6 2 6 
9 5 10 18 
-12 6 1 6 
9 4 10 18 
-12 6 -1 6 
8 3 11 18 
9 14 -20 -1 
-3 16 11 1 
10 14 -20 -1 
-2 17 10 0 
11 14 -20 0 
-2 18 9 0 
12 14 -20 0 
-2 19 9 0 
-10 -18 -6 6 
12 -13 10 -1 
-9 -17 -7 5 
12 -13 10 -1 
-9 -17 -7 3 
12 -13 11 -2 
-8 -16 -8 2 
12 -12 11 -2 
0 -13 15 6 
2 11 10 -4 
0 -14 14 6 
1 10 11 -3 
0 -14 14 6 
0 10 11 -2 
0 -15 14 6 
-1 9 12 -1 
1 -3 -10 -18 
-13 -13 1 -9 
1 -2 -9 -19 
-14 -12 1 -10 
1 -1 -9 -19 
-15 -12 1 -10 
1 -1 -9 -19 
-16 -12 2 -11 
24 16 -25 -15 
6 -2 4 20 
25 18 -24 -15 
7 -2 3 19 
25 19 -23 -15 
8 -2 2 18 
26 20 -22 -15 
8 -2 1 17 
-5 -19 2 -1 
-12 2 7 3 
-4 -19 1 -2 
-12 2 6 4 
-3 -19 0 -2 
-13 1 6 4 
-2 -19 -1 -3 
-13 0 5 5 
-5 -7 -12 -18 
-13 -5 7 -3 
-4 -6 -13 -19 
-13 -5 7 -4 
-3 -5 -13 -19 
-13 -4 6 -4 
-2 -5 -13 -19 
-13 -3 6 -5 
-24 0 -10 11 
-15 -2 -4 11 
-24 0 -10 10 
-16 -3 -4 11 
-24 0 -10 10 
-17 -3 -3 11 
-24 0 -10 10 
-18 -4 -2 11 
-6 16 -20 -11 
-12 -22 -23 -19 
-7 16 -19 -11 
-11 -21 -24 -20 
-7 16 -18 -10 
-10 -19 -24 -22 
-8 16 -17 -10 
-9 -18 -24 -23 
-4 0 8 15 
-14 -5 -4 -10 
-4 0 8 16 
-14 -5 -5 -10 
-4 -1 8 16 
-14 -6 -5 -10 
-4 -2 8 16 
-13 -6 -5 -9 
-25 -12 4 -16 
-2 6 -10 -4 
-26 -12 4 -16 
-3 6 -9 -3 
-27 -11 3 -16 
-4 7 -7 -3 
-28 -11 3 -16 
-5 7 -6 -2 
17 -22 1 2 
20 13 -11 -9 
15 -22 2 1 
20 13 -10 -8 
14 -23 4 1 
19 13 -9 -7 
13 -23 5 0 
19 12 -9 -6 
-6 -10 -13 -17 
-16 11 -10 27 
-6 -9 -14 -17 
-16 10 -11 27 
-5 -7 -15 -18 
-17 9 -11 28 
-5 -6 -15 -19 
-17 8 -11 28 
-3 -18 -30 -13 
-11 3 8 -12 
-2 -18 -30 -14 
-11 3 7 -12 
-1 -17 -30 -14 
-10 4 7 -11 
0 -17 -29 -14 
-10 4 6 -11 
3 -2 12 8 
-7 -6 -12 -5 
2 -2 13 8 
-7 -6 -12 -5 
1 -2 14 7 
-8 -5 -11 -5 
0 -2 14 7 
-8 -4 -11 -6 
-7 7 -22 18 
-3 -25 -21 -9 
-6 6 -22 18 
-1 -25 -22 -9 
-6 6 -22 18 
0 -25 -22 -10 
-6 5 -22 18 
1 -25 -22 -11 
4 13 6 -6 
-4 17 9 21 
4 13 5 -5 
-4 17 9 21 
5 13 5 -4 
-4 16 8 22 
5 14 4 -3 
-4 16 8 22 
-10 1 0 6 
37 22 11 0 
-10 0 -1 6 
37 22 13 1 
-10 0 -1 6 
36 23 14 1 
-10 0 -1 6 
35 23 16 2 
11 -9 6 6 
-10 2 7 32 
12 -8 5 5 
-9 1 6 32 
13 -7 4 4 
-8 0 5 32 
13 -6 4 3 
-8 -1 4 32 
6 17 24 14 
24 -12 -1 32 
5 17 24 15 
24 -13 0 31 
4 17 25 16 
24 -14 1 31 
3 17 25 16 
24 -15 2 31 
14 2 6 3 
-9 -5 0 -22 
14 1 6 4 
-9 -4 -1 -22 
14 0 6 5 
-8 -3 -2 -22 
15 -1 5 6 
-8 -2 -2 -22 
15 1 4 16 
-4 4 -1 -16 
15 0 4 16 
-4 4 -1 -16 
15 -1 4 16 
-4 5 -2 -16 
15 -2 5 17 
-4 5 -3 -15 
9 -9 -7 -1 
0 -5 16 -10 
10 -9 -7 -1 
0 -4 15 -10 
11 -9 -8 -2 
0 -4 14 -11 
12 -9 -8 -2 
0 -3 14 -11 
-11 -5 -5 6 
-6 13 -8 4 
-11 -5 -5 6 
-6 13 -8 4 
-10 -5 -5 6 
-6 12 -8 5 
-10 -5 -6 6 
-6 12 -8 6 
4 1 -5 -7 
-19 -4 -8 0 
4 2 -4 -7 
-19 -3 -9 -1 
4 2 -4 -8 
-18 -2 -10 -1 
4 3 -4 -8 
-18 -1 -11 -2 
17 8 10 16 
-7 2 -1 9 
17 8 11 16 
-7 2 -1 9 
17 7 12 16 
-6 2 -2 9 
16 7 13 16 
-6 2 -2 9 
-7 3 7 -6 
0 -2 -12 3 
-8 3 7 -6 
0 -2 -11 3 
-9 4 7 -6 
0 -2 -11 3 
-9 4 7 -6 
0 -2 -10 3 
10 7 0 6 
2 3 -10 -17 
9 7 1 7 
3 4 -10 -17 
9 6 1 7 
4 4 -11 -17 
9 5 1 8 
4 4 -11 -17 
-15 11 5 -3 
-26 6 -40 9 
-16 11 4 -3 
-24 5 -41 9 
-17 11 4 -3 
-23 5 -41 9 
-17 12 3 -3 
-21 4 -42 9 
-10 8 4 -5 
21 6 1 4 
-10 8 4 -5 
21 6 2 3 
-10 8 4 -4 
22 6 2 3 
-11 8 3 -4 
22 6 3 3 
1 1 4 5 
-7 5 5 -21 
2 0 3 5 
-7 6 4 -21 
3 -1 2 5 
-7 7 3 -21 
3 -1 1 5 
-7 7 3 -21 
6 -9 -18 -8 
17 -9 31 0 
8 -9 -18 -9 
17 -9 30 -1 
10 -8 -19 -10 
17 -8 29 -1 
12 -7 -19 -11 
17 -7 29 -2 
-12 10 2 18 
9 -18 -10 -18 
-12 9 1 18 
4 -12 -7 -20 
-13 9 1 19 
-2 -6 -4 -23 
-14 9 0 19 
-8 1 -2 -26 
439 -246 -54 50 
-335 65 -231 283 
439 -240 -42 40 
-322 53 -256 293 
438 -233 -29 30 
-308 41 -280 301 
434 -224 -16 19 
-295 30 -303 308 
54 -67 -52 -63 
-2 7 -4 141 
56 -63 -49 -63 
-1 -1 -7 144 
58 -59 -46 -63 
1 -8 -10 147 
60 -54 -43 -64 
3 -16 -13 149 
-9 -59 -23 -132 
-1 -41 -21 -21 
-7 -56 -25 -131 
2 -41 -23 -21 
-6 -54 -27 -131 
5 -41 -25 -22 
-4 -51 -29 -130 
7 -40 -26 -23 
-26 -37 25 -33 
2 6 -13 30 
-26 -36 23 -34 
1 5 -12 32 
-26 -34 21 -35 
1 3 -12 33 
-26 -32 19 -35 
0 2 -11 33 
-28 19 -39 6 
28 -8 -2 -48 
-28 17 -40 7 
26 -6 -1 -49 
-27 16 -40 9 
24 -4 1 -49 
-27 14 -41 10 
22 -2 3 -50 
-9 -22 -55 11 
-37 12 -13 -24 
-7 -23 -55 11 
-38 12 -14 -23 
-6 -24 -56 10 
-38 12 -15 -22 
-4 -25 -56 9 
-38 13 -16 -21 
-6 -22 -17 -8 
2 6 4 38 
-7 -21 -15 -9 
0 3 6 39 
-8 -20 -14 -11 
-3 1 7 40 
-9 -18 -13 -12 
-5 -2 9 41 
17 26 -38 -15 
17 -21 -11 1 
17 26 -37 -13 
18 -22 -11 1 
17 25 -35 -11 
18 -23 -11 1 
16 24 -33 -9 
18 -25 -10 0 
0 13 0 -23 
32 -25 27 -24 
1 12 -1 -21 
31 -24 27 -24 
2 11 -2 -19 
31 -24 28 -25 
2 10 -3 -17 
30 -24 29 -25 
-12 13 5 1 
-14 12 -21 -25 
-12 12 5 3 
-13 13 -21 -24 
-13 10 4 4 
-13 13 -21 -24 
-13 9 4 6 
-12 14 -21 -23 
-1 9 8 3 
7 30 8 33 
-2 10 9 3 
6 28 9 34 
-2 10 9 2 
6 27 9 35 
-2 11 9 2 
6 25 10 36 
6 17 19 -6 
11 16 -12 1 
4 17 20 -6 
11 15 -11 1 
3 17 20 -5 
11 14 -10 1 
2 16 21 -5 
11 13 -10 2 
10 0 -1 -34 
3 19 -1 11 
10 2 -2 -35 
3 19 -1 11 
10 4 -2 -35 
3 20 -2 10 
10 5 -2 -36 
3 20 -2 10 
-27 -4 -28 4 
-2 -14 10 -2 
-25 -3 -30 3 
-2 -14 10 -3 
-24 -3 -31 2 
-2 -14 10 -3 
-22 -2 -32 1 
-2 -13 10 -4 
-4 -11 -3 -2 
-21 -2 -32 3 
-4 -12 -3 -2 
-19 -4 -33 4 
-5 -12 -3 -2 
-18 -5 -34 5 
-5 -12 -3 -2 
-17 -7 -34 5 
-15 5 -2 -25 
34 5 15 -15 
-15 5 -2 -24 
33 6 17 -15 
-15 4 -2 -23 
32 7 19 -15 
-15 4 -3 -22 
31 8 20 -15 
-21 6 -17 26 
15 25 -21 4 
-21 5 -18 26 
15 24 -20 5 
-21 4 -18 26 
16 24 -19 6 
-21 3 -19 26 
16 24 -18 7 
2 12 -12 13 
-34 17 -15 -14 
3 12 -13 13 
-34 18 -17 -14 
4 11 -14 13 
-33 20 -19 -14 
5 11 -14 13 
-31 21 -20 -14 
14 2 1 18 
-27 -17 13 -11 
15 2 2 17 
-27 -16 12 -12 
15 2 2 16 
-28 -16 11 -13 
16 1 3 16 
-28 -15 10 -13 
8 3 -3 7 
7 10 14 -24 
8 2 -1 7 
6 11 15 -24 
7 1 0 8 
4 11 15 -24 
7 0 1 9 
3 12 16 -23 
30 -23 -17 -18 
-17 10 -6 3 
30 -22 -16 -20 
-17 10 -8 3 
30 -20 -15 -21 
-16 11 -10 3 
30 -19 -14 -23 
-15 11 -11 3 
0 11 4 10 
6 -1 3 10 
0 12 4 9 
6 0 3 9 
0 13 4 9 
5 1 4 8 
0 14 4 8 
5 2 4 7 
2 -2 -12 12 
2 3 6 5 
3 -2 -12 11 
3 3 5 4 
3 -1 -13 10 
3 4 5 4 
4 0 -13 9 
3 4 5 3 
4 -7 4 -2 
2 -6 29 17 
5 -6 3 -3 
2 -6 29 16 
6 -5 3 -4 
1 -6 28 16 
7 -3 2 -5 
1 -6 28 15 
0 0 7 -6 
-5 -9 -1 -5 
0 0 7 -6 
-5 -7 -1 -6 
0 1 7 -6 
-6 -6 -1 -7 
0 1 7 -6 
-6 -5 -1 -8 
-7 -16 -5 23 
-4 7 -8 2 
-7 -16 -5 22 
-4 7 -8 3 
-7 -17 -5 21 
-3 7 -9 3 
-7 -17 -5 21 
-2 7 -9 4 
0 14 14 24 
-6 -8 -3 2 
-1 13 14 24 
-6 -9 -3 2 
-1 12 14 25 
-6 -10 -3 2 
-1 12 14 25 
-6 -11 -4 2 
-16 1 -17 -29 
-7 -1 1 -15 
-15 1 -18 -28 
-7 0 0 -16 
-14 1 -19 -28 
-6 1 0 -16 
-13 1 -19 -27 
-6 2 0 -16 
4 -2 6 18 
3 -5 -12 -11 
3 -2 6 18 
4 -5 -12 -11 
3 -3 7 17 
4 -4 -12 -11 
2 -4 7 17 
5 -4 -12 -11 
-13 -8 2 8 
16 -1 4 -14 
-13 -9 2 8 
16 -1 5 -14 
-13 -9 1 8 
15 -1 5 -13 
-13 -10 0 8 
14 -1 6 -13 
7 -1 -16 -3 
12 6 30 6 
9 -1 -16 -3 
10 5 30 6 
10 -1 -17 -3 
9 4 30 7 
12 -1 -17 -3 
8 3 30 7 
-10 6 -22 -19 
28 -16 1 -1 
-9 7 -22 -19 
28 -16 2 -2 
-9 7 -23 -19 
29 -16 2 -3 
-8 8 -23 -18 
29 -16 3 -4 
-7 12 21 0 
-6 -7 -1 1 
-8 12 21 1 
-7 -7 0 1 
-9 12 20 2 
-8 -6 0 0 
-9 12 19 2 
-8 -6 1 0 
3 -9 -4 0 
-11 2 4 -6 
3 -10 -3 1 
-11 2 4 -6 
3 -10 -2 1 
-11 2 4 -5 
3 -11 -2 1 
-11 2 4 -4 
-5 7 10 9 
5 3 12 4 
-6 7 11 9 
4 2 13 5 
-6 6 11 10 
2 2 14 5 
-7 6 11 10 
1 2 15 5 
34 16 -11 4 
-8 12 9 -5 
34 15 -10 5 
-8 12 8 -5 
35 15 -8 5 
-8 12 7 -5 
35 14 -7 6 
-8 13 6 -5 
-18 2 -20 3 
12 -29 6 -11 
-17 3 -21 2 
12 -28 7 -12 
-17 3 -21 2 
12 -28 7 -13 
-16 3 -22 1 
12 -28 8 -14 
-7 -22 6 -21 
8 -2 -16 -11 
-8 -22 6 -21 
8 -1 -15 -11 
-9 -21 6 -21 
8 -1 -15 -10 
-10 -21 5 -22 
8 -1 -14 -10 
-14 -12 -5 1 
1 -12 0 -10 
-14 -13 -6 1 
0 -13 1 -10 
-14 -13 -7 0 
-1 -14 2 -9 
-14 -13 -7 0 
-2 -15 3 -9 
13 -21 -21 -28 
-9 10 -26 -3 
13 -21 -21 -28 
-7 10 -27 -2 
13 -21 -20 -27 
-6 9 -28 -1 
12 -21 -19 -27 
-4 8 -29 0 
-9 17 8 5 
20 -20 15 -13 
-9 16 7 5 
19 -19 16 -14 
-9 15 7 6 
18 -18 16 -15 
-8 15 6 7 
17 -18 17 -16 
-4 -23 -17 2 
-11 -16 4 -11 
-3 -23 -18 2 
-10 -16 3 -10 
-1 -24 -19 2 
-10 -17 2 -10 
0 -24 -20 2 
-10 -17 2 -10 
2 17 0 0 
-28 0 18 3 
2 17 0 1 
-29 -1 17 3 
3 17 0 2 
-31 -1 16 3 
4 17 -1 3 
-32 -1 16 2 
6 0 -17 -19 
11 -1 6 -1 
6 1 -16 -19 
11 0 6 -2 
6 2 -14 -19 
11 0 7 -2 
5 3 -13 -19 
11 1 7 -3 
21 -1 11 3 
12 -6 27 22 
21 0 11 2 
12 -7 27 21 
21 1 11 1 
11 -7 27 21 
21 2 12 0 
10 -8 27 20 
-20 -1 3 0 
24 2 14 -2 
-21 -2 3 0 
23 2 16 -1 
-21 -2 3 1 
22 2 17 -1 
-21 -3 2 1 
20 2 19 -1 
6 0 2 4 
4 6 3 2 
6 0 2 4 
4 6 3 3 
6 -1 2 4 
4 5 4 3 
6 -1 2 5 
4 5 4 4 
10 -7 12 -14 
-6 -12 -2 3 
9 -6 12 -14 
-7 -12 -2 2 
8 -6 13 -14 
-7 -12 -2 2 
8 -5 13 -14 
-7 -13 -2 2 
2 3 -3 -10 
-13 24 3 1 
2 3 -3 -9 
-14 24 3 1 
2 2 -2 -9 
-14 24 3 1 
2 2 -2 -8 
-15 25 3 2 
11 -10 -9 -2 
29 -2 9 11 
10 -8 -8 -4 
25 3 11 9 
9 -6 -7 -6 
21 8 14 6 
9 -4 -6 -7 
16 13 16 4 
273 -316 -13 16 
-307 203 -346 277 
269 -311 -4 5 
-290 190 -365 293 
263 -304 5 -7 
-273 178 -383 307 
255 -295 15 -19 
-256 166 -400 319 
-39 1 21 -7 
-30 66 -17 155 
-39 4 21 -8 
-30 59 -17 158 
-39 7 20 -9 
-30 52 -17 161 
-39 11 20 -10 
-30 45 -17 163 
41 -59 -13 -81 
8 -14 28 -36 
43 -58 -12 -82 
9 -13 26 -35 
44 -58 -11 -82 
11 -13 24 -34 
46 -57 -10 -83 
12 -13 22 -33 
-18 24 23 -4 
-3 -10 -28 73 
-19 26 22 -4 
-2 -12 -28 72 
-19 28 21 -4 
-2 -13 -27 71 
-20 30 20 -3 
-2 -15 -27 70 
40 -2 4 13 
-25 2 -2 -39 
40 -5 5 15 
-26 3 -4 -38 
39 -7 6 16 
-26 4 -5 -38 
39 -9 7 18 
-27 4 -6 -37 
-13 -2 -21 11 
21 6 2 -25 
-13 -3 -20 10 
20 8 4 -25 
-13 -4 -19 10 
19 9 5 -25 
-14 -5 -19 10 
18 10 7 -25 
-8 15 -4 28 
-21 20 3 8 
-8 14 -5 29 
-22 19 3 8 
-8 13 -5 29 
-22 18 3 9 
-8 12 -5 29 
-22 17 2 10 
9 26 21 4 
7 -26 -37 -28 
7 25 22 5 
8 -26 -37 -29 
4 24 24 6 
9 -27 -36 -29 
2 22 26 7 
9 -27 -35 -30 
-13 8 -1 -20 
19 13 -4 1 
-13 7 -2 -19 
19 13 -3 2 
-13 7 -3 -18 
19 13 -2 3 
-13 7 -3 -17 
19 12 -2 3 
-12 2 0 -2 
19 7 3 -20 
-12 2 -1 -2 
18 8 4 -20 
-12 1 -2 -2 
18 9 5 -20 
-12 0 -2 -1 
17 10 6 -20 
-20 4 -6 18 
12 33 -17 30 
-21 4 -7 18 
12 32 -16 31 
-21 5 -8 17 
13 31 -15 32 
-22 5 -8 17 
12 30 -14 33 
10 19 18 18 
-10 1 -40 12 
8 19 19 18 
-9 0 -39 12 
6 18 20 18 
-8 0 -39 11 
4 18 21 19 
-8 -1 -39 11 
21 5 7 -11 
-9 -17 6 4 
21 5 8 -11 
-10 -16 6 2 
20 6 9 -11 
-11 -15 5 1 
20 7 9 -11 
-12 -14 5 0 
3 -6 -24 24 
-1 -16 -23 20 
3 -6 -23 24 
0 -17 -24 20 
3 -6 -23 24 
1 -18 -24 21 
2 -7 -22 24 
2 -19 -25 21 
-14 20 2 16 
0 -9 -5 -1 
-13 19 1 18 
1 -10 -5 0 
-13 17 1 20 
2 -11 -5 0 
-13 16 0 22 
3 -12 -6 1 
1 8 28 -8 
4 -19 10 -17 
1 7 28 -6 
3 -19 11 -17 
0 7 27 -5 
2 -19 12 -18 
0 6 27 -4 
1 -19 12 -18 
-18 -6 -26 -8 
-3 -6 4 3 
-17 -6 -26 -7 
-3 -7 4 3 
-16 -6 -27 -7 
-3 -8 4 3 
-15 -6 -27 -6 
-3 -8 4 4 
-8 6 -3 6 
7 7 4 -12 
-8 5 -3 7 
7 6 4 -11 
-8 3 -3 8 
7 6 5 -10 
-8 2 -3 9 
7 6 5 -10 
16 -11 30 -10 
2 10 -4 -4 
15 -12 31 -10 
1 10 -4 -3 
13 -12 31 -10 
1 10 -3 -3 
12 -12 32 -11 
0 9 -3 -2 
-10 -13 -13 -13 
-1 10 -19 5 
-10 -13 -13 -13 
0 10 -19 5 
-10 -12 -13 -14 
2 11 -19 5 
-10 -12 -13 -14 
3 11 -19 6 
-3 -11 27 9 
6 -24 8 6 
-4 -10 27 8 
5 -24 9 6 
-4 -10 27 8 
4 -24 10 6 
-5 -10 26 7 
3 -24 10 5 
-7 5 -13 8 
13 3 6 15 
-7 4 -13 9 
13 1 6 15 
-6 4 -13 10 
13 0 7 16 
-6 4 -13 11 
13 -1 8 16 
-20 2 18 -23 
10 -39 -17 -17 
-22 2 18 -23 
9 -38 -15 -19 
-23 3 18 -23 
9 -36 -14 -21 
-25 4 17 -23 
8 -34 -12 -22 
-11 2 -15 19 
12 -1 -4 -13 
-11 1 -15 19 
12 0 -3 -13 
-11 0 -16 20 
13 0 -3 -13 
-10 -1 -16 21 
13 1 -3 -13 
-28 5 -11 7 
-35 3 -16 13 
-27 5 -12 6 
-35 3 -16 13 
-27 6 -13 6 
-35 2 -17 13 
-26 6 -15 6 
-34 2 -17 13 
4 5 0 3 
13 2 6 11 
4 4 1 4 
12 0 6 12 
3 4 2 4 
12 -2 7 13 
3 4 3 4 
12 -4 8 13 
4 -4 14 -37 
9 17 -7 -8 
3 -4 15 -37 
8 17 -6 -8 
2 -4 15 -36 
8 17 -6 -7 
1 -3 15 -36 
8 17 -5 -7 
18 -1 -5 2 
-24 18 0 0 
18 -1 -5 2 
-23 18 -1 0 
18 -1 -4 1 
-23 18 -2 1 
19 -1 -4 0 
-23 18 -3 1 
-3 18 -2 -4 
-20 4 -20 18 
-4 19 -1 -5 
-19 4 -20 17 
-4 20 -1 -5 
-18 4 -21 16 
-5 21 0 -6 
-17 5 -21 15 
28 -11 25 0 
9 -16 6 -3 
27 -10 26 0 
8 -16 5 -3 
26 -10 27 -1 
8 -17 5 -3 
25 -10 28 -1 
8 -17 5 -3 
6 15 -2 -2 
17 -3 19 8 
6 14 -2 -1 
16 -4 20 8 
7 14 -3 0 
15 -5 20 8 
7 13 -3 1 
14 -7 20 9 
-3 -3 -16 -21 
22 -25 -7 -20 
-2 -3 -16 -20 
23 -25 -7 -20 
-2 -3 -16 -19 
24 -24 -6 -21 
-2 -3 -17 -19 
25 -23 -6 -21 
-5 0 8 12 
-16 21 -12 -1 
-5 -1 7 13 
-15 20 -13 1 
-5 -2 5 14 
-15 19 -14 2 
-5 -4 4 15 
-14 19 -14 3 
-2 6 17 -17 
9 -15 1 9 
-3 7 17 -17 
8 -16 1 9 
-4 8 17 -17 
8 -16 2 8 
-5 9 18 -18 
8 -17 3 7 
-10 -18 8 -24 
2 6 -10 -19 
-11 -17 8 -24 
2 7 -10 -19 
-11 -17 7 -24 
2 7 -9 -18 
-12 -17 7 -24 
2 8 -8 -18 
3 9 -11 8 
-16 5 5 6 
4 10 -11 8 
-16 5 4 6 
5 10 -11 8 
-15 4 3 6 
5 10 -12 8 
-15 4 2 6 
-22 -2 -7 -18 
-5 -15 -13 10 
-22 0 -8 -19 
-4 -15 -13 9 
-23 1 -8 -19 
-4 -15 -12 8 
-23 2 -8 -20 
-3 -15 -12 7 
-3 -9 8 -1 
0 11 -1 -23 
-3 -10 7 0 
0 12 -1 -22 
-3 -11 7 0 
1 12 -2 -22 
-3 -12 7 0 
1 13 -2 -21 
-10 -20 8 -3 
-1 -8 0 -14 
-10 -20 8 -4 
-1 -8 0 -14 
-10 -20 7 -5 
-1 -8 0 -14 
-10 -20 7 -6 
-1 -8 0 -14 
4 -7 -5 0 
-4 5 20 -4 
6 -7 -5 1 
-5 5 20 -3 
7 -7 -6 1 
-5 5 19 -3 
8 -8 -6 1 
-5 5 18 -2 
0 0 0 0 
0 0 0 0 
0 0 0 0 
0 0 0 0 
0 0 0 0 
0 0 0 0 
0 0 0 0 
0 0 0 0 
0 0 0 0 
0 0 0 0 
0 0 0 0 
0 0 0 0 
0 0 0 0 
0 0 0 0 
