46 90 433 545 
105 78 -31 -44 
45 70 406 549 
107 75 -31 -36 
45 51 379 552 
108 72 -30 -27 
44 32 353 554 
108 69 -29 -19 
88 97 -6 8 
12 21 31 42 
91 99 -8 9 
13 22 27 38 
93 100 -10 10 
15 24 24 35 
95 101 -11 12 
17 25 21 32 
0 -69 18 -8 
-14 -15 1 7 
1 -68 16 -12 
-12 -17 -1 8 
2 -66 14 -15 
-11 -19 -3 10 
4 -65 12 -19 
-9 -21 -5 11 
0 0 0 0 
0 0 0 0 
0 0 0 0 
0 0 0 0 
0 0 0 0 
0 0 0 0 
0 0 0 0 
0 0 0 0 
0 0 0 0 
0 0 0 0 
0 0 0 0 
0 0 0 0 
0 0 0 0 
0 0 0 0 
0 0 0 0 
0 0 0 0 
0 0 0 0 
0 0 0 0 
0 0 0 0 
0 0 0 0 
0 0 0 0 
0 0 0 0 
0 0 0 0 
0 0 0 0 
0 0 0 0 
0 0 0 0 
0 0 0 0 
0 0 0 0 
0 0 0 0 
0 0 0 0 
0 0 0 0 
0 0 0 0 
0 0 0 0 
0 0 0 0 
0 0 0 0 
0 0 0 0 
0 0 0 0 
0 0 0 0 
0 0 0 0 
0 0 0 0 
0 0 0 0 
2 0 0 0 
0 0 0 0 
2 0 -1 0 
0 0 0 0 
2 0 -1 0 
0 0 0 0 
2 0 0 0 
14 1 -6 0 
59 8 -29 -4 
14 2 -6 -1 
56 10 -28 -5 
13 3 -6 -1 
53 13 -26 -6 
12 3 -5 -1 
49 16 -24 -7 
560 46 -128 -17 
-222 247 249 472 
580 60 -123 -22 
-216 237 219 475 
599 75 -117 -27 
-210 226 188 477 
615 90 -109 -32 
-203 216 158 477 
-28 7 -29 -15 
12 -57 42 20 
-25 12 -29 -20 
12 -56 42 15 
-23 16 -29 -24 
11 -54 42 11 
-20 21 -29 -28 
11 -52 41 6 
67 -27 31 -3 
-93 -57 4 -16 
68 -27 32 -3 
-91 -59 -1 -16 
68 -27 33 -4 
-90 -61 -5 -17 
69 -27 34 -4 
-88 -62 -10 -17 
10 4 10 -50 
1 -15 -26 21 
8 4 12 -48 
2 -18 -25 21 
7 5 15 -46 
2 -20 -25 21 
5 5 17 -43 
3 -22 -25 21 
-29 -12 -11 -39 
17 56 9 -16 
-29 -13 -12 -38 
15 56 11 -14 
-29 -14 -13 -36 
13 56 13 -12 
-29 -15 -14 -35 
10 56 15 -9 
15 16 -35 10 
26 -11 7 4 
16 16 -34 9 
26 -12 7 3 
16 17 -34 8 
26 -12 7 2 
16 17 -33 7 
26 -13 7 2 
-16 23 18 -21 
30 -5 -29 10 
-18 24 17 -20 
30 -5 -27 8 
-20 25 17 -19 
29 -4 -26 7 
-21 26 16 -19 
29 -3 -24 6 
22 -9 -20 23 
-6 16 21 -29 
24 -11 -21 24 
-4 16 19 -28 
27 -13 -22 24 
-2 16 16 -26 
29 -15 -23 24 
-1 16 14 -24 
-20 34 18 8 
-1 -6 36 12 
-19 34 17 9 
-3 -6 37 12 
-18 34 15 9 
-5 -7 38 11 
-17 34 14 10 
-7 -8 38 11 
1 -36 -26 -30 
11 -8 23 -11 
2 -36 -25 -30 
11 -9 23 -10 
3 -35 -25 -31 
11 -9 23 -9 
4 -35 -24 -31 
10 -10 23 -8 
-23 -3 8 -10 
2 -10 -20 -17 
-24 -3 7 -10 
3 -9 -19 -17 
-25 -3 7 -9 
3 -8 -19 -18 
-26 -4 6 -9 
3 -8 -18 -18 
-10 18 -10 8 
14 -18 -8 -2 
-10 18 -10 8 
15 -18 -8 -3 
-10 18 -11 9 
16 -17 -8 -4 
-9 18 -11 9 
17 -16 -8 -5 
-18 -5 19 9 
27 3 12 7 
-18 -5 18 9 
25 2 14 8 
-19 -5 17 9 
24 1 16 8 
-19 -6 16 10 
23 1 17 9 
6 9 -12 5 
-9 29 -18 1 
6 8 -12 5 
-8 30 -19 1 
6 7 -12 6 
-8 30 -20 2 
6 7 -12 7 
-7 30 -20 3 
-6 -2 -5 18 
30 -4 17 -11 
-5 -2 -5 17 
31 -4 17 -11 
-4 -3 -5 16 
31 -4 18 -11 
-4 -3 -6 15 
31 -5 18 -10 
-4 -8 15 -19 
-24 -7 -11 -22 
-4 -8 14 -19 
-24 -6 -12 -23 
-3 -8 12 -19 
-23 -6 -13 -23 
-3 -8 11 -19 
-22 -6 -14 -23 
-15 17 -2 -15 
-2 -14 -1 13 
-15 19 -2 -15 
-1 -13 -1 11 
-14 20 -3 -15 
-1 -13 -1 10 
-14 21 -3 -15 
0 -12 -1 8 
2 -8 20 4 
-13 -21 8 -8 
1 -8 20 4 
-13 -21 8 -8 
1 -8 19 4 
-14 -21 8 -9 
1 -8 19 3 
-14 -20 7 -9 
15 -17 2 -18 
9 -1 -16 13 
14 -16 3 -18 
10 -2 -16 13 
14 -15 4 -19 
11 -3 -16 13 
13 -14 5 -19 
12 -3 -16 14 
-6 -8 2 -14 
-3 17 13 0 
-6 -8 1 -14 
-4 16 13 1 
-5 -8 0 -14 
-5 15 13 2 
-5 -8 -1 -14 
-5 14 13 3 
7 13 3 -17 
1 -1 -12 -1 
6 14 4 -17 
1 -1 -12 -2 
5 14 5 -17 
1 -1 -12 -2 
4 15 6 -17 
1 -1 -11 -3 
-16 -20 -8 -14 
-1 11 -5 3 
-16 -20 -9 -15 
-1 10 -5 3 
-16 -19 -9 -16 
-2 10 -4 4 
-16 -19 -9 -16 
-2 10 -4 5 
-15 -5 -9 -8 
3 -4 3 -6 
-14 -5 -10 -8 
2 -3 4 -6 
-14 -4 -10 -9 
2 -3 4 -7 
-14 -4 -10 -9 
1 -2 5 -7 
-10 -2 -11 5 
-1 8 6 8 
-10 -2 -11 4 
-2 8 7 9 
-10 -2 -11 4 
-4 8 7 9 
-10 -1 -11 4 
-5 8 8 9 
8 9 -12 2 
6 4 -8 4 
8 9 -11 2 
6 4 -8 4 
7 9 -10 2 
6 4 -8 4 
7 9 -9 2 
6 4 -7 4 
-21 12 -14 9 
6 16 2 17 
-20 12 -15 9 
6 15 3 18 
-20 12 -16 9 
6 15 3 18 
-19 12 -17 9 
6 14 4 18 
7 11 12 5 
-2 7 10 -13 
7 11 12 5 
-3 8 10 -14 
7 10 12 5 
-3 9 10 -14 
7 10 12 6 
-3 11 10 -14 
-7 6 -10 26 
5 -6 -7 -7 
-6 5 -11 26 
6 -6 -7 -7 
-6 4 -11 26 
6 -5 -7 -7 
-6 4 -11 25 
6 -5 -7 -7 
-10 -9 -8 1 
-9 13 6 -17 
-9 -10 -9 1 
-9 14 5 -16 
-8 -10 -10 1 
-9 14 4 -15 
-7 -11 -10 1 
-8 14 4 -15 
-26 -22 8 -12 
14 29 -23 20 
-27 -21 8 -14 
15 29 -22 20 
-28 -20 8 -15 
16 29 -20 21 
-29 -19 7 -16 
16 29 -19 22 
-3 -35 9 15 
-3 1 -16 -14 
-3 -36 9 13 
-2 1 -17 -13 
-3 -36 8 12 
-1 0 -17 -12 
-3 -37 8 11 
0 -1 -17 -10 
-18 -11 2 -21 
9 -4 20 0 
-18 -10 0 -21 
8 -5 20 1 
-17 -10 -1 -21 
8 -5 21 1 
-16 -9 -2 -21 
7 -6 21 1 
-6 22 10 -9 
3 1 -4 -6 
-7 22 10 -8 
3 2 -4 -7 
-7 22 10 -7 
3 3 -3 -8 
-8 22 10 -6 
3 3 -3 -8 
9 -13 3 -2 
13 17 5 20 
9 -13 3 -3 
14 16 4 21 
9 -12 3 -4 
15 14 4 22 
10 -12 3 -4 
16 13 4 22 
-5 14 26 -11 
-4 1 -28 17 
-6 15 26 -11 
-4 1 -27 17 
-7 16 25 -11 
-3 2 -27 16 
-9 17 25 -10 
-2 2 -27 15 
-2 -17 -3 9 
-10 32 -15 -5 
-2 -18 -3 9 
-9 33 -15 -4 
-2 -19 -3 8 
-9 33 -16 -2 
-3 -19 -3 8 
-8 33 -16 -1 
-1 3 14 9 
7 -12 -9 6 
-2 4 14 8 
7 -11 -9 6 
-3 4 15 7 
7 -11 -8 5 
-4 5 15 6 
7 -11 -7 4 
-8 29 -4 21 
7 -2 4 10 
-8 28 -4 22 
7 -2 5 10 
-8 28 -4 23 
6 -2 6 9 
-8 27 -5 24 
5 -2 6 9 
1 3 -3 4 
12 8 3 0 
1 2 -2 4 
12 7 3 1 
0 2 -2 5 
12 6 3 1 
0 1 -2 5 
11 5 4 2 
11 10 -7 -13 
4 6 42 2 
13 10 -8 -13 
3 6 42 2 
15 10 -8 -13 
2 6 41 1 
16 10 -9 -12 
1 6 40 1 
2 20 8 1 
-10 -8 -14 11 
1 20 8 2 
-10 -8 -14 10 
1 21 9 2 
-10 -8 -14 9 
0 21 9 2 
-9 -8 -14 8 
-3 -9 5 -3 
17 1 23 9 
-3 -9 5 -3 
16 1 24 9 
-3 -9 5 -3 
14 1 25 9 
-3 -8 6 -3 
13 1 27 9 
7 -17 1 14 
-6 -15 -31 -5 
6 -18 2 14 
-5 -16 -31 -4 
5 -19 3 14 
-3 -16 -31 -4 
4 -19 3 14 
-2 -17 -32 -3 
-1 -1 20 -11 
-5 19 19 23 
-1 0 20 -10 
-6 18 20 24 
-1 0 20 -10 
-7 17 20 24 
-1 0 19 -9 
-9 16 20 25 
-11 2 -15 -5 
17 -9 -8 -18 
-11 2 -15 -5 
17 -8 -7 -19 
-12 2 -14 -5 
17 -7 -6 -20 
-12 2 -14 -5 
17 -6 -5 -20 
5 4 8 2 
21 2 12 29 
5 5 8 1 
20 2 13 29 
4 6 8 1 
19 2 14 29 
4 7 8 1 
18 1 15 28 
14 -1 -16 8 
-4 -5 -9 9 
14 -1 -16 8 
-3 -6 -10 9 
15 -1 -16 9 
-2 -8 -11 10 
15 -2 -16 9 
-2 -9 -12 10 
14 -4 15 -39 
-23 -7 -21 -5 
13 -3 15 -39 
-23 -7 -22 -5 
13 -2 15 -38 
-22 -6 -23 -6 
12 -1 15 -38 
-21 -6 -24 -6 
-22 -4 -8 7 
11 -11 -11 -27 
-22 -5 -8 8 
10 -10 -10 -27 
-23 -6 -8 8 
9 -10 -9 -27 
-23 -7 -8 8 
8 -9 -7 -27 
7 -11 -27 -13 
59 9 -40 -14 
7 -11 -27 -13 
55 13 -38 -16 
6 -10 -27 -14 
51 16 -36 -17 
5 -9 -26 -14 
45 20 -33 -18 
666 27 -127 -4 
-212 232 298 586 
685 44 -119 -10 
-213 215 267 590 
703 61 -109 -17 
-212 199 237 593 
719 79 -97 -23 
-212 184 207 595 
58 61 -120 -29 
113 12 13 -8 
59 63 -114 -29 
114 17 14 -13 
60 65 -109 -28 
115 22 15 -17 
61 67 -103 -28 
115 27 17 -21 
47 -1 21 53 
-114 -81 25 3 
50 0 18 50 
-114 -80 20 0 
52 2 15 46 
-114 -79 15 -4 
55 4 12 43 
-114 -78 10 -7 
29 8 -23 21 
14 -20 -5 1 
29 7 -20 23 
15 -22 -6 2 
28 5 -16 25 
16 -24 -6 3 
27 4 -12 27 
17 -26 -7 3 
-25 35 -5 -40 
39 30 -12 -49 
-25 34 -7 -37 
40 34 -11 -50 
-24 34 -8 -35 
41 38 -10 -52 
-24 33 -10 -33 
42 42 -9 -53 
-26 4 0 44 
8 32 13 20 
-25 5 -3 42 
8 32 13 20 
-24 5 -5 39 
8 31 14 21 
-23 6 -8 37 
8 31 14 21 
-42 63 17 -3 
5 -11 -27 19 
-44 65 17 -3 
5 -9 -25 16 
-46 66 16 -3 
4 -7 -23 13 
-48 68 16 -3 
3 -6 -20 9 
10 -16 -19 7 
11 -9 27 -11 
12 -15 -20 5 
13 -8 25 -12 
14 -15 -20 4 
14 -7 24 -12 
16 -14 -20 3 
16 -6 23 -13 
-34 15 35 21 
8 5 4 9 
-35 15 34 21 
7 5 5 9 
-35 15 32 21 
6 5 7 9 
-36 15 31 22 
5 6 8 8 
37 -4 15 8 
-12 -16 -11 9 
36 -4 16 7 
-12 -17 -12 9 
35 -4 17 7 
-11 -17 -13 8 
34 -4 19 6 
-10 -18 -14 8 
-10 3 7 -8 
25 18 -9 8 
-11 3 7 -8 
26 19 -8 8 
-11 3 7 -7 
26 19 -7 8 
-12 4 7 -6 
26 20 -6 8 
7 -13 -2 7 
1 -20 6 7 
8 -13 -3 6 
2 -20 5 7 
9 -12 -4 5 
3 -20 4 6 
10 -11 -5 3 
4 -20 4 6 
-10 2 17 14 
-4 -4 -8 -24 
-11 0 17 16 
-4 -4 -7 -23 
-11 -1 16 17 
-4 -3 -7 -23 
-12 -3 16 17 
-4 -3 -7 -22 
1 10 -6 11 
-2 22 18 -7 
2 9 -6 12 
-3 22 18 -6 
2 8 -6 13 
-4 22 18 -5 
3 6 -6 13 
-5 22 18 -4 
15 1 -19 8 
-21 2 -3 -3 
16 1 -18 8 
-20 1 -4 -3 
17 0 -18 8 
-20 1 -6 -2 
17 0 -17 8 
-19 0 -7 -2 
9 19 18 0 
-6 6 -8 -5 
8 19 19 1 
-7 7 -8 -6 
6 18 19 1 
-7 8 -7 -6 
5 18 20 2 
-8 9 -7 -7 
15 -1 -11 10 
4 -13 -12 -10 
14 -1 -10 10 
5 -12 -13 -11 
14 -1 -9 9 
6 -12 -13 -12 
14 -1 -8 8 
7 -11 -14 -13 
2 10 13 1 
14 -15 24 8 
3 11 13 1 
14 -16 24 7 
3 11 12 1 
13 -16 24 7 
4 12 11 1 
12 -17 25 6 
6 21 -2 -10 
7 -13 -14 12 
6 22 -2 -9 
8 -13 -15 11 
6 22 -2 -8 
8 -13 -15 10 
6 23 -2 -7 
9 -13 -15 9 
-3 11 -9 3 
3 -24 3 21 
-2 12 -10 3 
3 -25 2 20 
-1 12 -10 4 
2 -26 2 20 
-1 12 -11 4 
2 -27 2 19 
11 5 -10 -2 
-5 21 -7 -10 
11 4 -9 0 
-5 20 -8 -9 
11 2 -9 1 
-4 20 -8 -8 
12 1 -9 3 
-3 19 -9 -7 
4 -10 7 -13 
15 21 22 -3 
4 -10 7 -14 
14 22 23 -2 
4 -9 7 -14 
13 23 23 -2 
4 -9 7 -15 
13 24 24 -2 
-2 -15 4 22 
1 -5 7 0 
-2 -15 5 21 
0 -5 8 1 
-2 -15 5 20 
-1 -6 8 1 
-2 -15 5 19 
-1 -6 9 2 
-3 -8 -16 -10 
15 -12 19 -9 
-3 -8 -16 -10 
15 -13 19 -8 
-2 -8 -16 -10 
14 -13 20 -8 
-1 -8 -16 -10 
14 -13 20 -8 
9 -2 6 -23 
21 -3 11 9 
9 -1 6 -23 
21 -3 11 8 
9 0 6 -23 
21 -3 11 8 
9 1 6 -23 
21 -3 11 8 
17 6 10 10 
-24 27 -4 8 
17 5 9 10 
-23 28 -6 8 
18 5 9 11 
-23 28 -7 9 
18 4 9 11 
-22 27 -9 10 
33 8 20 22 
1 17 -23 -5 
32 7 21 22 
3 17 -24 -5 
31 6 23 22 
5 16 -25 -4 
30 5 24 22 
6 16 -26 -3 
-3 -7 8 -8 
-7 -2 -11 -8 
-2 -7 7 -9 
-5 -2 -12 -8 
-2 -7 6 -9 
-4 -2 -13 -8 
-1 -7 5 -10 
-2 -2 -14 -8 
1 -12 35 -11 
-5 8 -5 18 
0 -12 35 -12 
-5 7 -5 19 
-1 -11 35 -12 
-5 7 -4 19 
-2 -10 35 -12 
-5 6 -4 20 
-5 4 10 6 
6 9 -3 7 
-5 3 11 6 
5 10 -2 7 
-6 3 11 6 
5 10 -1 7 
-7 3 11 7 
4 10 0 7 
-7 7 0 13 
15 -4 -21 13 
-8 8 0 13 
15 -4 -20 13 
-9 8 1 12 
16 -5 -19 13 
-11 8 1 12 
16 -5 -18 13 
-10 7 -1 1 
-1 -13 3 -27 
-10 6 -2 2 
-1 -12 3 -28 
-9 5 -3 3 
-1 -11 3 -28 
-9 4 -4 3 
-1 -11 3 -28 
7 -2 17 -14 
5 -23 -24 37 
6 -1 18 -15 
6 -25 -24 36 
4 1 19 -15 
7 -26 -24 36 
3 2 19 -16 
8 -28 -24 35 
27 6 12 -11 
-29 4 6 -16 
27 5 12 -9 
-29 4 4 -15 
28 3 12 -7 
-29 4 2 -15 
28 2 12 -5 
-28 3 0 -14 
-20 -1 -15 -23 
-14 0 4 10 
-19 0 -15 -23 
-13 0 4 10 
-18 1 -15 -23 
-13 0 4 9 
-17 2 -15 -24 
-13 0 3 9 
15 1 18 -2 
-11 -2 1 -3 
14 1 19 -2 
-12 -2 1 -3 
13 1 20 -2 
-12 -2 1 -3 
13 1 21 -2 
-12 -2 0 -3 
1 -8 -5 -5 
-14 -15 1 6 
2 -8 -5 -5 
-13 -16 0 6 
2 -7 -4 -5 
-13 -17 0 6 
2 -7 -4 -6 
-12 -18 -1 6 
-5 7 6 -15 
-11 19 5 10 
-5 8 6 -14 
-11 19 5 10 
-5 8 6 -13 
-11 18 5 11 
-5 8 6 -12 
-12 18 5 11 
2 14 -13 -1 
-11 -6 7 -13 
3 14 -12 -1 
-10 -5 6 -14 
3 14 -12 -1 
-9 -4 5 -14 
4 13 -12 -1 
-8 -4 3 -15 
-15 -13 15 -2 
-24 -5 -14 -13 
-15 -14 15 -2 
-23 -5 -14 -12 
-16 -14 14 -3 
-23 -5 -14 -12 
-16 -14 14 -3 
-22 -4 -15 -12 
5 -18 8 -2 
3 11 5 -16 
4 -18 9 -2 
2 12 5 -15 
4 -19 9 -2 
1 12 6 -14 
3 -19 10 -3 
1 13 6 -14 
-10 7 -18 16 
-12 -3 1 8 
-9 7 -18 15 
-13 -3 1 7 
-9 7 -18 15 
-13 -3 0 7 
-8 7 -18 15 
-13 -4 0 7 
-19 -8 -22 2 
-17 5 7 -15 
-18 -9 -22 3 
-18 5 7 -15 
-17 -10 -22 3 
-19 6 8 -14 
-17 -11 -23 4 
-20 6 7 -13 
7 3 -15 16 
9 2 -7 -10 
7 2 -14 16 
10 2 -7 -10 
7 1 -13 16 
10 2 -7 -10 
6 1 -12 16 
11 3 -7 -10 
8 3 9 2 
-5 -12 -3 17 
8 4 9 2 
-4 -12 -4 16 
8 5 8 2 
-4 -13 -4 16 
8 5 8 1 
-3 -13 -5 15 
10 0 -1 -1 
17 2 31 -6 
12 -1 -1 0 
17 2 30 -6 
13 -2 -2 0 
18 2 30 -5 
14 -2 -2 1 
18 2 29 -5 
-1 -1 25 -5 
17 8 12 13 
-1 -1 24 -6 
17 9 12 13 
-1 0 23 -6 
17 9 13 13 
-2 1 23 -6 
16 9 13 13 
16 2 3 12 
-6 -8 -1 15 
16 2 3 11 
-5 -8 -1 15 
16 3 3 11 
-5 -8 -2 15 
17 3 3 10 
-4 -8 -3 14 
-3 1 -9 11 
-22 -2 -1 9 
-3 1 -9 12 
-22 -2 -2 9 
-2 1 -10 12 
-21 -2 -3 9 
-1 0 -11 12 
-21 -3 -4 9 
23 3 -16 0 
41 28 -35 10 
22 4 -15 0 
37 31 -34 10 
22 4 -15 0 
32 33 -32 9 
21 4 -14 1 
26 35 -31 8 
696 20 -149 -9 
-113 149 377 616 
718 36 -140 -15 
-116 128 348 620 
737 54 -129 -22 
-118 108 320 623 
754 72 -117 -28 
-120 89 293 624 
103 76 -102 -56 
127 42 -38 -35 
102 75 -96 -50 
130 46 -37 -37 
101 73 -90 -44 
131 50 -36 -38 
99 71 -83 -37 
133 54 -35 -39 
54 17 21 55 
-72 -65 19 -17 
57 17 18 52 
-71 -63 14 -20 
60 18 14 49 
-70 -62 9 -23 
63 19 11 46 
-69 -60 4 -26 
-4 5 -31 9 
23 32 -7 4 
-3 4 -30 10 
25 29 -8 6 
-2 2 -29 12 
28 26 -9 9 
-1 1 -29 14 
30 23 -10 11 
-57 38 7 -56 
10 1 0 -3 
-56 40 4 -56 
10 2 1 -5 
-54 41 0 -55 
10 4 1 -7 
-53 43 -4 -54 
11 5 2 -9 
-13 -1 2 12 
-8 25 29 20 
-12 0 1 11 
-9 24 29 20 
-11 0 0 10 
-11 23 29 21 
-10 0 -1 10 
-12 22 29 22 
-26 22 -1 -20 
38 -17 -32 33 
-29 25 0 -21 
38 -17 -30 31 
-31 27 1 -22 
38 -17 -27 29 
-33 29 2 -22 
38 -17 -24 27 
-26 -5 -9 15 
9 -5 0 -17 
-25 -7 -11 16 
10 -5 0 -16 
-24 -8 -12 17 
11 -5 0 -15 
-24 -10 -14 18 
12 -6 0 -14 
-2 2 43 6 
-14 -16 -11 -13 
-3 1 43 7 
-14 -16 -10 -12 
-5 0 43 8 
-15 -17 -10 -12 
-6 -1 43 9 
-15 -17 -9 -12 
12 -11 -6 -14 
31 6 -11 13 
11 -11 -5 -14 
33 5 -11 13 
10 -11 -3 -14 
34 4 -10 14 
10 -10 -2 -13 
35 4 -10 15 
-20 -6 28 -9 
-11 0 -16 18 
-21 -6 26 -9 
-12 -1 -15 19 
-21 -5 25 -9 
-12 -2 -15 19 
-22 -5 23 -9 
-12 -3 -14 20 
-18 6 -22 -1 
14 -3 0 1 
-18 5 -22 -1 
14 -4 1 1 
-18 5 -22 0 
14 -4 1 1 
-17 4 -22 1 
13 -4 2 1 
-5 15 -3 4 
9 20 6 34 
-5 15 -4 5 
8 19 7 34 
-5 15 -4 5 
8 17 8 35 
-5 16 -4 6 
7 16 8 35 
1 -3 -20 -8 
-19 -3 1 10 
2 -3 -21 -8 
-19 -3 1 10 
2 -3 -21 -9 
-19 -3 0 10 
3 -2 -21 -9 
-19 -3 -1 9 
-5 -14 -12 7 
2 17 9 1 
-4 -15 -12 7 
2 16 9 2 
-4 -16 -12 8 
1 16 9 3 
-4 -16 -12 7 
1 15 9 5 
9 -2 -6 -1 
-7 -6 -1 -27 
9 -2 -6 -1 
-7 -4 -2 -27 
9 -3 -5 -1 
-7 -3 -2 -27 
9 -3 -5 -1 
-7 -1 -2 -28 
-40 -3 -20 12 
-26 18 -22 33 
-40 -3 -21 11 
-27 17 -21 34 
-40 -2 -22 11 
-28 16 -20 35 
-40 -1 -23 10 
-29 15 -20 35 
-12 -4 -38 -8 
-5 4 -1 6 
-12 -3 -37 -8 
-5 4 -1 6 
-11 -3 -36 -9 
-5 5 -1 6 
-11 -2 -36 -9 
-5 5 -1 6 
21 -11 21 1 
-2 3 -28 7 
19 -10 22 0 
-1 4 -28 6 
18 -10 24 -1 
-1 4 -28 6 
16 -9 25 -2 
-1 5 -28 6 
-13 -8 -15 4 
-4 1 1 8 
-12 -7 -15 3 
-4 2 1 7 
-11 -6 -16 2 
-4 3 1 6 
-10 -5 -17 1 
-4 4 1 6 
16 -37 8 13 
-20 8 13 -8 
17 -38 9 11 
-21 8 12 -7 
17 -38 9 10 
-21 8 11 -6 
17 -38 10 8 
-21 9 10 -5 
7 4 3 12 
6 -3 25 -4 
8 4 4 12 
6 -3 25 -4 
8 4 5 12 
5 -2 25 -4 
8 3 5 12 
4 -2 25 -5 
-6 8 -7 14 
-14 -1 1 5 
-5 7 -7 14 
-14 -2 1 5 
-5 7 -7 15 
-13 -2 1 5 
-4 7 -8 15 
-13 -3 0 5 
5 -7 3 -27 
-3 6 4 -6 
5 -6 4 -27 
-4 6 4 -6 
5 -6 4 -27 
-4 7 4 -6 
5 -5 5 -27 
-5 7 4 -6 
-1 -5 -16 -1 
10 13 0 13 
-1 -5 -15 -2 
9 13 1 13 
-1 -4 -15 -2 
9 12 1 13 
-1 -4 -15 -3 
8 12 2 14 
14 -15 -12 8 
5 -2 4 -20 
15 -16 -12 8 
5 -1 4 -20 
15 -16 -12 7 
5 -1 3 -19 
16 -17 -11 7 
5 0 3 -19 
-1 12 0 12 
-3 -17 14 -10 
0 12 0 12 
-3 -16 14 -11 
0 11 0 12 
-3 -16 13 -11 
1 11 -1 13 
-3 -15 13 -12 
4 -14 14 -12 
2 -8 -4 3 
3 -13 15 -12 
1 -8 -3 3 
2 -13 15 -13 
0 -8 -2 3 
1 -12 16 -13 
-1 -8 -2 3 
5 8 -10 5 
-10 19 -10 13 
5 8 -9 5 
-11 19 -10 13 
4 8 -9 6 
-11 19 -10 13 
4 8 -8 6 
-12 19 -10 13 
0 -7 -26 5 
0 -26 -19 7 
0 -6 -25 4 
1 -26 -19 6 
0 -6 -25 4 
1 -26 -19 6 
-1 -5 -24 3 
1 -27 -19 5 
-23 -9 -14 -1 
1 7 -10 -5 
-23 -10 -15 0 
1 7 -10 -4 
-22 -10 -16 1 
1 7 -9 -4 
-22 -11 -16 1 
1 7 -9 -3 
-2 14 -9 -3 
2 -4 -1 17 
-1 15 -10 -3 
2 -5 -1 17 
-1 15 -10 -3 
3 -5 -2 16 
-1 16 -10 -3 
3 -5 -2 16 
-8 2 1 -5 
-18 4 18 -6 
-7 2 0 -5 
-19 4 17 -6 
-6 2 -1 -4 
-19 5 17 -6 
-5 2 -2 -4 
-20 5 16 -7 
17 0 10 6 
-2 4 -9 3 
16 0 11 6 
-2 4 -10 4 
15 0 12 5 
-2 3 -10 4 
14 0 14 5 
-1 2 -10 4 
-28 11 -13 -15 
10 25 9 5 
-28 12 -13 -15 
10 26 10 5 
-27 12 -14 -14 
9 27 11 4 
-26 13 -15 -14 
9 27 12 4 
11 18 9 28 
-18 15 -25 13 
10 18 10 28 
-17 15 -25 13 
9 18 10 27 
-17 14 -25 13 
8 18 11 27 
-16 14 -26 13 
-8 34 1 -5 
2 3 1 21 
-8 35 1 -5 
1 4 2 20 
-9 36 1 -5 
-1 4 3 19 
-10 37 2 -5 
-2 4 4 17 
-7 14 -25 6 
-4 2 -19 17 
-7 15 -24 6 
-3 2 -19 16 
-7 16 -24 6 
-2 2 -19 15 
-7 16 -24 6 
-1 2 -19 15 
10 1 8 0 
-8 -5 13 6 
11 1 8 0 
-9 -5 12 6 
11 2 8 0 
-10 -4 12 5 
11 2 8 -1 
-11 -4 12 4 
5 -19 -18 6 
-10 1 -16 -9 
5 -19 -17 6 
-9 1 -17 -8 
6 -19 -17 6 
-8 1 -18 -7 
6 -20 -16 5 
-7 1 -19 -7 
-27 -2 0 6 
-1 27 17 0 
-26 -2 -1 7 
-3 26 18 1 
-26 -3 -1 7 
-4 26 19 2 
-25 -4 -2 7 
-6 25 20 3 
15 14 -16 -2 
-5 7 -1 17 
15 15 -15 -3 
-5 6 -2 17 
15 16 -14 -3 
-5 6 -3 16 
15 16 -12 -3 
-5 5 -3 16 
-3 2 -6 -15 
10 1 0 13 
-2 3 -6 -15 
11 1 0 12 
-2 4 -6 -16 
12 1 0 12 
-2 5 -7 -16 
12 1 0 11 
-1 6 15 -4 
-23 6 -12 17 
-1 6 15 -4 
-23 6 -13 17 
-2 7 14 -4 
-23 5 -13 18 
-2 7 14 -4 
-22 4 -14 18 
-7 6 -11 -6 
-6 -9 3 -12 
-7 6 -10 -6 
-6 -9 3 -12 
-7 6 -10 -5 
-7 -9 4 -12 
-7 6 -10 -5 
-8 -9 4 -13 
13 6 -11 -11 
3 3 17 6 
14 7 -10 -11 
2 3 17 6 
14 7 -9 -10 
1 3 17 6 
14 8 -8 -10 
-1 3 17 5 
-12 5 -46 -5 
-13 1 18 10 
-10 5 -47 -5 
-12 0 17 10 
-7 6 -48 -5 
-12 0 16 9 
-5 6 -48 -5 
-11 0 15 9 
-27 -5 5 -5 
-2 26 0 2 
-27 -6 4 -5 
-2 26 1 3 
-27 -6 4 -5 
-2 25 1 4 
-27 -6 3 -5 
-2 24 2 5 
-31 -5 8 -22 
-4 -3 -14 6 
-32 -3 8 -23 
-5 -2 -13 5 
-33 -2 7 -24 
-6 -2 -12 5 
-34 -1 7 -25 
-8 -1 -10 4 
7 -3 -30 9 
67 -13 -43 -9 
7 -3 -30 9 
63 -11 -41 -11 
6 -3 -29 9 
58 -8 -39 -12 
5 -3 -28 9 
52 -5 -36 -13 
732 0 -159 15 
46 110 461 539 
757 12 -151 11 
46 90 433 545 
779 25 -141 7 
45 70 406 549 
799 39 -129 2 
45 51 379 552 
103 80 -30 -52 
85 95 -4 7 
105 78 -31 -44 
88 97 -6 8 
107 75 -31 -36 
91 99 -8 9 
108 72 -30 -27 
93 100 -10 10 
10 19 35 45 
-2 -71 20 -4 
12 21 31 42 
0 -69 18 -8 
13 22 27 38 
1 -68 16 -12 
15 24 24 35 
2 -66 14 -15 
-15 -13 3 5 
-4 31 -9 -16 
-14 -15 1 7 
-1 30 -10 -13 
-12 -17 -1 8 
3 28 -12 -10 
-11 -19 -3 10 
6 26 -14 -8 
-71 15 46 -23 
6 42 -22 -21 
-72 15 43 -23 
4 44 -19 -21 
-73 14 40 -22 
3 46 -16 -20 
-74 13 37 -21 
2 47 -14 -20 
-6 -15 -42 27 
-46 21 2 21 
-4 -15 -43 25 
-45 20 0 22 
-2 -14 -43 23 
-45 20 -2 23 
0 -13 -43 21 
-44 19 -4 23 
-12 18 17 7 
11 -29 -23 23 
-14 19 18 7 
11 -29 -22 21 
-16 21 19 6 
11 -28 -20 19 
-18 22 21 6 
11 -28 -19 17 
-14 8 1 33 
22 -23 4 -39 
-14 6 1 35 
23 -22 4 -39 
-14 3 0 36 
23 -20 5 -39 
-14 1 0 37 
23 -18 6 -40 
3 -4 26 19 
-3 -11 -2 3 
2 -5 26 19 
-4 -12 -2 3 
1 -5 26 20 
-5 -13 -1 3 
0 -6 25 20 
-6 -13 -1 3 
13 -2 -18 -16 
-14 8 -8 -4 
14 -2 -17 -15 
-13 9 -9 -4 
14 -2 -16 -15 
-12 10 -10 -4 
14 -1 -16 -14 
-11 11 -11 -4 
-21 11 15 27 
-6 8 -11 23 
-22 11 14 27 
-7 8 -10 23 
-23 11 14 26 
-7 8 -9 23 
-24 11 14 26 
-7 8 -9 23 
28 -8 7 19 
40 3 21 -33 
28 -10 8 19 
40 4 21 -32 
27 -12 9 19 
40 5 21 -31 
27 -13 10 19 
41 6 21 -31 
-2 -16 20 6 
-4 8 12 -7 
-1 -16 19 5 
-4 8 12 -6 
-1 -17 18 5 
-5 8 12 -6 
0 -17 16 4 
-5 8 12 -5 
-5 13 -11 9 
-26 -15 -1 -14 
-4 13 -11 9 
-26 -14 -2 -15 
-4 12 -11 10 
-26 -13 -3 -16 
-3 12 -11 10 
-26 -12 -4 -17 
11 -18 3 5 
-5 1 -2 -24 
10 -19 4 5 
-5 2 -2 -24 
10 -20 5 5 
-4 3 -3 -23 
9 -21 6 4 
-4 4 -3 -22 
-14 -17 3 15 
22 10 15 -2 
-15 -18 2 14 
21 10 17 -1 
-15 -19 2 14 
19 10 18 0 
-15 -19 2 13 
18 10 20 1 
29 -26 -9 -6 
1 -20 9 11 
29 -25 -8 -7 
1 -21 8 11 
29 -24 -8 -8 
1 -21 7 11 
29 -23 -7 -9 
1 -22 7 11 
-25 4 -16 -15 
-14 -16 5 24 
-25 5 -17 -15 
-15 -17 6 24 
-24 6 -17 -14 
-17 -18 7 23 
-23 7 -18 -13 
-18 -18 7 23 
1 10 -25 7 
-12 4 -23 1 
1 10 -25 8 
-11 3 -24 2 
1 9 -24 9 
-10 3 -25 2 
1 8 -23 10 
-9 2 -25 3 
-17 8 -17 -3 
-1 17 26 6 
-16 8 -18 -2 
-2 17 27 7 
-14 8 -19 -2 
-3 17 27 7 
-13 8 -20 -1 
-4 17 27 8 
0 4 -10 12 
19 -2 6 16 
0 5 -9 11 
19 -2 6 15 
0 5 -9 11 
19 -3 6 15 
0 5 -8 11 
19 -3 7 15 
0 13 8 -1 
-18 5 -1 13 
0 13 7 -1 
-18 6 -1 13 
0 14 7 0 
-18 7 -2 12 
0 14 6 0 
-18 7 -3 12 
28 0 13 21 
-10 -16 -17 15 
27 0 15 21 
-9 -17 -18 15 
26 0 16 21 
-8 -18 -19 14 
25 0 17 20 
-8 -19 -20 14 
-5 -4 6 -6 
9 19 15 -20 
-5 -5 6 -5 
8 19 15 -19 
-6 -6 6 -4 
7 19 16 -18 
-6 -7 6 -3 
5 19 17 -16 
16 5 -9 -7 
9 9 8 15 
17 6 -9 -8 
10 8 8 16 
17 6 -8 -8 
10 7 8 16 
17 7 -7 -8 
10 7 8 16 
18 -11 20 3 
-1 19 -13 -8 
17 -12 20 3 
0 19 -14 -7 
16 -13 21 4 
0 18 -14 -5 
15 -14 21 4 
0 18 -14 -4 
21 10 0 8 
4 -21 -7 7 
21 10 0 8 
5 -22 -8 6 
21 10 0 8 
6 -23 -9 6 
21 10 1 8 
7 -24 -10 5 
23 1 14 -25 
3 9 20 18 
24 1 14 -24 
4 8 19 19 
25 2 14 -24 
4 6 18 19 
26 2 13 -23 
4 5 17 20 
-7 -11 13 -27 
-35 -9 -33 -23 
-8 -11 13 -27 
-34 -8 -33 -24 
-9 -11 13 -27 
-33 -7 -34 -24 
-9 -11 12 -26 
-32 -6 -35 -24 
-8 0 6 13 
-2 -7 -16 -2 
-9 -1 7 13 
-2 -7 -15 -2 
-10 -1 8 13 
-3 -8 -15 -2 
-10 -2 8 13 
-3 -8 -14 -2 
14 -27 -8 -13 
-23 22 7 6 
15 -27 -7 -13 
-23 22 6 7 
15 -26 -7 -13 
-23 21 5 9 
16 -26 -7 -14 
-22 20 4 10 
27 -14 4 -10 
-10 3 -15 -6 
27 -14 6 -11 
-8 3 -16 -5 
26 -14 7 -12 
-7 3 -18 -5 
26 -14 8 -12 
-5 2 -19 -4 
-10 -2 13 -5 
-3 -5 0 -16 
-10 -2 12 -5 
-3 -4 0 -16 
-10 -2 12 -5 
-3 -4 1 -16 
-10 -3 11 -5 
-3 -3 1 -16 
3 -19 2 -4 
-12 2 -11 4 
2 -19 3 -5 
-12 2 -11 4 
2 -19 3 -6 
-12 2 -12 5 
1 -18 3 -6 
-12 2 -12 5 
7 2 6 6 
5 -16 -8 -8 
7 2 7 6 
6 -16 -9 -9 
6 2 7 6 
7 -15 -9 -9 
6 2 8 6 
8 -14 -9 -10 
0 -16 24 4 
-3 -3 4 -7 
-1 -16 24 3 
-3 -4 4 -6 
-1 -16 24 3 
-3 -4 4 -6 
-1 -17 23 3 
-3 -5 4 -5 
17 18 12 -3 
3 25 -5 4 
16 18 13 -2 
3 25 -5 4 
16 17 14 -1 
4 26 -5 4 
15 17 14 0 
4 26 -6 4 
-14 -24 -16 12 
9 21 14 2 
-12 -25 -17 11 
9 21 15 3 
-11 -25 -18 10 
9 20 15 5 
-10 -25 -19 8 
9 20 15 6 
-5 1 5 3 
-10 -1 -2 -12 
-5 1 4 3 
-10 -1 -2 -12 
-5 1 4 3 
-11 0 -2 -12 
-5 0 4 3 
-11 0 -3 -12 
-4 -10 -17 3 
-3 -1 12 -5 
-3 -10 -18 2 
-3 -1 12 -5 
-2 -10 -18 2 
-3 -1 11 -5 
-1 -11 -18 2 
-3 -1 11 -4 
3 21 4 5 
-10 3 -6 17 
3 21 4 5 
-10 2 -7 17 
3 21 4 6 
-10 1 -7 17 
3 21 5 7 
-10 1 -8 17 
-4 6 -5 -6 
11 -19 -3 -15 
-4 6 -5 -6 
12 -19 -3 -16 
-4 6 -5 -5 
12 -19 -3 -16 
-4 5 -5 -5 
13 -18 -3 -17 
-7 7 2 -2 
-2 -5 13 9 
-6 7 1 -2 
-3 -6 13 9 
-6 7 0 -1 
-3 -7 13 9 
-5 7 -1 -1 
-4 -8 13 9 
0 -4 -8 -26 
4 -13 3 2 
0 -3 -8 -26 
4 -13 3 1 
0 -2 -8 -26 
4 -13 3 1 
1 -1 -8 -26 
4 -13 3 0 
1 0 -10 -3 
5 1 -16 5 
1 1 -10 -3 
6 1 -17 5 
1 1 -10 -3 
7 1 -17 4 
1 1 -10 -3 
8 1 -17 4 
11 -10 9 1 
21 -7 -12 3 
11 -10 8 0 
23 -7 -12 3 
10 -10 8 0 
24 -8 -12 3 
10 -10 8 -1 
25 -8 -12 3 
-13 5 14 -9 
-4 -25 2 6 
-13 6 12 -8 
-5 -25 2 6 
-13 6 11 -8 
-6 -26 3 5 
-13 7 10 -8 
-7 -27 3 4 
2 13 -17 -30 
-4 -10 -4 -3 
2 14 -17 -29 
-4 -9 -4 -4 
2 15 -16 -28 
-4 -7 -4 -6 
2 16 -16 -27 
-5 -6 -4 -7 
0 -4 -12 12 
-17 -7 -1 -1 
0 -4 -12 12 
-18 -7 -2 -1 
0 -5 -12 12 
-18 -7 -2 -1 
0 -5 -12 11 
-18 -7 -2 -1 
49 1 -4 0 
69 -8 -29 -11 
48 1 -2 0 
66 -5 -28 -13 
47 1 0 1 
62 -1 -27 -14 
45 1 2 1 
56 2 -25 -15 
696 -42 -166 48 
175 56 473 476 
721 -34 -160 44 
180 35 447 484 
745 -24 -152 39 
184 15 421 490 
766 -13 -142 35 
188 -4 396 494 
83 62 67 -51 
-18 87 36 5 
88 57 59 -40 
-14 88 29 8 
94 52 51 -30 
-11 87 23 11 
99 48 43 -20 
-8 87 17 14 
7 13 38 22 
0 -70 30 -9 
8 14 37 20 
0 -69 30 -12 
9 16 35 17 
0 -68 29 -16 
10 17 34 15 
0 -66 28 -19 
-2 -36 -4 -5 
2 20 2 -24 
0 -38 -5 -4 
4 19 0 -21 
1 -39 -5 -4 
7 18 -1 -19 
2 -41 -6 -3 
9 17 -3 -17 
-38 18 34 -19 
-35 16 -36 -13 
-39 18 32 -19 
-35 18 -36 -14 
-40 18 30 -18 
-35 20 -36 -15 
-40 19 28 -18 
-34 22 -36 -16 
-19 -10 -29 36 
-18 23 -21 49 
-18 -9 -29 35 
-16 21 -21 50 
-18 -8 -29 33 
-15 19 -22 51 
-17 -7 -29 31 
-13 17 -23 51 
-15 16 25 -33 
-3 -10 -25 23 
-16 19 25 -34 
-1 -8 -25 21 
-17 21 25 -34 
1 -7 -25 19 
-18 24 24 -35 
3 -5 -25 16 
-12 -23 40 19 
-13 -18 6 -21 
-13 -24 39 18 
-14 -17 7 -21 
-13 -24 38 17 
-14 -17 7 -21 
-14 -24 37 16 
-14 -16 7 -22 
8 -29 14 -13 
24 -7 -11 0 
7 -28 15 -14 
25 -7 -11 0 
6 -27 16 -15 
26 -8 -10 0 
5 -27 17 -16 
27 -8 -10 0 
-7 -22 20 -31 
6 -2 -19 20 
-7 -20 19 -32 
6 -2 -19 20 
-8 -18 18 -33 
7 -2 -18 19 
-8 -16 17 -34 
7 -2 -18 19 
-29 -11 -20 -2 
-27 -17 4 1 
-28 -11 -21 -3 
-28 -16 3 0 
-26 -10 -23 -3 
-28 -15 2 -1 
-24 -9 -25 -4 
-28 -13 2 -2 
-9 -23 -12 17 
-2 -28 18 -23 
-9 -24 -12 16 
-3 -27 18 -23 
-8 -24 -12 15 
-4 -26 18 -24 
-7 -25 -12 15 
-5 -24 18 -24 
6 2 -13 12 
-2 -7 1 17 
7 2 -13 12 
-1 -8 0 17 
8 3 -13 12 
0 -8 -1 16 
8 3 -13 12 
0 -8 -2 16 
-18 17 -3 11 
-19 35 1 14 
-17 17 -4 12 
-19 35 1 15 
-17 16 -5 13 
-20 35 1 15 
-16 16 -6 14 
-21 35 1 16 
4 7 -23 26 
-10 -21 2 -1 
4 6 -22 25 
-10 -22 1 -1 
5 6 -22 25 
-10 -22 1 -1 
6 5 -21 24 
-10 -23 0 -1 
8 12 -1 -10 
1 -1 6 -3 
9 12 -1 -9 
1 -1 6 -3 
9 12 -1 -8 
1 0 6 -4 
9 12 0 -7 
1 0 5 -4 
-2 31 -1 11 
26 -24 7 16 
-2 32 -1 12 
26 -24 8 14 
-2 32 -1 12 
26 -24 9 12 
-2 33 -1 13 
26 -24 9 11 
4 24 15 -5 
4 -13 2 -6 
3 24 15 -4 
3 -12 2 -7 
3 24 14 -3 
3 -11 3 -8 
3 24 14 -2 
2 -10 3 -10 
0 1 -3 20 
8 2 -2 -11 
0 0 -2 20 
8 3 -1 -11 
-1 0 -2 20 
7 3 -1 -10 
-1 -1 -2 20 
6 3 0 -10 
-1 1 -14 -5 
21 -12 -5 -10 
-1 1 -14 -5 
21 -12 -5 -11 
-1 1 -13 -5 
21 -11 -4 -12 
-1 1 -13 -5 
21 -11 -3 -12 
0 1 -10 2 
2 15 25 -26 
2 0 -11 3 
1 16 25 -26 
3 -1 -12 3 
1 18 24 -25 
4 -2 -13 3 
0 19 24 -25 
-3 13 -1 21 
3 15 16 21 
-3 14 -1 20 
2 15 16 21 
-3 14 -1 19 
1 15 17 21 
-2 15 -1 18 
0 14 17 21 
-11 -7 -14 1 
-4 6 -3 -9 
-11 -8 -14 1 
-4 5 -3 -8 
-11 -8 -14 0 
-4 4 -3 -7 
-11 -8 -14 0 
-4 4 -2 -7 
17 -8 6 -34 
-1 -2 -12 12 
16 -7 7 -34 
0 -2 -13 11 
16 -5 8 -35 
0 -2 -13 11 
15 -4 9 -36 
1 -2 -13 10 
13 -8 14 -7 
17 -7 -3 7 
12 -8 14 -7 
18 -7 -3 6 
12 -7 14 -8 
18 -8 -2 6 
11 -6 15 -8 
18 -9 -2 6 
8 4 11 -21 
7 -23 -18 8 
7 5 10 -20 
7 -24 -18 7 
7 6 10 -20 
8 -25 -18 6 
6 7 10 -20 
9 -25 -18 5 
-5 41 4 -13 
-20 -7 5 22 
-4 42 3 -12 
-21 -6 5 21 
-4 43 3 -10 
-22 -6 5 19 
-4 44 2 -9 
-23 -5 5 18 
23 -15 -2 18 
18 6 -1 -12 
22 -16 0 18 
18 5 -1 -10 
21 -18 2 18 
18 4 -1 -9 
20 -19 4 18 
18 3 -1 -8 
17 -9 11 -10 
-4 16 -3 -1 
17 -10 11 -9 
-3 15 -4 0 
17 -10 11 -9 
-3 15 -4 1 
17 -11 11 -9 
-2 15 -5 2 
-9 18 -4 12 
-11 -21 12 -20 
-8 17 -5 13 
-12 -21 12 -20 
-7 16 -6 14 
-13 -21 12 -21 
-6 15 -6 15 
-14 -21 12 -21 
-18 -10 -26 -15 
-1 30 9 4 
-17 -10 -27 -15 
-1 30 9 6 
-16 -10 -27 -14 
-1 29 9 7 
-15 -10 -27 -14 
-1 28 9 9 
7 0 12 -3 
-8 2 -3 -1 
7 0 12 -4 
-8 2 -4 -1 
7 0 12 -4 
-8 1 -4 -1 
6 0 12 -5 
-7 1 -5 -1 
12 -16 10 -14 
-11 -5 -14 -4 
11 -15 11 -14 
-11 -5 -14 -4 
11 -15 12 -15 
-10 -5 -15 -4 
10 -14 12 -15 
-10 -4 -15 -4 
28 -17 14 8 
1 -22 4 -4 
28 -18 15 8 
2 -23 3 -4 
27 -18 16 7 
3 -24 2 -4 
27 -18 17 7 
3 -24 1 -4 
-17 7 11 -15 
1 10 2 6 
-18 8 11 -14 
0 10 3 6 
-18 8 10 -13 
-1 9 4 6 
-18 8 9 -12 
-1 9 5 7 
11 -31 -1 -9 
1 -7 -3 -27 
11 -31 0 -10 
1 -7 -3 -26 
10 -31 0 -11 
1 -6 -3 -26 
10 -32 1 -11 
1 -6 -3 -25 
0 22 11 7 
24 4 -28 13 
-2 22 12 7 
25 4 -27 12 
-3 22 13 8 
25 5 -25 12 
-5 22 13 9 
25 5 -24 11 
3 -10 -8 5 
-6 -8 -4 -5 
4 -10 -9 4 
-5 -8 -5 -5 
5 -10 -10 4 
-5 -9 -5 -5 
5 -10 -11 3 
-4 -9 -6 -5 
19 -6 2 -9 
9 -13 6 -10 
19 -6 2 -9 
10 -13 5 -10 
20 -6 2 -9 
11 -12 4 -10 
21 -6 2 -9 
12 -12 3 -11 
0 -9 14 13 
-7 10 -2 -17 
1 -10 13 13 
-7 10 -3 -16 
1 -11 12 13 
-6 10 -3 -14 
1 -13 11 14 
-6 9 -4 -13 
-6 25 8 6 
12 -18 10 -5 
-7 25 8 6 
11 -17 11 -6 
-7 24 8 7 
10 -17 12 -7 
-7 24 8 7 
9 -16 13 -8 
3 20 -12 4 
-2 -12 3 17 
3 20 -12 4 
-3 -12 3 16 
4 21 -12 5 
-3 -12 3 15 
4 22 -12 6 
-4 -12 2 14 
-27 -16 -23 -7 
6 -4 -15 -16 
-27 -16 -23 -7 
6 -3 -15 -16 
-27 -16 -24 -7 
6 -2 -14 -16 
-26 -16 -25 -8 
6 -1 -13 -16 
-16 2 -8 20 
17 1 2 -33 
-16 1 -8 20 
17 3 3 -34 
-16 0 -9 20 
17 4 3 -34 
-16 -1 -9 20 
16 5 4 -34 
-8 11 3 2 
-13 -9 5 29 
-8 12 2 2 
-13 -10 5 29 
-7 13 2 1 
-14 -11 5 28 
-7 15 1 0 
-14 -12 5 27 
3 11 -5 -28 
-8 -12 -5 2 
2 12 -4 -28 
-9 -11 -4 1 
2 13 -3 -27 
-10 -11 -4 0 
1 13 -2 -27 
-10 -10 -4 -1 
-22 9 -24 6 
10 1 -23 -12 
-22 9 -24 6 
11 2 -22 -12 
-22 8 -24 7 
12 3 -22 -12 
-22 8 -25 7 
13 3 -21 -13 
18 4 18 15 
5 3 21 11 
19 4 18 15 
6 2 20 11 
19 4 17 15 
6 1 19 12 
20 3 17 15 
6 0 18 12 
8 11 14 -3 
-5 -3 -11 13 
8 12 14 -3 
-4 -4 -11 12 
7 12 14 -2 
-3 -4 -12 12 
7 12 14 -2 
-1 -5 -13 12 
22 9 11 -18 
95 -22 -21 27 
21 10 11 -18 
93 -21 -20 25 
21 12 11 -18 
90 -19 -18 24 
20 13 11 -18 
86 -18 -16 22 
669 -89 -152 35 
130 46 467 335 
697 -85 -149 33 
138 29 437 344 
723 -80 -144 30 
147 13 407 352 
747 -74 -137 26 
155 -3 379 358 
46 -3 93 -67 
-83 58 83 29 
55 -5 82 -60 
-80 57 74 33 
64 -8 70 -53 
-75 55 64 36 
73 -10 59 -46 
-70 53 54 40 
37 -11 78 -3 
18 -64 26 -14 
36 -10 79 -5 
18 -63 25 -16 
35 -8 80 -6 
19 -62 25 -19 
35 -7 80 -8 
20 -61 24 -21 
-17 -81 14 -27 
32 43 3 5 
-17 -82 13 -28 
33 41 3 9 
-16 -82 11 -29 
35 38 4 13 
-16 -82 9 -30 
36 36 4 17 
-36 -7 36 -25 
-15 25 -31 -20 
-37 -8 34 -25 
-14 25 -31 -19 
-37 -8 32 -25 
-14 26 -30 -18 
-38 -8 29 -25 
-13 26 -30 -17 
-19 -21 -16 -10 
4 -9 -8 33 
-18 -19 -17 -12 
5 -10 -8 33 
-17 -16 -18 -14 
7 -11 -8 32 
-17 -14 -18 -16 
8 -12 -9 32 
-28 -11 31 -18 
14 -16 -23 12 
-29 -9 30 -18 
13 -16 -21 12 
-31 -8 29 -18 
13 -16 -20 11 
-32 -7 28 -19 
13 -16 -18 10 
8 -10 -7 -9 
1 -18 -6 -26 
8 -10 -7 -9 
1 -16 -6 -27 
8 -10 -7 -9 
1 -15 -6 -27 
8 -11 -7 -8 
1 -14 -6 -28 
12 12 -5 24 
-10 -20 -11 -12 
12 11 -5 24 
-9 -21 -12 -12 
12 10 -5 25 
-9 -21 -13 -13 
12 9 -4 26 
-8 -21 -13 -13 
0 25 -3 -13 
-6 29 -2 44 
0 26 -4 -12 
-5 28 -3 44 
0 27 -4 -11 
-5 27 -3 44 
0 28 -4 -10 
-5 26 -3 44 
-17 19 -1 22 
-1 2 2 -18 
-17 18 -1 23 
-2 2 2 -18 
-18 17 -2 23 
-2 3 3 -18 
-17 15 -2 24 
-2 3 3 -18 
-14 3 2 -6 
13 16 -25 8 
-15 3 2 -6 
14 15 -24 8 
-16 3 2 -7 
15 15 -23 9 
-17 3 3 -7 
16 14 -23 9 
17 -9 10 -11 
1 17 27 9 
19 -8 10 -12 
1 18 26 9 
20 -8 9 -12 
1 18 25 10 
21 -7 8 -13 
1 18 24 10 
15 21 9 23 
-7 8 -7 6 
15 21 9 23 
-5 8 -8 6 
15 20 9 23 
-4 8 -9 6 
15 20 9 24 
-3 8 -10 6 
-7 5 22 6 
21 -5 3 -21 
-7 4 21 7 
21 -5 4 -21 
-8 3 21 7 
21 -4 5 -21 
-9 2 21 7 
21 -4 6 -21 
13 16 2 8 
0 -9 6 -14 
14 16 2 8 
0 -9 5 -14 
14 15 1 9 
0 -8 5 -15 
15 15 1 10 
1 -7 4 -16 
14 -5 9 6 
5 -9 -11 -11 
14 -6 9 6 
6 -9 -12 -11 
14 -6 9 6 
6 -8 -12 -11 
13 -6 9 6 
7 -8 -13 -11 
3 7 -3 3 
-6 -11 10 5 
4 7 -4 3 
-5 -12 9 5 
5 7 -4 4 
-4 -12 8 5 
6 7 -5 4 
-3 -12 7 5 
-5 -9 29 -10 
-26 -8 -16 3 
-7 -9 30 -10 
-27 -8 -16 3 
-8 -9 30 -10 
-28 -9 -15 3 
-10 -9 30 -9 
-29 -9 -15 3 
7 -10 -31 -3 
-10 -5 6 -26 
7 -11 -30 -2 
-10 -5 6 -25 
8 -12 -29 -2 
-11 -4 5 -25 
8 -13 -28 -1 
-11 -4 5 -24 
25 -3 -3 -7 
6 6 9 -1 
25 -3 -2 -7 
7 7 8 -2 
25 -3 -1 -7 
8 8 7 -2 
26 -2 0 -8 
8 9 6 -2 
8 -12 16 15 
21 3 20 16 
9 -12 15 14 
21 2 20 16 
9 -12 15 13 
20 2 20 16 
10 -11 14 12 
20 2 20 17 
-15 -12 -13 6 
-2 12 22 8 
-13 -12 -15 6 
-1 11 21 9 
-11 -12 -16 6 
-1 10 20 10 
-9 -13 -18 5 
-1 10 20 11 
-17 2 17 9 
-19 11 -29 -9 
-18 1 16 9 
-18 11 -28 -8 
-19 0 16 10 
-18 11 -28 -8 
-20 -1 16 10 
-18 11 -28 -7 
-11 4 -13 6 
-2 7 9 24 
-11 4 -13 6 
-4 6 10 25 
-11 5 -13 6 
-5 5 11 25 
-11 5 -12 6 
-7 4 11 26 
-7 17 -28 -3 
0 16 -2 3 
-7 17 -27 -3 
-1 16 -1 3 
-7 17 -27 -2 
-3 17 0 3 
-7 16 -26 -1 
-4 17 1 3 
3 -6 -39 14 
17 11 7 1 
4 -7 -39 13 
17 11 7 1 
5 -7 -39 13 
18 11 7 2 
6 -7 -38 12 
18 11 7 2 
-15 12 -3 9 
5 20 0 9 
-14 12 -4 9 
6 21 -1 9 
-14 12 -5 9 
7 21 -1 9 
-13 12 -7 9 
8 21 -1 9 
-29 19 19 9 
10 -1 -22 2 
-30 19 19 9 
10 -1 -20 1 
-31 19 18 8 
9 0 -19 0 
-32 19 17 8 
9 1 -18 -1 
-7 -21 -25 -4 
-21 -8 -7 -1 
-6 -21 -26 -5 
-20 -8 -8 -1 
-5 -20 -27 -6 
-19 -8 -9 -1 
-4 -20 -28 -7 
-18 -8 -10 -1 
-8 -2 -1 -1 
11 -6 4 29 
-8 -2 -1 -1 
11 -7 5 29 
-8 -1 -1 -1 
11 -8 5 29 
-8 0 -1 -1 
11 -9 6 29 
0 2 17 -1 
4 -3 0 -16 
-1 2 17 0 
4 -2 1 -16 
-2 2 17 0 
3 -1 1 -17 
-2 1 16 1 
3 1 2 -17 
25 4 7 17 
2 1 1 21 
25 4 7 16 
3 1 0 20 
25 5 8 15 
4 2 -1 19 
24 6 9 14 
4 2 -1 19 
29 8 30 29 
-16 -1 -1 15 
28 8 31 30 
-17 -1 -1 15 
26 7 32 29 
-18 -2 -2 15 
25 7 33 29 
-18 -2 -2 15 
7 1 -25 -3 
6 -9 24 5 
8 1 -25 -3 
5 -10 24 5 
9 2 -24 -3 
5 -10 24 4 
10 2 -23 -3 
4 -10 24 4 
1 5 4 1 
6 0 -4 -4 
0 5 5 1 
5 0 -3 -4 
-1 5 5 2 
4 -1 -3 -4 
-2 4 6 2 
4 -1 -2 -4 
4 -14 -16 -23 
0 10 8 -12 
5 -13 -16 -24 
0 10 8 -11 
5 -13 -16 -24 
0 11 8 -11 
5 -13 -15 -24 
0 11 8 -10 
19 2 15 6 
-7 3 -4 -13 
19 1 16 6 
-7 3 -5 -13 
18 0 17 6 
-7 4 -5 -13 
17 0 18 6 
-7 4 -5 -12 
1 10 -2 7 
0 -2 -1 -4 
1 10 -2 8 
0 -3 -1 -3 
1 9 -1 8 
0 -4 -1 -3 
0 9 -1 9 
1 -4 -2 -3 
-14 3 14 -25 
-2 4 -6 8 
-14 4 14 -25 
-3 4 -5 8 
-15 4 14 -25 
-3 4 -4 7 
-16 5 13 -24 
-3 4 -3 7 
-2 -8 2 0 
-1 26 4 -4 
-2 -8 2 0 
-2 26 5 -3 
-3 -9 3 0 
-4 27 6 -2 
-3 -9 3 0 
-5 27 6 -1 
16 15 -20 25 
22 9 19 7 
16 14 -19 24 
22 9 19 7 
17 14 -18 24 
22 9 19 6 
17 14 -17 23 
22 9 19 6 
-15 -8 18 -13 
-1 2 -18 26 
-16 -7 17 -14 
-1 1 -17 26 
-17 -5 17 -15 
-1 1 -16 26 
-18 -4 16 -16 
-1 0 -16 26 
-4 -10 -1 7 
6 4 -15 -9 
-5 -10 -1 7 
6 4 -14 -8 
-5 -11 -1 7 
6 4 -14 -7 
-6 -12 -1 7 
7 4 -14 -7 
0 15 1 7 
-4 12 -1 6 
0 15 0 7 
-5 12 -1 6 
0 15 0 7 
-5 13 -1 6 
0 15 0 7 
-6 14 -1 5 
-7 -19 -22 17 
-3 -5 9 -9 
-7 -19 -22 16 
-3 -5 9 -9 
-6 -20 -22 16 
-3 -5 9 -8 
-5 -20 -22 15 
-3 -6 9 -7 
6 7 -10 4 
-2 11 0 11 
6 7 -10 5 
-1 10 -1 12 
7 7 -10 6 
0 10 -2 12 
8 6 -10 6 
1 9 -3 13 
-8 7 14 4 
-3 8 1 -7 
-8 7 13 4 
-3 8 1 -7 
-7 6 12 5 
-2 9 0 -7 
-7 6 11 5 
-2 9 0 -6 
12 -17 14 7 
3 14 -5 -1 
12 -17 15 7 
4 14 -6 0 
12 -17 15 6 
5 15 -6 0 
11 -17 15 5 
6 15 -7 1 
18 3 11 25 
78 -4 -28 14 
17 2 11 25 
76 -3 -27 14 
17 2 11 25 
74 -1 -26 14 
16 1 11 24 
70 1 -24 13 
593 -142 -155 57 
-23 36 365 268 
619 -141 -152 54 
-15 19 334 279 
643 -139 -148 51 
-7 2 303 290 
665 -136 -142 46 
1 -14 273 299 
49 -51 -1 -107 
-93 6 80 7 
60 -53 -9 -101 
-87 4 69 11 
72 -54 -17 -95 
-81 1 57 14 
83 -56 -25 -89 
-74 -1 45 18 
11 -34 96 -31 
2 -55 9 -26 
10 -33 96 -31 
3 -55 8 -27 
10 -33 95 -31 
5 -55 7 -28 
9 -32 94 -31 
7 -55 6 -29 
-57 -91 10 -46 
35 10 38 0 
-56 -91 7 -47 
34 7 40 3 
-54 -91 4 -48 
32 4 42 7 
-53 -90 1 -49 
31 0 43 11 
-23 13 6 -43 
10 8 -34 -46 
-24 12 5 -41 
10 10 -33 -47 
-25 12 5 -40 
9 13 -31 -47 
-27 11 4 -38 
8 15 -29 -48 
-32 -26 -46 14 
30 0 -30 -17 
-32 -26 -47 13 
32 1 -30 -17 
-31 -26 -48 11 
35 2 -29 -17 
-31 -26 -49 9 
37 3 -28 -17 
-13 3 52 1 
-24 2 -46 2 
-15 4 51 1 
-23 3 -45 1 
-17 4 50 0 
-23 4 -45 0 
-19 5 48 -1 
-22 5 -45 -1 
15 -3 -13 8 
14 -23 4 -7 
15 -2 -12 7 
14 -22 3 -8 
16 -2 -11 6 
15 -20 3 -9 
16 -1 -11 6 
15 -19 2 -10 
-5 -1 -4 19 
3 -4 12 -5 
-3 -2 -5 20 
4 -4 11 -5 
-2 -3 -7 20 
4 -4 11 -5 
-1 -3 -8 20 
5 -3 10 -5 
-22 0 4 10 
14 -6 9 7 
-22 0 3 10 
14 -6 10 7 
-21 0 2 10 
15 -6 10 7 
-21 0 1 10 
16 -7 10 7 
-22 -2 28 6 
20 37 10 -1 
-23 -2 27 7 
19 36 12 0 
-24 -3 26 7 
18 36 13 2 
-24 -4 25 8 
17 35 15 3 
-2 19 -8 0 
-11 18 -12 17 
-2 20 -8 -1 
-10 18 -12 16 
-2 21 -8 -1 
-9 19 -13 16 
-2 21 -9 -2 
-8 19 -14 15 
-4 3 20 20 
-19 5 7 2 
-4 2 20 20 
-21 5 7 2 
-4 2 20 19 
-22 4 8 2 
-5 2 19 19 
-24 4 8 3 
-8 -1 -49 -6 
15 -9 4 -2 
-7 -1 -48 -6 
15 -10 4 -2 
-5 -1 -48 -6 
16 -10 3 -2 
-4 -1 -47 -6 
16 -11 3 -2 
-6 -6 -1 -22 
20 -4 6 8 
-6 -6 -2 -22 
20 -4 6 8 
-5 -6 -3 -22 
20 -5 7 8 
-5 -5 -4 -21 
20 -5 7 8 
11 7 1 -2 
-13 -5 9 -11 
11 7 1 -1 
-14 -4 8 -12 
12 7 0 0 
-14 -2 8 -13 
12 7 0 0 
-14 -1 7 -13 
5 10 -1 25 
3 -17 -16 16 
4 10 0 24 
3 -16 -16 15 
3 11 0 24 
3 -15 -16 14 
2 11 1 23 
3 -15 -16 13 
-7 21 -17 28 
-6 -6 29 8 
-5 21 -17 29 
-6 -6 29 7 
-3 21 -18 30 
-6 -5 28 6 
-1 20 -19 30 
-5 -4 27 5 
-17 -18 13 7 
5 -34 -15 -20 
-18 -18 13 6 
6 -34 -15 -20 
-19 -18 13 6 
7 -34 -14 -21 
-19 -18 13 5 
8 -34 -14 -21 
10 -20 20 -21 
-3 5 1 1 
10 -19 20 -20 
-3 5 0 1 
10 -19 20 -20 
-2 5 0 2 
10 -19 19 -20 
-1 6 -1 2 
2 16 2 21 
-7 5 19 -2 
3 15 1 22 
-7 4 18 -2 
4 15 0 22 
-7 4 17 -2 
5 14 0 23 
-7 3 16 -1 
-7 3 0 -23 
-3 7 7 -6 
-7 4 0 -23 
-3 8 7 -6 
-6 5 0 -23 
-3 9 7 -7 
-6 5 -1 -23 
-3 10 7 -7 
24 -4 12 4 
9 -5 -2 22 
24 -3 12 3 
9 -5 -2 22 
24 -2 13 2 
10 -6 -3 22 
23 -1 14 1 
10 -6 -3 21 
-9 10 -5 6 
4 20 21 -6 
-8 9 -6 7 
3 21 21 -6 
-7 9 -8 7 
3 22 21 -6 
-5 8 -9 8 
2 23 21 -6 
-19 3 -6 16 
16 -19 14 2 
-19 4 -6 15 
14 -18 16 1 
-19 4 -6 13 
12 -18 17 0 
-19 5 -7 12 
10 -17 19 -1 
19 1 -14 -2 
10 -36 -27 3 
18 1 -13 -3 
11 -36 -27 2 
17 2 -12 -3 
12 -36 -27 0 
16 3 -10 -3 
12 -36 -27 -1 
-6 9 -12 6 
-5 0 -19 -13 
-6 8 -13 7 
-4 0 -19 -13 
-6 7 -13 9 
-4 0 -19 -12 
-6 6 -14 10 
-4 0 -19 -12 
22 7 -2 0 
-7 -16 -4 -10 
23 7 -1 0 
-6 -16 -5 -11 
23 7 -1 0 
-5 -16 -6 -11 
23 7 -1 1 
-5 -16 -7 -12 
5 26 6 10 
8 1 24 3 
5 25 6 11 
7 0 24 2 
5 25 6 12 
5 0 25 2 
6 24 6 13 
4 0 25 2 
27 5 -6 -20 
0 18 -16 3 
27 6 -5 -20 
1 19 -17 2 
27 7 -4 -20 
2 20 -18 2 
26 7 -3 -20 
3 21 -19 1 
-10 -6 0 13 
-31 10 -5 -3 
-9 -6 -1 12 
-31 10 -6 -3 
-8 -6 -2 11 
-30 10 -7 -3 
-7 -6 -3 10 
-30 10 -8 -2 
5 8 10 8 
29 12 -9 12 
4 8 11 8 
30 11 -8 12 
2 7 12 8 
30 10 -6 13 
1 7 13 8 
29 9 -5 14 
5 -6 7 -16 
-4 -21 1 -21 
5 -5 6 -16 
-4 -20 1 -22 
5 -5 6 -16 
-5 -19 1 -23 
5 -5 5 -16 
-5 -18 1 -23 
-18 15 -29 6 
-37 6 -5 21 
-17 15 -29 7 
-37 6 -6 20 
-16 15 -30 7 
-38 6 -7 20 
-15 16 -30 8 
-38 6 -8 19 
-29 3 -34 19 
-8 -15 14 6 
-28 3 -34 19 
-9 -16 14 6 
-27 2 -35 19 
-10 -17 15 6 
-26 2 -35 19 
-11 -19 15 7 
5 -1 -5 -34 
-11 -15 29 4 
5 0 -5 -33 
-13 -15 29 4 
6 1 -4 -33 
-14 -15 29 3 
7 2 -4 -32 
-16 -15 29 2 
13 -2 -8 0 
1 3 -14 2 
12 -2 -6 1 
1 3 -14 2 
11 -2 -5 1 
2 3 -14 2 
10 -3 -3 1 
2 3 -14 2 
-17 1 -7 6 
-19 7 -21 -9 
-16 0 -7 6 
-18 7 -22 -8 
-16 0 -8 6 
-16 8 -22 -8 
-16 -1 -9 7 
-14 9 -23 -8 
4 2 28 21 
-18 -10 1 -19 
4 1 28 21 
-18 -10 0 -19 
3 0 28 21 
-17 -10 0 -19 
3 -1 28 21 
-17 -10 -1 -19 
3 16 7 -11 
15 -18 12 4 
3 17 8 -10 
15 -18 13 3 
2 17 8 -10 
14 -17 13 2 
2 18 9 -10 
13 -16 14 0 
-1 -16 -3 -6 
-1 11 -4 13 
-1 -16 -3 -6 
-1 11 -4 13 
-1 -15 -4 -7 
-1 11 -4 13 
-1 -14 -4 -7 
-1 11 -4 14 
-3 4 1 12 
-10 4 4 6 
-3 3 1 12 
-10 4 4 6 
-3 3 1 12 
-10 4 3 6 
-3 3 1 11 
-10 4 3 6 
16 5 19 1 
4 8 -18 3 
14 5 20 2 
5 7 -18 3 
13 5 21 2 
6 7 -18 4 
11 4 22 2 
7 6 -18 4 
-30 -2 6 -18 
9 3 -4 3 
-30 -1 5 -19 
8 3 -3 3 
-30 0 4 -19 
8 4 -2 2 
-30 1 3 -19 
7 5 -1 2 
-34 -22 -20 7 
-14 22 -2 -6 
-33 -23 -21 6 
-14 22 -2 -5 
-32 -23 -22 6 
-15 23 -2 -4 
-31 -23 -23 5 
-15 23 -1 -3 
4 4 -10 8 
14 -12 2 3 
4 5 -10 7 
14 -11 2 2 
4 5 -9 7 
14 -11 2 1 
4 6 -8 6 
14 -11 3 1 
-25 17 -12 5 
14 11 -8 19 
-24 17 -13 5 
14 11 -8 18 
-24 18 -14 6 
14 11 -7 17 
-23 18 -15 6 
15 12 -6 17 
15 -18 11 14 
-16 27 -5 1 
15 -19 11 14 
-15 26 -6 2 
15 -19 10 13 
-15 26 -7 4 
15 -20 10 12 
-15 25 -8 5 
-8 -20 -8 -13 
-13 -2 -9 2 
-8 -20 -8 -14 
-13 -2 -10 2 
-8 -19 -9 -15 
-12 -2 -10 2 
-8 -18 -9 -16 
-12 -2 -10 3 
17 -6 -6 10 
73 -40 -11 22 
17 -6 -5 10 
72 -39 -10 21 
17 -6 -5 10 
70 -38 -9 20 
17 -6 -5 10 
68 -36 -7 19 
490 -216 -113 65 
-257 99 199 184 
510 -219 -111 63 
-250 84 168 200 
529 -221 -108 60 
-242 69 137 215 
546 -222 -104 57 
-233 54 105 229 
53 -91 -78 -102 
-55 11 64 49 
62 -91 -79 -100 
-51 6 55 54 
70 -91 -80 -97 
-46 0 46 59 
79 -90 -80 -95 
-40 -5 37 63 
19 -30 61 -75 
-33 -50 17 3 
20 -28 60 -74 
-31 -50 14 2 
22 -26 58 -74 
-28 -51 11 1 
23 -24 57 -73 
-26 -51 8 -1 
-34 -74 43 -33 
10 -2 -2 -6 
-35 -75 42 -33 
9 -5 0 -3 
-36 -75 41 -33 
8 -7 2 0 
-37 -75 40 -34 
7 -10 3 3 
-17 30 -22 -39 
10 5 -23 -17 
-17 31 -22 -37 
11 8 -22 -19 
-17 31 -22 -36 
11 10 -22 -21 
-17 32 -23 -34 
11 13 -21 -23 
-6 -23 -13 16 
-8 -1 -45 -7 
-7 -22 -13 14 
-7 1 -45 -8 
-7 -21 -14 11 
-5 2 -45 -8 
-8 -20 -14 9 
-4 4 -46 -9 
5 -16 2 25 
0 16 -16 -18 
5 -17 1 25 
1 17 -16 -17 
5 -17 1 24 
2 17 -17 -16 
5 -18 0 23 
3 18 -17 -15 
9 -9 2 -3 
-14 1 -16 -6 
8 -9 2 -4 
-14 1 -16 -6 
8 -8 2 -5 
-14 1 -17 -6 
8 -8 2 -6 
-14 1 -17 -6 
15 -5 -26 -4 
5 -7 3 3 
16 -4 -26 -4 
6 -7 1 3 
18 -4 -26 -4 
7 -8 0 3 
19 -4 -26 -5 
8 -8 -1 3 
-7 -17 -4 -19 
10 9 28 -14 
-5 -17 -5 -19 
10 9 28 -14 
-4 -17 -7 -19 
10 10 28 -14 
-2 -17 -8 -19 
10 10 27 -13 
-26 -16 1 -4 
14 -2 -32 -1 
-26 -16 1 -5 
16 -2 -32 -1 
-27 -15 0 -6 
17 -2 -31 -1 
-28 -14 -1 -7 
18 -2 -30 -1 
-10 -6 25 -6 
3 -17 -16 -9 
-11 -6 24 -6 
2 -17 -15 -10 
-12 -6 24 -7 
1 -17 -14 -10 
-13 -5 23 -7 
1 -17 -13 -10 
14 -20 -4 -13 
27 20 12 0 
13 -20 -3 -13 
26 20 13 1 
13 -20 -2 -13 
24 20 14 2 
12 -20 -1 -13 
23 19 16 3 
-5 14 -20 14 
-3 -16 -25 -6 
-5 13 -20 14 
-3 -16 -25 -6 
-5 13 -21 14 
-2 -16 -26 -7 
-6 12 -21 14 
-1 -16 -26 -7 
14 -25 5 -19 
2 -25 0 -15 
14 -25 5 -19 
1 -25 0 -15 
14 -25 5 -19 
1 -24 0 -15 
14 -25 5 -19 
1 -23 0 -15 
25 13 -15 37 
-6 -7 -2 -14 
26 11 -15 39 
-5 -7 -4 -13 
26 8 -15 40 
-4 -7 -5 -13 
27 6 -14 42 
-2 -8 -7 -12 
-15 6 10 1 
15 11 3 14 
-15 6 9 2 
14 10 4 15 
-15 6 9 2 
14 10 5 15 
-15 6 8 3 
13 9 6 16 
-2 12 -15 -4 
-3 9 17 5 
0 12 -16 -3 
-3 10 16 4 
1 13 -17 -3 
-3 11 16 4 
2 13 -17 -3 
-3 12 15 3 
-13 -20 -3 16 
12 -14 6 -1 
-12 -20 -3 15 
12 -14 7 -1 
-12 -20 -4 14 
12 -14 8 0 
-12 -20 -4 13 
12 -14 8 0 
4 -7 15 3 
9 12 6 -10 
3 -8 15 4 
8 13 6 -10 
3 -9 15 4 
7 12 7 -9 
2 -10 15 5 
7 12 7 -8 
1 -9 -12 -13 
-5 -15 0 -3 
1 -8 -12 -14 
-6 -14 0 -4 
1 -7 -12 -14 
-6 -14 0 -5 
1 -6 -11 -15 
-7 -14 0 -5 
14 5 -30 -14 
0 -2 14 28 
16 6 -30 -15 
0 -2 13 27 
17 8 -29 -15 
1 -2 12 26 
18 9 -29 -15 
2 -2 10 25 
-10 -18 10 2 
-10 6 10 -3 
-9 -18 9 2 
-10 6 9 -3 
-9 -18 8 1 
-11 5 9 -2 
-8 -19 7 1 
-11 5 9 -1 
-9 -13 -12 -14 
-9 -10 8 1 
-9 -13 -12 -15 
-9 -10 8 1 
-8 -12 -12 -15 
-10 -9 8 0 
-8 -11 -12 -16 
-10 -9 8 0 
-21 0 -11 11 
-7 3 -12 9 
-21 0 -10 11 
-8 3 -11 9 
-22 0 -10 11 
-9 2 -10 9 
-22 0 -10 11 
-10 2 -9 10 
-5 11 -25 -13 
-18 -31 -20 -5 
-5 12 -24 -13 
-18 -30 -21 -7 
-5 13 -24 -13 
-17 -29 -21 -8 
-5 14 -23 -13 
-16 -28 -22 -10 
-2 7 7 10 
-15 -4 -3 -11 
-2 6 8 11 
-15 -4 -3 -11 
-2 5 8 12 
-15 -4 -3 -11 
-3 5 8 13 
-15 -4 -3 -11 
-16 -13 1 -15 
3 6 -21 -7 
-17 -13 2 -15 
3 6 -19 -7 
-19 -12 2 -16 
2 6 -18 -6 
-20 -12 3 -16 
2 6 -17 -6 
22 -16 -8 4 
17 13 -12 -18 
22 -17 -7 4 
18 13 -12 -17 
22 -17 -6 4 
18 14 -13 -16 
21 -18 -5 4 
19 14 -13 -15 
-10 -19 -5 -8 
-14 18 -8 22 
-9 -18 -7 -9 
-14 17 -8 23 
-9 -17 -8 -10 
-14 16 -8 24 
-8 -16 -9 -12 
-14 15 -9 24 
-13 -18 -28 -9 
-9 -2 11 -14 
-12 -18 -28 -10 
-10 -2 11 -14 
-11 -18 -29 -11 
-10 -1 11 -13 
-9 -18 -29 -11 
-10 0 11 -13 
10 -2 6 10 
-5 -10 -13 -2 
9 -2 7 10 
-5 -10 -13 -2 
8 -2 8 10 
-5 -10 -13 -3 
7 -2 9 10 
-5 -9 -13 -3 
-10 11 -21 15 
-12 -23 -16 -4 
-10 10 -21 15 
-11 -24 -17 -5 
-9 10 -21 16 
-10 -24 -17 -5 
-9 9 -22 16 
-9 -24 -18 -6 
0 11 9 -13 
-2 20 11 19 
0 11 9 -12 
-3 20 11 19 
1 11 9 -11 
-3 20 11 20 
1 12 8 -10 
-3 19 11 20 
-7 3 -1 7 
37 17 1 -2 
-7 2 -1 7 
38 18 2 -2 
-8 2 -1 7 
38 19 3 -2 
-8 2 -1 7 
38 19 5 -2 
6 -13 13 15 
-11 11 13 26 
7 -13 12 14 
-11 10 13 27 
7 -13 11 13 
-11 8 12 28 
8 -13 10 12 
-11 7 11 29 
16 17 16 7 
22 1 -6 30 
15 17 18 8 
23 -1 -6 31 
14 17 19 9 
23 -3 -5 31 
12 17 20 10 
24 -4 -5 31 
11 10 10 -8 
-10 -11 6 -21 
11 9 10 -6 
-10 -11 6 -21 
12 8 9 -5 
-10 -10 5 -22 
12 7 8 -4 
-10 -9 4 -22 
13 8 0 14 
-6 -2 5 -16 
14 7 1 14 
-6 -1 4 -16 
14 6 1 15 
-6 0 3 -16 
14 5 2 15 
-5 0 3 -16 
1 -9 -5 4 
2 -9 20 -9 
2 -9 -5 3 
1 -8 19 -9 
3 -9 -6 3 
1 -8 19 -9 
4 -9 -6 2 
1 -7 18 -10 
-11 -2 -2 6 
-7 14 -9 -1 
-11 -2 -2 6 
-7 14 -8 0 
-11 -3 -3 6 
-7 14 -8 0 
-11 -3 -3 6 
-7 14 -8 1 
2 -4 -6 -2 
-20 -8 -3 4 
3 -3 -6 -3 
-20 -8 -4 4 
3 -3 -5 -4 
-20 -7 -4 3 
3 -2 -5 -4 
-20 -7 -5 3 
20 9 2 15 
-9 5 4 9 
19 9 3 15 
-8 4 3 9 
19 9 4 16 
-8 4 3 9 
19 8 5 16 
-8 4 2 9 
-2 -1 5 -5 
-1 -2 -14 5 
-2 0 5 -5 
-1 -2 -14 5 
-3 0 6 -5 
-1 -2 -14 5 
-4 1 6 -5 
0 -2 -14 5 
10 12 -1 3 
-4 -1 -5 -15 
10 11 -1 3 
-3 0 -6 -16 
10 11 -1 3 
-2 0 -7 -16 
10 11 -1 4 
-2 1 -7 -17 
-10 7 9 -2 
-36 9 -34 10 
-11 8 8 -2 
-34 8 -35 10 
-12 8 8 -2 
-33 8 -36 10 
-12 9 7 -2 
-32 8 -37 10 
-8 6 2 -5 
17 5 -4 5 
-8 6 3 -5 
18 5 -3 5 
-9 7 3 -5 
18 6 -3 5 
-9 7 4 -5 
19 6 -2 4 
-5 4 13 6 
-8 -4 10 -18 
-5 3 12 5 
-8 -2 10 -19 
-4 3 10 5 
-8 -1 9 -19 
-3 3 9 5 
-8 0 9 -20 
-8 -16 -13 1 
18 -11 33 3 
-6 -15 -13 0 
18 -11 33 2 
-4 -14 -14 -1 
18 -11 33 2 
-3 -14 -14 -2 
18 -11 33 2 
-7 12 8 13 
36 -51 -23 0 
-8 11 7 14 
34 -48 -22 -2 
-8 11 6 15 
32 -45 -21 -4 
-9 11 6 15 
29 -42 -19 -6 
372 -242 -105 94 
-427 174 -3 161 
386 -247 -103 92 
-418 160 -33 180 
398 -251 -99 89 
-408 146 -63 198 
409 -254 -95 85 
-397 132 -93 215 
28 -83 -84 -64 
-19 71 27 99 
32 -82 -78 -64 
-17 63 23 106 
35 -81 -74 -64 
-15 55 19 112 
39 -80 -69 -64 
-13 47 15 118 
-25 -83 -5 -124 
-21 -40 -6 -19 
-23 -80 -7 -126 
-19 -41 -8 -19 
-21 -77 -10 -127 
-17 -41 -10 -19 
-19 -74 -12 -129 
-14 -41 -12 -19 
-19 -44 35 -32 
3 19 -19 17 
-21 -44 34 -32 
3 18 -18 19 
-22 -43 33 -32 
4 16 -18 21 
-22 -42 32 -32 
3 14 -17 23 
-34 27 -30 -4 
34 -24 -14 -37 
-33 27 -31 -3 
34 -22 -13 -39 
-32 26 -33 -2 
34 -20 -12 -41 
-32 25 -34 -1 
34 -18 -10 -42 
-24 -14 -41 15 
-33 5 -5 -30 
-22 -15 -43 15 
-34 6 -6 -30 
-20 -16 -46 15 
-35 7 -7 -29 
-18 -17 -48 14 
-35 8 -8 -28 
-1 -27 -27 2 
17 25 -7 24 
-2 -27 -26 1 
16 23 -6 26 
-2 -26 -25 0 
14 21 -5 28 
-3 -26 -23 -2 
13 18 -4 30 
11 25 -43 -24 
10 -11 -6 5 
12 25 -43 -24 
11 -12 -7 5 
13 26 -43 -23 
12 -13 -8 4 
14 26 -43 -22 
13 -14 -9 3 
-4 14 7 -33 
35 -25 20 -18 
-4 14 6 -33 
35 -25 21 -19 
-3 14 5 -32 
35 -25 22 -20 
-3 14 4 -30 
34 -25 22 -21 
-8 21 11 -10 
-18 5 -21 -23 
-8 20 11 -9 
-17 6 -21 -24 
-9 20 10 -8 
-17 7 -21 -24 
-9 19 9 -6 
-16 8 -21 -25 
3 5 4 7 
10 39 3 25 
2 6 4 6 
9 38 3 26 
2 6 5 6 
9 37 4 27 
1 7 6 5 
8 36 5 28 
15 15 13 -5 
8 17 -14 2 
14 15 14 -5 
9 18 -14 1 
13 16 15 -6 
9 18 -14 1 
12 16 15 -6 
10 18 -14 1 
6 -14 2 -24 
0 14 4 14 
6 -12 1 -25 
1 15 3 14 
7 -10 1 -27 
1 15 3 13 
7 -8 0 -28 
1 16 2 13 
-38 -7 -16 12 
1 -15 7 2 
-37 -7 -17 11 
1 -15 8 2 
-35 -7 -19 10 
0 -15 8 1 
-34 -6 -20 9 
0 -15 9 1 
-2 -8 -3 -4 
-29 8 -25 -6 
-2 -8 -3 -4 
-28 7 -26 -5 
-2 -9 -3 -4 
-27 6 -27 -4 
-2 -9 -3 -3 
-26 4 -28 -3 
-14 3 -1 -29 
39 -3 3 -11 
-14 3 -1 -29 
39 -2 5 -12 
-15 4 -1 -28 
38 -1 6 -13 
-15 4 -1 -28 
38 0 8 -13 
-21 13 -6 24 
10 24 -25 -1 
-21 12 -8 25 
11 24 -24 -1 
-21 11 -9 25 
12 24 -24 0 
-21 10 -11 25 
12 24 -24 0 
-6 15 -4 15 
-39 6 -3 -10 
-4 15 -5 14 
-39 8 -4 -11 
-3 15 -6 14 
-38 9 -6 -11 
-2 15 -7 14 
-38 11 -7 -12 
10 3 -5 24 
-20 -20 20 -6 
11 3 -4 24 
-22 -19 19 -7 
11 3 -3 23 
-23 -19 19 -7 
12 2 -3 22 
-24 -19 18 -8 
10 10 -13 1 
16 2 9 -23 
10 9 -12 2 
15 3 9 -23 
10 9 -10 2 
14 4 10 -24 
10 8 -9 3 
13 6 11 -24 
22 -31 -20 -5 
-22 5 7 1 
23 -30 -20 -7 
-22 6 6 2 
24 -29 -20 -8 
-21 6 4 2 
26 -28 -20 -10 
-21 7 2 2 
2 5 1 14 
8 -7 0 18 
2 6 1 14 
8 -6 0 17 
2 7 1 13 
8 -6 1 17 
1 7 2 13 
8 -5 1 16 
-4 -5 -9 16 
0 -1 9 8 
-4 -5 -10 16 
0 -1 9 8 
-3 -4 -10 15 
0 -1 8 7 
-2 -4 -11 15 
0 0 8 7 
-2 -14 7 6 
8 -2 28 18 
-2 -13 7 5 
7 -3 29 18 
-1 -13 6 4 
6 -4 29 18 
0 -12 6 3 
5 -4 29 18 
3 -4 4 -5 
-3 -16 -2 2 
3 -4 5 -5 
-3 -16 -2 1 
2 -3 5 -6 
-4 -15 -1 0 
2 -3 5 -6 
-4 -14 -1 0 
-6 -9 -6 23 
-8 6 -8 -4 
-6 -10 -6 24 
-8 6 -8 -3 
-6 -11 -6 24 
-7 6 -8 -2 
-6 -12 -6 24 
-7 6 -8 -2 
3 20 12 20 
-7 -2 -2 2 
2 19 13 21 
-7 -2 -2 2 
2 18 13 21 
-7 -3 -2 2 
1 18 13 22 
-7 -4 -2 1 
-23 -5 -11 -29 
-8 -9 2 -10 
-22 -4 -12 -30 
-8 -8 2 -10 
-21 -3 -12 -30 
-8 -7 2 -11 
-20 -2 -13 -30 
-8 -6 2 -12 
7 4 3 18 
-2 -8 -10 -11 
7 3 3 18 
-1 -7 -11 -11 
6 3 4 18 
-1 -7 -11 -11 
6 2 4 18 
0 -7 -11 -11 
-12 -2 6 6 
18 -3 -3 -17 
-12 -2 6 6 
18 -2 -2 -17 
-12 -3 5 7 
18 -2 -2 -16 
-13 -4 5 7 
18 -2 -1 -16 
-4 -2 -9 -2 
19 11 30 2 
-3 -2 -10 -2 
18 10 30 3 
-2 -1 -11 -2 
17 10 30 3 
0 -1 -12 -2 
16 9 30 4 
-15 -1 -16 -17 
22 -16 -2 5 
-14 0 -17 -17 
22 -16 -2 4 
-14 1 -18 -18 
23 -16 -1 3 
-13 2 -19 -18 
24 -16 -1 3 
-1 12 27 -5 
-1 -6 -6 4 
-2 12 26 -5 
-2 -6 -5 4 
-3 12 26 -4 
-2 -6 -5 4 
-4 12 25 -3 
-3 -6 -4 3 
4 -4 -9 -2 
-7 3 4 -11 
4 -5 -8 -1 
-8 3 4 -11 
4 -6 -8 -1 
-8 3 4 -10 
4 -6 -7 -1 
-9 3 4 -10 
2 11 3 5 
15 6 2 2 
1 11 4 5 
14 6 3 2 
0 10 5 6 
13 5 5 2 
-1 10 6 6 
12 5 6 3 
27 17 -16 0 
-6 6 19 -2 
28 17 -16 0 
-7 7 18 -2 
29 17 -16 1 
-7 8 17 -3 
30 17 -15 1 
-7 9 16 -3 
-22 0 -16 8 
13 -28 1 -4 
-22 0 -17 7 
13 -29 1 -5 
-21 1 -17 7 
13 -29 2 -5 
-21 1 -18 6 
13 -29 3 -6 
-2 -23 7 -22 
4 -3 -19 -14 
-2 -23 7 -22 
5 -3 -19 -14 
-3 -22 7 -22 
5 -3 -18 -13 
-4 -22 6 -22 
6 -3 -18 -13 
-14 -8 0 1 
7 -7 -5 -14 
-14 -9 -1 1 
7 -8 -5 -13 
-14 -9 -2 1 
6 -8 -4 -13 
-14 -10 -2 1 
5 -9 -3 -13 
8 -21 -23 -28 
-21 13 -14 -12 
9 -21 -23 -28 
-20 13 -16 -11 
10 -21 -23 -28 
-18 13 -18 -10 
10 -21 -23 -28 
-17 13 -19 -9 
-9 19 12 1 
24 -23 7 -6 
-9 19 12 1 
24 -23 8 -7 
-9 18 11 1 
23 -22 9 -8 
-9 18 11 2 
23 -22 10 -9 
-13 -16 -9 0 
-12 -13 9 -16 
-12 -17 -10 1 
-12 -13 9 -15 
-11 -18 -11 1 
-12 -14 8 -15 
-10 -19 -12 1 
-12 -14 8 -14 
-2 18 0 -8 
-16 1 19 6 
-2 18 0 -7 
-18 1 19 6 
-1 18 0 -6 
-19 1 19 5 
-1 18 0 -5 
-21 1 19 5 
6 -8 -28 -15 
12 -6 4 5 
6 -7 -27 -16 
12 -6 4 4 
6 -6 -25 -16 
12 -5 4 3 
6 -5 -24 -17 
12 -5 5 3 
18 -7 9 7 
17 0 27 21 
19 -6 9 7 
17 -1 27 21 
19 -6 9 6 
16 -2 27 22 
19 -5 10 6 
15 -2 27 22 
-15 2 5 -5 
31 3 -1 -4 
-16 2 5 -4 
30 3 1 -4 
-17 1 5 -3 
30 3 3 -4 
-17 1 5 -3 
29 3 5 -4 
7 3 2 2 
5 9 2 -1 
7 3 2 2 
5 9 3 -1 
7 2 1 3 
5 9 3 -1 
7 2 1 3 
5 9 3 0 
14 -11 8 -10 
-4 -8 -2 3 
14 -10 8 -11 
-4 -9 -2 3 
13 -10 9 -11 
-4 -9 -2 3 
13 -9 9 -12 
-5 -10 -2 3 
3 2 -7 -13 
-7 19 3 -1 
3 2 -6 -12 
-8 20 3 -1 
3 2 -6 -12 
-9 21 3 -1 
3 2 -5 -12 
-9 21 3 -1 
13 -20 -16 10 
49 -27 -2 23 
13 -19 -15 9 
47 -26 -1 22 
13 -18 -15 7 
46 -23 0 21 
13 -17 -14 6 
44 -21 1 20 
259 -305 -52 74 
-425 299 -162 119 
265 -311 -50 70 
-413 288 -187 141 
270 -316 -47 65 
-399 276 -211 163 
274 -320 -43 59 
-385 264 -236 184 
-31 -14 0 9 
-29 118 -19 120 
-33 -13 5 6 
-29 112 -19 125 
-35 -12 9 4 
-29 106 -18 130 
-36 -10 13 1 
-30 100 -18 135 
26 -66 -19 -67 
2 -17 43 -43 
28 -65 -18 -70 
2 -16 41 -42 
30 -64 -18 -72 
3 -16 39 -41 
32 -63 -17 -75 
3 -16 38 -40 
-9 10 28 -6 
-8 12 -30 72 
-10 12 27 -6 
-7 9 -30 73 
-11 13 27 -6 
-6 6 -30 73 
-12 15 27 -6 
-5 3 -30 74 
36 14 0 -3 
-22 -8 10 -41 
37 13 0 -1 
-22 -7 9 -41 
38 11 0 1 
-23 -5 7 -41 
38 9 1 3 
-23 -4 5 -41 
-10 3 -26 12 
24 -4 -8 -23 
-10 2 -26 11 
24 -3 -7 -23 
-11 2 -25 11 
24 -2 -6 -24 
-11 1 -25 11 
23 0 -4 -24 
-9 22 -1 26 
-15 24 1 3 
-9 21 -1 27 
-16 24 2 3 
-9 20 -2 27 
-17 24 2 3 
-9 19 -2 27 
-18 23 2 4 
27 30 4 -1 
-2 -26 -38 -19 
25 30 6 -1 
0 -26 -39 -20 
23 30 8 0 
1 -26 -39 -22 
21 30 10 0 
2 -26 -39 -23 
-12 6 4 -27 
16 15 -9 -1 
-12 7 4 -27 
16 15 -8 -1 
-12 7 3 -26 
17 15 -8 -1 
-13 7 2 -25 
17 15 -7 -1 
-12 4 7 -1 
19 -2 -3 -17 
-12 4 6 -2 
19 -1 -2 -18 
-12 4 6 -2 
20 0 -1 -18 
-12 4 5 -2 
20 1 -1 -19 
-16 6 0 20 
10 38 -24 21 
-17 5 -1 20 
10 37 -24 22 
-17 5 -2 20 
11 37 -23 23 
-18 5 -3 20 
11 36 -22 25 
22 20 13 19 
-17 4 -36 14 
21 20 14 18 
-16 4 -37 13 
20 20 14 18 
-15 3 -38 13 
18 20 15 18 
-14 3 -38 13 
22 -3 2 -9 
-2 -20 9 11 
22 -2 3 -9 
-3 -20 8 11 
22 -1 3 -10 
-4 -20 8 10 
22 0 4 -10 
-5 -20 7 9 
-1 1 -26 19 
-12 -3 -16 12 
0 0 -26 20 
-11 -5 -17 14 
1 -1 -26 21 
-9 -6 -18 15 
1 -2 -26 22 
-8 -8 -19 16 
-14 31 9 -2 
-5 -2 -5 -2 
-15 30 8 1 
-5 -3 -5 -2 
-15 29 7 3 
-4 -4 -5 -2 
-15 28 7 5 
-4 -5 -5 -2 
8 11 25 -15 
10 -20 5 -13 
7 11 26 -14 
10 -20 6 -13 
6 11 26 -14 
9 -20 6 -14 
5 10 27 -13 
8 -20 7 -14 
-24 -4 -20 -12 
-1 -1 1 -2 
-23 -4 -21 -11 
-1 -1 2 -1 
-23 -4 -22 -11 
-2 -2 2 0 
-22 -5 -23 -10 
-2 -3 2 0 
-7 15 -3 -3 
7 7 0 -15 
-8 14 -3 -2 
7 7 0 -15 
-8 13 -3 -1 
7 7 1 -15 
-8 12 -3 0 
7 7 2 -15 
26 -11 23 -7 
4 10 -6 -8 
25 -11 24 -7 
4 11 -6 -8 
24 -11 25 -8 
4 11 -6 -7 
23 -11 26 -8 
3 11 -5 -7 
-10 -17 -11 -6 
-11 9 -16 1 
-10 -16 -12 -7 
-10 9 -16 2 
-10 -16 -12 -8 
-9 9 -17 2 
-10 -16 -12 -9 
-8 9 -17 3 
4 -9 27 12 
12 -18 2 5 
3 -10 27 12 
11 -19 2 6 
2 -10 28 12 
11 -20 3 6 
1 -10 28 11 
10 -21 4 6 
-8 9 -12 -2 
13 11 1 10 
-8 9 -12 -1 
13 10 2 10 
-8 8 -13 0 
13 9 2 11 
-8 8 -13 2 
13 8 3 12 
-7 -6 17 -21 
11 -45 -28 -4 
-9 -5 18 -22 
11 -45 -27 -5 
-10 -4 18 -22 
12 -44 -26 -7 
-12 -3 18 -23 
12 -44 -24 -8 
-14 10 -11 8 
9 -5 -6 -13 
-13 9 -11 10 
9 -5 -6 -13 
-13 8 -12 11 
10 -4 -5 -13 
-13 7 -13 13 
10 -3 -5 -14 
-30 4 0 7 
-34 7 -14 12 
-30 4 -1 7 
-34 6 -14 12 
-30 4 -2 7 
-34 6 -14 12 
-30 4 -4 7 
-35 5 -14 12 
9 7 -11 0 
14 13 1 6 
8 7 -10 1 
14 12 1 6 
8 6 -8 1 
14 11 2 7 
7 6 -7 1 
14 10 3 7 
12 -11 11 -36 
9 11 -11 -8 
11 -9 11 -37 
9 12 -11 -8 
10 -9 12 -37 
10 13 -10 -9 
9 -8 12 -38 
10 14 -10 -9 
12 -2 -4 8 
-23 15 10 -2 
13 -2 -5 7 
-23 16 9 -2 
14 -2 -5 7 
-24 16 8 -2 
14 -2 -5 6 
-24 17 7 -1 
0 7 -7 2 
-25 3 -15 25 
-1 8 -6 1 
-24 3 -16 24 
-1 10 -6 0 
-24 3 -16 24 
-1 11 -5 -1 
-23 3 -17 23 
33 -11 14 5 
8 -12 8 -4 
32 -11 15 4 
8 -13 8 -4 
32 -11 17 4 
8 -13 7 -3 
31 -11 18 3 
8 -14 7 -3 
2 16 0 -11 
22 5 16 7 
2 16 0 -10 
22 4 16 7 
3 16 0 -9 
21 3 17 7 
3 16 -1 -8 
21 2 17 7 
-7 -4 -10 -23 
14 -28 -6 -15 
-6 -4 -11 -23 
15 -28 -6 -15 
-6 -3 -12 -23 
16 -27 -6 -16 
-5 -3 -13 -23 
17 -27 -7 -17 
-7 10 17 2 
-21 23 -7 -9 
-7 8 16 4 
-21 23 -8 -8 
-7 7 15 5 
-20 23 -8 -7 
-6 6 14 7 
-20 23 -9 -6 
5 -4 11 -9 
9 -11 -4 15 
4 -3 12 -11 
9 -12 -4 15 
3 -1 13 -12 
9 -12 -3 14 
2 0 14 -13 
9 -13 -3 13 
-4 -19 8 -24 
2 -1 -14 -20 
-5 -19 8 -24 
2 0 -14 -20 
-6 -18 8 -24 
2 1 -13 -20 
-7 -18 8 -24 
2 2 -13 -20 
-4 8 -7 10 
-15 6 11 7 
-3 9 -8 10 
-15 6 10 7 
-3 9 -8 10 
-16 6 10 7 
-2 9 -9 10 
-16 6 9 7 
-20 -11 -7 -12 
-8 -12 -16 14 
-20 -10 -7 -13 
-7 -13 -16 14 
-21 -9 -7 -14 
-7 -13 -15 13 
-21 -8 -7 -15 
-7 -14 -15 13 
-1 -3 7 -5 
-3 3 -1 -24 
-1 -4 7 -4 
-3 4 -1 -24 
-2 -4 7 -4 
-2 5 -1 -24 
-2 -5 7 -3 
-2 6 -1 -24 
-8 -20 10 6 
-1 -10 -2 -15 
-8 -20 10 5 
-1 -10 -2 -15 
-9 -20 10 4 
-1 -10 -2 -15 
-9 -20 10 3 
-1 -10 -1 -15 
-3 -4 -2 -1 
-1 6 23 -8 
-2 -4 -3 -1 
-1 6 23 -7 
-1 -4 -3 -1 
-2 6 22 -7 
0 -5 -3 0 
-3 6 22 -6 
0 0 0 0 
0 0 0 0 
0 0 0 0 
0 0 0 0 
0 0 0 0 
0 0 0 0 
0 0 0 0 
0 0 0 0 
0 0 0 0 
0 0 0 0 
0 0 0 0 
0 0 0 0 
0 0 0 0 
0 0 0 0 
