237 536 0 0 
-17 22 38 -44 
217 528 0 0 
-13 30 36 -56 
198 519 0 0 
-8 37 34 -67 
180 507 0 0 
-4 44 31 -77 
-8 24 102 51 
6 18 100 104 
-6 26 99 47 
4 15 100 103 
-4 29 96 43 
2 13 100 103 
-1 32 92 40 
1 12 99 102 
3 -38 25 32 
-14 14 10 -54 
2 -41 27 32 
-16 15 11 -51 
0 -44 28 33 
-17 15 12 -49 
-2 -48 29 33 
-19 15 13 -46 
0 0 -2 -29 
0 0 0 0 
0 0 0 -31 
0 0 0 0 
0 0 1 -32 
0 0 0 0 
0 0 2 -33 
0 0 0 0 
0 0 0 0 
0 0 0 0 
0 0 0 0 
0 0 0 0 
0 0 0 0 
0 0 0 0 
0 0 0 0 
0 0 0 0 
0 0 0 0 
0 0 0 0 
0 0 0 0 
0 0 0 0 
0 0 0 0 
0 0 0 0 
0 0 0 0 
0 0 0 0 
0 0 0 0 
0 0 0 0 
0 0 0 0 
0 0 0 0 
0 0 0 0 
0 0 0 0 
0 0 0 0 
0 0 0 0 
0 0 0 0 
0 0 0 0 
0 0 0 0 
0 0 0 0 
0 0 0 0 
0 0 0 0 
0 0 0 0 
0 0 0 0 
0 0 0 0 
0 0 0 0 
0 0 0 0 
0 0 0 0 
0 0 0 0 
0 0 0 0 
0 0 0 0 
0 0 0 0 
-2 -2 1 1 
-9 -13 5 6 
-1 -3 1 1 
-5 -14 3 7 
0 -3 0 1 
-1 -15 1 7 
0 -3 0 1 
3 -16 -1 7 
-46 -55 18 27 
16 467 668 173 
-28 -59 10 29 
-10 463 673 190 
-9 -62 2 30 
-35 458 675 207 
11 -65 -7 31 
-58 452 674 224 
-33 -44 -162 167 
38 -18 -5 41 
-34 -46 -153 157 
37 -22 -2 44 
-35 -48 -145 148 
36 -27 1 47 
-36 -49 -136 139 
35 -31 4 50 
40 -7 11 -40 
-35 -20 69 -26 
41 -8 12 -38 
-40 -21 69 -26 
42 -9 12 -35 
-45 -22 68 -26 
43 -10 13 -33 
-49 -23 68 -25 
25 -32 -76 -68 
-22 21 -4 8 
26 -30 -73 -69 
-21 21 -6 8 
27 -28 -70 -69 
-20 21 -7 9 
28 -26 -66 -70 
-19 20 -9 9 
-18 -26 4 -33 
23 4 -26 -21 
-19 -24 4 -35 
25 7 -26 -22 
-20 -23 4 -37 
26 10 -25 -23 
-21 -21 4 -39 
27 13 -24 -24 
-26 4 -2 52 
10 -1 17 18 
-24 4 -4 50 
10 -2 17 18 
-22 4 -7 49 
11 -2 16 17 
-20 4 -9 48 
12 -3 16 17 
14 -13 26 -16 
-12 0 -29 29 
13 -12 26 -16 
-10 -1 -31 29 
12 -11 26 -17 
-7 -2 -32 29 
12 -9 25 -18 
-5 -3 -33 29 
-24 24 25 2 
2 -15 39 -24 
-24 24 24 3 
0 -13 40 -26 
-24 23 22 4 
-2 -11 41 -27 
-23 23 21 5 
-4 -9 43 -29 
4 15 9 14 
37 8 -9 32 
2 16 10 14 
37 7 -7 31 
0 17 12 13 
36 7 -5 31 
-2 18 14 13 
35 6 -3 30 
-21 -33 -15 -12 
21 -4 9 -33 
-21 -33 -16 -13 
21 -4 10 -32 
-20 -33 -17 -14 
21 -3 11 -32 
-19 -34 -19 -15 
20 -3 12 -31 
2 -5 10 -13 
-14 -18 -28 -7 
1 -5 10 -13 
-13 -18 -28 -7 
0 -4 10 -14 
-12 -17 -29 -8 
-1 -4 10 -14 
-11 -17 -29 -8 
-13 11 3 -5 
-7 -11 -8 17 
-14 12 3 -5 
-7 -12 -8 17 
-14 12 2 -4 
-6 -13 -8 16 
-14 12 2 -3 
-6 -13 -8 16 
10 10 21 -12 
25 11 -18 -7 
8 9 22 -11 
26 12 -18 -7 
7 9 23 -10 
28 12 -17 -7 
5 9 23 -9 
29 12 -17 -6 
-10 11 15 -2 
-22 8 4 3 
-9 11 13 -2 
-22 9 3 2 
-9 12 12 -3 
-22 10 3 1 
-8 12 10 -3 
-22 11 2 1 
-8 12 -4 30 
21 -9 0 -6 
-8 11 -3 30 
21 -9 1 -6 
-9 11 -3 30 
22 -8 1 -7 
-9 10 -2 30 
22 -8 2 -7 
6 -18 31 -7 
-20 -22 -2 -9 
5 -17 31 -7 
-21 -22 -2 -10 
4 -17 31 -8 
-22 -21 -1 -10 
3 -17 31 -8 
-23 -21 -1 -11 
-6 -14 -16 -5 
-2 0 -12 26 
-6 -13 -15 -6 
-3 -1 -11 27 
-7 -12 -14 -6 
-3 -3 -10 27 
-8 -12 -13 -6 
-3 -4 -10 28 
17 2 5 -8 
5 -12 2 -8 
16 1 6 -8 
4 -13 2 -8 
15 1 6 -7 
4 -13 2 -7 
15 0 7 -6 
3 -14 3 -7 
10 -20 -14 -20 
-16 14 8 -9 
11 -21 -14 -19 
-15 13 7 -8 
12 -21 -14 -19 
-15 13 6 -7 
12 -21 -14 -19 
-14 13 5 -6 
-5 -13 15 -7 
12 8 -1 -8 
-6 -12 15 -8 
12 9 0 -8 
-6 -12 15 -9 
12 10 0 -8 
-7 -12 15 -9 
11 11 1 -8 
11 -14 -8 8 
-9 -5 -1 15 
11 -13 -8 7 
-8 -5 -2 15 
12 -12 -8 5 
-7 -5 -3 15 
13 -11 -8 4 
-7 -5 -4 15 
-11 -19 0 -1 
-2 7 -15 -16 
-11 -20 0 -1 
-1 8 -15 -15 
-11 -20 -1 -1 
-1 8 -15 -14 
-11 -21 -1 -1 
-1 9 -15 -13 
-11 -11 -3 8 
7 -9 -12 -2 
-12 -11 -4 7 
8 -10 -12 -1 
-12 -11 -4 7 
8 -10 -11 -1 
-12 -12 -4 6 
8 -10 -11 -1 
-11 1 -2 1 
10 10 -9 0 
-11 1 -3 2 
11 10 -9 1 
-11 0 -3 3 
11 10 -8 1 
-11 0 -4 3 
11 10 -8 2 
-3 3 -10 6 
-5 3 3 9 
-2 3 -11 6 
-4 3 3 9 
-1 3 -12 6 
-4 3 2 9 
0 3 -13 5 
-3 2 1 9 
-20 10 5 5 
5 19 -16 13 
-20 10 4 5 
5 19 -15 13 
-21 10 4 6 
5 19 -14 13 
-21 10 3 6 
6 19 -13 13 
11 7 7 11 
8 -13 8 6 
11 8 7 11 
8 -13 8 5 
11 8 7 10 
7 -13 8 4 
10 9 7 10 
7 -12 8 3 
-11 24 -5 16 
-7 -7 -5 0 
-11 23 -5 17 
-6 -7 -5 0 
-11 23 -5 17 
-6 -7 -5 -1 
-11 22 -6 18 
-6 -7 -4 -2 
-15 1 8 -4 
0 -10 -2 -14 
-15 1 8 -4 
0 -9 -1 -15 
-16 1 8 -4 
-1 -8 0 -15 
-16 0 7 -4 
-2 -7 0 -16 
4 -23 -5 14 
-12 25 -33 -12 
4 -24 -4 14 
-11 25 -33 -11 
3 -25 -4 13 
-10 26 -34 -9 
2 -25 -3 13 
-8 26 -34 -8 
5 3 17 29 
-18 -4 -5 -38 
4 1 18 29 
-18 -3 -5 -38 
4 -1 18 29 
-18 -2 -6 -38 
3 -2 18 29 
-18 -1 -6 -38 
-8 -21 4 -5 
22 2 -10 -7 
-9 -21 5 -6 
21 2 -9 -7 
-10 -20 6 -7 
21 2 -8 -6 
-11 -20 6 -7 
21 2 -6 -6 
9 -1 6 -9 
-1 -10 -9 20 
8 1 6 -9 
-1 -10 -9 19 
8 2 6 -10 
-1 -11 -10 18 
7 3 6 -10 
0 -11 -10 18 
3 -8 3 6 
2 26 10 -8 
4 -9 3 6 
2 26 10 -7 
4 -10 3 6 
2 27 10 -6 
4 -10 3 6 
2 27 10 -5 
21 -8 20 7 
-24 11 -14 21 
20 -8 21 6 
-24 10 -15 21 
20 -7 22 5 
-23 10 -17 22 
19 -6 22 3 
-22 9 -18 22 
-4 5 -1 4 
-18 7 -3 -21 
-4 4 0 4 
-18 8 -4 -21 
-4 4 0 4 
-18 10 -4 -22 
-4 3 0 5 
-19 11 -4 -22 
14 2 -3 32 
-4 0 -8 7 
14 1 -2 31 
-3 -1 -9 8 
14 1 -1 31 
-2 -2 -9 8 
14 0 0 30 
-2 -3 -10 9 
-6 28 5 -7 
9 7 -7 24 
-6 29 5 -7 
9 6 -7 23 
-6 30 5 -6 
10 6 -7 23 
-6 30 4 -5 
10 5 -7 22 
-1 7 3 -3 
6 6 0 -2 
-1 7 2 -3 
6 7 0 -2 
-1 8 2 -3 
7 7 0 -3 
-1 8 1 -3 
7 8 0 -3 
-10 -9 10 0 
36 2 24 10 
-10 -8 9 -1 
35 2 26 10 
-10 -7 8 -2 
33 2 28 9 
-9 -6 8 -3 
32 2 29 9 
11 4 -1 5 
-14 4 -4 22 
11 5 -1 4 
-14 3 -5 22 
11 6 -2 4 
-14 2 -6 22 
12 6 -2 4 
-14 2 -6 22 
6 -4 -7 -8 
31 9 -2 -6 
5 -5 -6 -7 
31 9 -2 -5 
5 -5 -6 -7 
32 8 -1 -4 
5 -5 -5 -7 
32 8 -1 -4 
7 11 6 3 
-31 -2 -3 -20 
8 10 5 3 
-31 -2 -4 -20 
9 9 4 4 
-30 -2 -6 -20 
10 8 3 4 
-30 -2 -7 -20 
16 -7 5 -19 
20 28 1 3 
16 -6 7 -19 
20 28 1 3 
15 -6 8 -19 
20 29 2 4 
14 -5 9 -19 
19 29 2 4 
-11 -4 -14 11 
-1 -22 -14 0 
-11 -4 -14 10 
0 -22 -14 -1 
-10 -4 -15 8 
1 -22 -14 -1 
-10 -3 -16 7 
2 -22 -14 -2 
7 -2 17 -1 
19 25 4 13 
7 -2 17 -1 
20 24 4 14 
7 -3 17 0 
21 23 4 15 
6 -3 16 1 
22 22 4 17 
-13 9 11 1 
-15 12 15 -2 
-12 9 10 1 
-15 13 15 -2 
-11 8 8 1 
-16 13 14 -2 
-10 8 6 1 
-16 13 14 -2 
16 -33 3 -18 
-28 -8 8 1 
16 -32 4 -20 
-28 -9 7 1 
16 -31 4 -21 
-29 -9 6 2 
17 -30 5 -23 
-29 -9 5 2 
-9 8 -18 -3 
-1 -26 -25 -12 
-9 8 -17 -3 
0 -25 -25 -13 
-9 8 -16 -2 
2 -25 -25 -14 
-10 8 -16 -2 
3 -24 -25 -15 
-22 -17 2 -8 
-13 -24 -3 -5 
-21 -17 0 -8 
-9 -25 -6 -5 
-19 -17 -1 -7 
-4 -26 -8 -4 
-18 -18 -3 -7 
2 -26 -11 -4 
-12 -56 8 37 
68 581 763 179 
10 -61 -1 40 
43 575 765 201 
33 -67 -11 42 
19 567 764 223 
58 -72 -21 44 
-3 558 761 245 
-72 -19 -203 113 
29 -37 58 71 
-65 -17 -201 101 
33 -39 56 71 
-58 -14 -198 89 
36 -41 54 70 
-52 -12 -196 78 
40 -42 52 69 
4 24 110 50 
-19 -27 66 13 
3 21 108 54 
-25 -31 68 15 
3 18 105 58 
-31 -35 70 17 
2 14 103 61 
-36 -39 71 18 
3 34 -109 -66 
-7 6 23 -2 
6 34 -107 -63 
-7 6 22 -3 
9 35 -104 -59 
-7 6 20 -4 
11 35 -102 -56 
-7 6 19 -5 
-17 -18 19 -36 
-3 -52 -22 24 
-18 -15 20 -38 
-1 -51 -22 22 
-20 -12 20 -40 
0 -50 -21 19 
-21 -8 19 -42 
2 -48 -21 17 
-18 24 43 57 
15 24 -16 9 
-20 22 42 60 
15 24 -15 10 
-22 20 42 62 
15 25 -13 10 
-23 18 41 63 
15 25 -12 11 
11 2 9 26 
-10 -6 -54 73 
9 3 9 25 
-8 -8 -54 73 
8 5 10 24 
-7 -11 -55 73 
6 7 10 22 
-5 -13 -55 73 
-20 -4 -1 3 
16 -15 24 -11 
-19 -5 -2 4 
14 -16 25 -11 
-19 -7 -2 6 
13 -16 27 -10 
-18 -8 -3 7 
12 -17 28 -10 
20 21 24 1 
14 7 -35 14 
17 21 25 2 
15 6 -35 14 
15 21 27 3 
16 6 -34 14 
12 21 29 4 
16 6 -33 13 
27 4 1 7 
-17 5 27 -1 
28 3 1 8 
-17 5 25 -1 
29 2 0 8 
-18 4 24 0 
31 2 0 8 
-18 3 22 1 
7 -4 -6 -19 
1 9 -15 4 
6 -3 -6 -19 
2 9 -16 4 
6 -3 -5 -19 
3 10 -16 5 
6 -2 -4 -19 
5 10 -17 5 
-7 -3 24 21 
0 1 13 -6 
-7 -5 23 21 
-1 0 14 -5 
-8 -6 23 21 
-2 -1 14 -4 
-8 -7 22 22 
-2 -2 15 -3 
12 21 8 -17 
-5 -19 -13 -10 
11 21 9 -16 
-5 -18 -13 -11 
10 21 10 -15 
-5 -18 -13 -13 
9 21 11 -14 
-4 -17 -13 -14 
-5 16 -5 -1 
17 2 6 1 
-5 17 -5 -1 
17 3 6 -1 
-5 17 -5 -1 
17 4 7 -2 
-5 18 -5 0 
16 6 8 -3 
-13 7 -11 20 
-14 1 19 -3 
-12 7 -12 19 
-15 2 19 -4 
-10 7 -13 19 
-16 2 19 -4 
-9 7 -14 18 
-17 3 19 -5 
22 7 -13 -2 
-5 -8 0 15 
23 8 -12 -3 
-5 -8 -1 15 
23 8 -10 -3 
-4 -8 -2 14 
23 9 -9 -4 
-4 -8 -3 13 
-3 4 -11 13 
-15 -16 11 0 
-2 4 -11 14 
-14 -16 10 0 
0 3 -12 14 
-14 -17 9 0 
1 2 -12 15 
-14 -17 8 0 
8 2 12 -8 
25 3 7 13 
7 2 13 -7 
25 2 8 13 
6 3 13 -7 
25 1 9 13 
6 3 14 -6 
25 0 10 13 
0 -2 9 -19 
-14 4 3 24 
0 -1 8 -19 
-13 3 3 24 
0 0 7 -19 
-13 2 2 24 
1 2 7 -20 
-12 1 1 24 
-13 6 9 -12 
2 14 2 15 
-14 7 9 -12 
2 13 2 15 
-14 7 9 -12 
2 12 3 16 
-14 7 9 -11 
2 10 3 16 
-7 10 0 -30 
-12 0 11 -6 
-6 11 0 -30 
-12 2 11 -7 
-6 12 -1 -30 
-12 3 11 -8 
-5 13 -1 -30 
-13 5 10 -10 
6 -17 0 16 
25 0 6 -7 
6 -17 1 15 
26 1 6 -6 
6 -18 1 13 
26 1 7 -6 
6 -18 2 12 
26 2 8 -6 
5 12 9 28 
11 3 -3 -15 
5 10 9 29 
11 3 -3 -15 
5 9 8 30 
11 3 -3 -14 
5 7 7 30 
11 3 -3 -14 
-15 -9 -6 -9 
21 -8 3 -9 
-15 -9 -6 -9 
21 -8 4 -9 
-14 -8 -7 -9 
21 -8 4 -9 
-14 -8 -8 -10 
21 -8 5 -9 
6 -21 12 -16 
13 5 10 4 
6 -21 11 -16 
13 5 10 5 
6 -20 11 -17 
14 5 10 6 
6 -20 11 -17 
14 4 10 6 
8 13 21 -2 
-16 15 18 2 
8 13 21 -2 
-17 15 18 2 
8 13 20 -2 
-18 16 18 1 
8 13 20 -1 
-19 17 18 1 
30 21 -16 27 
-28 2 22 1 
31 21 -15 27 
-28 3 20 0 
32 21 -14 26 
-28 4 18 -1 
33 21 -12 26 
-28 5 16 -2 
0 -11 13 13 
-19 -7 1 -7 
-1 -11 14 12 
-20 -6 1 -7 
-2 -11 15 11 
-20 -6 1 -7 
-3 -11 15 10 
-21 -6 1 -7 
31 -14 8 -3 
-4 21 -5 -6 
30 -15 10 -3 
-4 21 -6 -5 
29 -15 12 -3 
-4 20 -6 -4 
28 -15 14 -3 
-4 20 -6 -3 
12 7 -3 4 
4 7 -11 3 
12 7 -3 4 
5 7 -11 3 
12 7 -3 4 
6 8 -12 3 
11 7 -2 3 
6 8 -12 3 
3 11 1 11 
-12 11 -16 9 
3 11 1 11 
-11 10 -17 10 
3 10 0 12 
-10 10 -18 10 
3 10 0 12 
-8 9 -19 10 
-7 7 16 -6 
3 -29 -6 -1 
-8 7 16 -7 
3 -29 -6 -2 
-9 8 15 -7 
2 -28 -5 -3 
-9 8 15 -7 
2 -28 -5 -5 
21 -18 1 -8 
-21 29 -4 11 
22 -18 1 -8 
-20 27 -6 13 
22 -18 2 -8 
-19 26 -7 15 
22 -18 2 -7 
-18 24 -9 17 
13 3 11 -33 
-9 -10 30 -4 
13 4 12 -33 
-11 -9 30 -5 
13 5 12 -34 
-13 -8 30 -6 
13 6 12 -34 
-15 -7 30 -7 
-18 -24 -25 0 
1 7 -13 6 
-18 -23 -24 -1 
0 7 -12 7 
-19 -23 -23 -2 
-1 7 -11 8 
-19 -22 -23 -3 
-1 6 -10 8 
23 -1 -10 -1 
-1 -3 9 0 
24 -1 -9 -1 
-2 -3 9 0 
24 0 -8 -2 
-2 -3 8 0 
24 0 -7 -2 
-3 -3 8 0 
-3 -7 -12 -2 
-4 4 3 -4 
-2 -8 -12 -2 
-5 4 3 -4 
-2 -8 -12 -1 
-6 3 4 -3 
-2 -8 -12 -2 
-6 3 4 -2 
5 -8 -10 -21 
3 14 -4 7 
5 -7 -9 -21 
3 15 -4 7 
4 -6 -8 -22 
3 15 -3 7 
4 -5 -7 -22 
2 16 -3 7 
-11 1 -13 14 
-2 -17 8 11 
-11 1 -13 13 
-3 -17 9 10 
-11 2 -13 12 
-4 -17 10 10 
-11 3 -13 11 
-6 -17 10 9 
10 -5 -3 -1 
-17 -11 -16 -14 
9 -6 -1 -1 
-17 -11 -16 -15 
8 -6 0 0 
-18 -10 -16 -15 
7 -7 1 0 
-18 -10 -16 -15 
12 -4 -18 -3 
7 -9 1 -21 
12 -5 -17 -3 
8 -8 1 -21 
12 -5 -16 -3 
8 -7 1 -22 
12 -6 -15 -3 
8 -7 1 -22 
-19 14 -3 15 
-1 7 -5 6 
-19 13 -4 15 
-2 7 -5 6 
-18 13 -5 16 
-2 6 -4 6 
-18 13 -6 16 
-2 6 -4 6 
-24 5 -15 -5 
6 -10 -12 -15 
-24 5 -15 -5 
6 -9 -11 -16 
-24 5 -16 -5 
5 -8 -10 -16 
-24 5 -16 -5 
4 -7 -9 -17 
-6 16 -23 8 
-6 -8 4 -3 
-5 16 -24 8 
-5 -8 4 -4 
-4 16 -24 8 
-5 -8 3 -5 
-3 16 -25 9 
-4 -7 2 -5 
7 0 13 4 
-7 12 8 9 
7 0 13 4 
-8 11 8 9 
7 0 13 4 
-8 10 8 10 
6 -1 13 4 
-9 9 7 11 
-3 4 -1 -15 
25 -3 21 -5 
-4 4 0 -15 
24 -3 22 -5 
-4 5 0 -15 
23 -2 23 -6 
-4 5 1 -14 
23 -2 24 -6 
18 -7 21 2 
16 12 -1 4 
17 -7 22 2 
16 11 -1 5 
16 -8 22 1 
17 11 -1 6 
15 -8 23 1 
17 11 0 6 
4 7 14 11 
-7 10 17 7 
4 7 13 11 
-8 9 17 7 
5 6 13 11 
-8 8 16 8 
5 6 12 12 
-9 7 16 9 
-13 13 -2 -6 
-10 10 3 0 
-13 12 -2 -6 
-11 10 4 0 
-13 12 -2 -5 
-12 9 5 0 
-14 12 -2 -4 
-13 9 5 0 
-8 1 -20 -4 
-16 6 13 7 
-7 1 -20 -4 
-12 6 11 7 
-5 1 -20 -4 
-8 5 8 8 
-4 1 -20 -4 
-4 5 6 9 
-26 -60 -13 45 
165 604 805 177 
-2 -66 -23 47 
142 596 808 199 
23 -71 -33 48 
120 586 809 222 
49 -76 -43 50 
99 574 807 246 
-45 -3 -129 6 
-17 -40 81 56 
-37 4 -130 -8 
-12 -39 76 53 
-28 10 -131 -20 
-7 -38 70 49 
-19 17 -132 -32 
-1 -37 64 45 
1 33 131 70 
-20 -42 73 21 
0 30 129 73 
-25 -44 74 21 
0 28 127 75 
-29 -47 75 21 
0 26 124 77 
-34 -50 76 21 
-26 19 -62 -50 
-12 23 4 -6 
-26 20 -61 -48 
-12 25 4 -7 
-25 20 -59 -45 
-12 27 5 -8 
-25 21 -57 -43 
-12 30 5 -9 
-22 -44 39 6 
4 -16 -43 45 
-26 -41 40 2 
4 -17 -41 45 
-29 -38 41 -2 
4 -18 -39 44 
-33 -35 42 -5 
5 -18 -36 43 
-7 6 13 11 
27 25 -2 3 
-9 5 13 13 
26 26 -1 3 
-10 4 13 14 
25 26 1 4 
-11 3 13 14 
24 27 3 5 
4 -21 -15 15 
-10 16 -42 38 
4 -21 -16 14 
-7 14 -44 40 
4 -20 -16 12 
-4 12 -45 41 
4 -19 -16 11 
-1 10 -47 42 
-21 19 34 -14 
1 -10 -19 -16 
-22 19 33 -13 
1 -9 -18 -17 
-23 19 32 -12 
1 -8 -17 -18 
-24 19 31 -11 
1 -8 -16 -19 
39 12 19 -6 
-8 -11 -12 -6 
38 12 20 -6 
-7 -10 -13 -7 
37 13 21 -6 
-7 -10 -13 -8 
36 13 23 -6 
-7 -10 -14 -9 
4 -12 -17 -19 
-6 18 5 -9 
5 -11 -18 -19 
-5 18 4 -8 
6 -11 -18 -19 
-4 18 3 -8 
7 -11 -18 -19 
-2 18 2 -7 
14 -8 40 -1 
-12 20 -23 -2 
12 -8 41 -2 
-12 20 -24 -1 
11 -8 42 -2 
-12 20 -24 -1 
9 -8 42 -3 
-11 20 -24 0 
-22 4 -14 -7 
6 1 -15 2 
-22 5 -14 -8 
7 1 -15 2 
-22 5 -15 -8 
8 1 -15 2 
-22 6 -15 -8 
9 1 -14 2 
-6 9 11 -4 
11 37 -4 18 
-6 9 10 -5 
12 37 -4 18 
-6 9 10 -4 
12 37 -4 19 
-6 10 9 -4 
13 37 -3 19 
-20 -9 1 10 
-5 8 6 1 
-19 -9 0 9 
-6 8 7 1 
-19 -9 -1 8 
-7 7 7 2 
-18 -9 -2 6 
-7 7 7 2 
-10 6 -19 -3 
10 11 -2 -18 
-10 6 -19 -2 
10 12 -2 -18 
-10 5 -19 -2 
10 13 -1 -18 
-9 5 -19 -2 
10 14 -1 -18 
-3 -1 -2 12 
-4 -28 9 -6 
-2 -1 -3 11 
-4 -28 8 -7 
-1 -1 -3 10 
-5 -28 8 -8 
-1 0 -4 9 
-5 -28 8 -9 
-27 6 -8 5 
-17 37 -38 4 
-28 5 -8 6 
-17 37 -38 5 
-29 4 -8 7 
-17 36 -38 6 
-29 3 -8 9 
-17 36 -37 7 
-32 -10 -33 9 
-1 4 -8 1 
-31 -10 -34 8 
-1 4 -8 2 
-30 -10 -35 7 
-1 3 -8 2 
-29 -10 -36 6 
-1 3 -7 3 
30 -7 -4 7 
-26 3 6 -4 
31 -8 -3 7 
-25 3 4 -3 
32 -8 -3 7 
-24 2 2 -2 
33 -9 -2 8 
-23 2 0 -1 
-19 -5 0 8 
0 2 -7 0 
-20 -6 0 8 
0 1 -6 1 
-20 -7 0 9 
0 0 -6 2 
-20 -7 0 9 
0 0 -5 3 
12 0 -3 9 
5 -1 18 -37 
12 -2 -3 10 
4 0 18 -36 
12 -4 -3 11 
2 1 18 -35 
13 -6 -2 12 
1 1 18 -34 
8 11 -20 10 
24 -6 10 2 
8 10 -19 10 
24 -6 11 2 
8 10 -19 10 
24 -6 11 2 
8 10 -18 10 
23 -6 12 2 
-9 15 1 2 
-3 6 -2 5 
-9 15 1 2 
-4 6 -1 5 
-9 15 0 3 
-4 6 -1 5 
-9 14 0 4 
-5 6 0 5 
7 -25 -12 -8 
4 -5 4 -3 
7 -25 -11 -9 
4 -5 4 -3 
7 -24 -11 -10 
4 -5 4 -3 
7 -24 -10 -11 
4 -4 4 -3 
-13 -5 -8 8 
4 15 -1 -1 
-12 -6 -9 8 
5 15 -1 0 
-12 -6 -9 8 
5 15 -1 0 
-11 -6 -10 8 
6 15 -1 1 
-9 4 4 12 
1 -16 16 -20 
-8 3 3 12 
1 -16 16 -20 
-7 3 2 12 
1 -15 16 -21 
-6 2 1 12 
1 -15 16 -21 
-2 13 5 3 
12 -16 4 9 
-2 13 5 3 
11 -16 4 8 
-2 13 5 4 
11 -17 5 8 
-3 14 5 4 
10 -17 5 7 
18 -15 -3 -13 
2 1 -4 -8 
18 -16 -3 -12 
2 0 -4 -7 
18 -16 -2 -12 
3 0 -5 -6 
18 -16 -2 -11 
3 -1 -6 -5 
-4 7 -5 -7 
-8 15 1 8 
-3 7 -5 -6 
-8 15 0 8 
-3 8 -6 -6 
-8 15 -1 8 
-2 8 -7 -6 
-8 15 -1 8 
-19 -2 -16 19 
-17 0 -3 -1 
-18 -2 -17 19 
-17 -2 -3 0 
-17 -3 -18 19 
-16 -3 -4 1 
-16 -4 -19 18 
-16 -4 -5 1 
-20 3 2 -25 
-7 1 -20 -13 
-20 3 2 -24 
-6 2 -20 -13 
-21 3 2 -24 
-6 2 -20 -14 
-21 3 1 -23 
-5 3 -19 -14 
-11 -1 0 5 
-4 12 1 19 
-11 -1 0 4 
-4 11 2 19 
-10 -1 -1 4 
-4 11 2 20 
-10 0 -1 4 
-4 10 2 20 
-6 -3 6 -7 
12 -6 1 1 
-7 -2 6 -7 
11 -6 2 1 
-7 -2 7 -7 
9 -6 3 0 
-8 -2 7 -7 
8 -6 5 0 
19 3 -20 7 
-10 6 9 0 
20 3 -19 7 
-10 6 7 0 
21 3 -19 8 
-10 6 6 0 
22 3 -18 8 
-9 6 5 0 
-20 -11 -1 -1 
15 5 -22 14 
-21 -11 0 -2 
15 5 -21 14 
-22 -10 0 -3 
16 6 -19 14 
-23 -9 -1 -4 
16 6 -18 14 
14 24 6 31 
-27 14 2 17 
14 24 6 31 
-27 14 1 17 
15 23 5 32 
-27 15 -1 16 
15 23 5 32 
-26 15 -2 16 
3 -1 -14 10 
9 11 -12 41 
3 0 -13 9 
10 10 -12 41 
3 1 -12 9 
10 9 -12 41 
3 2 -12 8 
11 8 -12 41 
-20 5 -9 6 
-19 11 -8 19 
-20 5 -10 6 
-19 10 -9 19 
-19 5 -12 7 
-18 10 -9 20 
-18 5 -13 7 
-18 9 -10 20 
7 -2 2 3 
10 1 12 5 
7 -3 2 3 
9 0 12 6 
7 -3 3 3 
9 0 13 6 
7 -3 3 3 
8 -1 13 7 
-12 2 -15 -1 
-21 -4 4 -21 
-11 1 -15 0 
-21 -3 4 -21 
-10 0 -16 0 
-22 -2 3 -20 
-9 -1 -17 1 
-22 -2 3 -20 
-8 8 -2 1 
23 10 -21 -7 
-9 8 -2 1 
24 11 -20 -7 
-10 8 -1 1 
24 12 -19 -8 
-12 8 0 1 
24 14 -17 -8 
-6 -3 -13 22 
-5 14 14 19 
-5 -3 -15 21 
-6 14 14 20 
-3 -3 -16 20 
-6 13 13 20 
-2 -2 -17 19 
-6 13 13 20 
-7 -16 -4 3 
0 9 -1 9 
-7 -16 -4 2 
0 9 0 10 
-7 -16 -4 1 
0 8 0 11 
-7 -16 -4 0 
0 8 0 11 
11 -3 15 0 
-17 18 -3 9 
10 -3 16 -1 
-17 18 -3 10 
9 -3 16 -1 
-18 18 -4 10 
9 -2 17 -1 
-18 18 -4 10 
-9 -2 -21 0 
5 -13 -7 3 
-8 -1 -21 -1 
5 -13 -6 2 
-8 -1 -20 -2 
5 -13 -6 2 
-8 0 -20 -3 
5 -13 -6 1 
-4 -8 -12 -9 
17 4 15 9 
-3 -8 -12 -9 
17 4 15 9 
-2 -7 -13 -9 
17 4 15 10 
-1 -7 -13 -9 
17 4 16 10 
-50 -5 -8 2 
7 8 7 8 
-49 -5 -10 2 
6 8 9 9 
-49 -5 -12 2 
4 7 11 9 
-49 -5 -13 1 
2 7 12 10 
-3 -4 -7 -2 
3 12 -25 -8 
-4 -4 -6 -2 
3 13 -24 -8 
-5 -4 -5 -3 
3 15 -23 -8 
-7 -4 -4 -3 
3 16 -22 -8 
3 -27 0 18 
-5 1 -36 4 
2 -27 0 16 
-4 1 -36 5 
1 -27 1 14 
-3 0 -36 6 
-1 -26 1 13 
-2 0 -36 7 
-23 7 -13 1 
-15 -20 -4 -2 
-21 6 -15 2 
-10 -21 -6 -2 
-19 6 -16 2 
-4 -22 -8 -2 
-18 5 -17 3 
1 -23 -11 -2 
-39 -23 11 10 
258 543 863 122 
-15 -28 1 13 
237 536 868 141 
10 -33 -10 16 
217 528 871 160 
38 -38 -22 18 
198 519 871 180 
-20 15 40 -31 
-10 21 104 54 
-17 22 38 -44 
-8 24 102 51 
-13 30 36 -56 
-6 26 99 47 
-8 37 34 -67 
-4 29 96 43 
9 20 100 104 
5 -34 24 31 
6 18 100 104 
3 -38 25 32 
4 15 100 103 
2 -41 27 32 
2 13 100 103 
0 -44 28 33 
-12 14 9 -56 
-23 7 -3 -28 
-14 14 10 -54 
-24 9 -2 -29 
-16 15 11 -51 
-26 12 0 -31 
-17 15 12 -49 
-27 15 1 -32 
18 -15 24 15 
-2 -14 -75 8 
14 -13 27 12 
-1 -12 -75 6 
10 -11 30 10 
1 -10 -74 5 
5 -10 34 7 
3 -8 -73 3 
-43 9 -6 53 
-14 25 8 -9 
-42 7 -8 53 
-17 26 9 -7 
-42 5 -10 54 
-19 26 10 -6 
-41 3 -12 54 
-21 26 11 -5 
24 5 -37 17 
-11 7 -27 27 
24 5 -36 17 
-10 4 -28 28 
24 5 -34 17 
-8 2 -29 29 
24 5 -32 16 
-7 0 -30 30 
-3 41 11 -22 
10 -40 -13 -10 
-4 41 11 -20 
11 -40 -13 -12 
-5 41 11 -18 
11 -40 -12 -13 
-5 41 10 -16 
12 -40 -12 -15 
23 18 25 -10 
2 4 -3 -7 
23 17 25 -8 
2 3 -4 -7 
22 17 25 -7 
3 3 -5 -7 
21 16 25 -5 
3 3 -5 -7 
-10 -12 -11 -16 
-15 -5 13 -1 
-9 -11 -12 -17 
-16 -5 13 -1 
-8 -11 -13 -17 
-17 -4 12 -1 
-7 -10 -14 -17 
-17 -4 12 -1 
11 23 -5 16 
-5 21 -26 13 
10 22 -4 17 
-5 21 -26 13 
9 21 -3 18 
-4 20 -27 14 
8 21 -1 19 
-4 20 -27 14 
15 19 -8 9 
23 -26 26 -20 
16 18 -8 9 
24 -25 26 -22 
17 18 -8 9 
24 -24 25 -23 
18 17 -8 9 
25 -23 25 -24 
10 0 41 9 
11 -1 2 -18 
8 -1 41 9 
10 0 3 -18 
7 -1 41 10 
10 0 4 -18 
6 -2 41 10 
9 1 4 -18 
-11 12 -7 7 
-8 -19 -1 8 
-11 12 -8 7 
-9 -20 0 7 
-11 13 -8 7 
-10 -20 0 7 
-11 13 -8 7 
-11 -20 0 6 
10 3 -24 -8 
-4 -19 7 -25 
11 2 -23 -7 
-5 -18 7 -25 
11 2 -22 -7 
-5 -17 6 -26 
12 1 -21 -6 
-5 -17 6 -26 
0 9 -2 8 
26 5 -14 -20 
-1 8 -2 9 
27 5 -13 -20 
-1 7 -2 10 
28 6 -13 -20 
-2 6 -1 10 
29 7 -12 -20 
-1 -15 9 9 
4 9 29 -17 
0 -16 8 9 
4 8 29 -16 
2 -17 6 8 
3 8 28 -15 
3 -18 5 8 
3 7 27 -13 
-22 -11 0 -25 
8 17 -19 12 
-22 -10 -1 -25 
8 16 -18 13 
-23 -10 -1 -25 
8 15 -17 14 
-23 -9 -2 -25 
8 14 -16 15 
-17 15 -24 -19 
-26 6 -2 4 
-16 16 -25 -19 
-26 6 -2 3 
-15 17 -26 -19 
-26 6 -3 2 
-14 17 -27 -18 
-26 7 -4 2 
-24 2 -7 -1 
26 10 -5 6 
-24 3 -6 -2 
25 10 -3 6 
-25 3 -6 -2 
25 11 -1 6 
-26 4 -6 -3 
24 11 0 5 
-6 9 -9 17 
9 14 0 7 
-5 8 -9 17 
10 13 0 7 
-5 8 -10 17 
10 13 1 8 
-4 8 -11 16 
11 12 1 8 
3 2 19 -5 
-6 9 2 16 
3 3 19 -5 
-7 8 2 16 
2 3 19 -5 
-8 7 2 17 
2 3 18 -5 
-9 7 2 17 
24 17 -15 11 
-22 12 19 1 
25 16 -15 12 
-23 11 17 2 
26 15 -14 12 
-23 11 16 2 
27 14 -13 13 
-23 10 14 3 
4 2 -3 -22 
21 -8 -5 -14 
4 3 -2 -22 
21 -7 -5 -15 
4 4 -2 -22 
22 -5 -4 -17 
3 5 -1 -22 
22 -3 -4 -18 
-3 -8 -1 16 
7 17 16 8 
-2 -8 -2 15 
7 17 16 9 
0 -7 -3 14 
7 17 16 9 
1 -7 -4 13 
7 17 16 9 
23 4 11 4 
-14 3 10 -18 
23 4 12 3 
-13 4 9 -19 
24 4 12 3 
-13 6 7 -19 
24 4 12 2 
-13 7 6 -20 
4 8 1 16 
-13 2 20 10 
4 8 1 16 
-13 2 19 10 
5 8 1 15 
-13 1 19 10 
6 8 1 15 
-13 0 18 10 
12 -18 12 -28 
12 22 29 5 
12 -17 13 -29 
11 22 29 5 
12 -16 13 -30 
10 23 30 5 
12 -15 14 -30 
9 23 30 6 
10 -24 7 -3 
-38 -24 -13 -11 
9 -24 8 -5 
-39 -24 -14 -12 
9 -23 8 -6 
-40 -24 -14 -12 
8 -23 9 -8 
-40 -24 -15 -13 
9 12 -25 -1 
-11 -2 -15 -3 
9 12 -24 -1 
-10 -2 -15 -4 
9 12 -22 0 
-9 -2 -16 -4 
9 11 -21 1 
-9 -2 -17 -4 
-5 -16 -4 -9 
-2 17 18 -24 
-4 -17 -4 -9 
-4 18 19 -24 
-3 -17 -4 -9 
-5 19 19 -23 
-3 -18 -5 -9 
-6 21 19 -22 
14 -14 -21 14 
-24 -1 22 -13 
15 -14 -20 13 
-24 -1 21 -13 
17 -14 -20 12 
-25 0 20 -13 
18 -14 -19 11 
-25 0 18 -13 
6 -3 2 0 
1 -16 -10 -5 
5 -3 4 0 
1 -15 -9 -6 
4 -3 5 -1 
1 -15 -9 -6 
3 -3 6 -1 
1 -15 -9 -7 
5 -10 -4 -1 
-12 6 -1 -15 
6 -11 -4 -1 
-13 6 -2 -14 
6 -12 -4 0 
-13 6 -3 -14 
6 -13 -4 0 
-13 6 -3 -13 
10 5 -10 3 
-9 -14 3 2 
11 5 -9 3 
-9 -15 2 2 
11 5 -9 3 
-8 -15 1 2 
11 5 -8 3 
-8 -16 1 2 
20 1 13 -10 
4 -2 -2 -18 
19 1 14 -9 
4 -1 -2 -18 
18 0 15 -8 
4 -1 -2 -18 
17 -1 16 -7 
3 0 -2 -18 
17 6 -3 -7 
-6 7 12 14 
18 7 -3 -8 
-6 8 11 13 
18 8 -2 -8 
-6 8 10 12 
18 9 -2 -9 
-5 9 9 12 
-23 2 4 27 
14 13 -4 -25 
-24 0 3 27 
14 14 -2 -24 
-24 -1 3 27 
14 15 -1 -24 
-25 -2 3 27 
14 16 0 -23 
2 3 9 16 
-3 -12 -5 -2 
1 3 9 16 
-3 -12 -5 -2 
1 3 9 15 
-3 -11 -5 -3 
0 3 8 14 
-4 -11 -5 -3 
-17 0 -12 3 
8 -3 4 -11 
-17 -1 -13 3 
7 -2 5 -11 
-17 -1 -13 3 
7 -2 6 -11 
-17 -2 -13 4 
6 -2 6 -11 
5 10 -2 -2 
-10 16 2 21 
5 11 -2 -2 
-10 15 2 21 
5 11 -2 -2 
-10 15 2 21 
5 12 -2 -2 
-11 15 1 21 
-5 -2 -8 -3 
-1 -20 -3 3 
-5 -1 -8 -3 
-1 -20 -3 3 
-5 -1 -8 -4 
-1 -20 -3 2 
-5 0 -7 -4 
0 -21 -3 1 
-5 2 14 -16 
12 8 -1 7 
-5 2 14 -15 
12 8 -1 7 
-6 2 14 -15 
11 8 0 8 
-7 3 14 -14 
11 8 1 8 
-6 -25 -6 -12 
4 -4 1 3 
-6 -24 -7 -13 
4 -4 1 3 
-6 -24 -7 -14 
4 -5 1 4 
-5 -23 -8 -15 
4 -6 2 5 
-9 -2 2 -11 
-17 3 0 3 
-9 -2 1 -11 
-17 3 0 3 
-9 -2 1 -11 
-16 3 -1 3 
-8 -2 0 -10 
-16 2 -1 3 
8 -3 11 2 
-10 3 7 -8 
8 -4 11 2 
-9 2 6 -7 
8 -4 12 2 
-9 2 6 -7 
8 -5 12 2 
-8 2 5 -6 
3 -7 29 -9 
5 -1 -12 9 
2 -6 29 -9 
5 -2 -11 10 
0 -6 29 -10 
5 -3 -11 10 
-1 -6 30 -10 
5 -4 -11 10 
-12 -22 -11 -30 
-3 -13 2 18 
-11 -21 -12 -31 
-3 -14 1 19 
-10 -19 -13 -31 
-3 -15 1 19 
-10 -18 -14 -31 
-3 -16 1 19 
-10 9 -6 0 
-5 -1 1 -5 
-10 8 -7 1 
-5 -1 2 -5 
-10 8 -7 2 
-6 -1 2 -5 
-9 7 -8 3 
-6 -1 2 -5 
14 2 -20 -8 
-9 -21 34 1 
16 2 -20 -7 
-5 -22 30 1 
19 2 -20 -7 
0 -23 27 1 
21 3 -20 -7 
5 -24 24 1 
-62 5 18 21 
284 490 839 57 
-40 -1 8 25 
265 485 846 74 
-17 -8 -3 29 
247 477 851 92 
9 -15 -14 33 
231 468 853 110 
15 28 202 -83 
-11 32 117 24 
11 36 203 -95 
-15 35 119 20 
8 44 204 -106 
-19 39 121 16 
6 52 204 -115 
-23 42 122 12 
26 4 9 83 
23 -37 15 24 
24 3 12 82 
21 -41 16 25 
23 1 16 80 
20 -44 18 25 
21 0 19 78 
19 -47 19 26 
-10 -3 1 -56 
-10 -4 8 -46 
-10 -3 1 -53 
-11 -2 9 -47 
-11 -4 1 -51 
-12 1 10 -47 
-11 -5 1 -48 
-13 3 11 -48 
15 -13 21 9 
-36 -18 -42 17 
12 -12 23 7 
-36 -18 -42 17 
9 -11 26 6 
-37 -18 -42 16 
7 -9 28 4 
-37 -18 -42 15 
-29 20 -33 33 
-26 53 -15 0 
-29 18 -32 35 
-27 53 -15 2 
-29 15 -32 37 
-27 53 -14 4 
-29 13 -32 38 
-28 53 -14 6 
20 -34 -4 6 
-25 4 -22 35 
19 -33 -2 4 
-25 2 -23 36 
18 -32 0 2 
-25 0 -23 38 
17 -31 2 0 
-24 -2 -23 39 
29 8 14 3 
6 -22 -13 -25 
27 7 16 5 
5 -23 -13 -24 
25 5 18 7 
5 -23 -12 -24 
23 3 20 8 
4 -23 -11 -24 
21 -21 -13 -13 
-6 0 -1 -22 
21 -22 -12 -12 
-5 0 -2 -21 
21 -23 -12 -12 
-4 0 -3 -20 
22 -23 -11 -11 
-2 0 -4 -19 
12 -38 30 -10 
-16 15 -11 -5 
11 -39 30 -11 
-16 14 -11 -3 
10 -39 31 -11 
-15 13 -12 -1 
9 -40 31 -12 
-14 12 -12 1 
-32 -8 8 -1 
-3 -8 -16 -4 
-34 -9 8 0 
-5 -9 -14 -3 
-35 -10 8 0 
-6 -10 -12 -2 
-36 -11 8 0 
-7 -11 -11 -1 
-12 9 -26 -6 
17 -27 -2 -26 
-12 8 -26 -5 
16 -28 -1 -26 
-12 6 -25 -3 
16 -28 0 -25 
-12 5 -25 -1 
15 -29 1 -25 
-11 11 -8 -17 
-6 13 11 5 
-11 11 -8 -16 
-7 12 11 6 
-10 11 -9 -14 
-7 11 12 7 
-10 10 -9 -13 
-8 11 12 7 
-12 17 4 -8 
-1 20 -12 14 
-13 18 4 -8 
-2 20 -11 13 
-14 19 5 -8 
-2 21 -10 13 
-15 19 5 -7 
-3 22 -9 12 
-18 21 -23 36 
-4 -4 8 4 
-17 20 -24 35 
-4 -4 8 3 
-16 20 -24 35 
-5 -5 9 3 
-15 19 -24 35 
-6 -5 9 3 
1 -1 -8 -25 
4 -5 10 10 
1 0 -8 -25 
3 -5 10 10 
1 1 -8 -25 
3 -6 10 9 
2 2 -7 -25 
3 -6 10 9 
-2 15 1 2 
13 3 -1 34 
-2 16 1 3 
14 1 -1 34 
-2 16 1 3 
14 -1 -1 34 
-2 17 1 3 
15 -2 -1 34 
12 4 26 -24 
5 -15 1 23 
11 5 25 -23 
5 -16 1 22 
11 6 25 -23 
6 -17 0 21 
11 8 25 -23 
6 -18 0 21 
0 20 0 -3 
4 -8 -4 -5 
1 19 -1 -2 
5 -7 -4 -6 
1 19 -1 0 
5 -7 -5 -7 
2 18 -2 1 
6 -6 -5 -7 
-12 -5 2 2 
1 -15 -2 1 
-11 -5 1 2 
2 -15 -3 1 
-11 -5 0 2 
3 -15 -3 1 
-10 -5 -1 2 
4 -16 -3 1 
-16 4 19 -8 
21 -23 11 -6 
-16 5 19 -7 
20 -22 12 -7 
-16 5 18 -7 
20 -21 14 -8 
-17 5 17 -6 
19 -20 15 -9 
-1 15 -1 25 
18 20 0 17 
-1 14 -2 26 
18 20 0 17 
-1 13 -2 27 
18 20 1 18 
-1 13 -2 27 
18 20 1 18 
-14 -1 -5 12 
-1 -3 -10 -10 
-14 -2 -6 12 
-1 -2 -10 -11 
-14 -2 -6 11 
-1 -1 -10 -11 
-13 -2 -7 11 
-1 0 -9 -11 
13 -36 -5 -2 
-14 7 10 3 
14 -36 -5 -3 
-14 6 9 5 
14 -36 -5 -4 
-14 6 8 6 
15 -35 -5 -5 
-13 5 7 7 
16 -10 4 -2 
0 5 8 -3 
16 -11 5 -2 
1 5 7 -2 
16 -11 5 -2 
2 4 6 -2 
16 -11 6 -2 
2 4 5 -1 
10 -18 18 -12 
-16 0 2 11 
10 -18 18 -12 
-15 -1 1 12 
10 -17 18 -13 
-15 -2 0 12 
10 -16 18 -13 
-14 -3 -1 13 
0 0 11 -27 
3 10 -2 45 
-1 2 11 -28 
2 8 -2 45 
-1 4 11 -28 
2 7 -2 45 
-2 6 12 -28 
1 6 -1 45 
12 17 -25 -2 
2 -1 15 -24 
14 16 -25 -1 
3 0 14 -25 
15 16 -25 0 
3 2 13 -25 
17 15 -25 1 
4 3 11 -26 
11 -7 18 -1 
-8 8 16 -12 
12 -7 18 -2 
-8 9 15 -13 
12 -7 18 -2 
-8 10 15 -13 
12 -7 18 -3 
-9 11 14 -13 
-9 18 0 12 
10 -22 -2 8 
-10 19 0 11 
9 -22 -1 7 
-10 20 0 11 
9 -22 0 5 
-11 21 1 10 
8 -22 1 4 
-28 -11 -17 -21 
8 16 -9 -11 
-28 -11 -18 -21 
8 18 -8 -11 
-28 -10 -18 -21 
7 19 -7 -11 
-28 -10 -19 -21 
7 21 -6 -11 
13 -5 1 23 
-6 0 5 0 
13 -5 1 22 
-7 0 5 0 
13 -5 1 20 
-7 1 4 0 
13 -5 2 19 
-7 1 4 0 
15 -17 -5 -1 
-16 -5 6 -12 
15 -17 -5 -1 
-17 -5 5 -11 
15 -17 -4 -2 
-17 -5 4 -11 
16 -17 -4 -2 
-17 -5 3 -10 
21 3 -6 -1 
-2 -5 24 -17 
22 2 -6 0 
-2 -5 23 -17 
23 1 -5 0 
-2 -5 23 -16 
23 0 -4 1 
-3 -6 22 -16 
5 -7 7 -26 
7 7 -17 8 
4 -7 8 -26 
8 8 -17 8 
3 -6 8 -27 
8 8 -17 8 
2 -5 9 -27 
8 8 -16 8 
5 -15 -4 7 
-3 -21 8 -34 
5 -16 -4 7 
-2 -20 7 -34 
6 -17 -5 6 
-2 -19 7 -34 
6 -17 -5 6 
-2 -18 6 -34 
16 12 2 -4 
-15 9 -14 21 
16 13 2 -4 
-13 9 -16 21 
16 13 2 -4 
-11 8 -17 21 
16 14 2 -4 
-9 8 -19 21 
-13 0 23 6 
-9 -5 8 -10 
-13 0 22 6 
-10 -5 8 -9 
-13 -1 22 6 
-10 -5 8 -9 
-13 -1 21 6 
-11 -5 8 -9 
3 -9 -2 -9 
-1 -12 22 -6 
3 -9 -1 -9 
-1 -13 22 -6 
3 -9 -1 -9 
-2 -13 22 -5 
4 -9 0 -9 
-2 -13 22 -5 
7 15 17 -8 
-7 -7 2 -19 
6 14 18 -7 
-7 -5 3 -20 
5 14 18 -7 
-8 -4 3 -21 
5 14 19 -6 
-8 -3 3 -22 
6 11 -3 7 
17 -13 -7 21 
6 12 -2 7 
18 -14 -7 21 
6 13 -1 7 
18 -14 -7 20 
5 14 -1 6 
19 -15 -7 19 
-10 8 3 -13 
2 8 5 24 
-10 8 2 -12 
2 7 5 24 
-9 9 1 -12 
2 5 5 25 
-9 9 0 -11 
1 4 5 25 
-27 -9 -6 -11 
-9 -17 -25 -15 
-27 -10 -7 -11 
-8 -17 -25 -15 
-27 -10 -7 -11 
-8 -17 -25 -15 
-28 -11 -8 -11 
-7 -17 -24 -15 
-12 19 6 5 
8 -32 -14 -7 
-13 19 6 6 
8 -32 -13 -8 
-13 18 5 7 
9 -31 -13 -10 
-14 18 5 8 
10 -30 -12 -11 
-2 -3 16 11 
4 22 -5 22 
-3 -4 15 11 
3 21 -4 23 
-3 -4 15 12 
3 20 -4 24 
-4 -5 15 13 
2 18 -3 25 
1 -22 -16 -18 
-3 -6 -1 16 
2 -21 -16 -19 
-3 -7 -1 17 
2 -20 -16 -20 
-3 -8 -2 17 
3 -19 -16 -21 
-3 -8 -2 17 
-24 10 -13 -8 
-18 -12 -22 4 
-24 10 -14 -7 
-17 -12 -23 3 
-24 10 -15 -7 
-16 -12 -23 3 
-24 11 -15 -6 
-15 -12 -23 2 
14 14 17 7 
15 13 23 3 
14 14 18 8 
14 13 23 3 
14 13 19 8 
13 13 24 3 
14 13 19 9 
12 13 24 3 
13 1 7 -3 
-15 10 5 13 
13 1 8 -3 
-16 10 5 13 
13 2 8 -4 
-16 10 5 13 
13 2 9 -4 
-16 9 4 13 
11 -16 4 -8 
1 11 14 21 
12 -16 5 -9 
5 9 12 22 
12 -15 6 -10 
10 7 11 24 
12 -15 6 -10 
15 4 9 25 
-73 3 54 -6 
247 370 833 -28 
-55 -3 45 -3 
225 368 843 -15 
-34 -9 35 0 
203 364 850 -3 
-11 -15 25 3 
184 359 855 11 
9 -15 194 -70 
4 55 115 -19 
0 -9 200 -80 
-6 57 122 -20 
-7 -4 205 -90 
-15 59 129 -21 
-14 0 209 -98 
-24 62 135 -21 
78 -15 -41 44 
19 -35 33 0 
77 -16 -35 42 
18 -38 33 1 
75 -17 -28 40 
18 -40 32 2 
74 -18 -21 38 
17 -43 32 3 
1 -38 24 -53 
6 35 -12 -77 
-1 -39 25 -51 
6 38 -11 -76 
-3 -41 25 -49 
6 41 -10 -74 
-4 -44 26 -47 
7 44 -9 -72 
17 -23 44 22 
-27 -12 -40 -11 
14 -22 45 19 
-27 -10 -40 -11 
11 -22 46 16 
-26 -9 -40 -12 
8 -21 47 13 
-26 -7 -40 -13 
-21 -25 -11 27 
-10 27 -13 -2 
-22 -27 -11 27 
-10 25 -12 0 
-22 -28 -10 26 
-10 24 -12 3 
-23 -29 -10 26 
-10 23 -11 5 
21 -20 16 -14 
-9 5 -38 0 
19 -21 17 -15 
-7 4 -38 1 
18 -21 19 -15 
-5 3 -39 3 
16 -21 20 -15 
-4 2 -40 4 
-5 -8 9 -16 
-5 -29 6 -12 
-5 -8 8 -16 
-5 -30 6 -13 
-4 -8 8 -16 
-5 -30 5 -13 
-4 -8 7 -15 
-5 -30 5 -14 
-2 27 -1 -7 
-16 -13 10 3 
-1 28 -1 -6 
-16 -13 10 2 
0 28 -1 -4 
-16 -14 9 1 
0 28 -2 -3 
-16 -14 8 0 
-4 -4 -6 -23 
-5 44 1 32 
-4 -3 -6 -23 
-5 44 1 33 
-4 -2 -5 -23 
-6 43 1 33 
-4 0 -5 -23 
-6 43 2 34 
-5 26 -3 23 
5 -16 -16 8 
-5 27 -3 22 
5 -16 -16 6 
-6 27 -3 21 
6 -15 -15 5 
-7 27 -2 21 
6 -14 -15 3 
3 -7 -3 3 
-17 11 -22 4 
3 -6 -4 3 
-16 12 -23 5 
2 -6 -4 3 
-15 12 -23 5 
2 -6 -4 2 
-14 12 -24 5 
6 -15 18 11 
18 11 26 -4 
5 -15 19 10 
17 12 27 -3 
5 -16 19 9 
16 12 28 -3 
5 -16 19 9 
14 12 29 -2 
10 24 2 19 
-14 6 14 17 
10 24 2 19 
-15 6 14 17 
11 24 2 20 
-15 6 13 16 
11 24 3 20 
-16 6 13 16 
18 9 4 7 
11 -19 -10 -4 
17 9 5 7 
12 -19 -10 -5 
16 10 7 7 
12 -18 -11 -6 
15 10 8 6 
13 -18 -11 -7 
1 13 18 -2 
1 -17 16 10 
1 14 18 -2 
0 -18 16 9 
1 14 17 -2 
0 -18 16 8 
1 15 16 -2 
-1 -18 16 7 
11 4 2 -4 
-13 -11 10 -8 
11 4 3 -3 
-13 -11 10 -8 
11 4 3 -2 
-13 -11 9 -8 
12 3 3 -1 
-13 -11 8 -8 
-8 5 9 -6 
2 2 11 7 
-8 5 10 -6 
1 2 11 7 
-9 6 10 -6 
0 1 12 7 
-9 6 10 -5 
-1 1 13 7 
29 -9 2 -14 
-13 4 -16 -8 
28 -8 3 -14 
-13 4 -17 -8 
27 -8 5 -14 
-12 4 -17 -7 
26 -8 6 -14 
-12 4 -18 -7 
-21 1 -34 -11 
2 -21 10 -18 
-20 1 -35 -11 
1 -21 10 -19 
-18 1 -35 -12 
1 -20 10 -20 
-17 1 -36 -12 
0 -19 11 -21 
4 -9 -11 -3 
2 -4 27 0 
5 -9 -11 -3 
1 -4 26 0 
6 -9 -11 -3 
0 -5 26 1 
7 -9 -11 -3 
0 -5 26 1 
11 5 13 14 
20 16 12 -7 
10 4 14 15 
20 16 13 -6 
10 3 14 16 
20 16 14 -5 
9 1 15 17 
20 15 14 -4 
-24 4 18 1 
15 15 1 -13 
-25 4 18 1 
14 16 2 -13 
-26 3 17 1 
13 17 4 -12 
-27 3 16 1 
12 17 6 -12 
13 12 2 7 
-26 -3 -25 -6 
12 12 3 6 
-26 -2 -26 -6 
11 12 4 6 
-25 -1 -26 -7 
10 12 5 5 
-25 -1 -27 -8 
-12 5 -17 11 
14 26 -9 7 
-12 4 -17 11 
14 26 -8 8 
-12 4 -17 11 
14 26 -8 8 
-12 4 -16 11 
14 26 -7 9 
-22 4 -14 -2 
5 4 -8 14 
-21 5 -16 -3 
5 4 -8 14 
-20 6 -17 -4 
6 4 -8 13 
-19 7 -18 -5 
7 5 -8 13 
-33 8 -13 19 
7 5 10 -8 
-32 8 -15 19 
7 5 10 -8 
-31 7 -17 19 
7 6 11 -8 
-29 6 -18 20 
7 6 11 -7 
-12 9 18 11 
-2 11 -9 12 
-13 10 18 10 
-3 11 -8 11 
-14 10 18 10 
-3 11 -7 11 
-15 10 18 10 
-3 12 -6 11 
10 8 13 20 
-10 -5 -35 20 
9 8 14 20 
-9 -5 -36 20 
7 8 15 20 
-8 -6 -36 19 
6 8 16 19 
-6 -6 -36 19 
-29 -12 5 3 
-16 -1 1 -17 
-29 -13 4 3 
-17 -2 2 -16 
-29 -14 3 4 
-18 -2 3 -15 
-29 -14 2 4 
-19 -2 3 -14 
-2 -2 -14 -7 
7 26 -7 5 
-3 -3 -13 -7 
7 25 -6 6 
-3 -3 -12 -7 
7 24 -6 8 
-3 -3 -11 -6 
8 23 -6 9 
15 4 12 -12 
4 -19 -4 -1 
15 4 13 -12 
4 -19 -4 -2 
14 4 13 -12 
5 -19 -5 -2 
14 5 13 -12 
5 -19 -5 -3 
13 10 2 7 
-3 14 22 11 
14 9 1 9 
-4 13 21 12 
15 8 1 10 
-4 12 20 13 
16 7 1 11 
-4 11 20 14 
36 27 8 7 
-4 14 20 7 
36 27 9 8 
-4 13 19 7 
36 26 10 9 
-4 13 17 7 
37 25 11 11 
-4 12 16 7 
-18 -2 -22 -4 
23 2 13 3 
-17 -2 -23 -4 
23 1 14 4 
-16 -2 -24 -4 
23 1 15 4 
-15 -2 -25 -5 
22 0 15 4 
8 4 0 -10 
3 -2 -6 2 
9 5 0 -9 
4 -2 -7 1 
9 5 -1 -9 
5 -2 -7 1 
9 6 -1 -9 
6 -1 -8 0 
-13 -23 -2 -5 
7 -6 7 -13 
-12 -23 -3 -6 
7 -6 7 -13 
-12 -23 -4 -7 
7 -5 7 -13 
-11 -22 -5 -8 
7 -4 8 -13 
22 6 0 11 
-6 -10 12 -4 
22 7 0 11 
-6 -9 11 -5 
23 7 0 10 
-6 -8 10 -6 
23 7 0 10 
-6 -8 9 -6 
0 11 -7 4 
-2 -1 0 5 
1 11 -7 4 
-2 -1 0 5 
1 11 -7 4 
-2 -1 0 4 
1 12 -7 4 
-2 0 -1 3 
11 -22 3 -9 
0 6 -18 8 
10 -21 4 -10 
0 6 -18 9 
10 -20 4 -11 
1 6 -18 9 
9 -19 5 -12 
1 6 -19 9 
5 -2 -5 4 
10 3 -6 -10 
6 -2 -5 3 
11 4 -6 -10 
6 -2 -5 3 
11 5 -6 -10 
6 -2 -5 3 
12 6 -7 -10 
-10 21 -13 29 
21 6 18 13 
-9 21 -14 30 
21 7 18 13 
-8 21 -15 30 
21 7 18 12 
-6 20 -17 30 
21 7 18 12 
13 -19 21 7 
-11 24 -22 4 
12 -20 21 7 
-11 23 -23 5 
11 -20 21 6 
-10 22 -23 7 
10 -20 21 6 
-9 21 -24 8 
0 7 -2 -1 
-11 -4 -9 -14 
0 7 -2 -1 
-10 -3 -9 -15 
0 6 -2 -1 
-10 -3 -10 -15 
0 6 -2 -1 
-9 -2 -10 -15 
-1 9 7 4 
-1 4 1 15 
-1 9 7 4 
-1 4 1 15 
-1 9 7 4 
-1 4 1 15 
-2 10 7 4 
-1 4 1 14 
-22 9 -8 17 
7 -5 0 -22 
-22 8 -9 18 
7 -4 1 -22 
-22 7 -10 18 
6 -4 1 -22 
-22 5 -10 19 
6 -4 2 -22 
-10 9 -5 -6 
-8 15 11 5 
-9 9 -5 -6 
-9 15 11 5 
-9 9 -5 -6 
-9 16 11 4 
-9 10 -5 -6 
-10 16 12 4 
6 7 7 6 
-2 -5 -5 2 
5 8 9 5 
-2 -5 -4 2 
4 8 10 5 
-3 -4 -4 1 
3 9 11 4 
-3 -4 -3 0 
15 1 2 11 
-9 5 10 -17 
15 0 2 11 
-9 5 10 -17 
15 -1 3 12 
-9 6 9 -16 
15 -1 4 12 
-10 7 9 -16 
11 23 10 17 
-9 11 9 1 
11 22 10 17 
-5 10 7 1 
11 22 11 17 
-1 9 5 1 
11 21 12 18 
4 8 3 2 
-86 17 41 13 
134 323 744 -102 
-70 10 33 16 
110 323 753 -92 
-51 2 24 20 
87 323 759 -81 
-31 -6 15 23 
65 320 763 -69 
-59 -62 42 -84 
-14 31 132 -60 
-64 -57 49 -95 
-25 32 140 -60 
-68 -53 55 -105 
-36 34 148 -59 
-72 -49 61 -115 
-47 35 154 -59 
82 -32 -33 -12 
-1 -34 9 -30 
79 -32 -25 -14 
-2 -35 9 -29 
76 -32 -16 -16 
-3 -36 10 -29 
72 -33 -8 -18 
-4 -37 10 -28 
-16 -55 16 -53 
50 25 -40 -85 
-19 -57 18 -52 
50 28 -37 -83 
-23 -59 20 -52 
51 30 -34 -81 
-26 -61 21 -51 
51 31 -31 -79 
1 -26 25 -16 
-20 -46 -33 4 
1 -24 24 -19 
-18 -45 -34 2 
0 -21 23 -22 
-16 -44 -35 0 
-1 -19 22 -25 
-14 -43 -36 -2 
-50 -1 2 24 
-23 -15 -29 -24 
-50 -3 0 25 
-22 -15 -29 -24 
-50 -4 -2 27 
-20 -15 -29 -24 
-50 -6 -4 28 
-18 -14 -29 -23 
40 -3 46 6 
-42 -4 -29 8 
38 -4 48 6 
-41 -5 -30 9 
36 -4 50 7 
-41 -5 -32 9 
34 -5 51 7 
-40 -6 -33 10 
-7 1 -20 9 
2 -17 17 1 
-6 1 -20 10 
2 -18 17 2 
-5 0 -20 11 
2 -19 16 2 
-4 -1 -19 11 
2 -20 16 2 
-12 19 16 -12 
7 -5 5 -5 
-13 18 16 -10 
6 -5 6 -6 
-14 18 16 -8 
6 -5 7 -6 
-14 17 16 -7 
5 -6 8 -6 
-5 9 7 0 
12 6 -16 1 
-6 8 8 0 
12 5 -15 1 
-8 8 8 1 
12 5 -14 1 
-9 7 9 2 
12 4 -13 1 
19 10 20 -7 
22 12 -24 -8 
17 10 21 -6 
23 14 -24 -9 
15 10 21 -6 
24 15 -24 -10 
13 10 22 -6 
25 17 -23 -10 
-9 -2 11 31 
-17 13 -1 24 
-9 -2 10 30 
-17 13 -1 24 
-8 -1 9 28 
-18 13 -1 25 
-8 -1 8 27 
-18 12 -1 25 
17 16 -1 21 
7 4 -5 0 
16 15 0 22 
7 5 -4 0 
15 15 2 22 
6 5 -4 0 
14 14 3 22 
6 5 -4 -1 
-44 -5 -31 2 
3 -1 1 -2 
-43 -5 -33 1 
3 -1 2 -2 
-41 -5 -34 1 
4 -1 3 -2 
-40 -5 -35 0 
4 -1 3 -2 
-8 -19 17 -15 
10 9 -2 -3 
-8 -19 17 -16 
10 8 -2 -2 
-9 -18 16 -16 
11 8 -2 -2 
-9 -18 16 -17 
11 8 -1 -1 
-1 3 18 -7 
3 -16 15 5 
-1 4 18 -8 
2 -17 15 5 
-1 4 17 -8 
1 -17 15 4 
-1 4 17 -8 
0 -17 16 4 
5 20 -14 7 
-13 5 -2 15 
6 19 -14 9 
-13 4 -3 16 
6 18 -14 10 
-12 2 -4 16 
7 17 -14 12 
-11 0 -5 17 
-23 32 3 -9 
21 0 8 19 
-23 32 3 -7 
20 0 10 19 
-23 32 2 -6 
19 -1 12 19 
-24 31 2 -4 
17 -2 14 18 
10 0 -3 0 
-11 -25 -21 -18 
9 -1 -3 1 
-11 -25 -22 -18 
8 -2 -2 1 
-10 -26 -22 -18 
7 -3 -1 2 
-10 -27 -22 -18 
17 -20 12 -32 
-4 3 10 -16 
17 -20 13 -31 
-5 3 10 -15 
16 -20 14 -31 
-5 4 10 -14 
16 -21 15 -30 
-6 4 10 -14 
-3 24 2 7 
11 0 11 10 
-4 24 2 8 
10 1 12 9 
-4 25 3 8 
9 1 13 8 
-4 25 3 9 
8 1 14 7 
-3 -22 -5 -1 
6 -9 -3 7 
-3 -22 -5 -2 
5 -9 -2 7 
-4 -21 -5 -3 
5 -9 -2 7 
-4 -20 -4 -4 
4 -9 -1 7 
17 -4 -2 13 
-5 18 20 5 
18 -5 -2 14 
-5 17 20 6 
19 -5 -2 14 
-5 16 19 7 
19 -6 -1 15 
-4 15 18 9 
-14 11 12 -7 
20 -4 1 5 
-14 11 12 -7 
19 -4 3 5 
-15 12 12 -7 
19 -3 4 4 
-16 12 12 -7 
18 -2 5 4 
-9 6 0 27 
25 -8 -17 8 
-9 5 0 28 
26 -9 -17 9 
-10 4 -1 28 
27 -10 -16 10 
-10 3 -1 29 
28 -11 -15 10 
-3 -4 1 -13 
-24 -9 9 7 
-1 -4 -1 -12 
-23 -10 8 7 
0 -4 -3 -12 
-21 -12 6 8 
2 -5 -4 -11 
-20 -14 4 8 
-16 15 12 -32 
-19 -10 -6 0 
-16 16 12 -31 
-19 -10 -6 -1 
-16 17 11 -30 
-19 -9 -6 -2 
-16 17 11 -29 
-18 -9 -7 -3 
2 3 -2 0 
-11 -14 22 5 
3 3 -2 0 
-12 -14 22 4 
4 3 -2 0 
-13 -15 21 3 
5 4 -2 -1 
-13 -15 21 3 
5 19 -1 -13 
26 1 8 21 
5 20 0 -13 
26 1 9 20 
5 21 0 -12 
26 1 9 19 
4 22 1 -11 
26 1 10 18 
4 -19 -2 -3 
-21 0 22 11 
5 -19 -4 -4 
-22 0 21 11 
7 -18 -5 -4 
-22 1 19 11 
9 -18 -6 -5 
-21 1 18 11 
-8 5 8 24 
-14 0 -3 -6 
-9 4 9 24 
-15 1 -3 -6 
-10 3 9 25 
-17 1 -2 -6 
-11 2 10 25 
-18 2 -1 -6 
18 9 -26 10 
2 16 -5 6 
18 9 -25 10 
4 17 -6 6 
19 9 -23 10 
5 17 -7 6 
19 9 -22 10 
7 18 -9 6 
3 -15 28 3 
1 -26 5 -6 
3 -15 27 2 
1 -26 4 -7 
3 -14 27 0 
0 -26 4 -7 
3 -14 26 -1 
0 -27 4 -7 
-32 9 -8 -13 
-13 16 -9 18 
-32 9 -9 -12 
-14 16 -9 18 
-32 10 -10 -11 
-15 15 -8 19 
-32 10 -11 -10 
-17 15 -7 19 
-35 18 -38 8 
15 6 -19 0 
-35 18 -38 8 
15 6 -18 0 
-35 17 -38 9 
14 6 -16 0 
-36 17 -38 9 
14 6 -14 0 
-1 -28 -14 -25 
27 -1 10 5 
-1 -27 -14 -26 
26 -2 11 6 
-1 -26 -14 -27 
25 -3 12 6 
0 -25 -14 -28 
24 -4 13 7 
4 2 -22 -14 
-14 3 5 -3 
6 2 -22 -14 
-13 3 4 -3 
7 3 -23 -13 
-13 4 3 -3 
8 3 -23 -13 
-13 4 2 -3 
-13 7 4 3 
-27 -7 -14 -3 
-14 7 4 3 
-28 -6 -14 -4 
-14 7 4 3 
-28 -6 -14 -4 
-15 7 4 3 
-29 -6 -13 -4 
26 20 -5 12 
-4 -18 2 -7 
26 20 -3 12 
-5 -17 2 -8 
25 20 -1 13 
-5 -17 2 -9 
24 19 1 13 
-6 -17 1 -10 
11 -7 -15 -10 
17 -7 1 21 
11 -6 -14 -10 
18 -9 1 21 
11 -6 -14 -10 
18 -10 1 21 
11 -5 -13 -10 
18 -11 1 22 
-3 -11 9 -12 
-3 14 -2 -9 
-3 -12 9 -12 
-3 14 -2 -8 
-3 -12 8 -11 
-3 14 -2 -7 
-3 -13 7 -10 
-3 14 -2 -6 
0 10 -1 12 
2 7 -2 3 
0 10 0 12 
1 7 -2 3 
0 9 0 12 
1 7 -1 3 
0 9 0 12 
0 7 -1 3 
26 3 -8 2 
-17 6 4 3 
27 4 -8 2 
-17 7 3 3 
27 4 -7 2 
-16 7 1 3 
28 4 -6 2 
-16 7 0 2 
-4 -19 11 2 
4 -1 -29 4 
-5 -19 12 2 
5 -1 -29 5 
-6 -19 12 1 
6 -1 -28 5 
-8 -19 13 0 
7 -2 -28 6 
-28 0 4 8 
-1 3 -27 -23 
-29 -2 3 8 
-1 4 -26 -23 
-30 -3 2 9 
-1 5 -24 -23 
-31 -4 1 9 
-1 6 -23 -22 
-5 3 -17 23 
4 -4 4 8 
-5 2 -17 23 
4 -4 4 8 
-4 2 -17 22 
5 -5 4 9 
-3 2 -17 22 
5 -6 4 9 
-20 7 13 -8 
-3 14 -21 21 
-21 7 13 -7 
-2 13 -21 21 
-22 8 12 -7 
-1 13 -20 21 
-23 8 11 -6 
0 12 -20 22 
10 7 16 14 
-12 13 14 -21 
10 6 16 15 
-12 14 13 -21 
10 5 16 15 
-13 16 13 -21 
10 4 16 15 
-14 17 13 -21 
-9 -21 -13 20 
-12 3 -7 -15 
-9 -21 -12 19 
-12 3 -7 -14 
-9 -22 -12 18 
-13 3 -7 -13 
-9 -22 -12 17 
-13 3 -7 -12 
-2 9 -11 -1 
4 11 14 -2 
-1 8 -10 -1 
7 8 13 -1 
-1 8 -10 -1 
10 6 12 0 
0 7 -10 0 
13 3 11 1 
-60 26 45 -21 
-40 281 605 -207 
-46 18 39 -17 
-67 287 611 -199 
-32 9 32 -13 
-92 292 614 -191 
-15 -1 25 -8 
-116 295 615 -181 
-82 -84 -186 -15 
-7 78 115 -81 
-81 -83 -177 -26 
-15 80 121 -79 
-80 -81 -167 -38 
-23 81 126 -75 
-79 -80 -158 -48 
-30 82 131 -72 
46 -69 -12 -29 
-9 -9 30 -15 
44 -68 -6 -34 
-12 -11 31 -13 
41 -67 0 -38 
-15 -13 33 -11 
39 -65 6 -42 
-18 -15 34 -9 
31 -38 -10 -50 
10 14 -39 -72 
28 -39 -6 -49 
11 15 -38 -70 
25 -41 -3 -49 
12 17 -38 -69 
23 -42 1 -48 
13 18 -37 -67 
-23 -24 1 -22 
-16 -29 -19 31 
-23 -21 0 -24 
-15 -29 -19 30 
-23 -19 -1 -26 
-14 -30 -19 29 
-23 -16 -2 -28 
-13 -30 -20 28 
-14 -3 9 24 
-45 -12 -12 -15 
-14 -5 9 26 
-44 -12 -13 -14 
-14 -7 8 27 
-44 -13 -15 -13 
-13 -9 7 29 
-43 -13 -16 -12 
-1 16 2 12 
-18 -10 3 -21 
-1 15 3 14 
-18 -9 3 -21 
-1 14 4 15 
-18 -8 2 -22 
-1 12 4 17 
-17 -6 2 -22 
2 -10 6 18 
-19 -6 6 -6 
2 -11 6 18 
-19 -6 5 -6 
3 -11 6 17 
-19 -6 5 -6 
3 -12 6 17 
-19 -5 4 -6 
-22 -6 -15 2 
-5 2 22 -2 
-21 -6 -16 2 
-6 2 22 -1 
-20 -6 -16 2 
-7 2 23 -1 
-19 -7 -17 2 
-7 2 23 -1 
-15 -20 11 -11 
24 -11 7 -17 
-16 -20 12 -11 
23 -10 9 -16 
-17 -20 12 -12 
23 -10 11 -16 
-17 -20 13 -12 
22 -9 13 -16 
-5 -12 9 12 
-24 -1 -31 -11 
-6 -13 9 12 
-23 -1 -32 -10 
-7 -14 9 12 
-22 -1 -32 -10 
-8 -15 9 12 
-20 -1 -33 -9 
19 -8 24 -2 
-7 -12 -18 -5 
18 -8 25 -2 
-6 -13 -19 -5 
17 -8 25 -2 
-5 -13 -20 -5 
16 -8 26 -2 
-3 -13 -21 -5 
4 -13 -3 -17 
22 9 9 -20 
5 -13 -3 -16 
23 10 9 -19 
6 -14 -4 -16 
24 11 8 -19 
7 -14 -5 -16 
25 12 8 -19 
-20 15 14 18 
-25 -10 -8 9 
-19 15 13 17 
-24 -10 -8 9 
-19 15 11 17 
-24 -10 -9 8 
-18 16 9 17 
-23 -11 -10 7 
7 -21 2 -16 
0 -17 12 -23 
7 -21 2 -16 
0 -18 12 -23 
8 -22 2 -17 
0 -19 11 -22 
8 -22 3 -17 
0 -19 11 -22 
-10 46 -3 -17 
-13 -9 28 -4 
-9 46 -3 -15 
-14 -8 28 -5 
-7 47 -4 -13 
-15 -8 28 -7 
-6 47 -5 -11 
-16 -7 27 -9 
3 5 4 -8 
9 18 -13 5 
2 6 5 -8 
10 18 -13 6 
1 6 6 -8 
10 18 -12 6 
-1 6 7 -8 
11 18 -12 6 
-20 -1 10 5 
11 1 9 14 
-20 -1 9 5 
10 0 10 14 
-20 0 9 4 
9 0 11 14 
-20 0 8 3 
9 0 12 14 
-6 6 -3 16 
10 -1 -10 -18 
-7 5 -2 17 
10 -1 -9 -17 
-7 3 -2 18 
11 -2 -9 -17 
-8 2 -2 19 
11 -2 -8 -16 
15 6 12 -13 
10 -4 0 -13 
14 6 12 -13 
11 -3 0 -14 
14 6 12 -13 
11 -2 0 -14 
14 6 12 -12 
12 -1 0 -15 
-10 -18 2 11 
1 -9 1 -3 
-9 -19 1 10 
1 -10 1 -2 
-9 -19 0 10 
1 -10 1 -1 
-9 -19 -1 9 
2 -11 1 -1 
-25 -15 -13 -13 
4 20 24 16 
-24 -15 -14 -12 
3 19 25 18 
-23 -15 -15 -12 
2 18 25 19 
-22 -15 -16 -12 
1 17 26 20 
2 -1 6 -2 
7 3 -5 -19 
1 -2 7 -2 
6 4 -4 -19 
0 -2 8 -2 
6 4 -3 -19 
-1 -3 8 -2 
5 5 -2 -19 
-12 -18 -12 2 
7 -3 -5 -7 
-13 -19 -12 2 
7 -4 -4 -6 
-13 -19 -13 1 
6 -4 -3 -5 
-13 -19 -13 0 
6 -5 -2 -5 
-10 11 -13 -5 
-4 11 -24 0 
-10 10 -13 -5 
-4 11 -24 0 
-10 10 -13 -4 
-3 11 -24 0 
-10 10 -13 -3 
-2 11 -24 0 
-20 -11 -15 -2 
-23 -19 -6 16 
-19 -11 -16 -3 
-24 -20 -7 16 
-18 -10 -17 -3 
-24 -22 -7 16 
-17 -10 -18 -4 
-24 -23 -8 16 
8 15 -12 -22 
-4 -10 -4 0 
8 16 -11 -21 
-5 -10 -4 0 
8 16 -10 -19 
-5 -10 -4 -1 
8 16 -9 -18 
-5 -9 -4 -2 
4 -16 -14 -5 
-10 -4 -25 -12 
4 -16 -14 -5 
-9 -3 -26 -12 
3 -16 -14 -6 
-7 -3 -27 -11 
3 -16 -13 -6 
-6 -2 -28 -11 
1 2 -2 6 
-11 -9 17 -22 
2 1 -3 6 
-10 -8 15 -22 
4 1 -4 7 
-9 -7 14 -23 
5 0 -5 7 
-9 -6 13 -23 
-13 -17 20 13 
-10 27 -6 -10 
-14 -17 20 13 
-11 27 -6 -9 
-15 -18 19 13 
-11 28 -5 -7 
-15 -19 19 12 
-11 28 -5 -6 
-30 -13 -16 11 
8 -12 -3 -18 
-30 -14 -16 10 
7 -12 -2 -18 
-30 -14 -17 9 
7 -11 -1 -17 
-29 -14 -17 8 
6 -11 0 -17 
12 8 -11 3 
-12 -5 3 -2 
13 8 -11 3 
-12 -5 2 -2 
14 7 -10 4 
-11 -5 1 -2 
14 7 -10 4 
-11 -6 0 -2 
-22 18 -7 -6 
-21 -9 -7 7 
-22 18 -7 -6 
-22 -9 -6 6 
-22 18 -8 -5 
-22 -10 -6 6 
-22 18 -8 -4 
-22 -11 -6 5 
6 -6 -3 -25 
9 21 4 13 
5 -5 -1 -25 
9 21 4 13 
5 -4 0 -25 
8 22 5 13 
4 -3 1 -25 
8 22 5 14 
0 6 -4 17 
11 0 -10 1 
-1 6 -4 17 
13 1 -10 0 
-1 6 -4 16 
14 1 -10 0 
-1 6 -4 16 
16 2 -10 0 
6 6 37 22 
7 32 11 -9 
5 5 37 22 
6 32 12 -8 
4 4 36 23 
5 32 13 -7 
4 3 35 23 
4 32 13 -6 
24 14 -10 2 
-1 32 6 17 
24 15 -9 1 
0 31 5 17 
25 16 -8 0 
1 31 4 17 
25 16 -8 -1 
2 31 3 17 
6 3 24 -12 
0 -22 14 2 
6 4 24 -13 
-1 -22 14 1 
6 5 24 -14 
-2 -22 14 0 
5 6 24 -15 
-2 -22 15 -1 
4 16 -9 -5 
-1 -16 15 1 
4 16 -9 -4 
-1 -16 15 0 
4 16 -8 -3 
-2 -16 15 -1 
5 17 -8 -2 
-3 -15 15 -2 
-7 -1 -4 4 
16 -10 9 -9 
-7 -1 -4 4 
15 -10 10 -9 
-8 -2 -4 5 
14 -11 11 -9 
-8 -2 -4 5 
14 -11 12 -9 
-5 6 0 -5 
-8 4 -11 -5 
-5 6 0 -4 
-8 4 -11 -5 
-5 6 0 -4 
-8 5 -10 -5 
-6 6 0 -3 
-8 6 -10 -5 
-5 -7 -6 13 
-8 0 4 1 
-4 -7 -6 13 
-9 -1 4 2 
-4 -8 -6 12 
-10 -1 4 2 
-4 -8 -6 12 
-11 -2 4 3 
10 16 -19 -4 
-1 9 17 8 
11 16 -19 -3 
-1 9 17 8 
12 16 -18 -2 
-2 9 17 7 
13 16 -18 -1 
-2 9 16 7 
7 -6 -7 2 
-12 3 -7 3 
7 -6 -7 2 
-11 3 -8 3 
7 -6 -6 2 
-11 3 -9 4 
7 -6 -6 2 
-10 3 -9 4 
0 6 0 -2 
-10 -17 10 7 
1 7 0 -2 
-10 -17 9 7 
1 7 0 -2 
-11 -17 9 6 
1 8 0 -2 
-11 -17 9 5 
5 -3 2 3 
-40 9 -15 11 
4 -3 3 4 
-41 9 -16 11 
4 -3 4 4 
-41 9 -17 11 
3 -3 4 4 
-42 9 -17 12 
4 -5 -26 6 
1 4 -10 8 
4 -5 -24 5 
2 3 -10 8 
4 -4 -23 5 
2 3 -10 8 
3 -4 -21 4 
3 3 -11 8 
4 5 21 6 
5 -21 1 1 
3 5 21 6 
4 -21 2 0 
2 5 22 6 
3 -21 3 -1 
1 5 22 6 
3 -21 3 -1 
-18 -8 -7 5 
31 0 6 -9 
-18 -9 -7 6 
30 -1 8 -9 
-19 -10 -7 7 
29 -1 10 -8 
-19 -11 -7 7 
29 -2 12 -7 
2 18 17 -9 
-10 -18 -12 10 
1 18 17 -9 
-7 -20 -12 9 
1 19 17 -8 
-4 -23 -13 9 
0 19 17 -7 
-2 -26 -14 9 
-54 50 9 -18 
-231 283 439 -246 
-42 40 4 -12 
-256 293 439 -240 
-29 30 -2 -6 
-280 301 438 -233 
-16 19 -8 1 
-303 308 434 -224 
-52 -63 -335 65 
-4 141 54 -67 
-49 -63 -322 53 
-7 144 56 -63 
-46 -63 -308 41 
-10 147 58 -59 
-43 -64 -295 30 
-13 149 60 -54 
-23 -132 -2 7 
-21 -21 -9 -59 
-25 -131 -1 -1 
-23 -21 -7 -56 
-27 -131 1 -8 
-25 -22 -6 -54 
-29 -130 3 -16 
-26 -23 -4 -51 
25 -33 -1 -41 
-13 30 -26 -37 
23 -34 2 -41 
-12 32 -26 -36 
21 -35 5 -41 
-12 33 -26 -34 
19 -35 7 -40 
-11 33 -26 -32 
-39 6 2 6 
-2 -48 -28 19 
-40 7 1 5 
-1 -49 -28 17 
-40 9 1 3 
1 -49 -27 16 
-41 10 0 2 
3 -50 -27 14 
-55 11 28 -8 
-13 -24 -9 -22 
-55 11 26 -6 
-14 -23 -7 -23 
-56 10 24 -4 
-15 -22 -6 -24 
-56 9 22 -2 
-16 -21 -4 -25 
-17 -8 -37 12 
4 38 -6 -22 
-15 -9 -38 12 
6 39 -7 -21 
-14 -11 -38 12 
7 40 -8 -20 
-13 -12 -38 13 
9 41 -9 -18 
-38 -15 2 6 
-11 1 17 26 
-37 -13 0 3 
-11 1 17 26 
-35 -11 -3 1 
-11 1 17 25 
-33 -9 -5 -2 
-10 0 16 24 
0 -23 17 -21 
27 -24 0 13 
-1 -21 18 -22 
27 -24 1 12 
-2 -19 18 -23 
28 -25 2 11 
-3 -17 18 -25 
29 -25 2 10 
5 1 32 -25 
-21 -25 -12 13 
5 3 31 -24 
-21 -24 -12 12 
4 4 31 -24 
-21 -24 -13 10 
4 6 30 -24 
-21 -23 -13 9 
8 3 -14 12 
8 33 -1 9 
9 3 -13 13 
9 34 -2 10 
9 2 -13 13 
9 35 -2 10 
9 2 -12 14 
10 36 -2 11 
19 -6 7 30 
-12 1 6 17 
20 -6 6 28 
-11 1 4 17 
20 -5 6 27 
-10 1 3 17 
21 -5 6 25 
-10 2 2 16 
-1 -34 11 16 
-1 11 10 0 
-2 -35 11 15 
-1 11 10 2 
-2 -35 11 14 
-2 10 10 4 
-2 -36 11 13 
-2 10 10 5 
-28 4 3 19 
10 -2 -27 -4 
-30 3 3 19 
10 -3 -25 -3 
-31 2 3 20 
10 -3 -24 -3 
-32 1 3 20 
10 -4 -22 -2 
-3 -2 -2 -14 
-32 3 -4 -11 
-3 -2 -2 -14 
-33 4 -4 -12 
-3 -2 -2 -14 
-34 5 -5 -12 
-3 -2 -2 -13 
-34 5 -5 -12 
-2 -25 -21 -2 
15 -15 -15 5 
-2 -24 -19 -4 
17 -15 -15 5 
-2 -23 -18 -5 
19 -15 -15 4 
-3 -22 -17 -7 
20 -15 -15 4 
-17 26 34 5 
-21 4 -21 6 
-18 26 33 6 
-20 5 -21 5 
-18 26 32 7 
-19 6 -21 4 
-19 26 31 8 
-18 7 -21 3 
-12 13 15 25 
-15 -14 2 12 
-13 13 15 24 
-17 -14 3 12 
-14 13 16 24 
-19 -14 4 11 
-14 13 16 24 
-20 -14 5 11 
1 18 -34 17 
13 -11 14 2 
2 17 -34 18 
12 -12 15 2 
2 16 -33 20 
11 -13 15 2 
3 16 -31 21 
10 -13 16 1 
-3 7 -27 -17 
14 -24 8 3 
-1 7 -27 -16 
15 -24 8 2 
0 8 -28 -16 
15 -24 7 1 
1 9 -28 -15 
16 -23 7 0 
-17 -18 7 10 
-6 3 30 -23 
-16 -20 6 11 
-8 3 30 -22 
-15 -21 4 11 
-10 3 30 -20 
-14 -23 3 12 
-11 3 30 -19 
4 10 -17 10 
3 10 0 11 
4 9 -17 10 
3 9 0 12 
4 9 -16 11 
4 8 0 13 
4 8 -15 11 
4 7 0 14 
-12 12 6 -1 
6 5 2 -2 
-12 11 6 0 
5 4 3 -2 
-13 10 5 1 
5 4 3 -1 
-13 9 5 2 
5 3 4 0 
4 -2 2 3 
29 17 4 -7 
3 -3 3 3 
29 16 5 -6 
3 -4 3 4 
28 16 6 -5 
2 -5 3 4 
28 15 7 -3 
7 -6 2 -6 
-1 -5 0 0 
7 -6 2 -6 
-1 -6 0 0 
7 -6 1 -6 
-1 -7 0 1 
7 -6 1 -6 
-1 -8 0 1 
-5 23 -5 -9 
-8 2 -7 -16 
-5 22 -5 -7 
-8 3 -7 -16 
-5 21 -6 -6 
-9 3 -7 -17 
-5 21 -6 -5 
-9 4 -7 -17 
14 24 -4 7 
-3 2 0 14 
14 24 -4 7 
-3 2 -1 13 
14 25 -3 7 
-3 2 -1 12 
14 25 -2 7 
-4 2 -1 12 
-17 -29 -6 -8 
1 -15 -16 1 
-18 -28 -6 -9 
0 -16 -15 1 
-19 -28 -6 -10 
0 -16 -14 1 
-19 -27 -6 -11 
0 -16 -13 1 
6 18 -7 -1 
-12 -11 4 -2 
6 18 -7 0 
-12 -11 3 -2 
7 17 -6 1 
-12 -11 3 -3 
7 17 -6 2 
-12 -11 2 -4 
2 8 3 -5 
4 -14 -13 -8 
2 8 4 -5 
5 -14 -13 -9 
1 8 4 -4 
5 -13 -13 -9 
0 8 5 -4 
6 -13 -13 -10 
-16 -3 16 -1 
30 6 7 -1 
-16 -3 16 -1 
30 6 9 -1 
-17 -3 15 -1 
30 7 10 -1 
-17 -3 14 -1 
30 7 12 -1 
-22 -19 12 6 
1 -1 -10 6 
-22 -19 10 5 
2 -2 -9 7 
-23 -19 9 4 
2 -3 -9 7 
-23 -18 8 3 
3 -4 -8 8 
21 0 28 -16 
-1 1 -7 12 
21 1 28 -16 
0 1 -8 12 
20 2 29 -16 
0 0 -9 12 
19 2 29 -16 
1 0 -9 12 
-4 0 -6 -7 
4 -6 3 -9 
-3 1 -7 -7 
4 -6 3 -10 
-2 1 -8 -6 
4 -5 3 -10 
-2 1 -8 -6 
4 -4 3 -11 
10 9 -11 2 
12 4 -5 7 
11 9 -11 2 
13 5 -6 7 
11 10 -11 2 
14 5 -6 6 
11 10 -11 2 
15 5 -7 6 
-11 4 5 3 
9 -5 34 16 
-10 5 4 2 
8 -5 34 15 
-8 5 2 2 
7 -5 35 15 
-7 6 1 2 
6 -5 35 14 
-20 3 -8 12 
6 -11 -18 2 
-21 2 -8 12 
7 -12 -17 3 
-21 2 -8 12 
7 -13 -17 3 
-22 1 -8 13 
8 -14 -16 3 
6 -21 12 -29 
-16 -11 -7 -22 
6 -21 12 -28 
-15 -11 -8 -22 
6 -21 12 -28 
-15 -10 -9 -21 
5 -22 12 -28 
-14 -10 -10 -21 
-5 1 8 -2 
0 -10 -14 -12 
-6 1 8 -1 
1 -10 -14 -13 
-7 0 8 -1 
2 -9 -14 -13 
-7 0 8 -1 
3 -9 -14 -13 
-21 -28 1 -12 
-26 -3 13 -21 
-21 -28 0 -13 
-27 -2 13 -21 
-20 -27 -1 -14 
-28 -1 13 -21 
-19 -27 -2 -15 
-29 0 12 -21 
8 5 -9 10 
15 -13 -9 17 
7 5 -7 10 
16 -14 -9 16 
7 6 -6 9 
16 -15 -9 15 
6 7 -4 8 
17 -16 -8 15 
-17 2 20 -20 
4 -11 -4 -23 
-18 2 19 -19 
3 -10 -3 -23 
-19 2 18 -18 
2 -10 -1 -24 
-20 2 17 -18 
2 -10 0 -24 
0 0 -11 -16 
18 3 2 17 
0 1 -10 -16 
17 3 2 17 
0 2 -10 -17 
16 3 3 17 
-1 3 -10 -17 
16 2 4 17 
-17 -19 -28 0 
6 -1 6 0 
-16 -19 -29 -1 
6 -2 6 1 
-14 -19 -31 -1 
7 -2 6 2 
-13 -19 -32 -1 
7 -3 5 3 
11 3 11 -1 
27 22 21 -1 
11 2 11 0 
27 21 21 0 
11 1 11 0 
27 21 21 1 
12 0 11 1 
27 20 21 2 
3 0 12 -6 
14 -2 -20 -1 
3 0 12 -7 
16 -1 -21 -2 
3 1 11 -7 
17 -1 -21 -2 
2 1 10 -8 
19 -1 -21 -3 
2 4 24 2 
3 2 6 0 
2 4 23 2 
3 3 6 0 
2 4 22 2 
4 3 6 -1 
2 5 20 2 
4 4 6 -1 
12 -14 4 6 
-2 3 10 -7 
12 -14 4 6 
-2 2 9 -6 
13 -14 4 5 
-2 2 8 -6 
13 -14 4 5 
-2 2 8 -5 
-3 -10 -6 -12 
3 1 2 3 
-3 -9 -7 -12 
3 1 2 3 
-2 -9 -7 -12 
3 1 2 2 
-2 -8 -7 -13 
3 2 2 2 
-9 -2 -13 24 
9 11 11 -10 
-8 -4 -14 24 
11 9 10 -8 
-7 -6 -14 24 
14 6 9 -6 
-6 -7 -15 25 
16 4 9 -4 
-13 16 29 -2 
-346 277 273 -316 
-4 5 25 3 
-365 293 269 -311 
5 -7 21 8 
-383 307 263 -304 
15 -19 16 13 
-400 319 255 -295 
21 -7 -307 203 
-17 155 -39 1 
21 -8 -290 190 
-17 158 -39 4 
20 -9 -273 178 
-17 161 -39 7 
20 -10 -256 166 
-17 163 -39 11 
-13 -81 -30 66 
28 -36 41 -59 
-12 -82 -30 59 
26 -35 43 -58 
-11 -82 -30 52 
24 -34 44 -58 
-10 -83 -30 45 
22 -33 46 -57 
23 -4 8 -14 
-28 73 -18 24 
22 -4 9 -13 
-28 72 -19 26 
21 -4 11 -13 
-27 71 -19 28 
20 -3 12 -13 
-27 70 -20 30 
4 13 -3 -10 
-2 -39 40 -2 
5 15 -2 -12 
-4 -38 40 -5 
6 16 -2 -13 
-5 -38 39 -7 
7 18 -2 -15 
-6 -37 39 -9 
-21 11 -25 2 
2 -25 -13 -2 
-20 10 -26 3 
4 -25 -13 -3 
-19 10 -26 4 
5 -25 -13 -4 
-19 10 -27 4 
7 -25 -14 -5 
-4 28 21 6 
3 8 -8 15 
-5 29 20 8 
3 8 -8 14 
-5 29 19 9 
3 9 -8 13 
-5 29 18 10 
2 10 -8 12 
21 4 -21 20 
-37 -28 9 26 
22 5 -22 19 
-37 -29 7 25 
24 6 -22 18 
-36 -29 4 24 
26 7 -22 17 
-35 -30 2 22 
-1 -20 7 -26 
-4 1 -13 8 
-2 -19 8 -26 
-3 2 -13 7 
-3 -18 9 -27 
-2 3 -13 7 
-3 -17 9 -27 
-2 3 -13 7 
0 -2 19 13 
3 -20 -12 2 
-1 -2 19 13 
4 -20 -12 2 
-2 -2 19 13 
5 -20 -12 1 
-2 -1 19 12 
6 -20 -12 0 
-6 18 19 7 
-17 30 -20 4 
-7 18 18 8 
-16 31 -21 4 
-8 17 18 9 
-15 32 -21 5 
-8 17 17 10 
-14 33 -22 5 
18 18 12 33 
-40 12 10 19 
19 18 12 32 
-39 12 8 19 
20 18 13 31 
-39 11 6 18 
21 19 12 30 
-39 11 4 18 
7 -11 -10 1 
6 4 21 5 
8 -11 -9 0 
6 2 21 5 
9 -11 -8 0 
5 1 20 6 
9 -11 -8 -1 
5 0 20 7 
-24 24 -9 -17 
-23 20 3 -6 
-23 24 -10 -16 
-24 20 3 -6 
-23 24 -11 -15 
-24 21 3 -6 
-22 24 -12 -14 
-25 21 2 -7 
2 16 -1 -16 
-5 -1 -14 20 
1 18 0 -17 
-5 0 -13 19 
1 20 1 -18 
-5 0 -13 17 
0 22 2 -19 
-6 1 -13 16 
28 -8 0 -9 
10 -17 1 8 
28 -6 1 -10 
11 -17 1 7 
27 -5 2 -11 
12 -18 0 7 
27 -4 3 -12 
12 -18 0 6 
-26 -8 4 -19 
4 3 -18 -6 
-26 -7 3 -19 
4 3 -17 -6 
-27 -7 2 -19 
4 3 -16 -6 
-27 -6 1 -19 
4 4 -15 -6 
-3 6 -3 -6 
4 -12 -8 6 
-3 7 -3 -7 
4 -11 -8 5 
-3 8 -3 -8 
5 -10 -8 3 
-3 9 -3 -8 
5 -10 -8 2 
30 -10 7 7 
-4 -4 16 -11 
31 -10 7 6 
-4 -3 15 -12 
31 -10 7 6 
-3 -3 13 -12 
32 -11 7 6 
-3 -2 12 -12 
-13 -13 2 10 
-19 5 -10 -13 
-13 -13 1 10 
-19 5 -10 -13 
-13 -14 1 10 
-19 5 -10 -12 
-13 -14 0 9 
-19 6 -10 -12 
27 9 -1 10 
8 6 -3 -11 
27 8 0 10 
9 6 -4 -10 
27 8 2 11 
10 6 -4 -10 
26 7 3 11 
10 5 -5 -10 
-13 8 6 -24 
6 15 -7 5 
-13 9 5 -24 
6 15 -7 4 
-13 10 4 -24 
7 16 -6 4 
-13 11 3 -24 
8 16 -6 4 
18 -23 13 3 
-17 -17 -20 2 
18 -23 13 1 
-15 -19 -22 2 
18 -23 13 0 
-14 -21 -23 3 
17 -23 13 -1 
-12 -22 -25 4 
-15 19 10 -39 
-4 -13 -11 2 
-15 19 9 -38 
-3 -13 -11 1 
-16 20 9 -36 
-3 -13 -11 0 
-16 21 8 -34 
-3 -13 -10 -1 
-11 7 12 -1 
-16 13 -28 5 
-12 6 12 0 
-16 13 -27 5 
-13 6 13 0 
-17 13 -27 6 
-15 6 13 1 
-17 13 -26 6 
0 3 -35 3 
6 11 4 5 
1 4 -35 3 
6 12 4 4 
2 4 -35 2 
7 13 3 4 
3 4 -34 2 
8 13 3 4 
14 -37 13 2 
-7 -8 4 -4 
15 -37 12 0 
-6 -8 3 -4 
15 -36 12 -2 
-6 -7 2 -4 
15 -36 12 -4 
-5 -7 1 -3 
-5 2 9 17 
0 0 18 -1 
-5 2 8 17 
-1 0 18 -1 
-4 1 8 17 
-2 1 18 -1 
-4 0 8 17 
-3 1 19 -1 
-2 -4 -24 18 
-20 18 -3 18 
-1 -5 -23 18 
-20 17 -4 19 
-1 -5 -23 18 
-21 16 -4 20 
0 -6 -23 18 
-21 15 -5 21 
25 0 -20 4 
6 -3 28 -11 
26 0 -19 4 
5 -3 27 -10 
27 -1 -18 4 
5 -3 26 -10 
28 -1 -17 5 
5 -3 25 -10 
-2 -2 9 -16 
19 8 6 15 
-2 -1 8 -16 
20 8 6 14 
-3 0 8 -17 
20 8 7 14 
-3 1 8 -17 
20 9 7 13 
-16 -21 17 -3 
-7 -20 -3 -3 
-16 -20 16 -4 
-7 -20 -2 -3 
-16 -19 15 -5 
-6 -21 -2 -3 
-17 -19 14 -7 
-6 -21 -2 -3 
8 12 22 -25 
-12 -1 -5 0 
7 13 23 -25 
-13 1 -5 -1 
5 14 24 -24 
-14 2 -5 -2 
4 15 25 -23 
-14 3 -5 -4 
17 -17 -16 21 
1 9 -2 6 
17 -17 -15 20 
1 9 -3 7 
17 -17 -15 19 
2 8 -4 8 
18 -18 -14 19 
3 7 -5 9 
8 -24 9 -15 
-10 -19 -10 -18 
8 -24 8 -16 
-10 -19 -11 -17 
7 -24 8 -16 
-9 -18 -11 -17 
7 -24 8 -17 
-8 -18 -12 -17 
-11 8 2 6 
5 6 3 9 
-11 8 2 7 
4 6 4 10 
-11 8 2 7 
3 6 5 10 
-12 8 2 8 
2 6 5 10 
-7 -18 -16 5 
-13 10 -22 -2 
-8 -19 -16 5 
-13 9 -22 0 
-8 -19 -15 4 
-12 8 -23 1 
-8 -20 -15 4 
-12 7 -23 2 
8 -1 -5 -15 
-1 -23 -3 -9 
7 0 -4 -15 
-1 -22 -3 -10 
7 0 -4 -15 
-2 -22 -3 -11 
7 0 -3 -15 
-2 -21 -3 -12 
8 -3 0 11 
0 -14 -10 -20 
8 -4 0 12 
0 -14 -10 -20 
7 -5 1 12 
0 -14 -10 -20 
7 -6 1 13 
0 -14 -10 -20 
-5 0 -1 -8 
20 -4 4 -7 
-5 1 -1 -8 
20 -3 6 -7 
-6 1 -1 -8 
19 -3 7 -7 
-6 1 -1 -8 
18 -2 8 -8 
0 0 -4 5 
0 0 0 0 
0 0 -5 5 
0 0 0 0 
0 0 -5 5 
0 0 0 0 
0 0 -5 5 
0 0 0 0 
0 0 0 0 
0 0 0 0 
0 0 0 0 
0 0 0 0 
0 0 0 0 
0 0 0 0 
