164 495 865 221 
2 50 29 -85 
149 481 858 242 
7 56 26 -93 
135 466 848 263 
13 62 23 -99 
123 449 837 284 
19 67 19 -103 
2 36 88 36 
-1 10 98 101 
5 39 83 33 
-2 9 96 100 
9 42 78 29 
-3 8 94 98 
13 46 73 26 
-4 7 92 96 
-3 -51 30 34 
-20 14 14 -43 
-4 -54 31 34 
-21 14 15 -40 
-5 -57 32 33 
-22 14 16 -37 
-6 -59 32 33 
-23 13 16 -35 
0 0 0 0 
0 0 0 0 
0 0 0 0 
0 0 0 0 
0 0 0 0 
0 0 0 0 
0 0 0 0 
0 0 0 0 
0 0 0 0 
0 0 0 0 
0 0 0 0 
0 0 0 0 
0 0 0 0 
0 0 0 0 
0 0 0 0 
0 0 0 0 
0 0 0 0 
0 0 0 0 
0 0 0 0 
0 0 0 0 
0 0 0 0 
0 0 0 0 
0 0 0 0 
0 0 0 0 
0 0 0 0 
0 0 0 0 
0 0 0 0 
0 0 0 0 
0 0 0 0 
0 0 0 0 
0 0 0 0 
0 0 0 0 
0 0 0 0 
0 0 0 0 
0 0 0 0 
0 0 0 0 
0 0 0 0 
0 0 0 0 
0 0 0 0 
0 0 0 0 
0 0 0 0 
0 0 0 0 
0 0 0 0 
0 0 0 0 
0 0 0 0 
0 0 0 0 
0 0 0 0 
0 0 0 0 
1 -3 0 1 
8 -16 -4 8 
2 -3 -1 1 
13 -17 -6 8 
4 -3 -1 1 
17 -17 -8 8 
5 -3 -2 1 
22 -17 -11 8 
32 -67 -16 32 
-80 445 672 242 
55 -69 -25 33 
-101 438 667 259 
79 -70 -34 34 
-120 431 660 276 
104 -70 -44 34 
-138 422 651 292 
-37 -50 -127 130 
34 -35 7 52 
-38 -50 -118 121 
32 -39 10 54 
-39 -50 -110 112 
31 -42 13 56 
-40 -49 -102 104 
30 -45 16 57 
44 -11 13 -30 
-54 -24 67 -25 
46 -12 14 -28 
-58 -25 65 -24 
47 -13 14 -25 
-62 -26 64 -24 
48 -14 15 -23 
-66 -28 63 -23 
29 -24 -63 -70 
-18 19 -11 10 
29 -22 -59 -71 
-17 19 -12 10 
29 -20 -55 -71 
-16 18 -14 11 
29 -18 -52 -71 
-15 17 -15 11 
-22 -20 3 -40 
28 16 -23 -25 
-22 -18 3 -42 
29 19 -22 -26 
-23 -17 3 -43 
30 22 -21 -27 
-24 -15 2 -44 
31 25 -20 -28 
-18 4 -12 46 
12 -3 15 17 
-16 5 -14 44 
13 -4 15 17 
-14 5 -17 42 
14 -4 14 16 
-12 5 -19 40 
15 -4 14 16 
11 -8 25 -18 
-3 -4 -34 29 
10 -6 25 -19 
0 -5 -36 29 
9 -5 24 -19 
2 -6 -37 28 
8 -3 24 -20 
5 -6 -37 28 
-22 22 19 6 
-6 -7 43 -30 
-21 21 17 7 
-7 -6 44 -31 
-20 20 15 8 
-9 -4 45 -33 
-18 20 13 9 
-10 -2 45 -34 
-4 19 16 12 
34 6 -1 29 
-6 20 17 11 
33 6 2 28 
-8 21 19 11 
32 5 4 28 
-10 22 20 10 
31 5 6 27 
-18 -34 -20 -16 
20 -2 13 -31 
-18 -34 -21 -17 
19 -2 14 -30 
-17 -34 -22 -18 
19 -2 15 -29 
-16 -35 -23 -18 
18 -2 16 -28 
-2 -3 10 -15 
-10 -17 -29 -9 
-3 -3 10 -15 
-9 -17 -29 -9 
-4 -2 10 -15 
-8 -17 -29 -10 
-5 -2 11 -15 
-8 -16 -29 -11 
-14 13 2 -3 
-5 -14 -8 16 
-14 13 2 -2 
-5 -15 -7 15 
-14 14 1 -2 
-4 -16 -7 15 
-14 14 1 -1 
-3 -17 -7 14 
4 8 24 -8 
30 12 -16 -6 
3 8 24 -7 
31 12 -15 -6 
1 7 25 -6 
31 12 -15 -6 
0 7 25 -5 
32 12 -14 -5 
-7 13 8 -3 
-22 12 1 0 
-6 13 7 -4 
-22 13 0 0 
-5 13 5 -4 
-21 14 -1 -1 
-5 14 4 -4 
-21 16 -2 -1 
-9 9 -2 30 
23 -8 3 -8 
-9 9 -2 29 
23 -7 4 -8 
-10 8 -2 29 
23 -7 4 -8 
-10 8 -1 28 
24 -6 5 -9 
2 -16 31 -9 
-24 -20 -1 -11 
1 -16 30 -10 
-24 -20 -1 -12 
0 -15 30 -10 
-25 -19 -1 -12 
-1 -15 30 -11 
-26 -19 -1 -13 
-8 -11 -12 -6 
-4 -5 -9 28 
-9 -10 -11 -7 
-4 -7 -8 28 
-10 -9 -10 -7 
-4 -8 -8 28 
-10 -8 -9 -7 
-4 -9 -7 28 
14 -1 8 -5 
2 -14 3 -7 
13 -1 9 -4 
1 -15 4 -7 
12 -2 10 -3 
1 -15 4 -7 
12 -2 11 -3 
0 -16 4 -6 
13 -21 -14 -19 
-13 13 3 -4 
14 -22 -13 -18 
-12 12 2 -3 
15 -22 -13 -18 
-11 12 1 -2 
15 -22 -12 -18 
-11 11 0 -1 
-7 -11 15 -10 
11 12 2 -8 
-8 -11 15 -10 
10 13 3 -8 
-8 -11 15 -11 
10 14 3 -8 
-9 -11 15 -11 
9 15 4 -8 
13 -10 -8 3 
-6 -5 -5 14 
14 -9 -8 1 
-5 -5 -6 14 
14 -8 -8 0 
-5 -5 -7 13 
14 -7 -8 -2 
-4 -5 -8 13 
-12 -21 -1 -2 
-1 9 -15 -13 
-12 -22 -2 -2 
0 10 -14 -12 
-12 -22 -2 -3 
0 10 -14 -11 
-12 -22 -2 -3 
0 10 -14 -10 
-13 -12 -4 6 
8 -10 -10 -1 
-13 -12 -5 5 
8 -10 -10 -1 
-13 -12 -5 4 
9 -11 -9 -1 
-13 -12 -5 4 
9 -11 -9 0 
-11 0 -5 4 
11 10 -8 2 
-11 -1 -5 4 
11 10 -7 2 
-11 -1 -6 5 
11 10 -7 3 
-11 -1 -6 5 
11 10 -6 3 
1 4 -14 5 
-2 2 0 9 
2 4 -15 5 
-2 2 -1 9 
3 4 -15 5 
-1 2 -1 9 
4 5 -16 4 
-1 2 -2 9 
-22 10 2 6 
6 20 -12 13 
-22 10 2 6 
6 20 -11 13 
-23 10 1 6 
6 20 -11 13 
-23 10 0 7 
6 20 -10 14 
10 9 8 9 
6 -12 9 3 
10 10 8 9 
6 -11 9 2 
10 10 8 8 
6 -11 9 1 
9 10 9 8 
5 -10 9 0 
-11 21 -6 19 
-6 -7 -4 -2 
-11 21 -6 20 
-5 -7 -4 -3 
-11 20 -6 21 
-5 -7 -4 -3 
-11 19 -7 21 
-5 -7 -4 -3 
-17 0 7 -4 
-3 -6 1 -16 
-17 0 7 -3 
-3 -5 2 -17 
-17 0 7 -3 
-4 -4 3 -17 
-18 0 6 -3 
-5 -3 4 -18 
1 -26 -2 12 
-7 27 -34 -6 
0 -27 -1 12 
-5 27 -35 -5 
-2 -28 0 11 
-4 27 -35 -3 
-3 -28 0 10 
-3 28 -35 -2 
3 -4 18 28 
-18 0 -6 -37 
2 -6 18 28 
-18 1 -7 -37 
2 -8 17 28 
-17 2 -7 -36 
2 -10 17 28 
-17 2 -8 -36 
-12 -20 7 -8 
21 2 -5 -6 
-13 -20 7 -9 
20 2 -3 -5 
-14 -19 8 -10 
20 2 -2 -5 
-15 -19 8 -11 
19 2 0 -4 
7 5 6 -11 
0 -10 -10 17 
6 6 7 -11 
0 -10 -10 16 
6 7 7 -12 
0 -10 -10 14 
5 8 7 -12 
1 -10 -9 13 
4 -11 3 6 
2 27 10 -4 
4 -11 3 7 
2 28 10 -3 
4 -12 3 7 
3 28 10 -2 
4 -12 3 6 
3 28 10 -1 
18 -6 23 2 
-21 8 -19 22 
17 -5 24 1 
-20 7 -20 23 
16 -4 24 0 
-20 7 -20 23 
15 -3 25 -1 
-19 6 -21 23 
-4 2 0 5 
-19 13 -4 -22 
-4 1 0 6 
-19 14 -5 -22 
-4 0 0 6 
-19 16 -5 -21 
-4 -1 0 6 
-19 17 -6 -21 
13 0 1 29 
-1 -3 -10 9 
13 0 2 29 
0 -4 -11 9 
12 -1 3 28 
0 -5 -11 10 
12 -1 4 27 
1 -6 -12 10 
-6 31 4 -4 
10 5 -6 21 
-7 31 3 -3 
10 5 -6 21 
-7 31 3 -2 
11 4 -6 20 
-7 32 3 0 
11 4 -5 19 
-1 8 1 -3 
8 9 0 -4 
0 8 0 -3 
8 9 0 -4 
0 8 0 -3 
9 10 0 -4 
0 8 0 -3 
9 10 0 -5 
-9 -5 7 -4 
31 3 31 9 
-9 -4 7 -5 
29 3 32 8 
-8 -3 6 -6 
28 3 33 8 
-8 -2 5 -7 
26 3 35 8 
12 7 -2 4 
-14 1 -7 22 
12 8 -2 3 
-14 0 -8 22 
12 8 -2 3 
-14 -1 -8 22 
11 9 -1 3 
-14 -1 -9 21 
5 -6 -5 -7 
32 8 0 -3 
4 -6 -4 -6 
32 7 1 -2 
4 -6 -4 -6 
32 7 2 -2 
4 -7 -3 -6 
32 6 2 -1 
10 7 2 5 
-29 -2 -9 -20 
11 6 1 5 
-29 -2 -10 -19 
11 5 1 6 
-28 -3 -12 -19 
12 3 0 7 
-27 -3 -13 -18 
13 -5 10 -19 
18 29 3 5 
12 -5 12 -19 
18 29 4 6 
11 -4 13 -19 
17 29 5 7 
10 -4 14 -19 
16 29 5 7 
-10 -3 -17 6 
3 -22 -14 -2 
-9 -3 -17 5 
4 -22 -15 -3 
-9 -2 -18 4 
5 -21 -15 -4 
-9 -2 -18 4 
6 -21 -15 -5 
6 -3 16 1 
22 21 4 18 
6 -3 16 2 
23 20 4 19 
6 -4 15 3 
24 19 4 20 
6 -4 15 3 
24 18 4 21 
-9 8 5 1 
-16 13 13 -2 
-8 8 3 1 
-16 13 13 -2 
-7 7 2 1 
-16 13 12 -2 
-5 7 0 2 
-16 12 11 -1 
17 -29 6 -24 
-29 -9 3 2 
17 -27 7 -26 
-30 -9 2 2 
17 -26 7 -27 
-30 -10 1 2 
17 -25 8 -29 
-30 -10 0 2 
-10 8 -15 -1 
4 -24 -25 -16 
-11 8 -14 -1 
5 -23 -25 -17 
-11 8 -14 0 
6 -22 -25 -18 
-12 7 -13 0 
7 -22 -25 -19 
-16 -18 -5 -7 
7 -27 -13 -3 
-14 -18 -6 -7 
13 -27 -16 -3 
-13 -18 -8 -7 
18 -27 -19 -2 
-11 -18 -10 -7 
24 -27 -21 -2 
84 -76 -31 47 
-25 548 756 267 
112 -80 -41 48 
-45 537 749 289 
140 -83 -52 49 
-64 526 739 311 
170 -85 -62 50 
-82 513 727 333 
-45 -9 -193 67 
44 -43 50 68 
-38 -5 -190 57 
48 -44 47 67 
-31 -2 -187 48 
52 -44 45 65 
-24 1 -185 39 
57 -44 42 62 
2 11 100 64 
-42 -43 72 20 
3 8 97 67 
-48 -47 72 21 
3 6 93 69 
-53 -50 72 22 
4 3 90 71 
-59 -54 72 23 
13 35 -99 -52 
-6 6 18 -5 
16 35 -96 -49 
-5 6 17 -6 
18 34 -93 -45 
-5 5 15 -6 
19 34 -90 -41 
-4 5 14 -6 
-22 -5 19 -43 
4 -47 -21 14 
-23 -2 19 -45 
6 -44 -20 10 
-23 1 18 -46 
8 -42 -20 7 
-24 5 18 -47 
10 -39 -20 4 
-25 16 40 65 
14 26 -10 12 
-26 14 39 66 
14 27 -9 12 
-27 12 38 67 
14 27 -7 13 
-28 11 37 68 
14 28 -6 13 
4 9 11 21 
-3 -15 -55 72 
2 11 11 19 
-2 -16 -55 71 
0 13 12 18 
-1 -18 -55 70 
-2 15 12 16 
1 -19 -54 69 
-18 -9 -4 9 
11 -17 29 -9 
-17 -10 -5 10 
10 -17 30 -9 
-16 -11 -6 11 
9 -17 31 -8 
-15 -12 -7 12 
8 -18 32 -8 
9 21 30 5 
17 6 -32 13 
6 20 32 7 
17 5 -31 13 
4 20 33 8 
18 5 -30 13 
1 20 35 9 
18 5 -28 13 
32 1 0 8 
-18 2 20 1 
33 0 0 9 
-19 1 19 2 
34 0 0 9 
-19 0 17 3 
35 -1 0 9 
-19 -1 15 3 
5 -2 -3 -19 
6 10 -17 5 
5 -1 -3 -19 
8 10 -17 5 
4 -1 -2 -19 
9 11 -18 5 
4 0 -1 -19 
10 11 -18 5 
-8 -8 21 22 
-3 -4 15 -2 
-7 -9 20 21 
-3 -5 15 -1 
-7 -10 19 21 
-4 -6 15 0 
-7 -11 18 21 
-4 -7 15 1 
8 21 12 -13 
-4 -16 -13 -15 
7 21 13 -12 
-4 -15 -13 -16 
6 21 14 -11 
-4 -15 -13 -17 
5 20 14 -10 
-4 -14 -13 -18 
-5 18 -5 0 
16 7 8 -4 
-5 18 -5 0 
15 8 9 -5 
-4 19 -5 1 
15 10 10 -6 
-4 19 -5 1 
14 11 10 -7 
-8 7 -14 18 
-18 3 18 -5 
-7 7 -15 17 
-19 3 18 -5 
-6 7 -16 16 
-20 4 18 -6 
-4 7 -17 16 
-21 4 17 -6 
23 10 -8 -4 
-4 -8 -3 13 
23 11 -6 -4 
-3 -8 -4 12 
22 12 -5 -5 
-3 -8 -5 11 
22 13 -3 -5 
-3 -7 -6 10 
2 2 -13 15 
-14 -17 7 0 
3 1 -13 16 
-13 -18 6 0 
4 1 -14 16 
-13 -18 5 -1 
5 0 -14 16 
-12 -18 4 -1 
5 3 15 -5 
24 0 10 13 
4 3 15 -5 
24 -1 11 13 
4 4 16 -4 
24 -2 12 13 
3 4 16 -4 
24 -3 13 13 
1 3 6 -20 
-12 0 1 24 
1 4 5 -20 
-11 -1 0 24 
2 5 5 -20 
-10 -2 -1 23 
2 6 4 -20 
-9 -3 -2 23 
-14 8 9 -11 
2 9 3 17 
-14 8 8 -10 
2 7 4 17 
-14 8 8 -10 
3 6 4 18 
-13 8 7 -9 
3 4 4 18 
-4 14 -2 -29 
-13 6 10 -11 
-3 15 -2 -29 
-13 7 9 -12 
-3 15 -3 -28 
-13 9 9 -13 
-2 16 -4 -28 
-13 10 8 -13 
5 -18 2 11 
26 3 8 -6 
5 -18 3 10 
26 3 9 -5 
5 -18 3 9 
25 4 9 -5 
5 -17 4 7 
25 5 10 -5 
4 6 7 31 
11 3 -2 -13 
4 4 6 31 
11 3 -2 -13 
4 3 6 31 
11 3 -2 -12 
4 1 6 31 
11 3 -2 -12 
-14 -8 -9 -10 
21 -8 6 -9 
-13 -8 -9 -10 
21 -8 7 -9 
-13 -8 -10 -10 
21 -8 8 -9 
-13 -8 -11 -11 
20 -8 8 -9 
6 -19 10 -18 
14 4 10 7 
7 -18 10 -18 
15 3 10 7 
7 -18 10 -19 
15 3 10 8 
7 -17 9 -19 
16 2 10 8 
8 13 20 -1 
-20 18 17 1 
8 13 19 0 
-21 19 17 1 
9 13 19 0 
-22 20 16 1 
9 13 19 0 
-23 20 16 1 
34 21 -11 26 
-27 6 14 -3 
35 20 -10 26 
-27 7 12 -4 
36 20 -8 26 
-26 8 10 -4 
36 20 -7 25 
-25 9 8 -5 
-3 -11 16 9 
-21 -5 1 -7 
-4 -11 17 8 
-22 -5 1 -8 
-4 -11 17 7 
-22 -5 1 -8 
-5 -10 17 6 
-22 -5 1 -8 
27 -15 16 -4 
-4 20 -7 -1 
25 -16 18 -4 
-4 20 -7 0 
24 -16 19 -4 
-4 19 -7 1 
23 -16 21 -5 
-4 19 -7 2 
11 7 -2 3 
7 8 -12 3 
11 7 -1 3 
8 8 -12 3 
10 7 -1 3 
8 8 -13 3 
10 7 0 3 
8 8 -13 4 
4 10 -1 12 
-7 9 -20 11 
4 9 -1 12 
-5 8 -21 11 
4 9 -2 12 
-4 7 -21 11 
4 9 -2 13 
-3 7 -22 12 
-10 9 15 -7 
2 -28 -4 -6 
-10 9 14 -7 
2 -27 -4 -7 
-10 10 14 -7 
2 -27 -3 -8 
-11 10 13 -7 
1 -26 -3 -10 
22 -18 3 -7 
-17 22 -10 19 
22 -18 3 -7 
-16 20 -11 20 
22 -18 4 -7 
-15 18 -13 22 
22 -18 4 -7 
-14 15 -14 24 
14 8 13 -34 
-16 -6 30 -8 
14 8 13 -34 
-18 -5 29 -9 
15 9 13 -34 
-19 -4 29 -10 
15 10 13 -33 
-21 -3 28 -11 
-20 -22 -22 -4 
-2 6 -8 9 
-20 -21 -21 -5 
-3 6 -7 9 
-21 -21 -20 -6 
-4 5 -6 10 
-21 -20 -20 -7 
-5 5 -5 10 
24 0 -6 -2 
-3 -3 7 0 
24 0 -5 -2 
-4 -3 7 0 
24 0 -4 -2 
-4 -3 6 0 
24 0 -3 -2 
-4 -3 6 -1 
-2 -9 -12 -2 
-7 2 4 -2 
-2 -9 -12 -2 
-8 1 4 -1 
-1 -9 -11 -2 
-8 1 4 -1 
-1 -9 -11 -2 
-9 0 4 0 
3 -4 -7 -22 
2 17 -2 7 
3 -3 -6 -23 
1 17 -2 7 
2 -2 -5 -23 
0 18 -2 7 
2 -1 -4 -23 
0 18 -1 7 
-10 3 -14 10 
-7 -17 11 8 
-10 4 -14 9 
-8 -17 11 7 
-10 5 -14 8 
-9 -16 12 6 
-9 5 -14 8 
-10 -16 12 5 
5 -7 2 0 
-19 -10 -16 -15 
4 -7 4 1 
-20 -10 -16 -15 
3 -8 5 1 
-20 -10 -15 -15 
2 -8 6 1 
-21 -9 -15 -15 
12 -6 -14 -2 
8 -6 1 -22 
12 -7 -13 -2 
8 -5 1 -22 
12 -7 -12 -2 
8 -4 0 -22 
12 -8 -11 -2 
8 -3 0 -22 
-18 12 -6 16 
-3 6 -3 6 
-18 12 -7 16 
-3 5 -3 6 
-18 12 -8 17 
-4 5 -2 6 
-17 11 -9 17 
-4 5 -2 6 
-25 5 -16 -5 
4 -6 -8 -17 
-25 5 -16 -5 
3 -6 -7 -18 
-25 5 -17 -5 
2 -5 -6 -18 
-25 4 -17 -5 
1 -4 -4 -19 
-2 15 -25 9 
-4 -7 2 -6 
-1 15 -25 9 
-3 -7 1 -7 
0 15 -25 10 
-3 -6 1 -7 
1 14 -25 10 
-2 -6 0 -8 
6 -1 13 5 
-9 8 7 11 
6 -1 13 5 
-9 7 7 12 
6 -1 13 5 
-9 6 7 13 
6 -1 13 5 
-9 5 6 13 
-4 5 1 -14 
22 -2 25 -6 
-4 5 1 -14 
21 -1 27 -7 
-4 5 2 -14 
20 -1 27 -7 
-4 5 2 -13 
20 -1 28 -7 
14 -8 23 1 
18 11 0 7 
13 -8 24 1 
18 10 0 8 
12 -8 24 1 
18 10 1 8 
11 -8 25 0 
18 10 1 9 
5 5 12 12 
-9 6 16 10 
6 4 11 12 
-9 5 15 10 
6 4 11 12 
-10 4 15 11 
7 3 10 13 
-10 3 14 12 
-14 12 -2 -4 
-14 9 6 1 
-14 11 -2 -3 
-15 9 6 1 
-14 11 -2 -2 
-16 8 7 1 
-14 10 -2 -1 
-17 8 7 1 
-2 1 -20 -5 
1 5 3 9 
0 1 -20 -4 
6 5 0 10 
2 1 -20 -4 
10 5 -2 10 
3 1 -20 -4 
15 5 -5 10 
77 -81 -53 51 
79 561 803 269 
107 -85 -64 51 
60 547 797 293 
137 -88 -75 51 
43 531 789 316 
168 -90 -86 51 
26 514 778 340 
-11 23 -133 -43 
6 -35 58 41 
-2 29 -134 -52 
12 -33 51 36 
7 35 -135 -60 
19 -30 44 32 
16 40 -135 -68 
26 -28 38 28 
0 24 120 79 
-38 -52 76 21 
1 22 117 80 
-42 -55 76 20 
2 20 113 81 
-46 -57 75 20 
3 19 108 81 
-49 -59 75 19 
-24 21 -56 -40 
-12 32 6 -10 
-24 21 -54 -37 
-11 34 6 -11 
-23 22 -52 -35 
-11 35 6 -11 
-22 22 -51 -32 
-10 37 6 -12 
-36 -31 43 -9 
5 -19 -34 42 
-39 -28 43 -13 
5 -19 -32 41 
-42 -24 44 -17 
5 -19 -30 40 
-45 -20 44 -21 
5 -19 -27 38 
-12 3 14 15 
23 27 4 5 
-13 2 14 16 
22 28 6 6 
-14 1 14 16 
20 28 8 7 
-15 1 14 17 
19 29 10 7 
4 -18 -16 9 
2 8 -48 43 
4 -17 -16 7 
5 6 -49 44 
3 -16 -16 6 
8 4 -50 45 
2 -14 -16 4 
11 2 -50 46 
-25 19 29 -10 
1 -7 -15 -20 
-26 18 28 -9 
1 -7 -14 -21 
-27 18 26 -8 
1 -6 -13 -21 
-28 17 24 -6 
1 -5 -12 -22 
34 13 24 -6 
-7 -10 -14 -10 
33 13 26 -6 
-7 -10 -15 -10 
31 13 27 -6 
-7 -10 -15 -11 
29 13 29 -5 
-7 -10 -16 -12 
8 -11 -18 -19 
-1 18 1 -6 
9 -11 -18 -19 
0 18 0 -6 
9 -11 -18 -19 
2 18 -1 -5 
10 -11 -18 -19 
3 18 -2 -4 
7 -8 43 -4 
-11 19 -24 1 
5 -8 43 -5 
-11 19 -23 2 
3 -8 43 -5 
-11 18 -23 3 
2 -8 43 -6 
-10 17 -23 4 
-22 6 -16 -9 
9 1 -14 1 
-22 7 -16 -9 
10 1 -13 1 
-22 7 -16 -9 
11 1 -13 1 
-22 7 -17 -9 
11 1 -12 1 
-6 10 8 -4 
13 37 -3 20 
-6 11 8 -4 
14 36 -3 20 
-6 11 7 -4 
14 36 -3 21 
-6 11 6 -4 
14 36 -2 21 
-18 -9 -3 5 
-8 6 8 3 
-17 -9 -5 4 
-9 6 8 3 
-16 -9 -6 3 
-10 5 8 4 
-15 -9 -7 2 
-10 5 8 5 
-9 4 -18 -1 
10 14 0 -18 
-9 3 -18 -1 
10 15 0 -17 
-9 3 -18 0 
10 16 1 -17 
-9 2 -18 0 
10 17 1 -17 
0 0 -4 9 
-5 -27 8 -10 
0 0 -5 8 
-5 -27 7 -11 
1 0 -5 7 
-5 -26 7 -11 
1 0 -6 6 
-6 -26 7 -12 
-30 2 -9 10 
-17 36 -37 9 
-31 1 -9 10 
-17 36 -36 10 
-32 0 -9 11 
-17 35 -35 11 
-32 0 -10 12 
-17 35 -35 13 
-28 -10 -36 5 
-1 3 -7 3 
-27 -10 -37 4 
-1 3 -6 4 
-27 -10 -38 3 
-1 2 -6 4 
-26 -10 -38 2 
-2 2 -6 5 
33 -10 -2 8 
-22 2 -2 0 
34 -11 -1 8 
-21 1 -5 0 
34 -12 0 8 
-20 1 -6 1 
35 -12 0 8 
-19 1 -8 2 
-20 -8 0 10 
-1 -1 -4 4 
-20 -9 -1 10 
-1 -2 -4 5 
-20 -10 -1 10 
-1 -2 -3 6 
-20 -10 -2 11 
-1 -3 -3 7 
13 -8 -2 13 
0 2 18 -34 
13 -10 -2 14 
-1 2 18 -33 
13 -12 -1 15 
-3 3 18 -31 
14 -14 -1 16 
-4 3 18 -30 
8 9 -17 10 
22 -7 13 2 
8 9 -16 11 
22 -7 13 1 
8 9 -15 11 
21 -7 14 1 
8 9 -14 11 
21 -7 15 1 
-10 14 -1 4 
-6 6 0 4 
-10 14 -1 5 
-6 6 1 4 
-10 14 -1 6 
-7 6 1 4 
-10 14 -2 6 
-8 6 2 4 
7 -23 -10 -12 
4 -4 3 -3 
8 -22 -9 -13 
4 -4 3 -3 
8 -22 -8 -14 
4 -3 3 -3 
8 -21 -8 -15 
4 -3 3 -3 
-10 -7 -11 8 
6 15 -1 2 
-10 -7 -11 8 
7 15 -1 2 
-9 -7 -12 7 
8 15 -1 3 
-9 -7 -12 7 
8 15 -1 4 
-5 1 0 12 
1 -14 15 -21 
-4 1 -1 12 
1 -14 15 -22 
-3 0 -2 12 
1 -13 15 -22 
-2 -1 -3 12 
1 -12 14 -22 
-3 14 5 5 
10 -18 6 7 
-3 14 5 5 
9 -18 7 6 
-3 14 5 6 
8 -19 7 5 
-3 14 5 6 
8 -19 8 5 
18 -17 -2 -11 
4 -1 -6 -5 
18 -17 -1 -11 
4 -2 -7 -4 
18 -17 -1 -10 
5 -2 -7 -3 
18 -18 0 -10 
5 -3 -8 -2 
-1 8 -8 -5 
-7 16 -2 9 
0 8 -8 -5 
-7 16 -3 9 
0 8 -9 -4 
-7 16 -4 9 
1 8 -10 -4 
-6 16 -4 9 
-15 -5 -20 18 
-15 -5 -5 2 
-14 -5 -21 18 
-14 -7 -6 3 
-13 -6 -22 17 
-14 -8 -7 4 
-12 -7 -22 17 
-13 -10 -8 5 
-22 3 1 -22 
-5 3 -19 -14 
-22 3 1 -21 
-4 4 -19 -14 
-23 3 0 -20 
-4 5 -18 -14 
-23 2 0 -19 
-3 5 -18 -14 
-10 0 -1 3 
-4 9 2 21 
-10 1 -2 3 
-4 8 2 21 
-10 1 -2 2 
-4 8 3 21 
-10 2 -3 2 
-4 7 3 21 
-9 -1 7 -7 
7 -6 6 0 
-10 -1 8 -8 
5 -5 7 0 
-10 -1 8 -8 
4 -5 8 -1 
-11 0 8 -8 
3 -5 9 -1 
22 2 -17 8 
-9 7 4 0 
23 2 -17 8 
-9 7 3 0 
23 2 -16 9 
-9 7 2 0 
24 2 -15 9 
-8 7 1 1 
-24 -8 -1 -5 
16 7 -17 13 
-25 -7 -1 -6 
17 7 -16 13 
-25 -6 -1 -6 
17 8 -14 13 
-26 -5 -1 -7 
17 9 -13 13 
16 22 5 32 
-26 15 -3 16 
16 22 4 33 
-26 15 -5 16 
17 22 4 33 
-26 16 -6 15 
17 21 4 33 
-26 16 -8 15 
3 3 -11 7 
11 7 -12 41 
2 5 -10 6 
12 6 -12 41 
2 6 -10 5 
12 5 -12 41 
2 7 -9 4 
12 5 -12 40 
-17 5 -14 7 
-17 8 -10 21 
-16 5 -16 7 
-17 8 -11 21 
-16 6 -17 7 
-17 7 -11 21 
-15 6 -18 8 
-16 6 -12 21 
7 -3 4 3 
8 -2 13 7 
7 -3 4 3 
7 -2 13 8 
8 -4 5 3 
6 -3 13 8 
8 -4 5 3 
6 -3 13 8 
-8 -2 -17 2 
-22 -2 2 -20 
-7 -2 -18 2 
-22 -1 1 -20 
-6 -3 -18 3 
-22 -1 1 -20 
-5 -4 -19 3 
-22 0 0 -19 
-13 8 1 2 
23 15 -16 -9 
-14 8 2 2 
23 16 -14 -9 
-15 8 2 2 
23 17 -13 -9 
-17 8 3 2 
22 19 -11 -9 
-1 -2 -18 18 
-6 13 12 20 
0 -2 -19 16 
-6 13 12 21 
2 -1 -20 15 
-7 12 11 21 
3 0 -20 14 
-7 12 11 21 
-7 -15 -4 0 
1 8 0 12 
-7 -15 -4 -1 
1 7 0 12 
-7 -14 -4 -2 
1 7 0 13 
-7 -14 -4 -3 
1 6 0 13 
8 -2 17 -1 
-19 18 -4 11 
7 -2 17 -2 
-19 17 -5 11 
7 -2 18 -2 
-20 17 -5 12 
6 -1 18 -2 
-20 17 -5 12 
-8 1 -20 -3 
5 -13 -6 0 
-8 1 -19 -4 
5 -13 -5 0 
-8 2 -19 -5 
5 -13 -5 -1 
-8 3 -18 -5 
5 -12 -4 -2 
0 -6 -14 -10 
16 4 16 10 
1 -6 -14 -10 
16 4 16 10 
2 -5 -14 -10 
16 4 16 10 
3 -5 -15 -10 
16 3 16 10 
-48 -5 -15 1 
1 7 14 10 
-47 -5 -17 1 
-1 7 16 10 
-46 -4 -19 1 
-2 6 17 10 
-45 -4 -20 0 
-3 6 18 10 
-8 -4 -3 -3 
3 17 -21 -8 
-9 -4 -2 -3 
3 19 -20 -8 
-11 -4 -1 -4 
2 20 -19 -8 
-12 -4 0 -4 
2 21 -18 -8 
-2 -26 2 11 
-1 -1 -36 7 
-3 -25 2 9 
0 -1 -36 8 
-5 -25 3 7 
0 -2 -35 8 
-6 -24 3 5 
1 -2 -34 9 
-16 4 -18 4 
7 -24 -14 -2 
-14 4 -20 4 
13 -25 -17 -1 
-12 3 -21 5 
19 -26 -20 -1 
-11 3 -22 5 
25 -27 -22 -1 
66 -43 -33 21 
180 507 869 201 
97 -47 -45 24 
164 495 865 221 
128 -51 -57 26 
149 481 858 242 
161 -55 -69 28 
135 466 848 263 
-4 44 31 -77 
-1 32 92 40 
2 50 29 -85 
2 36 88 36 
7 56 26 -93 
5 39 83 33 
13 62 23 -99 
9 42 78 29 
1 12 99 102 
-2 -48 29 33 
-1 10 98 101 
-3 -51 30 34 
-2 9 96 100 
-4 -54 31 34 
-3 8 94 98 
-5 -57 32 33 
-19 15 13 -46 
-28 17 2 -33 
-20 14 14 -43 
-29 20 3 -34 
-21 14 15 -40 
-30 22 4 -34 
-22 14 16 -37 
-30 25 5 -35 
1 -8 37 5 
4 -6 -71 2 
-4 -6 40 2 
6 -4 -70 0 
-8 -4 42 0 
7 -2 -68 -2 
-13 -2 45 -3 
8 0 -67 -3 
-40 1 -14 54 
-23 26 12 -4 
-39 -1 -15 54 
-25 26 13 -2 
-38 -3 -17 54 
-27 26 14 -1 
-37 -4 -19 54 
-29 26 15 1 
23 5 -30 16 
-5 -3 -31 31 
22 5 -27 15 
-4 -5 -32 32 
22 5 -25 15 
-2 -7 -33 32 
21 5 -23 14 
-1 -9 -34 33 
-6 41 10 -14 
13 -40 -11 -17 
-6 40 10 -12 
13 -40 -11 -19 
-7 40 9 -9 
14 -39 -10 -21 
-8 39 9 -7 
15 -39 -10 -22 
21 15 26 -3 
4 3 -5 -6 
20 14 26 -2 
4 2 -6 -6 
19 13 26 0 
4 2 -6 -6 
19 12 26 2 
4 1 -6 -6 
-5 -10 -15 -18 
-18 -4 11 -1 
-4 -9 -16 -18 
-18 -4 10 -1 
-3 -9 -17 -18 
-19 -4 10 -1 
-1 -8 -18 -19 
-19 -4 9 -1 
6 20 0 20 
-3 19 -26 15 
5 19 1 21 
-3 19 -26 16 
4 18 2 22 
-3 18 -26 16 
3 18 3 22 
-3 17 -26 17 
19 17 -8 10 
26 -22 25 -26 
20 16 -7 10 
26 -20 24 -27 
21 15 -7 11 
27 -19 24 -28 
22 14 -7 11 
28 -18 24 -29 
5 -3 40 11 
9 2 5 -17 
4 -4 40 11 
8 2 5 -17 
3 -5 40 11 
8 3 6 -17 
2 -5 39 11 
7 3 7 -17 
-10 13 -9 7 
-12 -20 1 5 
-10 14 -9 7 
-14 -21 1 4 
-10 14 -9 7 
-15 -21 1 3 
-10 14 -9 7 
-16 -21 2 2 
12 0 -20 -5 
-5 -16 6 -27 
12 0 -19 -4 
-5 -15 5 -27 
13 -1 -18 -3 
-6 -14 5 -27 
13 -2 -17 -3 
-6 -13 4 -27 
-3 5 -1 11 
30 7 -12 -19 
-3 3 -1 12 
31 8 -11 -19 
-4 2 0 12 
31 8 -10 -18 
-5 1 0 13 
32 9 -9 -18 
5 -19 3 8 
3 6 27 -12 
6 -20 2 7 
3 5 26 -10 
8 -21 0 7 
2 3 25 -9 
9 -22 -1 6 
2 2 25 -7 
-24 -9 -2 -25 
7 12 -15 16 
-24 -8 -3 -25 
7 11 -14 17 
-25 -8 -3 -25 
6 9 -13 18 
-25 -7 -4 -25 
6 7 -12 19 
-13 18 -27 -18 
-26 7 -5 1 
-11 18 -28 -17 
-26 7 -6 0 
-10 19 -29 -16 
-25 8 -6 0 
-9 19 -29 -15 
-25 8 -7 0 
-26 4 -6 -3 
23 12 2 5 
-26 5 -6 -4 
23 12 4 5 
-27 5 -6 -4 
22 12 6 5 
-27 6 -6 -5 
21 13 7 5 
-4 7 -11 16 
11 12 1 9 
-3 7 -12 16 
12 11 1 9 
-3 7 -12 16 
12 11 1 10 
-3 6 -12 16 
13 10 1 10 
1 4 18 -5 
-9 6 3 17 
1 4 18 -5 
-10 6 3 17 
0 5 18 -5 
-11 5 3 17 
0 5 17 -5 
-12 5 3 17 
28 13 -12 14 
-23 9 13 4 
28 12 -11 15 
-23 8 11 4 
29 12 -10 16 
-23 7 9 5 
30 11 -9 16 
-22 6 8 6 
3 5 0 -22 
22 -1 -3 -19 
2 6 1 -22 
22 0 -3 -20 
2 6 1 -22 
23 2 -2 -21 
1 6 2 -22 
22 4 -2 -22 
2 -7 -5 12 
7 17 16 10 
3 -6 -6 11 
7 17 15 10 
4 -6 -7 10 
7 17 15 10 
5 -5 -8 8 
7 17 15 10 
24 4 12 2 
-12 8 5 -20 
24 4 13 2 
-12 9 4 -20 
25 3 13 1 
-11 11 3 -21 
25 3 13 1 
-11 12 1 -21 
7 8 1 14 
-13 -1 17 10 
8 8 1 14 
-13 -1 16 10 
8 8 1 13 
-13 -2 15 10 
9 8 1 13 
-13 -3 14 10 
12 -14 15 -30 
8 23 30 6 
13 -13 15 -31 
7 23 30 7 
13 -12 16 -31 
7 23 30 7 
13 -11 16 -31 
6 23 30 8 
7 -22 9 -10 
-41 -23 -16 -13 
7 -21 10 -11 
-41 -23 -17 -13 
6 -20 10 -13 
-41 -23 -17 -14 
5 -20 11 -14 
-42 -22 -18 -15 
9 11 -19 2 
-8 -2 -17 -4 
8 11 -18 3 
-8 -2 -18 -4 
8 10 -16 4 
-7 -3 -18 -4 
7 10 -15 5 
-6 -3 -18 -4 
-2 -18 -5 -9 
-7 21 19 -22 
-1 -19 -5 -10 
-9 22 19 -21 
-1 -19 -6 -10 
-10 23 19 -20 
0 -20 -6 -10 
-11 24 19 -19 
19 -15 -18 10 
-26 1 17 -13 
20 -15 -18 8 
-26 1 16 -13 
21 -15 -17 7 
-26 2 14 -13 
22 -15 -16 6 
-26 2 13 -12 
2 -2 7 -2 
1 -15 -8 -7 
1 -2 9 -2 
1 -14 -8 -8 
0 -2 10 -2 
1 -14 -7 -8 
-1 -2 11 -3 
1 -14 -7 -9 
6 -13 -4 0 
-13 6 -4 -12 
6 -14 -4 0 
-13 6 -4 -11 
6 -15 -4 0 
-13 6 -5 -10 
7 -15 -3 1 
-13 5 -5 -9 
11 4 -8 3 
-8 -17 0 2 
12 4 -7 4 
-8 -17 -1 2 
12 4 -7 4 
-7 -18 -1 2 
12 4 -6 4 
-7 -18 -2 1 
16 -1 17 -7 
3 0 -2 -18 
15 -2 18 -6 
3 1 -1 -18 
14 -3 19 -5 
3 1 -1 -18 
13 -3 20 -4 
2 1 -1 -17 
19 10 -1 -9 
-5 10 9 11 
19 11 -1 -9 
-5 11 8 10 
19 12 -1 -10 
-5 11 7 10 
20 13 0 -10 
-4 12 6 9 
-25 -4 2 27 
13 17 1 -23 
-25 -5 2 26 
13 18 2 -22 
-25 -6 1 26 
13 19 4 -21 
-25 -8 0 26 
13 20 5 -21 
0 3 8 13 
-4 -11 -5 -3 
0 3 8 13 
-4 -11 -5 -4 
-1 3 8 12 
-4 -10 -4 -4 
-1 3 8 11 
-5 -10 -4 -5 
-17 -2 -14 4 
6 -2 7 -11 
-16 -3 -14 4 
5 -2 8 -11 
-16 -3 -14 4 
4 -1 9 -11 
-16 -4 -14 5 
4 -1 9 -10 
5 13 -1 -2 
-11 14 1 21 
5 13 -1 -2 
-11 14 1 21 
5 14 -1 -2 
-11 14 1 20 
4 15 0 -2 
-12 13 0 20 
-5 1 -7 -5 
0 -21 -3 1 
-5 1 -7 -5 
1 -21 -3 0 
-5 2 -7 -6 
1 -21 -3 -1 
-5 2 -6 -6 
2 -22 -3 -2 
-7 3 14 -14 
11 7 2 8 
-8 3 13 -13 
10 7 3 8 
-8 4 13 -12 
10 7 4 8 
-9 4 13 -12 
9 6 4 8 
-5 -22 -8 -16 
4 -7 2 5 
-5 -22 -8 -17 
4 -7 2 5 
-5 -21 -8 -18 
4 -8 2 6 
-4 -20 -9 -18 
5 -9 2 6 
-8 -2 0 -10 
-15 2 -2 4 
-8 -2 -1 -10 
-14 2 -2 4 
-7 -2 -1 -9 
-14 2 -3 4 
-7 -2 -2 -9 
-13 2 -4 4 
8 -5 12 2 
-7 2 4 -6 
8 -6 13 3 
-6 1 3 -5 
8 -6 13 3 
-5 1 2 -5 
9 -7 13 3 
-4 1 1 -4 
-2 -5 30 -10 
5 -5 -10 11 
-3 -5 30 -10 
5 -6 -10 11 
-4 -5 30 -10 
5 -7 -9 11 
-5 -4 30 -10 
5 -8 -9 11 
-9 -17 -15 -32 
-3 -16 1 18 
-8 -15 -15 -32 
-3 -17 0 18 
-7 -14 -16 -33 
-3 -17 0 18 
-6 -12 -17 -33 
-3 -18 0 17 
-9 6 -8 4 
-7 -2 2 -5 
-8 6 -8 5 
-7 -2 2 -5 
-8 5 -9 6 
-8 -2 2 -4 
-7 4 -9 7 
-8 -2 2 -4 
24 3 -20 -7 
10 -25 20 1 
26 3 -20 -7 
16 -26 17 0 
29 3 -20 -7 
21 -27 13 0 
31 3 -20 -6 
27 -27 9 0 
36 -21 -25 37 
216 458 853 129 
64 -28 -37 40 
203 445 850 148 
94 -34 -49 44 
191 432 845 168 
126 -40 -61 47 
181 417 838 189 
4 58 203 -124 
-27 46 122 8 
4 64 201 -130 
-30 49 122 5 
3 70 198 -136 
-33 53 121 2 
4 75 195 -140 
-35 56 120 -1 
19 -1 21 77 
17 -50 20 26 
18 -2 24 75 
16 -53 22 26 
16 -3 27 72 
15 -56 23 26 
15 -3 29 70 
13 -59 24 26 
-12 -5 1 -46 
-14 5 12 -48 
-12 -6 2 -43 
-15 7 12 -48 
-12 -7 2 -41 
-15 9 13 -48 
-13 -9 2 -38 
-16 11 13 -48 
4 -8 30 2 
-37 -17 -41 14 
1 -6 32 0 
-37 -17 -41 13 
-2 -5 34 -1 
-37 -16 -41 12 
-5 -3 35 -3 
-37 -15 -41 11 
-29 11 -32 40 
-28 52 -14 8 
-28 9 -31 41 
-29 52 -14 11 
-28 7 -31 42 
-29 51 -13 13 
-28 4 -31 43 
-29 50 -13 15 
15 -30 4 -2 
-24 -4 -24 40 
14 -29 5 -4 
-24 -6 -24 41 
12 -27 7 -6 
-24 -7 -24 42 
11 -26 9 -8 
-23 -9 -25 43 
21 2 22 10 
3 -23 -11 -24 
19 0 24 11 
2 -23 -10 -24 
17 -2 26 13 
1 -23 -9 -23 
15 -4 28 14 
0 -23 -8 -23 
22 -24 -10 -11 
-1 0 -5 -18 
22 -25 -9 -10 
0 0 -6 -17 
22 -26 -8 -10 
1 -1 -7 -15 
22 -27 -7 -9 
2 -1 -8 -14 
8 -40 31 -12 
-13 11 -13 3 
7 -40 31 -13 
-13 10 -13 5 
6 -40 31 -14 
-12 9 -14 6 
5 -40 31 -14 
-11 8 -14 8 
-37 -11 7 1 
-8 -12 -9 0 
-37 -12 7 1 
-10 -13 -8 1 
-38 -13 6 1 
-11 -14 -6 1 
-39 -13 5 1 
-12 -15 -5 2 
-12 3 -24 0 
15 -29 2 -25 
-12 2 -24 2 
14 -30 3 -25 
-12 0 -23 3 
13 -30 4 -25 
-13 -1 -22 5 
12 -31 5 -24 
-9 10 -10 -11 
-8 10 12 8 
-9 9 -10 -9 
-8 9 12 9 
-8 8 -10 -8 
-9 8 12 10 
-8 8 -11 -6 
-9 7 12 10 
-16 20 6 -7 
-3 23 -8 12 
-17 20 6 -6 
-4 24 -7 12 
-17 20 6 -6 
-5 24 -6 11 
-18 20 6 -5 
-6 25 -6 11 
-14 18 -25 35 
-6 -6 9 3 
-14 18 -25 35 
-7 -6 9 2 
-13 17 -25 34 
-7 -7 9 2 
-12 16 -25 34 
-8 -8 9 2 
2 3 -7 -25 
2 -6 11 8 
2 4 -7 -25 
2 -6 11 8 
2 5 -6 -24 
2 -6 11 7 
3 6 -6 -24 
2 -6 10 6 
-2 17 1 4 
16 -4 0 34 
-2 18 1 4 
17 -5 0 34 
-2 19 1 5 
17 -7 0 34 
-2 19 1 5 
18 -8 0 33 
10 9 24 -22 
6 -19 0 20 
10 10 24 -22 
6 -19 0 19 
10 11 24 -21 
7 -20 0 18 
9 12 23 -21 
7 -20 0 17 
2 18 -2 2 
7 -6 -5 -8 
2 17 -3 3 
7 -5 -6 -9 
2 17 -3 5 
8 -5 -6 -9 
3 16 -3 6 
9 -4 -6 -10 
-10 -5 -2 2 
5 -16 -4 1 
-9 -5 -3 1 
6 -16 -4 0 
-8 -4 -4 1 
7 -16 -4 0 
-8 -4 -5 1 
8 -16 -5 0 
-17 5 16 -6 
18 -19 16 -10 
-17 5 15 -5 
17 -17 17 -11 
-16 5 14 -5 
16 -16 18 -12 
-16 5 13 -4 
16 -15 19 -14 
-1 12 -2 28 
17 19 2 19 
-2 12 -2 28 
17 19 2 19 
-2 11 -2 29 
17 19 3 19 
-2 11 -2 29 
16 19 4 20 
-13 -2 -8 10 
-1 1 -9 -12 
-13 -2 -9 10 
-1 2 -9 -12 
-13 -2 -9 9 
-1 2 -9 -12 
-13 -3 -10 9 
-1 3 -8 -12 
16 -35 -5 -7 
-13 5 6 8 
16 -34 -5 -8 
-13 4 5 9 
17 -33 -4 -10 
-12 3 4 10 
18 -33 -4 -11 
-12 3 3 11 
16 -11 6 -2 
3 4 5 0 
16 -12 7 -2 
4 3 4 0 
17 -12 7 -2 
5 3 3 1 
17 -12 8 -2 
5 2 3 1 
10 -16 18 -14 
-13 -4 -2 13 
10 -15 17 -15 
-12 -5 -3 13 
11 -14 17 -15 
-12 -6 -5 14 
11 -13 17 -16 
-11 -7 -6 14 
-2 8 12 -28 
0 4 -1 45 
-2 10 12 -28 
0 3 -1 45 
-3 12 12 -28 
-1 2 0 44 
-3 14 11 -28 
-2 1 0 43 
18 14 -25 2 
5 4 10 -26 
19 13 -25 3 
6 5 9 -27 
20 12 -25 4 
6 6 8 -27 
21 11 -24 5 
7 6 7 -27 
12 -7 18 -4 
-9 11 14 -13 
12 -6 17 -5 
-9 12 13 -13 
13 -6 17 -5 
-9 13 12 -13 
13 -6 17 -6 
-9 14 12 -13 
-11 21 1 10 
7 -22 2 2 
-11 22 1 10 
7 -22 2 1 
-12 22 1 9 
6 -22 3 -1 
-12 23 1 9 
5 -22 4 -2 
-28 -10 -20 -21 
6 22 -5 -11 
-27 -9 -20 -21 
6 23 -4 -11 
-27 -9 -21 -21 
5 24 -3 -11 
-27 -9 -21 -21 
5 25 -2 -11 
13 -5 2 18 
-8 1 4 0 
13 -5 3 17 
-8 1 3 0 
12 -5 3 15 
-8 2 3 0 
12 -4 4 14 
-8 2 3 -1 
16 -18 -3 -3 
-17 -5 2 -10 
16 -18 -3 -3 
-17 -6 1 -9 
16 -18 -2 -4 
-17 -6 0 -9 
17 -18 -1 -4 
-17 -6 -1 -8 
24 -1 -3 2 
-3 -6 21 -15 
25 -2 -3 2 
-3 -7 21 -15 
25 -3 -2 3 
-4 -8 20 -14 
26 -4 -1 4 
-4 -8 19 -14 
1 -4 10 -27 
8 8 -16 8 
-1 -3 10 -27 
8 8 -15 7 
-2 -2 11 -27 
8 9 -14 7 
-3 -1 11 -26 
8 9 -14 7 
7 -18 -5 5 
-2 -18 6 -34 
8 -19 -5 5 
-2 -17 5 -34 
8 -19 -6 4 
-2 -16 4 -34 
9 -20 -6 3 
-1 -16 4 -34 
16 14 3 -3 
-7 7 -21 21 
16 15 3 -3 
-5 7 -22 21 
16 16 3 -3 
-3 7 -24 20 
16 16 3 -2 
-1 6 -25 20 
-13 -2 19 6 
-11 -5 8 -9 
-13 -3 18 7 
-11 -6 8 -9 
-12 -3 17 7 
-12 -6 8 -8 
-12 -4 16 7 
-12 -6 8 -8 
4 -9 0 -9 
-2 -14 22 -6 
5 -9 0 -9 
-3 -14 22 -6 
5 -9 1 -9 
-3 -14 22 -6 
6 -8 1 -9 
-3 -14 21 -6 
4 14 20 -5 
-8 -1 3 -23 
3 13 20 -4 
-9 0 3 -23 
3 13 20 -3 
-9 1 3 -24 
2 12 21 -2 
-9 2 3 -24 
5 15 0 6 
19 -16 -6 18 
4 16 1 5 
20 -16 -6 17 
4 17 1 5 
20 -17 -5 16 
3 17 2 4 
20 -17 -5 15 
-8 10 -1 -10 
1 3 5 25 
-8 10 -2 -9 
1 2 5 25 
-7 11 -3 -9 
1 1 5 26 
-7 11 -4 -8 
1 -1 5 26 
-28 -11 -9 -10 
-6 -17 -24 -15 
-28 -12 -9 -10 
-5 -16 -24 -15 
-28 -12 -10 -10 
-4 -16 -24 -15 
-28 -12 -11 -9 
-4 -16 -23 -14 
-14 18 5 9 
10 -29 -12 -12 
-15 17 4 10 
11 -28 -11 -14 
-15 17 4 11 
11 -27 -11 -15 
-15 16 3 12 
12 -26 -10 -17 
-4 -5 14 13 
2 17 -3 26 
-5 -5 14 13 
1 16 -2 27 
-5 -5 14 13 
0 15 -2 28 
-6 -5 13 13 
0 13 -1 29 
3 -18 -16 -22 
-3 -9 -2 17 
4 -16 -16 -23 
-3 -10 -3 17 
4 -15 -15 -23 
-3 -10 -3 17 
4 -14 -15 -24 
-3 -11 -3 17 
-24 11 -16 -6 
-15 -11 -23 1 
-24 11 -17 -5 
-14 -11 -23 0 
-24 11 -17 -5 
-12 -11 -23 -1 
-23 12 -18 -4 
-11 -10 -24 -2 
13 13 20 9 
12 13 24 3 
13 12 20 10 
11 13 25 3 
13 12 21 10 
10 12 25 4 
13 11 21 11 
10 12 25 4 
12 3 9 -4 
-17 9 4 13 
12 4 9 -5 
-17 8 3 14 
12 4 10 -5 
-17 8 3 14 
12 5 10 -5 
-17 7 2 14 
13 -14 7 -11 
20 2 7 26 
13 -13 8 -12 
26 -1 4 27 
14 -13 9 -12 
31 -3 2 28 
14 -12 9 -13 
37 -5 0 29 
13 -22 14 7 
166 353 857 26 
39 -28 3 10 
149 345 856 41 
67 -35 -8 13 
135 336 853 57 
96 -41 -20 17 
122 326 847 73 
-20 4 213 -106 
-33 63 140 -21 
-25 7 216 -112 
-41 65 145 -21 
-29 10 217 -117 
-49 66 149 -20 
-32 13 218 -121 
-56 68 152 -20 
72 -19 -14 36 
16 -46 32 4 
70 -20 -8 34 
16 -48 32 4 
69 -20 -1 32 
15 -50 32 5 
67 -21 6 30 
14 -53 32 5 
-6 -46 26 -45 
7 46 -8 -70 
-7 -48 27 -43 
8 48 -7 -67 
-9 -50 27 -42 
9 50 -7 -65 
-10 -53 27 -40 
9 52 -6 -62 
6 -20 48 10 
-26 -6 -40 -14 
3 -19 49 7 
-25 -4 -40 -14 
0 -18 50 4 
-25 -2 -39 -15 
-3 -17 50 2 
-24 -1 -39 -16 
-23 -31 -10 25 
-10 21 -10 8 
-23 -32 -10 24 
-10 19 -10 10 
-24 -32 -10 23 
-10 18 -9 12 
-24 -33 -10 22 
-10 16 -9 14 
14 -21 22 -15 
-2 0 -40 5 
12 -21 23 -15 
0 -1 -40 6 
10 -21 24 -16 
1 -2 -40 7 
8 -21 26 -16 
3 -3 -40 8 
-3 -8 6 -15 
-4 -30 4 -14 
-2 -8 5 -15 
-4 -30 4 -15 
-2 -8 4 -14 
-4 -30 3 -15 
-1 -8 3 -14 
-3 -30 3 -16 
1 27 -2 -1 
-16 -14 8 -1 
2 27 -3 0 
-17 -14 7 -2 
3 27 -3 2 
-17 -14 6 -3 
3 27 -3 3 
-16 -15 5 -4 
-4 1 -5 -23 
-6 43 2 35 
-4 2 -4 -23 
-6 42 2 36 
-4 4 -4 -23 
-7 42 2 36 
-4 5 -4 -23 
-7 41 2 37 
-7 28 -2 20 
6 -13 -14 2 
-8 28 -2 20 
6 -13 -14 0 
-9 28 -1 20 
6 -12 -13 -1 
-9 28 -1 19 
5 -11 -12 -3 
2 -6 -4 2 
-13 13 -25 5 
2 -5 -4 2 
-11 13 -25 5 
1 -5 -4 1 
-10 14 -26 5 
1 -5 -3 1 
-9 14 -27 5 
5 -16 20 8 
13 12 30 -1 
5 -16 20 7 
12 13 30 -1 
5 -16 20 6 
11 13 31 0 
5 -16 19 5 
10 13 31 1 
11 24 3 20 
-16 6 12 15 
11 24 3 20 
-16 6 12 15 
12 24 4 20 
-17 6 11 14 
12 24 4 21 
-17 7 10 13 
14 10 9 6 
14 -17 -10 -8 
13 10 11 6 
15 -16 -10 -9 
12 10 12 6 
16 -16 -10 -11 
11 11 13 6 
17 -15 -10 -12 
2 16 16 -1 
-1 -18 16 6 
2 16 15 -1 
-1 -18 16 5 
2 17 14 -1 
-2 -18 16 4 
3 17 13 0 
-2 -18 16 3 
12 3 4 -1 
-12 -11 7 -9 
12 3 4 0 
-12 -11 6 -9 
13 2 4 0 
-11 -11 5 -9 
13 2 5 1 
-11 -11 4 -9 
-9 6 10 -5 
-2 0 14 7 
-9 6 10 -4 
-3 0 14 7 
-9 6 10 -4 
-4 -1 15 7 
-9 6 9 -4 
-5 -1 15 7 
26 -8 7 -14 
-12 3 -19 -7 
25 -8 9 -14 
-12 3 -19 -6 
23 -8 10 -14 
-12 3 -20 -6 
22 -8 12 -14 
-13 2 -20 -6 
-15 1 -37 -12 
0 -18 11 -22 
-14 1 -37 -12 
-1 -18 11 -23 
-12 1 -38 -12 
-1 -17 11 -23 
-11 1 -38 -11 
-2 -16 11 -24 
8 -9 -11 -2 
-1 -5 26 1 
9 -9 -11 -3 
-1 -5 25 2 
10 -9 -11 -3 
-1 -5 25 2 
11 -9 -11 -3 
-2 -5 25 2 
9 0 16 18 
20 15 15 -3 
8 -1 16 19 
20 14 15 -1 
8 -3 17 19 
20 14 16 0 
7 -4 17 20 
20 13 16 1 
-28 2 16 1 
11 18 8 -11 
-28 1 15 2 
10 18 10 -11 
-29 1 14 2 
9 18 11 -10 
-29 0 13 2 
7 18 13 -10 
9 13 5 5 
-24 0 -28 -9 
8 13 6 5 
-24 1 -28 -9 
7 13 7 4 
-24 2 -29 -10 
6 12 8 4 
-23 3 -29 -10 
-12 4 -16 11 
14 26 -7 10 
-12 4 -16 11 
14 25 -6 10 
-12 4 -16 10 
14 25 -5 11 
-12 3 -16 10 
14 24 -5 12 
-18 8 -20 -5 
7 5 -8 12 
-17 9 -21 -6 
8 5 -8 11 
-16 10 -22 -7 
8 6 -8 11 
-16 11 -23 -7 
9 6 -8 10 
-28 5 -20 20 
7 7 11 -7 
-26 5 -22 20 
8 7 11 -7 
-25 4 -24 20 
8 8 11 -7 
-23 3 -25 20 
8 8 11 -7 
-16 10 18 10 
-3 12 -5 11 
-17 10 17 10 
-3 13 -5 11 
-17 10 17 10 
-3 13 -4 11 
-18 11 16 10 
-3 14 -3 10 
4 9 17 19 
-5 -6 -36 19 
2 9 18 19 
-3 -7 -36 18 
0 9 19 18 
-2 -7 -36 18 
-1 10 19 18 
-1 -7 -36 17 
-29 -15 1 4 
-20 -3 4 -14 
-28 -16 0 5 
-20 -3 4 -13 
-28 -17 -1 5 
-21 -3 4 -12 
-27 -18 -3 5 
-22 -4 4 -11 
-4 -3 -11 -6 
8 22 -5 10 
-4 -4 -10 -6 
8 21 -5 12 
-4 -4 -9 -5 
8 20 -4 13 
-5 -4 -8 -5 
8 18 -4 14 
13 5 13 -12 
5 -19 -5 -3 
13 5 14 -12 
6 -19 -5 -4 
12 5 14 -12 
6 -19 -5 -5 
11 5 14 -12 
6 -18 -5 -5 
17 6 1 12 
-4 10 19 15 
17 6 1 13 
-4 9 18 16 
18 5 1 14 
-4 7 17 17 
19 4 1 15 
-4 6 16 18 
37 24 12 12 
-5 12 15 8 
37 24 13 13 
-5 11 14 8 
37 23 14 14 
-5 11 13 8 
37 22 15 16 
-6 10 12 9 
-14 -2 -25 -5 
22 -1 16 5 
-13 -2 -26 -5 
22 -1 16 5 
-12 -2 -26 -5 
21 -2 17 5 
-10 -2 -27 -5 
21 -2 17 5 
10 6 -2 -9 
6 -1 -9 0 
10 6 -2 -8 
7 -1 -9 -1 
10 6 -2 -8 
8 0 -10 -1 
10 7 -2 -8 
8 0 -10 -1 
-10 -22 -6 -9 
6 -3 8 -13 
-9 -22 -7 -10 
6 -2 8 -14 
-9 -21 -8 -11 
6 -1 8 -14 
-8 -21 -9 -12 
6 0 8 -14 
24 7 1 10 
-6 -7 8 -7 
24 7 1 10 
-6 -6 7 -8 
25 7 1 10 
-6 -6 7 -8 
25 7 2 9 
-6 -5 6 -9 
1 12 -7 4 
-2 0 -1 3 
1 12 -7 4 
-2 0 -1 2 
1 13 -7 4 
-2 1 -1 1 
2 13 -7 4 
-2 1 -1 1 
8 -19 5 -13 
2 5 -18 10 
7 -18 6 -14 
2 5 -18 10 
6 -17 7 -15 
2 5 -18 10 
5 -16 7 -16 
2 5 -18 10 
6 -3 -5 3 
12 7 -7 -10 
6 -3 -6 3 
13 8 -7 -10 
6 -3 -5 3 
13 9 -7 -10 
6 -3 -5 3 
13 10 -7 -10 
-5 20 -18 30 
21 7 18 12 
-3 19 -19 30 
22 7 18 11 
-2 19 -20 30 
22 7 18 11 
0 19 -21 30 
22 7 18 11 
9 -21 21 5 
-8 21 -24 10 
8 -21 21 5 
-8 20 -24 11 
7 -21 21 4 
-7 19 -25 12 
6 -21 21 3 
-7 18 -25 14 
0 6 -2 -1 
-8 -1 -11 -15 
0 5 -2 0 
-7 -1 -11 -16 
0 5 -2 0 
-7 0 -12 -16 
0 4 -2 0 
-6 0 -12 -16 
-2 10 7 4 
-1 4 1 14 
-2 10 7 4 
-1 4 1 14 
-2 11 7 4 
-1 4 0 14 
-2 11 7 4 
-1 4 0 13 
-21 4 -11 19 
5 -3 3 -21 
-21 3 -11 20 
5 -3 4 -21 
-21 2 -12 20 
5 -3 4 -21 
-20 0 -13 21 
4 -3 5 -21 
-9 10 -6 -6 
-11 16 12 4 
-8 10 -6 -5 
-11 16 12 4 
-8 10 -6 -5 
-11 17 12 4 
-7 11 -7 -5 
-12 17 12 4 
2 9 12 4 
-4 -3 -3 0 
1 9 13 3 
-4 -3 -2 -1 
0 10 14 3 
-4 -2 -2 -1 
-1 10 15 3 
-5 -2 -1 -2 
14 -2 4 12 
-10 7 9 -16 
14 -3 5 12 
-10 8 8 -15 
14 -4 6 12 
-10 8 8 -15 
14 -5 7 12 
-9 9 7 -14 
12 20 12 18 
9 6 1 2 
12 19 13 19 
14 5 -1 3 
12 19 13 19 
19 4 -3 3 
13 18 13 19 
24 3 -6 4 
-9 -15 5 26 
45 316 764 -56 
15 -23 -6 30 
27 311 763 -42 
40 -32 -16 33 
10 305 759 -27 
66 -41 -27 37 
-5 297 753 -12 
-74 -46 66 -123 
-56 36 160 -58 
-76 -43 70 -130 
-66 37 165 -57 
-77 -40 74 -137 
-74 37 169 -55 
-76 -38 76 -142 
-82 37 172 -53 
69 -33 1 -20 
-5 -39 11 -28 
65 -33 9 -21 
-6 -40 11 -27 
61 -33 18 -22 
-7 -41 12 -27 
57 -33 26 -24 
-8 -42 12 -26 
-29 -62 23 -50 
51 33 -28 -76 
-33 -64 24 -50 
52 34 -24 -73 
-36 -66 25 -49 
51 35 -21 -71 
-39 -68 26 -48 
51 36 -17 -67 
-1 -16 21 -28 
-12 -42 -37 -5 
-2 -14 20 -31 
-10 -40 -38 -7 
-3 -11 19 -33 
-8 -38 -39 -9 
-4 -9 18 -35 
-6 -36 -40 -12 
-50 -8 -6 29 
-17 -14 -29 -23 
-49 -10 -8 29 
-15 -13 -29 -23 
-49 -11 -10 30 
-13 -13 -30 -22 
-48 -13 -12 30 
-11 -12 -30 -22 
32 -5 52 7 
-39 -6 -35 10 
30 -5 53 8 
-38 -7 -36 10 
28 -5 55 8 
-37 -7 -37 10 
25 -5 55 8 
-36 -7 -38 10 
-3 -2 -19 12 
2 -21 16 3 
-2 -2 -19 12 
2 -22 16 3 
-1 -3 -19 13 
3 -23 15 3 
0 -3 -18 13 
3 -24 15 3 
-15 16 15 -5 
5 -6 9 -6 
-15 16 15 -3 
4 -6 10 -6 
-15 15 14 -2 
4 -6 10 -6 
-15 14 14 0 
3 -6 11 -6 
-10 7 9 2 
12 4 -12 2 
-11 7 10 3 
12 3 -11 2 
-13 6 10 4 
11 3 -10 3 
-14 6 10 4 
11 2 -8 3 
12 10 23 -6 
25 19 -22 -11 
10 10 24 -5 
26 20 -21 -11 
8 10 25 -5 
27 22 -20 -12 
6 10 26 -4 
27 24 -19 -12 
-8 0 7 26 
-18 12 -2 25 
-8 0 6 24 
-19 12 -2 25 
-8 1 5 23 
-19 12 -2 25 
-7 2 4 21 
-19 12 -2 25 
14 14 4 23 
5 6 -3 -1 
13 13 6 23 
4 6 -3 -1 
12 12 7 23 
4 6 -2 -1 
11 12 8 23 
3 6 -2 -1 
-39 -5 -37 0 
4 -1 4 -2 
-38 -4 -38 -1 
4 -1 4 -2 
-36 -4 -39 -1 
5 -1 5 -3 
-35 -4 -40 -2 
5 -2 5 -3 
-10 -17 16 -18 
12 8 -1 -1 
-10 -16 15 -18 
12 8 0 -1 
-10 -16 15 -19 
13 7 0 0 
-11 -15 14 -20 
14 7 0 0 
-1 5 16 -8 
-1 -18 16 3 
-1 5 15 -8 
-1 -18 16 3 
0 6 15 -8 
-2 -18 16 2 
0 6 14 -8 
-3 -18 16 1 
7 16 -14 13 
-11 -1 -6 18 
8 15 -14 14 
-10 -3 -7 18 
8 14 -13 16 
-9 -4 -8 19 
9 14 -13 17 
-8 -6 -9 20 
-24 31 1 -2 
16 -3 15 18 
-24 31 1 -1 
14 -4 17 18 
-24 31 0 1 
13 -5 19 18 
-24 30 0 3 
11 -5 20 17 
6 -4 0 3 
-9 -27 -22 -18 
5 -5 1 4 
-9 -28 -22 -17 
4 -6 1 5 
-8 -29 -22 -17 
3 -7 2 5 
-7 -29 -22 -17 
15 -21 16 -29 
-6 4 10 -13 
15 -21 16 -29 
-6 4 10 -12 
14 -21 17 -28 
-7 4 9 -11 
14 -21 18 -28 
-7 4 9 -11 
-5 25 4 9 
7 2 15 6 
-5 25 4 10 
6 2 16 6 
-5 25 4 10 
5 3 17 5 
-6 25 5 11 
4 3 18 4 
-4 -19 -4 -5 
4 -8 0 7 
-5 -18 -3 -6 
3 -8 0 7 
-5 -17 -3 -7 
3 -8 1 6 
-6 -16 -3 -8 
2 -7 1 6 
20 -7 -1 15 
-4 14 17 10 
20 -7 -1 15 
-4 13 16 11 
21 -8 0 15 
-4 12 15 12 
21 -8 0 15 
-3 11 14 13 
-16 12 12 -6 
17 -2 7 3 
-17 13 12 -6 
17 -1 8 2 
-17 13 11 -6 
16 0 9 2 
-18 13 11 -5 
15 1 10 1 
-11 3 -1 29 
29 -12 -14 10 
-11 2 -2 29 
29 -13 -13 11 
-12 1 -2 29 
30 -14 -13 11 
-12 0 -2 29 
30 -15 -11 11 
4 -5 -6 -10 
-19 -15 2 9 
5 -5 -8 -9 
-17 -17 0 10 
7 -5 -9 -8 
-16 -19 -2 10 
9 -5 -11 -8 
-14 -20 -4 10 
-16 18 10 -28 
-18 -8 -7 -4 
-15 18 9 -26 
-17 -7 -8 -5 
-15 18 9 -25 
-17 -7 -8 -6 
-15 19 8 -23 
-16 -6 -9 -7 
6 4 -2 -1 
-13 -15 20 2 
7 5 -2 -1 
-14 -16 19 2 
7 5 -2 -1 
-14 -16 18 1 
8 5 -2 -1 
-14 -16 17 1 
4 22 2 -11 
26 1 11 17 
4 23 2 -10 
26 1 11 16 
4 24 3 -9 
25 1 12 15 
4 25 3 -8 
25 1 13 15 
10 -17 -7 -6 
-21 1 17 11 
12 -16 -8 -7 
-21 1 15 11 
13 -16 -8 -7 
-20 2 13 11 
14 -15 -9 -8 
-20 2 12 11 
-12 2 10 25 
-19 2 -1 -6 
-12 1 11 25 
-20 3 0 -6 
-13 0 11 25 
-22 3 0 -6 
-13 0 11 25 
-23 4 1 -6 
19 9 -21 10 
8 18 -10 6 
19 9 -19 9 
10 19 -10 6 
19 9 -18 9 
11 19 -11 6 
19 9 -17 9 
13 19 -12 6 
3 -13 25 -2 
0 -27 4 -8 
3 -13 24 -3 
0 -27 4 -8 
3 -12 23 -4 
0 -27 4 -9 
3 -12 23 -5 
0 -27 4 -9 
-32 10 -12 -9 
-18 14 -6 20 
-32 10 -12 -8 
-19 13 -5 20 
-32 10 -13 -7 
-20 13 -4 20 
-32 11 -14 -6 
-22 12 -4 21 
-36 16 -38 10 
13 5 -13 0 
-36 16 -38 10 
12 5 -11 0 
-36 15 -38 11 
11 4 -9 1 
-36 15 -37 12 
10 4 -8 1 
0 -24 -14 -29 
23 -5 14 7 
0 -22 -14 -30 
22 -5 15 7 
1 -21 -14 -31 
21 -6 16 8 
1 -20 -14 -32 
19 -7 17 8 
9 3 -24 -12 
-12 4 1 -3 
10 2 -24 -12 
-12 4 0 -3 
11 2 -24 -11 
-11 4 -1 -3 
12 2 -24 -11 
-11 4 -2 -2 
-15 6 4 3 
-29 -5 -13 -5 
-16 6 4 3 
-30 -5 -13 -5 
-16 6 4 4 
-30 -4 -13 -6 
-17 6 4 4 
-31 -4 -13 -6 
23 19 3 14 
-7 -16 1 -11 
22 18 5 15 
-8 -16 2 -11 
21 18 7 15 
-9 -16 2 -12 
20 17 9 16 
-9 -15 2 -13 
11 -4 -12 -10 
19 -12 1 22 
11 -3 -11 -10 
19 -14 1 22 
10 -3 -10 -11 
19 -15 2 21 
10 -2 -9 -11 
20 -16 2 21 
-3 -14 6 -9 
-3 14 -3 -5 
-3 -15 6 -8 
-3 14 -3 -4 
-3 -15 5 -8 
-3 14 -3 -3 
-3 -16 4 -7 
-3 14 -3 -2 
0 9 0 12 
0 7 -1 3 
-1 8 0 12 
-1 7 0 3 
-1 8 0 12 
-1 7 0 3 
-1 8 0 12 
-2 7 0 3 
28 4 -6 1 
-15 8 -1 2 
28 5 -5 1 
-14 8 -3 2 
28 5 -4 1 
-14 8 -4 2 
28 5 -3 1 
-13 9 -5 2 
-9 -18 13 -1 
7 -2 -27 6 
-11 -18 14 -2 
8 -2 -26 7 
-12 -17 14 -3 
9 -2 -26 7 
-14 -17 14 -4 
9 -2 -25 7 
-31 -5 1 10 
-2 7 -22 -22 
-32 -6 0 10 
-2 8 -21 -22 
-33 -7 -1 11 
-3 9 -20 -21 
-33 -8 -2 11 
-3 10 -18 -21 
-3 1 -18 22 
6 -7 4 9 
-2 1 -18 21 
6 -8 3 9 
-2 1 -17 21 
7 -8 3 10 
-1 0 -17 21 
7 -9 3 10 
-23 8 11 -5 
0 12 -19 22 
-24 8 10 -5 
1 11 -19 22 
-25 9 9 -4 
2 11 -18 23 
-25 9 8 -3 
3 10 -18 23 
10 3 16 16 
-14 18 12 -20 
11 2 16 16 
-15 19 12 -20 
11 0 15 17 
-15 21 11 -19 
11 -1 15 17 
-16 22 10 -19 
-9 -23 -11 15 
-13 3 -6 -11 
-9 -23 -11 14 
-14 2 -6 -10 
-9 -24 -11 12 
-14 2 -6 -10 
-10 -24 -10 11 
-14 2 -6 -9 
1 7 -9 0 
17 0 10 2 
2 6 -9 1 
21 -2 9 4 
3 5 -9 1 
25 -5 7 5 
3 4 -9 2 
29 -8 6 7 
2 -11 17 -3 
-138 297 614 -170 
21 -22 9 2 
-159 297 611 -158 
42 -33 1 7 
-178 296 605 -144 
63 -45 -8 12 
-196 294 597 -130 
-77 -79 -149 -58 
-37 82 135 -68 
-75 -78 -141 -66 
-44 82 138 -63 
-72 -78 -133 -74 
-50 81 140 -59 
-69 -78 -125 -82 
-55 80 142 -54 
36 -64 12 -45 
-21 -17 35 -7 
34 -63 17 -49 
-24 -19 36 -6 
31 -62 23 -52 
-27 -21 37 -4 
29 -60 28 -55 
-30 -23 38 -3 
20 -44 4 -47 
14 19 -36 -65 
17 -46 8 -46 
14 19 -35 -63 
14 -47 11 -45 
15 20 -34 -61 
10 -49 15 -44 
15 20 -33 -59 
-22 -13 -4 -30 
-11 -30 -20 27 
-22 -11 -5 -32 
-10 -30 -20 25 
-22 -8 -6 -34 
-9 -29 -21 24 
-22 -5 -7 -36 
-7 -29 -21 22 
-13 -11 6 30 
-42 -14 -17 -11 
-12 -13 6 31 
-41 -14 -19 -10 
-12 -15 5 32 
-39 -14 -20 -9 
-11 -17 4 33 
-38 -14 -22 -8 
-1 11 5 18 
-17 -5 1 -22 
0 9 5 20 
-16 -4 0 -23 
0 8 6 21 
-16 -3 0 -23 
0 6 6 22 
-15 -1 -1 -23 
3 -12 6 17 
-18 -5 3 -6 
3 -12 7 16 
-18 -5 2 -5 
4 -12 7 15 
-18 -5 1 -5 
4 -13 7 15 
-18 -5 0 -5 
-17 -7 -17 2 
-7 1 22 0 
-16 -7 -18 2 
-8 1 22 0 
-15 -7 -19 2 
-8 1 22 0 
-13 -7 -19 1 
-8 0 22 1 
-18 -20 13 -13 
21 -8 14 -16 
-19 -20 13 -13 
20 -7 16 -16 
-19 -20 13 -14 
19 -7 17 -16 
-20 -19 13 -14 
19 -6 19 -16 
-9 -15 9 12 
-19 -1 -33 -8 
-10 -16 9 12 
-17 -1 -34 -8 
-11 -17 9 12 
-16 -1 -34 -7 
-11 -17 9 11 
-14 -1 -34 -7 
15 -8 27 -3 
-2 -14 -21 -5 
14 -8 27 -3 
-1 -14 -22 -5 
13 -8 28 -3 
-1 -14 -23 -5 
12 -8 28 -3 
0 -15 -23 -5 
8 -14 -5 -16 
26 13 7 -18 
9 -14 -6 -16 
27 14 7 -18 
10 -14 -7 -16 
28 15 6 -17 
11 -15 -7 -15 
29 15 6 -17 
-17 16 7 16 
-22 -11 -10 7 
-17 16 5 16 
-22 -11 -11 6 
-16 16 3 15 
-21 -12 -12 5 
-15 16 1 15 
-20 -12 -13 5 
8 -22 3 -17 
1 -20 10 -21 
9 -23 3 -17 
1 -21 9 -21 
9 -23 4 -17 
1 -21 9 -20 
10 -23 4 -17 
1 -22 8 -20 
-5 46 -6 -9 
-16 -7 27 -10 
-3 46 -7 -7 
-17 -7 26 -11 
-2 45 -7 -5 
-17 -6 25 -12 
0 45 -8 -2 
-17 -6 24 -13 
-2 7 8 -8 
11 18 -11 6 
-3 7 9 -8 
12 18 -11 6 
-4 7 10 -8 
12 18 -10 6 
-5 7 11 -8 
13 18 -10 7 
-20 1 7 3 
8 0 13 14 
-20 1 6 2 
7 0 14 14 
-20 2 5 1 
6 0 15 14 
-19 2 4 1 
5 0 16 13 
-8 0 -2 19 
11 -3 -7 -15 
-9 -1 -2 20 
11 -3 -7 -15 
-9 -3 -2 21 
11 -4 -6 -14 
-10 -4 -2 21 
12 -4 -5 -13 
14 6 12 -12 
12 0 -1 -15 
13 5 12 -11 
13 1 -1 -15 
13 5 13 -10 
13 2 -1 -16 
13 5 13 -10 
13 3 -1 -16 
-8 -20 -2 8 
2 -12 1 0 
-8 -20 -3 7 
2 -12 1 0 
-7 -20 -3 6 
2 -13 1 1 
-6 -20 -4 6 
2 -13 0 1 
-20 -15 -17 -12 
1 16 26 22 
-19 -14 -18 -12 
0 15 26 23 
-18 -14 -19 -12 
-1 13 27 24 
-16 -14 -20 -12 
-2 12 27 25 
-2 -4 9 -1 
4 5 -1 -18 
-3 -4 10 -1 
4 6 -1 -18 
-4 -5 10 -1 
3 6 0 -17 
-4 -6 11 -1 
2 7 1 -17 
-13 -19 -13 0 
5 -6 -2 -4 
-13 -20 -13 -1 
5 -6 -1 -3 
-13 -20 -13 -2 
4 -7 0 -2 
-13 -20 -13 -2 
4 -7 0 -2 
-11 9 -13 -2 
-2 11 -24 1 
-11 9 -14 -1 
-1 11 -24 1 
-11 8 -14 0 
-1 11 -24 1 
-11 8 -14 1 
-1 10 -24 2 
-16 -9 -19 -5 
-24 -25 -8 16 
-16 -8 -20 -5 
-24 -26 -9 16 
-15 -7 -21 -6 
-24 -27 -9 16 
-14 -6 -22 -7 
-24 -28 -10 15 
7 16 -8 -16 
-6 -9 -4 -3 
7 16 -7 -15 
-6 -9 -4 -3 
7 16 -6 -13 
-7 -8 -4 -4 
6 16 -5 -12 
-7 -8 -4 -5 
3 -16 -13 -6 
-5 -2 -28 -11 
3 -16 -12 -7 
-4 -1 -29 -11 
2 -16 -12 -7 
-2 -1 -29 -11 
2 -16 -11 -8 
-1 0 -30 -11 
6 0 -6 7 
-8 -4 11 -24 
8 -1 -6 7 
-7 -3 10 -24 
9 -1 -7 6 
-5 -2 9 -24 
11 -2 -8 6 
-4 -1 7 -25 
-15 -20 18 12 
-11 28 -5 -4 
-16 -20 18 11 
-11 28 -5 -3 
-16 -21 17 10 
-12 28 -4 -2 
-16 -22 16 10 
-12 28 -4 0 
-29 -15 -18 7 
5 -11 1 -17 
-29 -15 -18 6 
4 -11 2 -17 
-29 -15 -19 5 
4 -10 3 -17 
-28 -16 -19 4 
3 -10 4 -17 
15 6 -10 5 
-11 -6 -1 -2 
15 6 -9 5 
-10 -7 -2 -2 
15 5 -9 6 
-10 -7 -3 -2 
16 5 -8 6 
-10 -8 -4 -2 
-22 18 -9 -3 
-23 -11 -6 5 
-22 18 -9 -2 
-23 -12 -6 4 
-21 18 -10 -1 
-23 -13 -6 4 
-21 18 -10 -1 
-23 -13 -6 3 
4 -2 2 -25 
7 22 6 14 
3 -1 3 -25 
7 22 6 14 
3 0 4 -25 
6 22 7 14 
2 1 5 -24 
6 22 7 15 
-1 6 -4 15 
17 2 -10 -1 
-1 6 -4 15 
18 3 -10 -1 
-1 6 -4 14 
20 4 -10 -1 
-1 5 -4 14 
21 4 -10 -1 
3 1 35 23 
3 32 14 -5 
3 0 34 23 
2 32 14 -3 
2 -1 33 24 
1 32 15 -2 
2 -2 32 24 
0 31 15 -1 
25 17 -7 -1 
3 30 2 18 
26 17 -6 -2 
4 29 1 18 
26 18 -5 -2 
5 29 0 18 
26 18 -4 -2 
6 28 -1 19 
5 7 23 -16 
-3 -22 15 -3 
5 8 23 -16 
-4 -22 15 -4 
5 9 23 -17 
-5 -22 15 -5 
5 10 22 -17 
-5 -21 15 -6 
5 17 -8 -1 
-3 -15 15 -3 
6 16 -7 0 
-4 -15 14 -4 
6 16 -7 1 
-4 -14 14 -5 
6 16 -7 1 
-5 -14 14 -5 
-8 -3 -3 6 
13 -11 13 -9 
-8 -4 -3 6 
12 -11 14 -9 
-8 -4 -3 6 
12 -11 14 -9 
-8 -5 -3 7 
11 -11 15 -9 
-6 5 0 -3 
-8 6 -10 -5 
-6 5 0 -2 
-8 7 -10 -6 
-7 5 0 -2 
-8 8 -10 -6 
-7 5 0 -1 
-8 8 -10 -6 
-4 -8 -6 11 
-11 -3 4 3 
-3 -8 -6 11 
-12 -3 4 4 
-3 -9 -6 10 
-13 -4 4 4 
-3 -9 -6 10 
-13 -5 4 5 
14 16 -17 0 
-3 9 16 7 
14 16 -16 0 
-4 8 15 7 
15 16 -16 1 
-4 8 15 8 
16 15 -15 2 
-5 8 14 8 
7 -6 -5 1 
-10 2 -10 4 
7 -6 -5 1 
-9 2 -10 5 
7 -6 -5 1 
-9 2 -11 5 
7 -6 -4 0 
-8 1 -12 5 
2 8 0 -2 
-11 -16 9 4 
2 8 0 -2 
-11 -16 8 3 
3 9 0 -2 
-11 -16 8 2 
3 9 0 -2 
-11 -15 7 1 
3 -3 5 4 
-42 9 -18 12 
2 -2 6 4 
-42 9 -19 12 
1 -2 6 4 
-43 9 -20 12 
1 -2 7 4 
-43 9 -20 12 
3 -4 -20 4 
3 3 -11 8 
3 -3 -18 3 
4 3 -10 8 
2 -3 -17 3 
5 3 -10 8 
2 -3 -16 2 
5 3 -10 8 
0 5 22 6 
2 -21 4 -2 
-1 5 22 6 
1 -21 5 -3 
-2 5 22 7 
0 -20 6 -3 
-3 5 22 7 
-1 -20 7 -4 
-19 -12 -7 8 
28 -2 13 -6 
-20 -13 -7 8 
27 -3 15 -5 
-20 -14 -7 9 
27 -4 17 -4 
-20 -14 -7 9 
26 -4 18 -4 
-1 19 17 -7 
1 -29 -15 9 
-1 19 17 -6 
4 -32 -16 9 
-2 19 17 -5 
7 -35 -17 9 
-2 19 17 -4 
10 -38 -17 9 
-1 7 -14 7 
-324 313 429 -214 
15 -6 -21 14 
-344 318 422 -202 
32 -19 -28 21 
-362 320 413 -189 
49 -32 -35 28 
-379 321 402 -175 
-40 -64 -281 20 
-16 150 61 -49 
-37 -65 -268 10 
-19 151 63 -44 
-34 -66 -254 1 
-21 151 63 -38 
-32 -66 -241 -8 
-23 151 64 -31 
-30 -130 4 -24 
-28 -24 -2 -48 
-32 -129 6 -31 
-29 -25 -1 -46 
-33 -127 7 -38 
-30 -26 0 -43 
-34 -126 8 -45 
-32 -27 2 -41 
17 -36 10 -40 
-10 34 -27 -31 
15 -36 13 -40 
-9 35 -27 -29 
13 -37 15 -39 
-8 35 -27 -27 
11 -38 18 -39 
-7 35 -27 -24 
-41 12 -1 0 
5 -50 -26 12 
-42 13 -2 -1 
7 -50 -26 9 
-42 15 -3 -2 
9 -50 -25 7 
-42 16 -4 -3 
11 -49 -25 5 
-56 8 20 0 
-17 -20 -3 -26 
-56 7 17 1 
-18 -19 -2 -27 
-56 6 15 3 
-19 -17 -1 -27 
-55 5 12 5 
-20 -16 0 -28 
-11 -13 -38 13 
10 42 -9 -17 
-10 -15 -38 13 
12 42 -10 -15 
-9 -16 -38 13 
13 43 -11 -14 
-8 -17 -38 13 
14 43 -11 -12 
-32 -8 -8 -4 
-10 0 16 24 
-30 -6 -10 -6 
-10 0 15 23 
-27 -4 -13 -8 
-9 0 15 22 
-25 -1 -15 -11 
-9 -1 14 21 
-3 -16 19 -26 
30 -26 3 9 
-4 -14 19 -27 
30 -26 4 8 
-4 -12 19 -28 
31 -26 5 7 
-5 -10 19 -30 
32 -26 5 6 
3 7 29 -24 
-21 -22 -14 7 
2 9 28 -24 
-21 -21 -14 5 
2 10 27 -24 
-21 -20 -15 4 
1 11 27 -23 
-21 -19 -15 2 
9 2 -12 14 
10 36 -3 11 
10 2 -11 14 
10 37 -3 12 
10 2 -10 14 
11 38 -3 12 
10 2 -10 14 
11 39 -3 13 
21 -4 6 23 
-9 2 0 16 
22 -3 6 22 
-8 3 -1 15 
22 -3 5 20 
-7 4 -2 15 
22 -2 5 18 
-6 4 -3 14 
-2 -36 11 12 
-2 10 11 6 
-2 -36 11 11 
-3 9 11 8 
-2 -36 10 10 
-3 9 11 9 
-2 -36 10 8 
-3 9 11 10 
-34 0 3 20 
10 -5 -20 -1 
-35 -1 3 20 
9 -6 -19 -1 
-36 -2 2 21 
9 -6 -17 0 
-37 -3 2 21 
9 -7 -15 0 
-2 -2 -3 -13 
-35 6 -6 -13 
-2 -2 -3 -13 
-35 7 -7 -13 
-2 -2 -3 -12 
-36 8 -7 -13 
-2 -2 -3 -12 
-36 9 -8 -13 
-3 -21 -16 -9 
22 -15 -15 4 
-4 -19 -15 -10 
23 -15 -15 3 
-4 -18 -13 -12 
25 -15 -14 3 
-5 -17 -12 -13 
26 -14 -14 2 
-20 26 29 9 
-17 8 -21 2 
-20 26 28 10 
-16 9 -22 2 
-21 25 26 11 
-15 10 -22 1 
-21 25 25 12 
-14 11 -22 0 
-15 13 16 24 
-22 -14 5 10 
-15 13 15 23 
-23 -13 6 9 
-15 13 15 23 
-25 -13 6 8 
-16 13 15 23 
-26 -13 7 7 
3 15 -30 22 
9 -14 16 1 
4 14 -29 23 
7 -15 17 1 
4 13 -28 23 
6 -15 17 1 
5 12 -27 24 
4 -16 18 1 
2 9 -28 -15 
17 -23 7 -1 
3 10 -28 -14 
17 -22 7 -2 
4 10 -28 -13 
18 -21 6 -4 
5 11 -28 -13 
18 -20 6 -5 
-13 -24 1 12 
-12 3 30 -18 
-11 -25 0 12 
-14 3 30 -17 
-10 -26 -2 12 
-15 3 30 -15 
-8 -28 -3 12 
-16 3 30 -14 
4 7 -14 12 
4 5 -1 15 
4 7 -13 12 
5 4 -1 16 
4 6 -13 13 
5 3 -1 16 
5 6 -12 13 
5 2 -1 17 
-13 8 4 3 
4 3 5 0 
-13 7 4 4 
4 2 5 1 
-13 6 3 5 
3 2 6 2 
-13 5 2 6 
3 1 6 2 
1 -6 4 5 
27 14 8 -2 
1 -7 4 6 
26 14 9 -1 
0 -8 5 6 
26 13 11 1 
0 -9 5 7 
25 12 12 2 
7 -6 1 -6 
-1 -9 -1 2 
7 -6 1 -7 
-1 -10 -1 2 
7 -6 0 -7 
-1 -11 -1 3 
7 -7 0 -7 
-1 -12 -1 3 
-5 20 -6 -3 
-9 4 -7 -17 
-5 19 -6 -1 
-9 4 -8 -17 
-5 17 -6 0 
-9 5 -8 -17 
-5 16 -6 2 
-9 5 -8 -17 
13 25 -2 8 
-4 2 -1 11 
13 25 -1 8 
-4 2 -1 10 
13 26 0 9 
-4 2 -1 9 
12 26 0 9 
-5 2 -1 9 
-20 -26 -6 -12 
-1 -17 -12 1 
-21 -26 -5 -13 
-1 -17 -11 1 
-21 -25 -5 -14 
-2 -17 -10 1 
-22 -24 -5 -16 
-2 -17 -9 1 
7 17 -6 3 
-12 -11 2 -4 
7 16 -5 4 
-12 -11 1 -5 
7 16 -5 5 
-12 -11 1 -5 
8 16 -5 6 
-12 -11 0 -6 
0 8 5 -3 
7 -12 -13 -11 
-1 8 6 -3 
8 -12 -13 -12 
-2 8 6 -2 
9 -11 -13 -12 
-2 8 7 -2 
10 -11 -13 -13 
-17 -3 13 0 
30 8 13 -1 
-18 -3 13 0 
29 8 14 -1 
-18 -3 12 0 
29 9 16 -1 
-18 -2 11 0 
29 9 17 -1 
-23 -18 7 2 
4 -5 -8 8 
-23 -18 6 1 
4 -5 -7 9 
-23 -17 5 0 
5 -6 -7 9 
-23 -17 4 -1 
6 -7 -7 9 
18 3 29 -16 
1 -1 -9 12 
17 4 30 -15 
2 -1 -10 12 
16 4 30 -15 
2 -1 -10 11 
15 5 30 -15 
2 -2 -10 11 
-1 1 -9 -6 
4 -4 2 -11 
-1 1 -9 -6 
4 -3 2 -12 
0 1 -10 -6 
3 -2 2 -12 
1 1 -10 -6 
3 -2 2 -12 
12 11 -11 2 
16 5 -7 5 
12 11 -11 2 
17 6 -8 5 
12 12 -10 2 
18 6 -8 4 
12 12 -10 2 
19 6 -8 4 
-6 7 -1 1 
5 -5 35 14 
-4 8 -2 1 
4 -5 35 13 
-2 8 -4 0 
3 -5 35 12 
-1 9 -5 0 
2 -4 35 12 
-22 1 -8 13 
8 -15 -15 3 
-22 0 -9 13 
9 -16 -15 3 
-23 0 -9 14 
9 -17 -14 3 
-23 0 -9 14 
10 -18 -13 3 
5 -22 12 -28 
-13 -10 -10 -21 
5 -22 11 -28 
-13 -9 -11 -21 
5 -22 11 -27 
-12 -9 -12 -20 
5 -22 11 -27 
-11 -9 -13 -20 
-8 0 8 -1 
3 -8 -14 -14 
-8 0 8 -1 
4 -8 -14 -14 
-9 -1 8 0 
5 -7 -14 -14 
-9 -1 8 0 
5 -7 -13 -15 
-18 -27 -4 -16 
-30 1 12 -21 
-17 -27 -5 -17 
-31 2 12 -21 
-16 -26 -6 -17 
-31 4 11 -21 
-15 -26 -7 -18 
-32 5 10 -21 
5 7 -3 8 
18 -17 -8 14 
4 8 -1 7 
19 -17 -8 13 
3 9 0 6 
19 -18 -7 12 
3 10 2 6 
20 -19 -6 12 
-20 1 17 -17 
1 -9 1 -24 
-21 1 16 -16 
0 -9 2 -25 
-21 0 14 -15 
-1 -9 3 -25 
-21 0 13 -14 
-2 -8 4 -25 
-1 4 -9 -17 
15 2 5 16 
-1 5 -9 -17 
14 2 6 16 
-1 6 -8 -17 
13 2 6 16 
-1 7 -8 -17 
12 2 7 15 
-12 -19 -32 -2 
8 -4 5 4 
-10 -19 -33 -2 
8 -4 5 4 
-9 -19 -34 -3 
8 -5 5 5 
-8 -19 -34 -3 
9 -6 5 5 
12 0 11 2 
27 20 22 3 
12 -1 10 2 
27 19 22 4 
13 -2 10 3 
27 19 22 5 
13 -2 10 4 
26 18 22 6 
2 2 10 -8 
21 0 -21 -3 
1 2 9 -9 
22 0 -21 -3 
1 3 9 -9 
24 1 -21 -4 
0 3 9 -9 
25 1 -21 -4 
3 5 19 2 
4 5 5 -2 
3 5 18 1 
4 5 5 -2 
3 5 17 1 
4 6 5 -2 
4 5 16 1 
4 6 5 -2 
14 -15 4 4 
-2 2 7 -4 
14 -15 4 3 
-2 1 6 -4 
15 -15 4 3 
-2 1 5 -3 
15 -15 3 2 
-2 1 5 -3 
-1 -8 -8 -13 
3 2 2 2 
-1 -7 -8 -13 
3 3 2 2 
0 -6 -8 -14 
3 4 2 2 
0 -6 -8 -14 
2 4 2 2 
-5 -9 -16 25 
18 1 8 -2 
-3 -10 -16 25 
21 -2 7 0 
-2 -12 -17 25 
23 -4 6 2 
-1 -13 -17 25 
26 -7 5 4 
25 -33 11 19 
-415 331 247 -285 
36 -47 7 24 
-429 341 236 -274 
48 -61 2 30 
-442 350 224 -261 
60 -76 -3 35 
-453 357 211 -247 
18 -11 -240 155 
-17 165 -39 14 
17 -12 -223 143 
-18 167 -38 18 
15 -13 -207 132 
-18 168 -38 22 
13 -13 -190 121 
-19 169 -37 27 
-9 -83 -29 38 
20 -32 47 -56 
-7 -83 -29 31 
18 -31 48 -56 
-6 -82 -29 24 
16 -30 49 -55 
-5 -82 -28 17 
14 -29 50 -55 
19 -3 13 -13 
-26 69 -21 32 
17 -3 14 -12 
-25 67 -22 34 
16 -2 16 -12 
-25 65 -23 37 
15 -2 17 -12 
-24 63 -23 39 
8 19 -1 -16 
-8 -36 39 -11 
10 20 -1 -17 
-9 -35 38 -14 
11 22 -1 -18 
-10 -33 37 -16 
12 23 -1 -19 
-11 -32 36 -18 
-18 10 -27 5 
8 -24 -14 -6 
-17 10 -27 6 
10 -24 -14 -7 
-16 9 -28 7 
11 -24 -15 -8 
-16 9 -28 7 
12 -23 -15 -8 
-6 29 17 11 
2 11 -7 11 
-6 29 16 12 
2 12 -7 10 
-6 29 15 14 
1 13 -7 9 
-6 29 14 15 
1 14 -7 9 
28 9 -22 16 
-34 -30 -1 21 
29 10 -22 15 
-32 -30 -4 19 
30 11 -22 13 
-31 -31 -6 17 
32 13 -21 12 
-30 -31 -9 16 
-4 -15 10 -27 
-1 4 -13 6 
-5 -14 10 -27 
0 5 -13 6 
-5 -13 10 -28 
1 5 -13 5 
-6 -11 10 -28 
2 6 -13 5 
-3 -1 19 11 
7 -19 -12 0 
-4 -1 19 11 
8 -19 -11 -1 
-5 0 19 10 
9 -19 -11 -2 
-5 0 18 9 
9 -18 -11 -3 
-9 16 17 11 
-12 34 -23 5 
-9 16 16 12 
-11 35 -23 5 
-10 15 15 13 
-10 36 -24 6 
-10 15 15 14 
-9 36 -24 6 
21 19 12 30 
-38 11 2 18 
22 19 12 29 
-38 11 -1 18 
23 19 12 28 
-37 10 -3 17 
23 19 12 27 
-36 10 -5 17 
10 -11 -7 -1 
5 -2 20 8 
11 -11 -6 -1 
5 -3 19 9 
12 -11 -6 -2 
4 -4 19 10 
13 -11 -5 -2 
4 -6 18 10 
-21 23 -13 -12 
-25 21 2 -7 
-20 23 -14 -11 
-25 21 2 -6 
-19 22 -15 -9 
-25 21 1 -6 
-18 21 -15 -8 
-25 20 1 -6 
-1 24 3 -19 
-6 1 -12 14 
-2 26 4 -20 
-6 1 -12 13 
-3 27 5 -21 
-6 2 -12 11 
-4 29 6 -21 
-6 2 -11 10 
27 -3 4 -13 
13 -18 -1 5 
26 -2 5 -13 
13 -18 -1 4 
26 -1 6 -14 
13 -19 -1 3 
25 0 7 -15 
14 -19 -2 3 
-27 -6 0 -19 
4 4 -14 -6 
-28 -6 -1 -19 
4 4 -13 -6 
-28 -5 -2 -19 
4 5 -12 -6 
-28 -5 -3 -18 
4 5 -11 -6 
-3 10 -4 -9 
6 -9 -8 1 
-3 11 -4 -9 
6 -8 -8 -1 
-3 12 -4 -10 
6 -7 -8 -2 
-4 13 -4 -10 
7 -6 -8 -3 
33 -11 8 5 
-2 -1 10 -12 
33 -11 8 5 
-2 0 9 -12 
34 -11 8 4 
-1 0 8 -12 
34 -11 9 4 
-1 1 6 -12 
-13 -15 0 9 
-19 6 -10 -11 
-13 -15 -1 9 
-19 6 -10 -10 
-13 -16 -2 8 
-20 7 -10 -10 
-13 -16 -2 7 
-20 7 -10 -9 
26 6 4 11 
11 5 -5 -9 
25 6 6 11 
11 4 -5 -9 
24 5 7 11 
12 3 -6 -8 
23 4 9 12 
13 2 -6 -8 
-13 12 2 -24 
8 17 -6 3 
-13 12 1 -24 
9 17 -6 3 
-12 13 0 -23 
9 17 -6 3 
-12 13 -1 -23 
9 18 -5 3 
17 -23 13 -2 
-10 -24 -26 4 
16 -22 13 -3 
-9 -26 -27 5 
16 -22 13 -5 
-7 -28 -28 5 
15 -21 13 -6 
-6 -30 -29 6 
-16 21 7 -33 
-2 -13 -10 -2 
-16 21 7 -31 
-2 -13 -10 -3 
-16 21 6 -29 
-1 -12 -10 -4 
-16 22 5 -27 
-1 -12 -9 -5 
-16 6 13 1 
-18 13 -25 6 
-17 6 13 2 
-19 13 -25 6 
-19 6 13 2 
-19 13 -24 7 
-20 5 13 3 
-20 13 -23 7 
4 5 -34 1 
8 14 2 3 
5 5 -33 1 
9 15 1 3 
6 6 -33 1 
10 15 1 3 
7 6 -32 0 
10 16 1 3 
16 -35 11 -5 
-4 -6 0 -3 
16 -34 11 -7 
-3 -6 -1 -3 
16 -33 11 -9 
-2 -5 -2 -3 
16 -32 10 -11 
-2 -5 -3 -3 
-4 0 7 18 
-5 2 19 -1 
-3 -1 7 18 
-6 2 19 -1 
-3 -1 6 18 
-7 3 19 -1 
-2 -1 5 18 
-8 3 19 -1 
0 -6 -22 18 
-22 14 -5 22 
0 -6 -22 18 
-22 13 -6 23 
1 -6 -21 17 
-23 12 -6 24 
1 -6 -21 17 
-23 11 -6 25 
29 -2 -16 5 
5 -4 24 -10 
30 -3 -15 5 
5 -4 23 -9 
30 -3 -13 5 
5 -4 23 -9 
31 -4 -12 6 
5 -4 22 -9 
-3 2 8 -17 
21 9 7 13 
-3 3 8 -18 
21 9 8 12 
-3 4 8 -18 
22 9 8 12 
-3 5 7 -18 
22 9 9 11 
-17 -18 13 -8 
-6 -22 -2 -4 
-17 -17 12 -9 
-5 -22 -1 -4 
-17 -17 11 -10 
-5 -23 -1 -4 
-16 -16 10 -11 
-4 -23 -1 -5 
3 16 25 -23 
-15 5 -4 -5 
2 16 26 -22 
-16 6 -4 -6 
1 17 26 -21 
-16 7 -4 -7 
0 17 26 -20 
-17 9 -4 -8 
18 -18 -12 18 
3 6 -5 10 
18 -18 -11 16 
4 5 -6 11 
18 -18 -10 15 
4 4 -6 12 
17 -18 -9 14 
5 3 -7 13 
7 -24 8 -17 
-8 -17 -13 -17 
7 -24 8 -18 
-7 -17 -13 -17 
6 -24 8 -18 
-7 -16 -14 -18 
6 -24 8 -18 
-6 -16 -14 -18 
-12 8 2 9 
1 6 6 10 
-12 8 2 9 
0 6 7 10 
-12 7 1 10 
-1 6 8 10 
-12 7 1 10 
-2 6 8 10 
-9 -20 -15 4 
-12 6 -23 3 
-9 -20 -15 3 
-12 5 -22 4 
-10 -21 -14 2 
-11 4 -22 5 
-10 -21 -14 2 
-11 3 -22 6 
7 1 -3 -15 
-2 -20 -3 -12 
7 1 -2 -14 
-2 -20 -3 -13 
6 1 -2 -14 
-2 -19 -3 -14 
6 1 -1 -14 
-2 -18 -3 -15 
6 -7 2 13 
0 -13 -10 -20 
5 -8 2 14 
0 -13 -9 -20 
5 -9 3 14 
0 -13 -9 -19 
4 -10 3 14 
0 -13 -9 -19 
-6 1 0 -7 
17 -2 9 -8 
-7 1 0 -7 
16 -1 10 -8 
-7 1 0 -7 
16 0 11 -9 
-7 1 0 -6 
15 0 12 -9 
0 0 0 0 
0 0 0 0 
0 0 0 0 
0 0 0 0 
0 0 0 0 
0 0 0 0 
0 0 0 0 
0 0 0 0 
0 0 0 0 
0 0 0 0 
0 0 0 0 
0 0 0 0 
0 0 0 0 
0 0 0 0 
