58 219
-631 71
303 -350
-333 408
31 -149
-27 19
-74 -111
42 44
70 -231
-213 213
-91 -316
261 329
35 43
-140 -107
101 14
-140 45
-122 -327
46 213
-80 -99
380 -25
-194 130
53 -224
1 243
-102 -149
-295 110
273 -144
77 160
187 -439
198 -283
-105 355
-50 -296
200 301
146 -146
193 111
101 -346
325 -139
-441 -445
584 298
-622 17
619 -268
65 -352
406 24
-105 -353
397 -319
40 -710
286 715
-494 -534
760 233
-75 -409
512 -154
-246 -247
304 -256
146 313
-202 -223
366 69
-287 -44
6 -163
219 -446
-39 115
-319 -152
-304 -586
607 359
-625 -209
673 -201
555 158
-593 -298
355 0
-827 448
-325 -352
517 59
-478 21
451 -348
