-284 -79
23 -208
-125 44
0 -164
404 -332
-132 410
53 -500
229 391
-450 32
208 -367
-137 348
44 -335
435 -9
-294 113
294 -310
-47 292
138 114
-270 -120
357 37
-156 198
455 -526
-128 579
-24 -693
363 509
265 15
-185 132
300 -110
-31 322
-106 -582
430 377
-490 -281
569 -31
-23 -20
215 94
-36 101
46 59
22 382
-120 -452
302 277
-453 -210
109 528
-117 -337
299 427
-274 -32
-242 502
23 -644
178 516
-506 -457
-211 -443
427 484
-414 -32
584 -56
444 -38
-454 136
226 -368
-176 347
-318 80
431 31
-213 231
149 -317
-260 134
50 -287
-48 200
-95 -306
-223 366
247 -341
-38 393
-150 -520
269 627
-621 -545
732 140
-707 88
