134 -378
106 198
96 -231
505 264
-56 430
-154 -618
381 350
-503 -243
421 -480
86 516
208 -424
504 515
61 -480
128 311
-256 -311
356 104
22 464
288 -401
422 527
-66 -262
228 -447
-37 423
-144 -475
298 311
397 398
-4 -158
602 189
-322 -14
-132 79
83 -200
-21 153
-95 -214
161 -256
492 346
-286 -203
311 18
485 259
-576 -102
514 -207
-485 360
254 -243
173 238
-288 -197
305 -51
61 303
-232 -317
241 155
-360 -23
-300 -63
267 -115
-235 101
177 -495
610 -208
-573 400
283 -579
-90 652
-555 288
352 -603
-69 387
-139 -789
11 -282
28 282
-210 -237
233 89
-587 -49
561 -502
-351 280
189 -783
-292 -207
283 78
-346 2
288 -285
