-124 102
32 -122
62 22
-5 -277
87 207
-183 -197
222 54
-235 18
-361 431
194 -644
146 384
-277 -433
-281 204
147 -352
-1 357
-112 -348
-20 -350
222 28
-202 -78
247 -297
-435 -350
529 117
-499 87
468 -272
-2 -563
245 371
-344 -523
343 11
112 -141
-12 153
-4 -133
140 175
388 -16
-316 -113
149 -353
-32 194
333 -456
-69 563
-85 -488
373 470
51 -493
-30 144
-70 -333
173 -144
160 211
-149 -72
263 64
-215 101
257 -326
-140 213
14 -671
210 309
348 319
-351 -90
409 -9
-314 212
433 -478
-227 194
76 -579
275 405
-313 236
241 -290
-45 402
-85 -391
361 -676
-105 455
18 -612
191 544
-93 253
38 -232
98 220
-177 -187
