839 -369
-344 319
294 -880
80 552
-170 652
-245 -785
402 489
-720 -354
252 -184
-44 -177
102 -227
-51 -111
-372 -757
507 411
-784 -240
657 -93
113 -85
-79 -247
122 -168
-193 -61
306 166
-500 -99
340 -106
-407 330
-373 -129
342 -394
-301 235
90 -382
-276 38
80 -140
-156 254
-88 -149
-81 -77
-43 -227
45 145
-190 -81
186 -88
-274 250
21 -194
-72 341
-141 -24
50 -81
-103 128
-147 14
-68 19
-72 101
-107 33
4 36
241 41
-327 95
71 -47
-128 294
-175 -166
97 235
-264 -65
213 -14
-681 467
242 -531
-86 807
-297 -780
-35 -38
-32 131
-79 -97
58 51
-232 -106
174 224
-297 -142
260 -110
-179 57
85 -90
-94 111
-17 -212
