353 -382
-223 415
56 -504
104 466
-185 -121
279 168
-248 106
220 -58
401 19
-350 112
226 -264
-200 380
264 258
-271 18
276 12
-234 211
336 241
-455 -102
354 -46
-295 216
-144 -33
181 111
-188 82
151 -103
17 -145
-60 185
-11 -164
80 141
-14 37
20 70
-33 -7
27 -42
22 -85
25 115
-68 -99
117 192
634 -122
-515 420
293 -628
-32 621
90 88
-116 -49
141 125
-179 126
-113 -181
170 85
-212 -80
175 -54
-85 169
23 -62
4 248
-302 -59
136 344
-287 -331
347 144
-412 2
196 140
-235 135
-38 -53
-137 124
-248 -289
293 121
-354 1
308 -131
-10 328
-324 -138
158 84
-386 -49
121 195
-227 -136
248 47
-244 137
