0 0
-1 1
0 0
0 0
535 279
-698 114
503 -228
-408 520
-485 -65
469 -138
-372 317
209 -441
-45 294
-169 -126
164 153
-309 32
55 -193
28 200
-108 -170
168 111
209 -471
-40 622
-315 -481
412 353
-134 308
-3 -336
140 304
-252 -221
-43 -139
-2 213
-158 -151
153 15
122 287
-230 -212
296 99
-311 29
-187 -147
158 101
-239 -86
138 -76
9 187
-84 -167
145 118
-181 -49
-57 422
-173 -467
234 299
-524 -199
250 -541
-7 595
-237 -546
440 402
50 -678
116 582
-533 -506
380 369
-281 -56
280 -64
-228 173
138 -251
26 431
-388 -406
208 337
-608 55
0 -181
74 165
-135 -121
172 55
-651 -148
342 -6
-589 422
114 -389
