-211 120
144 -196
-51 237
-51 -238
292 -172
-270 283
200 -224
3 345
-348 52
296 -190
-192 293
56 -347
-160 -276
329 331
-341 -109
307 -9
308 -18
-274 143
192 -242
-76 299
514 62
-401 212
230 -325
-130 411
-97 67
62 -101
-15 117
-34 -113
-411 332
190 -439
-46 499
-219 -475
269 297
-367 -161
401 -4
-364 166
90 190
-212 -117
184 19
-164 103
290 12
-270 108
202 -208
-100 273
49 406
-268 -352
400 257
-348 33
-42 -683
318 607
-537 -424
664 167
70 -269
58 319
-61 -165
266 202
-352 -59
346 -90
-279 223
163 -319
431 -368
-121 615
2 -533
254 499
317 424
-463 -257
527 45
-500 174
-397 80
472 -158
-328 348
101 -526
