-391 201
275 -344
-111 427
-74 -434
-31 -388
-7 356
-317 -296
274 144
259 448
-419 -304
507 106
-505 110
-52 445
-311 -395
310 237
-530 -17
-67 55
38 -78
-3 86
-32 -80
-230 130
21 -210
-84 273
-150 -185
140 -211
-42 249
-64 -244
158 197
-126 -139
21 148
-196 -28
71 -11
-240 189
142 -271
-19 305
-107 -286
-107 -156
47 197
-243 -119
181 46
377 -40
-328 191
222 -308
-76 372
-6 -261
-7 278
-196 -220
259 63
189 -428
3 468
-193 -426
350 310
35 148
-180 -82
189 -54
-112 32
368 203
-418 -35
396 -139
-305 289
-58 18
36 -97
46 9
12 -39
-391 192
279 -335
-117 420
-64 -431
-416 373
265 -605
63 611
-294 -551
