0 0
0 0
0 0
0 0
-263 -30
136 -152
-251 199
115 -251
226 -105
-164 188
73 -239
31 247
97 -20
-270 63
188 -134
-38 132
104 74
-125 -26
125 -28
-102 77
-499 333
286 -474
11 482
-94 -509
19 236
-114 -207
188 143
-230 -54
-11 -383
246 277
-224 -227
374 63
261 145
-298 -25
283 -98
-217 205
-161 201
178 -323
46 315
-152 -312
210 512
-401 -382
522 184
-552 45
306 -480
-6 511
-186 -512
321 319
-125 -143
173 79
-190 -2
175 -76
143 -750
194 699
-519 -632
622 362
-14 -237
110 211
-187 -148
231 59
-290 259
101 -428
-28 429
-112 -501
78 193
-151 -143
197 70
-208 17
-262 106
85 -207
45 127
-115 -277
