80 270
-183 -214
255 120
-282 -6
-139 -427
382 345
-465 -171
500 11
-473 38
417 -228
-287 379
107 -463
143 -81
-72 120
22 -95
64 101
-261 -50
260 -61
-211 162
127 -234
521 544
-692 -239
776 -58
-697 381
-171 -318
286 220
-351 -83
355 -67
-511 6
510 -209
-394 410
211 -472
-381 -135
403 -32
-354 194
244 -322
-44 173
-43 -166
127 197
-217 -48
48 -298
78 291
-190 -234
268 136
-447 -65
454 -61
-411 321
259 -359
-554 -313
633 60
-602 205
466 -433
410 67
-423 186
326 -242
-123 391
91 461
-271 -385
405 239
-467 -53
-404 158
320 -208
-131 357
79 -347
-23 258
-84 -245
177 189
-238 -100
278 332
-315 -154
455 44
-292 98
