-458 186
261 -655
73 775
-64 -426
-116 365
-104 -261
151 311
-242 -42
273 -72
-176 248
380 -48
-23 599
-214 -241
244 247
-300 53
367 -82
-278 421
403 -246
37 790
-178 -253
-274 -121
322 178
-252 58
313 -179
-551 99
766 85
-557 688
308 -825
-543 -162
676 15
-516 239
528 -536
129 135
6 382
-80 -317
2 135
101 11
11 8
142 -109
21 -18
45 -115
87 154
-343 -225
-7 -24
343 650
-424 -561
722 163
-606 26
-241 -38
36 -185
-369 93
-95 -318
183 -441
120 301
-112 -347
404 186
156 -750
-248 659
-436 -786
591 521
118 216
-76 -268
341 129
-256 41
-596 -293
270 -58
-353 146
303 -499
329 28
-151 24
236 -64
-125 202
