-312 -114
372 -197
-182 111
-205 -483
409 23
-296 58
330 -305
-115 236
308 -65
-179 -35
-148 -348
-327 377
-293 119
301 -358
-68 273
-57 -423
-220 -354
21 -73
-593 195
-202 -53
-98 -314
279 69
-289 -96
303 -72
4 -263
-501 362
-354 -168
-308 490
418 -360
-240 353
75 -461
194 461
-29 596
-880 -188
180 294
-527 -32
-380 20
339 -215
-147 344
69 -419
-415 295
-442 43
144 -57
-178 -57
31 452
-139 -390
362 255
-372 -128
-69 469
-371 -293
389 -52
-58 -148
16 179
-13 -202
157 137
-106 -138
-434 -493
528 104
-250 -234
581 -367
-97 -36
167 -49
-39 36
66 -146
472 -189
-79 12
324 -521
136 588
-363 235
329 -440
-75 438
-67 -450
