-78 144
20 -38
197 54
-192 -39
-196 332
26 -399
121 427
-277 -300
-56 160
185 -157
-94 149
-57 -108
-207 98
130 -123
-60 205
-57 -139
15 -22
7 -44
-70 109
-78 -111
165 128
-195 -9
153 1
-169 152
-281 442
-5 -452
92 427
-466 -294
181 250
-296 -82
274 45
-348 138
425 -175
-415 350
28 -431
93 388
18 -331
89 400
-324 -262
279 132
70 -195
-191 264
9 -336
218 102
-45 141
-97 -82
-3 60
-156 -30
-8 48
-70 -63
178 -179
-33 61
-155 456
-170 -454
207 372
-367 -212
-30 -23
125 -200
24 58
45 14
194 236
-407 -110
391 -23
-314 194
232 283
-270 -339
476 255
-388 72
-254 24
197 -81
-113 168
90 -165
