0 0
1 0
0 0
0 0
-391 201
275 -344
-111 427
-74 -434
259 448
-419 -304
507 106
-505 110
-67 55
38 -78
-3 86
-32 -80
140 -211
-42 249
-64 -244
158 197
-240 189
142 -271
-19 305
-107 -286
377 -40
-328 191
222 -308
-76 372
189 -428
3 468
-193 -426
350 310
368 203
-418 -35
396 -139
-305 289
-391 192
279 -335
-117 420
-64 -431
100 1
-321 -125
262 -316
-66 467
-458 186
261 -655
73 775
-64 -426
273 -72
-176 248
380 -48
-23 599
-278 421
403 -246
37 790
-178 -253
-551 99
766 85
-557 688
308 -825
129 135
6 382
-80 -317
2 135
45 -115
87 154
-343 -225
-7 -24
-241 -38
36 -185
-369 93
-95 -318
156 -750
-248 659
-436 -786
591 521
-596 -293
270 -58
-353 146
303 -499
-238 130
126 -166
-75 244
7 -299
261 288
-382 -116
435 -95
-331 105
-268 214
196 -350
-8 239
-182 -490
-81 -107
144 -95
-184 -123
-8 -255
103 -444
-5 178
-295 -456
208 122
631 -309
-676 249
268 -677
-161 631
97 15
-341 -148
179 -102
-186 160
-215 122
-47 -296
100 245
-164 -184
-217 -79
166 -22
-115 87
68 -104
-8 -28
46 21
-51 22
31 -9
