698 -619
519 -418
391 77
204 -7
796 -110
13 -90
618 -8
-366 -252
441 -191
269 259
-156 -639
224 -416
-824 309
821 -1132
-466 434
231 -1575
85 65
-283 -960
633 -230
-462 -101
485 -520
-248 -317
377 -381
-388 640
143 -264
0 -271
-88 384
-415 529
-331 -21
112 21
-450 943
-680 474
-384 188
-65 588
-886 955
-582 -68
-161 636
-819 872
-609 36
-178 -77
259 -466
109 722
-182 -495
511 400
290 475
-247 -196
448 99
-356 62
196 56
-59 51
127 -100
-168 155
-80 160
102 -210
-100 244
-28 -55
54 316
-272 -255
332 331
-282 63
-450 107
346 -72
-130 438
207 -250
20 125
87 123
137 127
113 -29
32 304
113 -62
212 133
-93 -97
274 163
-26 -5
180 -67
-55 87
420 -463
-39 532
-99 -550
322 473
230 91
-208 71
221 -16
-121 251
-185 -121
279 168
-248 106
220 -58
264 258
-271 18
276 12
-234 211
-144 -33
181 111
-188 82
151 -103
-14 37
20 70
-33 -7
27 -42
634 -122
-515 420
293 -628
-32 621
-113 -181
170 85
-212 -80
175 -54
136 344
-287 -331
347 144
-412 2
-248 -289
293 121
-354 1
308 -131
121 195
-227 -136
248 47
-244 137
