32735 20
31903 386
32513 -289
32232 576
32108 124
32433 34
32172 249
32322 -54
32290 67
32290 160
32252 75
32321 137
32026 108
32515 15
32106 300
32363 -127
32282 37
32309 184
32225 61
32352 139
32374 156
32176 113
32375 71
32211 191
32767 0
31881 416
32520 -326
32240 613
32323 308
32161 -46
32454 211
32082 95
32157 -107
32483 264
32033 59
32527 63
32172 582
32188 -358
32556 506
31867 -132
107 689
-225 -819
811 294
-749 -385
839 -369
-344 319
294 -880
80 552
252 -184
-44 -177
102 -227
-51 -111
113 -85
-79 -247
122 -168
-193 -61
-373 -129
342 -394
-301 235
90 -382
-81 -77
-43 -227
45 145
-190 -81
-141 -24
50 -81
-103 128
-147 14
241 41
-327 95
71 -47
-128 294
-681 467
242 -531
-86 807
-297 -780
-232 -106
174 224
-297 -142
260 -110
-35 123
-84 -258
125 70
-233 -95
31 -149
-27 19
-74 -111
42 44
35 43
-140 -107
101 14
-140 45
-194 130
53 -224
1 243
-102 -149
198 -283
-105 355
-50 -296
200 301
-441 -445
584 298
-622 17
619 -268
40 -710
286 715
-494 -534
760 233
146 313
-202 -223
366 69
-287 -44
-304 -586
607 359
-625 -209
673 -201
-325 -352
517 59
-478 21
451 -348
