0 -1
0 -1
0 0
0 0
282 -138
-201 242
85 -303
47 311
-49 151
-17 -158
80 137
-129 -93
-138 -16
132 -43
-103 93
56 -127
-320 175
221 -290
-83 355
-69 -357
-139 -172
196 100
-221 -11
205 -81
176 -331
-25 375
-129 -352
262 269
417 153
-443 31
391 -209
-272 351
267 -104
-201 204
99 -269
19 286
159 540
-366 -428
509 241
-563 -12
-255 -313
54 -81
-285 -68
97 -210
-284 -79
23 -208
-125 44
0 -164
-450 32
208 -367
-137 348
44 -335
138 114
-270 -120
357 37
-156 198
265 15
-185 132
300 -110
-31 322
-23 -20
215 94
-36 101
46 59
109 528
-117 -337
299 427
-274 -32
-211 -443
427 484
-414 -32
584 -56
-318 80
431 31
-213 231
149 -317
-223 366
247 -341
-38 393
-150 -520
-196 332
26 -399
121 427
-277 -300
-207 98
130 -123
-60 205
-57 -139
165 128
-195 -9
153 1
-169 152
181 250
-296 -82
274 45
-348 138
18 -331
89 400
-324 -262
279 132
-45 141
-97 -82
-3 60
-156 -30
-155 456
-170 -454
207 372
-367 -212
194 236
-407 -110
391 -23
-314 194
-254 24
197 -81
-113 168
90 -165
285 -195
-148 308
65 -305
127 330
