0 0
0 0
0 0
0 0
226 -105
-164 188
73 -239
31 247
104 74
-125 -26
125 -28
-102 77
19 236
-114 -207
188 143
-230 -54
261 145
-298 -25
283 -98
-217 205
210 512
-401 -382
522 184
-552 45
-125 -143
173 79
-190 -2
175 -76
-14 -237
110 211
-187 -148
231 59
78 193
-151 -143
197 70
-208 17
-68 -359
208 300
-313 -189
362 45
-238 14
292 -91
-189 28
238 -323
-312 -114
372 -197
-182 111
-205 -483
308 -65
-179 -35
-148 -348
-327 377
-220 -354
21 -73
-593 195
-202 -53
4 -263
-501 362
-354 -168
-308 490
-29 596
-880 -188
180 294
-527 -32
-415 295
-442 43
144 -57
-178 -57
-69 469
-371 -293
389 -52
-58 -148
-434 -493
528 104
-250 -234
581 -367
472 -189
-79 12
324 -521
136 588
-347 82
370 -144
-160 336
77 -346
33 -247
189 292
-225 -163
335 134
596 248
-577 44
574 -200
-369 473
-60 53
96 4
-16 91
-26 -5
283 580
-422 -359
529 240
-519 90
384 -367
-203 577
12 -515
324 421
-75 -134
185 186
-121 -148
229 -73
360 217
-294 -104
369 -184
-208 160
-119 -254
271 23
-204 -70
264 -169
37 284
-97 -404
303 179
-340 -71
