-74 34
-255 -599
-137 67
-521 -144
-261 -620
-124 84
-540 -154
-37 216
-432 -322
-93 91
-545 175
147 291
-208 389
-561 -144
292 575
-226 -13
-837 147
424 197
-192 386
149 -655
-562 273
676 -86
-451 130
216 -884
787 71
-615 31
406 -862
-455 56
292 -445
-228 -55
-206 -938
-163 355
248 -293
-543 -526
-23 -158
-262 342
433 -1053
-698 722
-5 -737
188 546
535 279
-698 114
503 -228
-408 520
-45 294
-169 -126
164 153
-309 32
209 -471
-40 622
-315 -481
412 353
-43 -139
-2 213
-158 -151
153 15
-187 -147
158 101
-239 -86
138 -76
-57 422
-173 -467
234 299
-524 -199
50 -678
116 582
-533 -506
380 369
26 431
-388 -406
208 337
-608 55
-651 -148
342 -6
-589 422
114 -389
-401 -260
192 351
-570 -3
306 16
87 207
-183 -197
222 54
-235 18
-281 204
147 -352
-1 357
-112 -348
-435 -350
529 117
-499 87
468 -272
112 -141
-12 153
-4 -133
140 175
333 -456
-69 563
-85 -488
373 470
160 211
-149 -72
263 64
-215 101
348 319
-351 -90
409 -9
-314 212
-313 236
241 -290
-45 402
-85 -391
-93 253
38 -232
98 220
-177 -187
63 328
-154 -280
257 167
-294 -92
