0 0
0 0
0 0
0 0
-73 -68
95 32
-99 10
87 -50
213 375
-348 -256
421 91
-421 90
-65 460
-129 -446
300 355
-418 -202
541 -75
-463 290
304 -453
-92 538
49 109
-89 -80
114 36
-118 13
72 29
-77 3
70 -34
-50 60
38 -285
82 275
-187 -218
260 122
-298 -579
508 407
-629 -163
642 -109
1 -347
141 317
-259 -232
330 106
-295 199
-403 56
-144 30
-124 -113
58 219
-631 71
303 -350
-333 408
70 -231
-213 213
-91 -316
261 329
-122 -327
46 213
-80 -99
380 -25
-295 110
273 -144
77 160
187 -439
146 -146
193 111
101 -346
325 -139
65 -352
406 24
-105 -353
397 -319
-75 -409
512 -154
-246 -247
304 -256
6 -163
219 -446
-39 115
-319 -152
555 158
-593 -298
355 0
-827 448
-118 271
-42 -223
68 305
-237 -136
-116 365
-104 -261
151 311
-242 -42
-214 -241
244 247
-300 53
367 -82
-274 -121
322 178
-252 58
313 -179
-543 -162
676 15
-516 239
528 -536
101 11
11 8
142 -109
21 -18
343 650
-424 -561
722 163
-606 26
183 -441
120 301
-112 -347
404 186
118 216
-76 -268
341 129
-256 41
329 28
-151 24
236 -64
-125 202
