535 537
-90 -530
817 -406
-342 -129
336 -449
395 -306
2 -393
437 176
175 -86
114 -682
453 488
-97 284
220 -510
286 373
103 319
297 951
560 503
-201 312
577 833
-610 1323
380 432
-2 962
-133 969
-428 1084
253 1098
-423 950
-154 984
-972 513
-357 901
-196 1055
-963 432
-493 96
-705 980
-467 293
-890 426
-683 156
-858 13
-418 521
-1152 262
-335 688
-124 102
32 -122
62 22
-5 -277
-361 431
194 -644
146 384
-277 -433
-20 -350
222 28
-202 -78
247 -297
-2 -563
245 371
-344 -523
343 11
388 -16
-316 -113
149 -353
-32 194
51 -493
-30 144
-70 -333
173 -144
257 -326
-140 213
14 -671
210 309
433 -478
-227 194
76 -579
275 405
361 -676
-105 455
18 -612
191 544
229 75
-131 -128
130 42
-137 145
132 405
-216 -402
461 219
-411 -84
404 -332
-132 410
53 -500
229 391
435 -9
-294 113
294 -310
-47 292
455 -526
-128 579
-24 -693
363 509
-106 -582
430 377
-490 -281
569 -31
22 382
-120 -452
302 277
-453 -210
-242 502
23 -644
178 516
-506 -457
444 -38
-454 136
226 -368
-176 347
-260 134
50 -287
-48 200
-95 -306
269 627
-621 -545
732 140
-707 88
