0 0
0 0
0 0
0 0
-211 120
144 -196
-51 237
-51 -238
-348 52
296 -190
-192 293
56 -347
308 -18
-274 143
192 -242
-76 299
-97 67
62 -101
-15 117
-34 -113
269 297
-367 -161
401 -4
-364 166
290 12
-270 108
202 -208
-100 273
-42 -683
318 607
-537 -424
664 167
-352 -59
346 -90
-279 223
163 -319
317 424
-463 -257
527 45
-500 174
146 -242
-94 -262
-51 -457
167 -74
-135 -365
29 -380
62 -112
-120 -66
91 -46
-132 -392
171 111
-595 522
624 -809
-348 800
-403 -320
299 1025
-275 -295
-21 709
-470 242
452 230
-538 562
61 166
-1 517
109 -122
319 -141
-111 903
51 -518
573 458
557 427
-364 188
663 -357
-214 437
487 416
-205 -217
522 -45
-518 232
-7 158
187 -307
-107 333
-244 -214
217 17
-100 47
154 -71
-86 116
-139 -427
382 345
-465 -171
500 11
143 -81
-72 120
22 -95
64 101
521 544
-692 -239
776 -58
-697 381
-511 6
510 -209
-394 410
211 -472
-44 173
-43 -166
127 197
-217 -48
-447 -65
454 -61
-411 321
259 -359
410 67
-423 186
326 -242
-123 391
-404 158
320 -208
-131 357
79 -347
278 332
-315 -154
455 44
-292 98
