-2269 732
-2435 2213
-2692 3182
-785 1781
-2616 2479
-2636 2863
-707 2093
22 886
-2353 3026
-1032 2060
332 783
701 176
-1240 2445
366 348
847 587
312 620
-102 745
1112 33
298 1234
321 1982
1052 -451
551 1650
-80 1705
909 3910
312 602
566 2563
-32 3390
1428 3679
144 2447
402 3324
1059 3916
1459 3305
786 2933
869 4429
1424 2759
1671 3075
917 3633
1705 3505
1110 2509
537 1444
-226 89
93 -189
-65 133
28 -182
353 -382
-223 415
56 -504
104 466
401 19
-350 112
226 -264
-200 380
336 241
-455 -102
354 -46
-295 216
17 -145
-60 185
-11 -164
80 141
22 -85
25 115
-68 -99
117 192
90 88
-116 -49
141 125
-179 126
-85 169
23 -62
4 248
-302 -59
196 140
-235 135
-38 -53
-137 124
-10 328
-324 -138
158 84
-386 -49
17 48
-77 -237
138 -17
-130 -79
-56 430
-154 -618
381 350
-503 -243
61 -480
128 311
-256 -311
356 104
228 -447
-37 423
-144 -475
298 311
-132 79
83 -200
-21 153
-95 -214
485 259
-576 -102
514 -207
-485 360
61 303
-232 -317
241 155
-360 -23
610 -208
-573 400
283 -579
-90 652
11 -282
28 282
-210 -237
233 89
-292 -207
283 78
-346 2
288 -285
