-669 1284
-742 1099
-646 676
-746 54
-325 1300
-1110 662
-318 -123
-495 577
-433 804
-994 24
62 167
-45 206
-462 164
-480 257
414 -98
-38 -39
-608 609
385 -471
139 291
-290 -591
295 -222
121 27
-166 -358
519 309
115 -673
125 279
-6 -155
457 641
177 -348
203 439
24 185
-2 1066
434 9
-11 672
-168 607
134 1165
-17 198
30 1036
-223 854
196 750
55 113
-211 -52
-22 -141
-184 121
-145 -107
-60 -65
-180 35
-23 -195
243 116
-531 -6
314 -300
-352 183
266 264
-525 -222
380 -232
-448 116
235 -178
-331 40
89 -422
-153 245
-54 -83
-114 -198
-60 -43
-175 -120
272 435
-670 -463
553 14
-778 204
-868 -360
692 -161
-833 420
481 -642
-242 -472
147 324
-374 -154
327 -36
-640 -84
511 -103
-501 279
237 -456
50 -410
35 299
-287 -379
274 101
-170 652
-245 -785
402 489
-720 -354
-372 -757
507 411
-784 -240
657 -93
306 166
-500 -99
340 -106
-407 330
-276 38
80 -140
-156 254
-88 -149
186 -88
-274 250
21 -194
-72 341
-68 19
-72 101
-107 33
4 36
-175 -166
97 235
-264 -65
213 -14
-35 -38
-32 131
-79 -97
58 51
-179 57
85 -90
-94 111
-17 -212
