0 0
0 0
0 0
0 0
0 0
0 0
0 0
0 -1
0 0
0 0
0 0
0 0
0 0
0 0
0 0
0 0
1 0
0 -1
0 0
0 0
0 0
0 0
0 0
0 0
0 0
0 -1
0 0
0 0
0 0
0 0
0 0
0 0
0 0
0 0
0 0
0 0
0 0
0 0
0 0
0 0
160 226
106 -283
523 -42
483 -159
31 -314
605 -45
409 -124
511 -426
30 189
839 -572
303 158
362 -336
1107 -51
-155 -207
928 -190
319 97
367 -764
680 531
252 -664
858 158
814 -164
413 26
429 -405
296 629
901 -174
66 -22
471 131
-125 141
98 -201
515 308
-238 -2
421 172
-255 120
541 -145
-233 622
393 -186
161 246
-45 110
430 358
-149 113
-532 -676
728 364
-888 -28
892 -193
292 -172
-270 283
200 -224
3 345
-160 -276
329 331
-341 -109
307 -9
514 62
-401 212
230 -325
-130 411
-411 332
190 -439
-46 499
-219 -475
90 190
-212 -117
184 19
-164 103
49 406
-268 -352
400 257
-348 33
70 -269
58 319
-61 -165
266 202
431 -368
-121 615
2 -533
254 499
-397 80
472 -158
-328 348
101 -526
