-1 0
0 0
0 0
0 0
238 94
-256 13
228 -115
-162 199
-211 -369
343 251
-416 -88
416 -89
-221 -229
296 119
-318 11
286 -141
-218 95
160 -175
-74 226
-24 -237
152 140
-196 -66
205 -19
-179 102
7 313
-134 -283
238 204
-301 -89
-86 190
1 -209
85 191
-156 -140
-179 52
141 -121
-80 168
5 -186
330 -37
-286 168
192 -271
-66 326
-152 -124
141 -242
44 77
203 -146
134 -378
106 198
96 -231
505 264
421 -480
86 516
208 -424
504 515
22 464
288 -401
422 527
-66 -262
397 398
-4 -158
602 189
-322 -14
161 -256
492 346
-286 -203
311 18
254 -243
173 238
-288 -197
305 -51
-300 -63
267 -115
-235 101
177 -495
-555 288
352 -603
-69 387
-139 -789
-587 -49
561 -502
-351 280
189 -783
553 -137
-338 319
265 -518
54 449
409 23
-296 58
330 -305
-115 236
-293 119
301 -358
-68 273
-57 -423
-98 -314
279 69
-289 -96
303 -72
418 -360
-240 353
75 -461
194 461
-380 20
339 -215
-147 344
69 -419
31 452
-139 -390
362 255
-372 -128
16 179
-13 -202
157 137
-106 -138
-97 -36
167 -49
-39 36
66 -146
-363 235
329 -440
-75 438
-67 -450
