0 0
0 0
0 0
1 1
0 0
0 1
0 0
0 0
-1 0
0 0
0 0
0 0
0 0
0 0
0 0
0 -1
-1 0
0 0
0 0
0 1
0 0
0 0
0 0
0 0
0 0
0 0
0 0
-1 1
0 0
0 0
0 0
1 0
0 0
1 0
0 0
0 0
0 -1
0 0
0 0
0 0
-285 76
-145 -691
-193 -183
-392 58
4 -78
-579 -681
164 354
-671 -141
-341 -284
-217 88
-216 -54
-69 106
-355 106
-97 -126
-148 219
-111 114
-381 -265
168 231
-404 233
137 -434
-479 527
64 -302
-73 245
-287 -482
-569 26
372 -312
-466 209
444 -470
242 -134
-420 -7
490 -254
449 265
-662 -325
842 -63
50 235
732 -382
333 -196
568 148
295 -91
404 -115
137 418
-356 -333
268 174
-492 -16
-31 -388
-7 356
-317 -296
274 144
-52 445
-311 -395
310 237
-530 -17
-230 130
21 -210
-84 273
-150 -185
-126 -139
21 148
-196 -28
71 -11
-107 -156
47 197
-243 -119
181 46
-6 -261
-7 278
-196 -220
259 63
35 148
-180 -82
189 -54
-112 32
-58 18
36 -97
46 9
12 -39
-416 373
265 -605
63 611
-294 -551
