0 -1
0 0
0 0
0 0
80 270
-183 -214
255 120
-282 -6
-473 38
417 -228
-287 379
107 -463
-261 -50
260 -61
-211 162
127 -234
-171 -318
286 220
-351 -83
355 -67
-381 -135
403 -32
-354 194
244 -322
48 -298
78 291
-190 -234
268 136
-554 -313
633 60
-602 205
466 -433
91 461
-271 -385
405 239
-467 -53
-23 258
-84 -245
177 189
-238 -100
-78 144
20 -38
197 54
-192 -39
-56 160
185 -157
-94 149
-57 -108
15 -22
7 -44
-70 109
-78 -111
-281 442
-5 -452
92 427
-466 -294
425 -175
-415 350
28 -431
93 388
70 -195
-191 264
9 -336
218 102
-8 48
-70 -63
178 -179
-33 61
-30 -23
125 -200
24 58
45 14
232 283
-270 -339
476 255
-388 72
313 135
-249 62
354 -48
-260 386
-260 496
224 -642
193 605
-341 -570
434 -29
-248 132
256 -318
-125 349
-24 578
-131 -634
356 478
-493 -239
-563 -43
509 -237
-340 477
192 -554
-572 16
542 -196
-340 421
225 -523
23 74
26 -38
80 45
-11 -82
267 -106
-113 206
98 -308
115 188
95 -164
61 116
-24 -215
240 99
157 334
-202 -375
468 173
-356 -39
47 -207
172 121
-65 -112
317 47
