0 0
-1 1
0 0
0 0
-485 -65
469 -138
-372 317
209 -441
55 -193
28 200
-108 -170
168 111
-134 308
-3 -336
140 304
-252 -221
122 287
-230 -212
296 99
-311 29
9 187
-84 -167
145 118
-181 -49
250 -541
-7 595
-237 -546
440 402
-281 -56
280 -64
-228 173
138 -251
0 -181
74 165
-135 -121
172 55
169 242
-253 -152
293 34
-283 88
8 -196
-662 251
-182 -403
-479 711
-413 -230
-212 139
-673 204
-139 -43
-434 442
-593 -164
-62 325
-388 -92
-361 463
-529 -151
234 150
-547 -33
-86 -128
-180 310
-235 -347
231 -100
452 179
-759 31
554 -659
-88 324
189 -317
-168 46
284 -614
-94 172
847 160
-691 -304
667 -509
-297 351
297 -376
-204 -40
307 -433
163 96
93 -320
150 -57
152 -311
3 294
-263 -30
136 -152
-251 199
115 -251
97 -20
-270 63
188 -134
-38 132
-499 333
286 -474
11 482
-94 -509
-11 -383
246 277
-224 -227
374 63
-161 201
178 -323
46 315
-152 -312
306 -480
-6 511
-186 -512
321 319
143 -750
194 699
-519 -632
622 362
-290 259
101 -428
-28 429
-112 -501
-262 106
85 -207
45 127
-115 -277
-198 -419
390 205
-461 -207
388 -62
