0 0
1 1
0 0
0 0
0 0
0 0
0 0
0 0
0 0
0 0
32232 576
-785 1781
-342 -129
-746 54
204 -7
-521 -144
483 -159
-392 58
-479 711
167 -74
-66 467
238 -323
-192 -39
-124 -113
203 -146
97 -210
-749 -385
28 -182
-5 -277
-184 121
511 400
-408 520
892 -193
-492 -16
115 -251
-86 116
7 -299
77 -346
-341 -570
-237 -136
54 449
-277 -300
-233 -95
-130 -79
-411 -84
274 101
-121 251
-235 18
0 -1
0 0
209 -441
-51 -238
-74 -434
31 247
-282 -6
87 -50
-162 199
47 311
32322 -54
22 886
437 176
-495 577
-366 -252
-37 216
511 -426
-671 -141
-139 -43
-120 -66
-64 -426
-205 -483
-57 -108
-333 408
505 264
0 -164
80 552
104 466
-277 -433
-23 -195
-356 62
-309 32
3 345
274 144
-38 132
500 11
-331 105
335 134
-125 349
-242 -42
-115 236
-57 -139
42 44
-503 -243
229 391
-720 -354
220 -58
-112 -348
0 0
0 0
168 111
56 -347
-505 110
-102 77
107 -463
-421 90
416 -89
-129 -93
32321 137
701 176
-97 284
-45 206
224 -416
147 291
362 -336
-69 106
-388 -92
-595 522
-23 599
-327 377
-78 -111
261 329
504 515
44 -335
-51 -111
-200 380
247 -297
-352 183
-168 155
412 353
307 -9
-530 -17
-94 -509
64 101
-182 -490
-369 473
-493 -239
367 -82
-57 -423
-169 152
-140 45
356 104
-47 292
657 -93
-234 211
468 -272
0 0
0 -1
-252 -221
-76 299
-32 -80
-230 -54
127 -234
-418 -202
286 -141
56 -127
32363 -127
312 620
297 951
-38 -39
231 -1575
-226 -13
319 97
-111 114
-547 -33
299 1025
-178 -253
-202 -53
-466 -294
380 -25
-66 -262
-156 198
-193 -61
-295 216
343 11
-448 116
-28 -55
153 15
-130 411
-150 -185
374 63
-697 381
-8 -255
-26 -5
192 -554
313 -179
303 -72
-348 138
-102 -149
298 311
363 509
-407 330
151 -103
140 175
0 0
0 1
-311 29
-34 -113
158 197
-217 205
355 -67
-92 538
-24 -237
-69 -357
32352 139
321 1982
-610 1323
-290 -591
-462 -101
149 -655
858 158
137 -434
231 -100
452 230
308 -825
-308 490
93 388
187 -439
-322 -14
-31 322
90 -382
80 141
-32 194
-153 245
-282 63
138 -76
-219 -475
71 -11
-152 -312
211 -472
208 122
-519 90
225 -523
528 -536
194 461
279 132
200 301
-95 -214
569 -31
-88 -149
27 -42
373 470
0 0
0 0
-181 -49
-364 166
-107 -286
-552 45
244 -322
-118 13
-179 102
205 -81
32211 191
909 3910
-428 1084
519 309
-388 640
216 -884
296 629
-287 -482
-88 324
109 -122
2 135
-527 -32
218 102
325 -139
311 18
46 59
-190 -81
117 192
173 -144
-175 -120
207 -250
-524 -199
-164 103
181 46
321 319
-217 -48
-161 631
324 421
-11 -82
21 -18
69 -419
-156 -30
619 -268
-485 360
-453 -210
-72 341
-32 621
-215 101
0 0
-1 1
440 402
-100 273
-76 372
175 -76
268 136
-50 60
-301 -89
262 269
32240 613
1428 3679
-972 513
457 641
-415 529
-455 56
-125 141
444 -470
-94 172
573 458
-7 -24
-178 -57
-33 61
397 -319
305 -51
-274 -32
-147 14
-179 126
210 309
-778 204
113 -29
380 369
-348 33
259 63
622 362
259 -359
-186 160
229 -73
115 188
-606 26
-372 -128
-367 -212
760 233
-360 -23
-506 -457
4 36
175 -54
-314 212
0 0
1 0
138 -251
664 167
350 310
231 59
466 -433
260 122
-156 -140
-272 351
32082 95
1459 3305
-493 96
-2 1066
-680 474
-163 355
421 172
449 265
-297 351
-214 437
-95 -318
-58 -148
45 14
304 -256
177 -495
584 -56
-128 294
-302 -59
275 405
481 -642
-93 -97
-608 55
266 202
-112 32
-112 -501
-123 391
-164 -184
-208 160
240 99
404 186
-106 -138
-314 194
-287 -44
-90 652
-176 347
213 -14
-412 2
-85 -391
0 0
0 0
172 55
163 -319
-305 289
-208 17
-467 -53
642 -109
5 -186
19 286
32527 63
1671 3075
-683 156
134 1165
-582 -68
-262 342
393 -186
732 -382
163 96
-518 232
591 521
581 -367
-388 72
-319 -152
-139 -789
149 -317
-297 -780
-137 124
191 544
327 -36
-55 87
114 -389
254 499
12 -39
-115 -277
79 -347
68 -104
264 -169
-356 -39
-256 41
66 -146
90 -165
673 -201
233 89
-95 -306
58 51
308 -131
-177 -187
0 0
0 0
-283 88
-500 174
-64 -431
362 45
-238 -100
330 106
-66 326
-563 -12
31867 -132
537 1444
-335 688
196 750
-178 -77
188 546
-149 113
404 -115
3 294
-244 -214
303 -499
136 588
-260 386
-827 448
189 -783
-150 -520
260 -110
-386 -49
-137 145
237 -456
322 473
306 16
101 -526
-294 -551
388 -62
-292 98
31 -9
-340 -71
317 47
-125 202
-67 -450
127 330
451 -348
288 -285
-707 88
-17 -212
-244 137
-294 -92
