0 0
0 0
0 0
0 0
0 0
0 0
0 -1
0 0
-1 0
0 -1
32735 20
-2269 732
535 537
-669 1284
698 -619
-74 34
160 226
-285 76
8 -196
146 -242
100 1
-238 14
-78 144
-295 199
-152 -124
-255 -313
107 689
-226 89
-124 102
55 113
259 -466
535 279
-532 -676
137 418
-263 -30
217 17
-238 130
-347 82
-260 496
-118 271
553 -137
-196 332
-35 123
17 48
132 405
50 -410
230 91
87 207
0 0
0 0
-485 -65
-211 120
-391 201
226 -105
80 270
-73 -68
238 94
282 -138
32108 124
-2616 2479
336 -449
-325 1300
796 -110
-261 -620
31 -314
4 -78
-413 -230
-135 -365
-458 186
-312 -114
-56 160
58 219
134 -378
-284 -79
839 -369
353 -382
-361 431
-145 -107
290 475
-45 294
292 -172
-31 -388
97 -20
-139 -427
261 288
33 -247
434 -29
-116 365
409 23
-207 98
31 -149
-56 430
404 -332
-170 652
-185 -121
-281 204
0 0
-1 0
55 -193
-348 52
259 448
104 74
-473 38
213 375
-211 -369
-49 151
32290 67
-2353 3026
175 -86
-433 804
441 -191
-432 -322
30 189
-341 -284
-434 442
91 -46
273 -72
308 -65
15 -22
70 -231
421 -480
-450 32
252 -184
401 19
-20 -350
243 116
196 56
209 -471
-160 -276
-52 445
-499 333
143 -81
-268 214
596 248
-24 578
-214 -241
-293 119
165 128
35 43
61 -480
435 -9
-372 -757
264 258
-435 -350
0 0
0 0
-134 308
308 -18
-67 55
19 236
-261 -50
-65 460
-221 -229
-138 -16
32026 108
-1240 2445
220 -510
-462 164
-824 309
-208 389
1107 -51
-355 106
-361 463
624 -809
-278 421
-220 -354
-281 442
-122 -327
22 464
138 114
113 -85
336 241
-2 -563
266 264
-80 160
-43 -139
514 62
-230 130
-11 -383
521 544
-81 -107
-60 53
-563 -43
-274 -121
-98 -314
181 250
-194 130
228 -447
455 -526
306 166
-144 -33
112 -141
1 0
-1 0
122 287
-97 67
140 -211
261 145
-171 -318
541 -75
-218 95
-320 175
32282 37
-102 745
560 503
-608 609
85 65
-837 147
367 -764
-381 -265
-86 -128
-275 -295
-551 99
4 -263
425 -175
-295 110
397 398
265 15
-373 -129
17 -145
388 -16
235 -178
54 316
-187 -147
-411 332
-126 -139
-161 201
-511 6
103 -444
283 580
-572 16
-543 -162
418 -360
18 -331
198 -283
-132 79
-106 -582
-276 38
-14 37
333 -456
0 0
0 0
9 187
269 297
-240 189
210 512
-381 -135
49 109
152 140
-139 -172
32374 156
1052 -451
380 432
295 -222
485 -520
-562 273
814 -164
-479 527
452 179
-538 562
129 135
-29 596
70 -195
146 -146
161 -256
-23 -20
-81 -77
22 -85
51 -493
-54 -83
-450 107
-57 422
90 190
-107 -156
306 -480
-44 173
631 -309
384 -367
23 74
101 11
-380 20
-45 141
-441 -445
485 259
22 382
186 -88
634 -122
160 211
0 0
0 0
250 -541
290 12
377 -40
-125 -143
48 -298
72 29
7 313
176 -331
32767 0
312 602
253 1098
115 -673
143 -264
787 71
901 -174
-569 26
189 -317
319 -141
45 -115
-415 295
-8 48
65 -352
254 -243
109 528
-141 -24
90 88
257 -326
272 435
20 125
50 -678
49 406
-6 -261
143 -750
-447 -65
97 15
-75 -134
267 -106
343 650
31 452
-155 456
40 -710
61 303
-242 502
-68 19
-113 -181
348 319
0 0
0 0
-281 -56
-42 -683
189 -428
-14 -237
-554 -313
38 -285
-86 190
417 153
32323 308
144 2447
-357 901
177 -348
-331 -21
292 -445
98 -201
242 -134
847 160
557 427
-241 -38
-69 469
-30 -23
-75 -409
-300 -63
-211 -443
241 41
-85 169
433 -478
-868 -360
32 304
26 431
70 -269
35 148
-290 259
410 67
-215 122
360 217
95 -164
183 -441
16 179
194 236
146 313
610 -208
444 -38
-175 -166
136 344
-313 236
0 0
0 0
0 -181
-352 -59
368 203
78 193
91 461
-298 -579
-179 52
267 -104
32157 -107
786 2933
-705 980
434 9
-384 188
248 -293
-255 120
-662 -325
297 -376
487 416
156 -750
-434 -493
232 283
6 -163
-555 288
-318 80
-681 467
196 140
361 -676
-242 -472
274 163
-651 -148
431 -368
-58 18
-262 106
-404 158
-217 -79
-119 -254
157 334
118 216
-97 -36
-254 24
-304 -586
11 -282
-260 134
-35 -38
-248 -289
-93 253
0 0
0 -1
169 242
317 424
-391 192
-68 -359
-23 258
1 -347
330 -37
159 540
32172 582
917 3633
-858 13
-17 198
-161 636
433 -1053
161 246
333 -196
93 -320
-7 158
-596 -293
472 -189
313 135
555 158
-587 -49
-223 366
-232 -106
-10 328
229 75
-640 -84
420 -463
-401 -260
-397 80
-416 373
-198 -419
278 332
-8 -28
37 284
47 -207
329 28
-363 235
285 -195
-325 -352
-292 -207
269 627
-179 57
121 195
63 328
