0 0
0 0
0 0
0 0
0 0
0 0
0 0
0 0
0 0
0 0
32513 -289
-2692 3182
817 -406
-646 676
391 77
-137 67
523 -42
-193 -183
-182 -403
-51 -457
262 -316
-189 28
197 54
-144 30
44 77
-285 -68
811 294
-65 133
62 22
-22 -141
-182 -495
503 -228
-888 -28
268 174
-251 199
154 -71
-75 244
-160 336
193 605
68 305
265 -518
121 427
125 70
138 -17
461 219
-287 -379
221 -16
222 54
0 0
0 0
-372 317
-51 237
-111 427
73 -239
255 120
-99 10
228 -115
85 -303
32172 249
-707 2093
2 -393
-318 -123
618 -8
-540 -154
409 -124
164 354
-673 204
62 -112
73 775
-182 111
-94 149
303 -350
96 -231
-125 44
294 -880
56 -504
146 384
-180 35
448 99
164 153
200 -224
-317 -296
188 -134
-465 -171
435 -95
-225 -163
256 -318
151 311
330 -305
-60 205
-74 -111
381 350
53 -500
402 489
-248 106
-1 357
0 0
0 0
-108 -170
-192 293
507 106
125 -28
-287 379
421 91
-416 -88
80 137
32252 75
332 783
453 488
62 167
-156 -639
-545 175
303 158
-216 -54
-62 325
171 111
380 -48
-148 -348
-70 109
-91 -316
208 -424
-137 348
102 -227
226 -264
-202 -78
314 -300
127 -100
-315 -481
-341 -109
310 237
11 482
22 -95
-8 239
574 -200
356 478
-300 53
-68 273
153 1
101 14
-256 -311
294 -310
-784 -240
276 12
-499 87
0 0
0 0
140 304
192 -242
-3 86
188 143
-211 162
300 355
-318 11
-103 93
32106 300
847 587
103 319
414 -98
-466 434
292 575
928 -190
-148 219
234 150
-403 -320
37 790
-593 195
92 427
-80 -99
422 527
357 37
122 -168
354 -46
-344 -523
380 -232
-100 244
-158 -151
230 -325
-84 273
-224 -227
776 -58
-184 -123
-16 91
-340 477
-252 58
-289 -96
274 45
1 243
-144 -475
-24 -693
340 -106
-188 82
-4 -133
0 0
0 0
296 99
-15 117
-64 -244
283 -98
-351 -83
304 -453
-74 226
-83 355
32225 61
298 1234
577 833
139 291
633 -230
-192 386
252 -664
-404 233
-235 -347
-470 242
-557 688
-354 -168
28 -431
77 160
602 189
300 -110
-301 235
-11 -164
149 -353
89 -422
332 331
-239 -86
-46 499
-196 -28
46 315
-394 410
-295 -456
529 240
-340 421
-516 239
75 -461
-324 -262
-50 -296
-21 153
-490 -281
-156 254
-33 -7
-85 -488
0 0
0 0
145 118
401 -4
-19 305
522 184
-354 194
114 36
205 -19
-221 -11
32375 71
-80 1705
-133 969
-166 -358
377 -381
-451 130
429 -405
-73 245
554 -659
-1 517
-80 -317
180 294
9 -336
101 -346
-286 -203
-36 101
45 145
-68 -99
-70 -333
-60 -43
-130 438
234 299
184 19
-243 -119
-186 -512
127 197
268 -677
12 -515
80 45
142 -109
-147 344
-3 60
-622 17
514 -207
302 277
21 -194
293 -628
263 64
0 0
0 0
-237 -546
202 -208
222 -308
-190 -2
-190 -234
70 -34
238 204
-129 -352
32520 -326
-32 3390
-154 984
-6 -155
-88 384
406 -862
471 131
-466 209
284 -614
51 -518
-343 -225
144 -57
178 -179
-105 -353
-288 -197
299 427
-103 128
141 125
14 -671
553 14
137 127
-533 -506
400 257
-196 -220
-519 -632
-411 321
179 -102
-121 -148
98 -308
722 163
362 255
207 372
-494 -534
241 155
178 516
-107 33
-212 -80
409 -9
0 0
0 0
-228 173
-537 -424
-193 -426
-187 -148
-602 205
-187 -218
85 191
391 -209
32454 211
1059 3916
-963 432
24 185
-450 943
-206 -938
-238 -2
490 -254
667 -509
663 -357
-369 93
389 -52
24 58
-246 -247
-235 101
-414 -32
71 -47
4 248
76 -579
-833 420
212 133
208 337
-61 -165
189 -54
-28 429
326 -242
100 245
369 -184
-24 -215
-112 -347
157 137
391 -23
366 69
283 -579
226 -368
-264 -65
347 144
-45 402
0 0
0 0
-135 -121
-279 223
396 -139
197 70
405 239
-629 -163
-80 168
99 -269
32033 59
1424 2759
-890 426
-168 607
-886 955
-23 -158
-233 622
50 235
307 -433
522 -45
-436 -786
-250 -234
476 255
-39 115
-69 387
-213 231
-86 807
-38 -53
18 -612
-374 -154
180 -67
-589 422
2 -533
46 9
45 127
-131 357
-115 87
-204 -70
468 173
341 129
-39 36
-113 168
-625 -209
-210 -237
-48 200
-79 -97
-354 1
98 220
0 0
0 0
293 34
527 45
-117 420
-313 -189
177 189
-259 -232
192 -271
509 241
32556 506
1110 2509
-1152 262
-223 854
-609 36
-5 -737
430 358
295 -91
152 -311
-107 333
-353 146
324 -521
354 -48
355 0
-351 280
-38 393
-297 -142
158 84
130 42
-501 279
-99 -550
-570 -3
-328 348
63 611
-461 -207
455 44
-51 22
303 179
-65 -112
236 -64
-75 438
65 -305
-478 21
-346 2
732 140
-94 111
248 47
257 167
