0 0
0 0
-1 1
0 0
1 0
0 0
0 0
0 0
0 0
0 -1
31903 386
-2435 2213
-90 -530
-742 1099
519 -418
-255 -599
106 -283
-145 -691
-662 251
-94 -262
-321 -125
292 -91
20 -38
-403 56
141 -242
54 -81
-225 -819
93 -189
32 -122
-211 -52
109 722
-698 114
728 364
-356 -333
136 -152
-100 47
126 -166
370 -144
224 -642
-42 -223
-338 319
26 -399
-84 -258
-77 -237
-216 -402
35 299
-208 71
-183 -197
0 0
0 1
469 -138
144 -196
275 -344
-164 188
-183 -214
95 32
-256 13
-201 242
32433 34
-2636 2863
395 -306
-1110 662
13 -90
-124 84
605 -45
-579 -681
-212 139
29 -380
261 -655
372 -197
185 -157
-631 71
106 198
23 -208
-344 319
-223 415
194 -644
-60 -65
-247 -196
-169 -126
-270 283
-7 356
-270 63
382 345
-382 -116
189 292
-248 132
-104 -261
-296 58
130 -123
-27 19
-154 -618
-132 410
-245 -785
279 168
147 -352
0 0
0 0
28 200
296 -190
-419 -304
-125 -26
417 -228
-348 -256
343 251
-17 -158
32290 160
-1032 2060
114 -682
-994 24
269 259
-93 91
839 -572
-217 88
-593 -164
-132 -392
-176 248
-179 -35
7 -44
-213 213
86 516
208 -367
-44 -177
-350 112
222 28
-531 -6
-59 51
-40 622
329 331
-311 -395
286 -474
-72 120
196 -350
-577 44
-131 -634
244 247
301 -358
-195 -9
-140 -107
128 311
-294 113
507 411
-271 18
529 117
0 0
0 0
-3 -336
-274 143
38 -78
-114 -207
260 -61
-129 -446
296 119
132 -43
32515 15
366 348
286 373
-480 257
821 -1132
-561 -144
-155 -207
-97 -126
-529 -151
-348 800
403 -246
21 -73
-5 -452
46 213
288 -401
-270 -120
-79 -247
-455 -102
245 371
-525 -222
102 -210
-2 213
-401 212
21 -210
246 277
-692 -239
144 -95
96 4
509 -237
322 178
279 69
-296 -82
53 -224
-37 423
-128 579
-500 -99
181 111
-12 153
0 -1
0 0
-230 -212
62 -101
-42 249
-298 -25
286 220
-463 290
160 -175
221 -290
32309 184
1112 33
-201 312
385 -471
-283 -960
424 197
680 531
168 231
-180 310
-21 709
766 85
-501 362
-415 350
273 -144
-4 -158
-185 132
342 -394
-60 185
-316 -113
-331 40
-272 -255
158 101
190 -439
21 148
178 -323
510 -209
-5 178
-422 -359
542 -196
676 15
-240 353
89 400
-105 355
83 -200
430 377
80 -140
20 70
-69 563
0 0
0 0
-84 -167
-367 -161
142 -271
-401 -382
403 -32
-89 -80
-196 -66
196 100
32176 113
551 1650
-2 962
121 27
-248 -317
676 -86
413 26
64 -302
-759 31
61 166
6 382
-880 -188
-191 264
193 111
492 346
215 94
-43 -227
25 115
-30 144
-114 -198
346 -72
-173 -467
-212 -117
47 197
-6 511
-43 -166
-676 249
-203 577
26 -38
11 8
339 -215
-97 -82
584 298
-576 -102
-120 -452
-274 250
-515 420
-149 -72
0 -1
0 0
-7 595
-270 108
-328 191
173 79
78 291
-77 3
-134 -283
-25 375
31881 416
566 2563
-423 950
125 279
0 -271
-615 31
66 -22
372 -312
-168 46
-111 903
87 154
-442 43
-70 -63
406 24
173 238
-117 -337
50 -81
-116 -49
-140 213
-670 -463
87 123
116 582
-268 -352
-7 278
194 699
454 -61
-341 -148
185 186
-113 206
-424 -561
-139 -390
-170 -454
286 715
-232 -317
23 -644
-72 101
170 85
-351 -90
0 0
0 0
280 -64
318 607
3 468
110 211
633 60
82 275
1 -209
-443 31
32161 -46
402 3324
-196 1055
203 439
112 21
-228 -55
515 308
-420 -7
-691 -304
-364 188
36 -185
-371 -293
125 -200
512 -154
267 -115
427 484
-327 95
23 -62
-227 194
692 -161
113 -62
-388 -406
58 319
-180 -82
101 -428
-423 186
-47 -296
-294 -104
61 116
120 301
-13 -202
-407 -110
-202 -223
-573 400
-454 136
97 235
-287 -331
241 -290
0 0
1 0
74 165
346 -90
-418 -35
-151 -143
-271 -385
508 407
141 -121
-201 204
32483 264
869 4429
-467 293
-11 672
-65 588
-543 -526
541 -145
842 -63
-204 -40
-205 -217
-248 659
528 104
-270 -339
219 -446
352 -603
431 31
242 -531
-235 135
-105 455
147 324
-26 -5
342 -6
-121 615
36 -97
85 -207
320 -208
166 -22
271 23
-202 -375
-76 -268
167 -49
197 -81
607 359
28 282
50 -287
-32 131
293 121
38 -232
0 0
0 0
-253 -152
-463 -257
279 -335
208 300
-84 -245
141 317
-286 168
-366 -428
32188 -358
1705 3505
-418 521
30 1036
-819 872
-698 722
-45 110
568 148
150 -57
187 -307
270 -58
-79 12
-249 62
-593 -298
561 -502
247 -341
174 224
-324 -138
-131 -128
511 -103
-39 532
192 351
472 -158
265 -605
390 205
-315 -154
46 21
-97 -404
172 121
-151 24
329 -440
-148 308
517 59
283 78
-621 -545
85 -90
-227 -136
-154 -280
