0 0 
0 0 
0 0 
1 1 
-1 0 
-3 -2 
3 -1 
7 5 
-6 3 
-16 -9 
13 -7 
31 18 
-27 13 
-68 -39 
87 -18 
373 194 
489 461 
310 488 
57 219 
-46 -59 
-12 -97 
44 30 
73 98 
63 49 
26 -2 
15 28 
58 90 
90 103 
58 57 
6 14 
1 15 
24 30 
25 8 
4 -45 
-3 -73 
7 -47 
5 -3 
-11 11 
-19 -3 
-9 -13 
3 -6 
3 3 
-1 2 
-1 -1 
1 -1 
1 1 
0 1 
0 0 
0 0 
0 0 
0 0 
0 0 
0 0 
0 0 
0 0 
0 0 
0 0 
0 0 
0 0 
0 0 
0 0 
0 0 
0 0 
0 0 
0 0 
0 0 
0 0 
0 0 
0 0 
0 0 
0 0 
0 0 
0 0 
0 0 
0 0 
0 0 
0 0 
0 0 
0 0 
0 0 
0 0 
1 0 
0 0 
-2 0 
0 -1 
4 0 
1 2 
-8 2 
-5 -3 
14 -4 
13 6 
-21 8 
-29 -8 
30 -16 
59 10 
-40 31 
-128 -10 
47 -63 
436 5 
638 220 
403 426 
-25 458 
-238 318 
-163 131 
-37 -1 
-16 -40 
-36 -5 
-9 41 
36 33 
42 -23 
19 -58 
9 -39 
21 -7 
45 -6 
67 -24 
66 -27 
22 -17 
-48 -23 
-90 -49 
-67 -69 
-8 -58 
29 -28 
20 -3 
-10 12 
-26 21 
-19 18 
-3 -7 
3 -37 
-5 -41 
-20 -23 
-31 -14 
-24 -23 
3 -21 
27 13 
22 48 
-10 47 
-31 21 
-20 5 
5 10 
16 16 
12 10 
12 -1 
20 -11 
25 -19 
23 -21 
12 -8 
-11 15 
-34 28 
-34 18 
-4 -2 
26 -9 
19 4 
-12 22 
-21 23 
10 -1 
40 -29 
30 -32 
-1 -10 
-9 11 
12 13 
21 10 
-1 17 
-19 30 
-4 31 
28 19 
36 6 
11 -4 
-18 -14 
-29 -25 
-20 -35 
-3 -38 
13 -30 
21 -15 
19 -4 
14 -6 
11 -13 
9 -13 
-1 -5 
-18 -1 
-29 -7 
-25 -16 
-10 -18 
1 -12 
1 -3 
-7 5 
-13 12 
-12 18 
-9 16 
-8 3 
-5 -14 
8 -20 
23 -9 
24 6 
6 8 
-15 -2 
-17 -5 
5 3 
29 11 
31 6 
10 -2 
-9 1 
-7 11 
3 11 
1 2 
-13 -1 
-21 10 
-14 26 
-3 30 
-2 22 
-8 10 
-8 0 
1 -8 
13 -10 
23 -7 
30 -5 
30 -10 
18 -16 
4 -15 
-2 -10 
-2 -13 
-9 -20 
-22 -19 
-25 -11 
-14 -8 
-4 -13 
-7 -10 
-13 10 
-10 26 
-4 19 
-3 -3 
-2 -14 
8 -7 
17 2 
14 1 
5 -5 
3 -8 
6 -9 
3 -13 
-9 -19 
-14 -19 
-4 -19 
13 -21 
17 -19 
4 -6 
-13 9 
-12 14 
3 3 
14 -10 
8 -14 
-6 -11 
-10 -9 
1 -9 
12 -2 
11 12 
-1 17 
-7 3 
0 -13 
12 -10 
10 6 
-3 13 
-12 5 
-8 -4 
0 -4 
0 -2 
-6 -10 
-13 -20 
-16 -23 
-14 -14 
-8 -1 
-2 9 
0 12 
-3 5 
-8 -5 
-13 -11 
-15 -7 
-10 -2 
0 -4 
7 -9 
5 -6 
-3 2 
-9 6 
-12 1 
-12 -2 
-7 0 
4 7 
10 11 
2 9 
-12 5 
-13 2 
-1 4 
8 8 
2 9 
-6 6 
-4 3 
4 3 
4 6 
-9 9 
-22 10 
-23 11 
-12 13 
-1 17 
5 20 
6 17 
8 9 
10 5 
10 9 
8 11 
9 3 
10 -10 
7 -12 
1 1 
-6 18 
-11 27 
-10 22 
-7 9 
-6 -1 
-7 -6 
-4 -7 
3 -6 
6 -4 
-4 0 
-15 1 
-13 -6 
0 -16 
6 -19 
-2 -7 
-9 10 
-3 12 
7 -5 
2 -25 
-18 -26 
-34 -8 
-29 14 
-8 26 
12 30 
17 29 
11 20 
4 -3 
-1 -29 
-7 -37 
-15 -22 
-17 -2 
-7 4 
6 -7 
4 -19 
-11 -20 
-19 -14 
-6 -6 
14 0 
20 2 
13 -3 
7 -11 
8 -11 
7 4 
-2 19 
-9 17 
-7 0 
-1 -10 
4 -4 
3 6 
2 3 
4 -10 
8 -16 
10 -5 
6 15 
3 27 
9 22 
21 4 
27 -10 
20 -7 
1 9 
-19 22 
-27 20 
-21 9 
-8 2 
-1 5 
-1 9 
-3 3 
-3 -13 
-5 -22 
-12 -12 
-18 12 
-14 30 
0 30 
13 14 
14 1 
2 1 
-10 9 
-11 9 
-2 -3 
5 -12 
5 -5 
-1 15 
-7 30 
-9 31 
-6 22 
2 13 
9 5 
8 -1 
2 -3 
-2 3 
-1 7 
1 4 
0 -3 
1 -1 
7 8 
12 9 
8 -3 
-4 -12 
-9 -6 
4 6 
29 9 
43 5 
32 3 
10 4 
-1 4 
4 2 
11 6 
6 17 
-5 22 
-13 15 
-15 1 
-12 -7 
-4 -6 
4 -4 
3 -7 
-2 -8 
1 -2 
18 6 
30 6 
23 3 
5 7 
-1 12 
8 5 
10 -10 
-6 -17 
-27 -10 
-31 -4 
-13 -10 
11 -17 
21 -15 
12 -7 
1 -1 
4 6 
16 18 
18 28 
2 24 
-15 8 
-18 -4 
-11 -3 
-10 2 
-14 -2 
-11 -15 
2 -21 
14 -13 
16 0 
12 3 
7 -3 
3 1 
3 17 
11 28 
23 22 
23 7 
5 1 
-12 6 
-9 8 
8 2 
12 -2 
-2 6 
-14 12 
-10 2 
4 -23 
14 -38 
18 -30 
15 -10 
3 2 
-15 -2 
-28 -9 
-28 -9 
-16 -2 
-7 6 
-9 8 
-20 0 
-27 -15 
-15 -27 
7 -24 
10 -12 
-12 -7 
-21 -14 
-3 -19 
0 -8 
-33 -1 
-35 -19 
32 -30 
54 8 
-57 48 
-128 6 
98 -75 
524 -18 
721 247 
472 523 
33 558 
-224 337 
-226 76 
-122 -40 
-29 -7 
26 59 
37 63 
29 6 
49 -34 
93 -5 
98 53 
45 62 
5 21 
29 -2 
69 13 
48 12 
-35 -36 
-105 -78 
-104 -57 
-45 3 
13 35 
32 19 
17 -5 
-3 -3 
-4 7 
10 -10 
16 -43 
3 -46 
-17 -5 
-26 31 
-25 13 
-15 -35 
6 -43 
32 7 
38 58 
13 58 
-21 24 
-31 1 
-12 5 
10 19 
14 31 
9 32 
12 16 
18 0 
3 12 
-30 50 
-52 67 
-39 36 
-8 -7 
9 -17 
-1 2 
-20 10 
-19 -4 
4 -15 
28 -13 
28 -10 
12 -14 
10 -12 
29 2 
37 18 
12 22 
-25 18 
-33 13 
-7 9 
16 6 
13 6 
1 9 
8 8 
30 1 
39 -3 
23 1 
-4 7 
-19 2 
-16 -11 
-4 -19 
6 -13 
6 -3 
-6 4 
-17 5 
-14 5 
6 9 
23 18 
21 22 
3 11 
-6 -7 
2 -14 
13 -3 
10 6 
-1 -3 
-2 -17 
10 -14 
18 7 
10 21 
-6 9 
-14 -13 
-10 -24 
-4 -18 
-3 -8 
-5 0 
-6 10 
-5 17 
-1 12 
8 -2 
16 -7 
16 5 
4 18 
-14 19 
-21 12 
-9 6 
11 1 
18 -3 
5 -3 
-17 1 
-24 2 
-9 -3 
13 -2 
23 9 
13 19 
-3 13 
-8 -2 
-4 -8 
-5 2 
-12 13 
-12 13 
1 4 
13 -1 
8 -2 
-8 -8 
-14 -15 
-2 -15 
14 -8 
16 0 
6 4 
1 8 
9 12 
21 11 
26 1 
18 -12 
5 -20 
-1 -14 
3 1 
6 18 
-1 25 
-11 16 
-10 0 
2 -11 
6 -10 
-3 -1 
-11 6 
-8 10 
0 18 
5 22 
5 8 
2 -17 
-3 -28 
-8 -11 
-3 11 
7 10 
9 -8 
-1 -13 
-12 4 
-10 19 
1 13 
8 -7 
5 -18 
2 -13 
8 -6 
20 -3 
24 2 
18 16 
9 30 
4 27 
3 7 
0 -11 
-1 -14 
4 -3 
9 3 
5 -2 
-7 -9 
-16 -11 
-15 -9 
-6 -7 
6 -9 
16 -9 
21 -8 
17 -10 
11 -17 
6 -23 
7 -20 
9 -7 
9 6 
10 10 
15 4 
20 -3 
19 -1 
12 8 
10 12 
15 8 
16 2 
3 5 
-18 17 
-26 25 
-14 27 
12 25 
35 21 
37 11 
14 -2 
-17 -5 
-25 5 
-7 15 
13 10 
12 -3 
0 -11 
-4 -10 
-1 -7 
-8 -7 
-19 -6 
-13 -3 
13 -3 
33 -9 
28 -16 
7 -15 
-6 -1 
-7 14 
-5 19 
-5 12 
-1 5 
8 4 
10 6 
-1 6 
-10 4 
-6 5 
4 7 
7 10 
1 12 
0 12 
2 10 
-4 8 
-18 10 
-23 13 
-9 9 
11 -1 
16 -7 
4 -2 
-10 9 
-12 10 
-4 -5 
2 -23 
2 -28 
-1 -17 
2 -7 
14 -11 
22 -19 
13 -9 
-9 18 
-24 37 
-18 23 
0 -13 
12 -33 
12 -19 
14 5 
24 10 
29 -6 
13 -16 
-14 -7 
-28 3 
-23 -3 
-16 -18 
-19 -22 
-20 -8 
-9 8 
1 12 
-2 7 
-11 1 
-7 -2 
11 -2 
23 0 
20 1 
9 0 
1 -2 
-4 -3 
-9 -2 
-11 -1 
-8 -4 
-3 -9 
2 -9 
5 -2 
1 5 
-7 3 
-12 -11 
-6 -22 
2 -18 
3 -4 
-2 5 
-2 7 
2 9 
1 17 
-5 19 
-13 10 
-16 1 
-11 4 
0 11 
11 8 
7 -7 
-6 -16 
-10 -11 
1 -1 
12 1 
6 -6 
-9 -13 
-16 -15 
-16 -13 
-19 -10 
-23 -7 
-15 -2 
2 -1 
12 -6 
8 -15 
1 -22 
2 -19 
7 -7 
6 7 
-5 16 
-16 17 
-19 12 
-12 8 
-3 7 
1 8 
-3 5 
-9 -1 
-15 -4 
-21 1 
-25 4 
-22 -4 
-8 -15 
5 -18 
4 -9 
-12 2 
-24 10 
-20 15 
-3 14 
7 7 
2 -4 
-6 -11 
-4 -8 
6 0 
13 5 
11 3 
7 -1 
8 1 
6 11 
-1 17 
-7 8 
-6 -7 
-1 -13 
-1 -5 
-3 4 
6 3 
23 -5 
30 -8 
24 -3 
18 3 
22 2 
25 -5 
16 -8 
2 -3 
-1 7 
7 12 
18 11 
19 10 
11 12 
4 11 
6 5 
14 3 
15 10 
4 14 
-7 6 
-7 -4 
-4 -3 
-7 7 
-11 11 
-7 5 
2 2 
3 5 
-6 7 
-21 4 
-31 -2 
-17 -6 
14 -2 
17 8 
-19 13 
-26 2 
30 -2 
38 31 
-83 58 
-150 4 
94 -87 
541 -29 
763 257 
547 554 
139 564 
-123 274 
-165 -24 
-93 -93 
6 11 
68 87 
47 47 
-7 -28 
11 -36 
90 24 
116 74 
56 66 
5 31 
31 15 
71 16 
44 -3 
-28 -45 
-71 -69 
-63 -46 
-37 0 
-19 24 
-6 9 
0 -12 
-6 -1 
-7 32 
16 36 
37 -8 
20 -49 
-28 -32 
-56 20 
-40 41 
-9 13 
7 -16 
11 -10 
12 12 
5 18 
-10 6 
-15 -3 
3 2 
25 17 
23 29 
-1 28 
-15 9 
-5 -16 
2 -17 
-17 11 
-45 41 
-42 41 
-3 11 
34 -15 
33 -11 
2 10 
-26 18 
-29 2 
-14 -17 
-3 -19 
-1 -10 
6 -5 
24 -3 
41 3 
34 10 
8 6 
-13 -6 
-14 -13 
-8 -13 
-11 -14 
-17 -16 
-11 -16 
6 -14 
13 -11 
2 -4 
-10 8 
-2 16 
23 11 
42 -1 
35 -9 
9 -11 
-16 -7 
-24 3 
-18 15 
-11 17 
-11 6 
-15 -6 
-20 -5 
-22 4 
-20 7 
-14 4 
-3 0 
9 -1 
14 -2 
9 -3 
0 2 
-6 8 
-7 14 
-4 21 
5 31 
13 35 
12 26 
-2 8 
-17 -7 
-18 -11 
-5 -5 
7 4 
5 9 
-7 5 
-17 -1 
-19 0 
-14 6 
-10 3 
-6 -10 
-1 -17 
7 -6 
10 13 
5 19 
-4 10 
-7 0 
-1 -1 
7 0 
8 -9 
2 -24 
-5 -27 
-7 -12 
-8 8 
-16 14 
-30 3 
-39 -4 
-37 8 
-25 28 
-17 36 
-23 25 
-35 7 
-39 -8 
-30 -11 
-17 -5 
-6 3 
-1 5 
-2 3 
-6 5 
-2 7 
15 2 
32 -8 
27 -11 
0 -3 
-24 4 
-23 4 
-7 5 
0 8 
-10 4 
-20 -6 
-17 -7 
-5 2 
2 6 
-1 1 
-4 1 
-2 12 
5 14 
11 -6 
16 -31 
20 -35 
15 -17 
-1 1 
-16 9 
-16 10 
-3 11 
6 10 
9 6 
14 2 
21 -3 
22 -6 
13 -5 
1 3 
-8 12 
-10 15 
-6 10 
0 4 
2 4 
-5 7 
-12 2 
-10 -12 
0 -24 
7 -23 
7 -11 
3 -4 
4 -4 
4 -3 
-1 3 
-10 7 
-15 3 
-10 -6 
-4 -7 
-2 1 
1 11 
7 15 
9 14 
0 12 
-9 9 
-5 2 
9 -11 
15 -21 
9 -22 
1 -15 
2 -5 
5 4 
3 10 
-3 14 
-3 14 
6 7 
13 -6 
9 -17 
-1 -17 
-1 -12 
10 -11 
17 -16 
8 -15 
-4 -6 
-5 2 
2 0 
3 -6 
-6 -6 
-10 1 
-2 8 
3 9 
-1 9 
-7 10 
-8 15 
-10 20 
-19 19 
-25 8 
-16 -5 
-4 -7 
-5 2 
-15 7 
-15 -5 
-5 -22 
1 -22 
-8 -7 
-20 2 
-25 -4 
-20 -13 
-12 -10 
-4 2 
0 9 
-2 4 
-8 -3 
-10 0 
-4 10 
1 20 
0 20 
-4 10 
0 -2 
7 -8 
3 -6 
-8 -1 
-10 2 
5 -1 
17 -5 
8 -5 
-13 1 
-17 7 
1 8 
21 4 
22 0 
6 -1 
-8 3 
-10 8 
-3 5 
0 -5 
-8 -13 
-23 -7 
-30 6 
-18 12 
3 8 
16 8 
13 19 
5 30 
7 32 
15 25 
14 18 
-1 14 
-20 14 
-27 17 
-22 16 
-10 6 
0 -4 
1 4 
-6 26 
-11 39 
-2 29 
9 10 
6 2 
-12 5 
-24 7 
-19 7 
-9 12 
-9 19 
-17 18 
-18 10 
-8 3 
3 2 
8 0 
8 -2 
9 0 
12 6 
14 7 
9 -1 
-4 -5 
-17 1 
-19 6 
-9 -1 
4 -15 
2 -20 
-12 -12 
-22 -2 
-15 1 
1 2 
3 6 
-12 8 
-26 1 
-16 -8 
10 -4 
22 14 
7 26 
-16 18 
-20 2 
-3 -2 
14 9 
13 19 
2 20 
-6 14 
-6 8 
-4 -1 
-5 -12 
-6 -14 
-4 -4 
-1 10 
0 15 
1 9 
8 2 
16 -2 
17 -3 
9 -2 
1 3 
-4 10 
-10 17 
-18 18 
-23 9 
-20 -3 
-13 -6 
-8 0 
0 1 
1 0 
0 -1 
-1 0 
1 1 
1 -1 
-1 -1 
-1 1 
1 1 
0 -1 
-1 0 
0 0 
0 0 
0 0 
0 0 
0 0 
0 0 
0 1 
1 0 
0 -1 
-1 0 
1 1 
1 -1 
-1 -1 
-1 1 
1 1 
1 -1 
-2 -1 
-1 2 
1 1 
0 -1 
-1 0 
0 1 
0 0 
0 1 
2 0 
0 -3 
-5 0 
0 7 
10 0 
0 -13 
-16 0 
0 19 
22 0 
1 -25 
-27 -1 
-1 29 
31 2 
2 -31 
-32 -2 
-3 31 
30 3 
4 -28 
-26 -4 
-5 23 
20 5 
5 -17 
-14 -6 
-5 12 
10 5 
5 -8 
-6 -4 
-4 5 
4 3 
2 -4 
-3 -2 
-1 3 
3 0 
0 -2 
-2 1 
2 2 
1 -2 
-3 -1 
0 3 
3 0 
0 -3 
-3 1 
1 3 
3 -1 
-1 -2 
-2 2 
1 2 
2 -1 
-1 -1 
-1 1 
1 1 
1 0 
0 -1 
0 0 
0 0 
0 0 
0 0 
0 0 
0 0 
0 0 
0 -1 
-1 0 
0 1 
1 0 
0 -1 
-1 0 
0 1 
1 0 
0 -1 
-1 0 
-1 1 
1 1 
1 -1 
-1 -1 
-1 1 
1 1 
1 0 
0 -1 
0 0 
0 0 
0 0 
0 0 
0 0 
0 0 
0 0 
0 0 
0 0 
0 0 
0 0 
0 0 
0 0 
0 0 
0 0 
-1 0 
0 1 
1 0 
0 -1 
-1 0 
0 1 
1 0 
0 -1 
0 0 
0 0 
0 0 
0 0 
0 0 
0 0 
0 0 
0 0 
0 0 
0 0 
0 0 
0 0 
-1 0 
0 1 
1 0 
-1 -1 
-1 1 
1 1 
1 -1 
-1 -1 
-1 0 
0 1 
1 0 
0 -1 
-1 0 
0 1 
1 0 
0 -1 
-1 0 
0 1 
1 0 
0 -1 
0 0 
0 1 
0 1 
1 0 
0 -1 
-1 0 
0 1 
1 0 
0 -1 
-1 0 
0 1 
1 0 
0 -1 
-1 0 
0 1 
1 0 
0 -1 
-1 0 
0 0 
0 -1 
-1 0 
0 1 
1 0 
0 -1 
-1 0 
0 1 
1 0 
0 -1 
-1 0 
0 1 
1 0 
0 -1 
-1 0 
0 1 
1 0 
0 -1 
-1 0 
0 1 
1 0 
0 -1 
-1 0 
0 1 
1 0 
0 -1 
-1 0 
-1 0 
1 1 
1 -1 
-1 -1 
-1 1 
1 1 
1 -1 
-1 -1 
-1 1 
0 1 
1 0 
0 -1 
-1 0 
0 1 
0 0 
0 0 
0 0 
0 0 
-1 0 
0 1 
1 0 
0 -2 
-2 0 
0 2 
2 0 
0 -2 
-2 0 
0 2 
2 0 
0 -2 
-1 0 
0 1 
1 0 
0 -1 
-1 0 
0 1 
0 1 
0 0 
0 0 
0 0 
0 0 
0 1 
1 0 
0 -1 
-1 0 
0 1 
1 0 
0 -1 
-1 0 
1 1 
0 -1 
-1 0 
0 1 
1 0 
0 -1 
-1 0 
0 1 
1 0 
0 -1 
-1 0 
0 1 
1 0 
0 -1 
-1 0 
0 1 
1 0 
0 -1 
-1 0 
0 1 
1 0 
0 -1 
0 0 
0 1 
1 0 
0 0 
-1 0 
0 1 
1 0 
0 -1 
-1 0 
0 1 
1 0 
0 -1 
-1 0 
0 1 
1 0 
0 -1 
-1 0 
0 1 
1 0 
0 0 
0 0 
0 0 
0 0 
0 0 
0 0 
0 0 
0 0 
0 0 
0 0 
0 0 
0 0 
0 0 
0 0 
0 0 
0 1 
0 0 
0 0 
-1 0 
0 0 
0 0 
0 0 
0 0 
0 0 
0 0 
0 0 
1 1 
1 -1 
-1 -1 
-1 1 
1 1 
1 -1 
-1 -1 
-1 1 
0 1 
1 0 
0 -1 
-1 0 
0 1 
1 0 
0 -1 
-1 0 
0 1 
1 0 
0 -1 
0 0 
0 1 
0 0 
0 -1 
0 0 
0 0 
0 0 
0 0 
0 0 
0 0 
1 0 
0 -1 
-1 0 
0 1 
1 0 
0 -1 
-1 0 
0 1 
1 0 
0 -1 
-1 0 
0 1 
1 0 
0 -1 
-1 0 
0 0 
0 0 
0 0 
0 0 
0 0 
0 0 
0 0 
0 0 
0 0 
0 0 
0 0 
0 0 
0 0 
0 0 
0 0 
0 0 
0 0 
0 0 
0 0 
0 -1 
-1 0 
0 1 
1 0 
0 -1 
-1 0 
0 1 
2 0 
1 -2 
-2 -1 
-1 2 
2 1 
1 -2 
-2 -1 
-1 2 
2 1 
1 -2 
-2 -1 
-1 2 
2 1 
1 -2 
-2 -1 
-1 1 
1 1 
1 -1 
-1 -1 
-1 1 
1 1 
1 -1 
0 -1 
-1 0 
0 2 
2 0 
0 -2 
-2 0 
0 2 
1 0 
0 -1 
-1 0 
0 1 
1 -1 
-1 -1 
-1 2 
3 0 
0 -4 
-5 0 
0 7 
9 -1 
-1 -12 
-15 2 
3 18 
21 -3 
-4 -24 
-27 4 
5 29 
31 -6 
-6 -32 
-33 6 
7 33 
32 -7 
-7 -31 
-29 6 
6 26 
24 -5 
-5 -21 
-18 4 
4 15 
13 -3 
-3 -10 
-8 2 
2 7 
5 -1 
-1 -5 
-4 1 
1 3 
3 -1 
-2 -2 
-2 2 
2 2 
1 -2 
-2 -1 
-1 2 
2 1 
1 -2 
-2 0 
0 2 
2 0 
1 -2 
-2 -1 
-1 2 
2 1 
1 -1 
-1 -1 
-1 1 
1 2 
2 -1 
-1 -2 
-2 1 
1 2 
2 0 
0 -2 
-2 0 
0 1 
1 0 
0 -1 
-1 0 
1 1 
1 -1 
-1 -1 
-1 1 
1 1 
1 -1 
-1 -1 
-1 1 
1 1 
1 -1 
-1 -1 
-1 1 
1 1 
1 0 
0 -1 
-1 0 
0 2 
2 0 
0 -2 
-2 0 
0 2 
2 0 
0 -3 
-3 0 
0 3 
3 0 
0 -3 
-3 0 
0 3 
3 0 
-1 -3 
-3 1 
1 2 
2 -1 
-1 -2 
-2 1 
2 2 
2 -2 
-2 -2 
-2 2 
2 2 
2 -2 
-2 -2 
-2 2 
2 2 
2 -2 
-1 -2 
-2 1 
1 2 
2 -1 
-1 -2 
-2 1 
1 1 
1 -1 
-1 -1 
-1 1 
1 1 
0 -1 
-1 0 
0 1 
1 0 
0 -1 
-1 0 
0 1 
1 0 
0 -1 
-1 0 
0 1 
1 0 
0 -1 
-1 -1 
-1 0 
0 1 
1 0 
0 -1 
-1 0 
0 1 
1 1 
1 -1 
-1 -1 
-1 1 
1 1 
1 -1 
-1 -1 
-1 0 
0 1 
1 0 
0 -1 
-1 0 
0 1 
1 0 
0 -1 
-1 0 
0 1 
1 0 
0 -1 
-1 0 
0 1 
1 0 
0 -1 
-1 0 
0 1 
1 0 
0 -1 
-2 0 
0 1 
1 0 
0 -1 
-1 0 
0 1 
1 0 
0 -1 
-1 0 
0 1 
1 0 
0 -1 
-1 -1 
-1 1 
1 1 
1 -1 
-1 -1 
-1 1 
1 1 
1 -1 
-1 -1 
-1 1 
1 1 
1 -1 
-1 -1 
-1 1 
1 1 
1 -1 
-1 0 
0 1 
1 0 
0 -1 
-1 0 
0 1 
1 0 
-1 -1 
-1 1 
1 1 
1 -1 
-1 -1 
-1 1 
1 1 
1 -1 
-1 -1 
-1 1 
1 2 
2 -1 
-1 -2 
-2 0 
0 1 
1 0 
0 -1 
-1 0 
0 1 
1 1 
1 -1 
-1 -1 
-1 0 
0 1 
1 0 
0 -1 
-1 0 
0 1 
1 0 
0 -1 
-1 -1 
-1 1 
1 1 
1 -1 
-1 -1 
-1 1 
1 1 
1 -1 
-1 -1 
-1 1 
1 1 
1 -1 
-1 -1 
-1 1 
1 1 
1 -1 
-1 -1 
-1 1 
1 1 
1 -1 
-1 -1 
-1 1 
1 1 
1 -1 
-1 -1 
-1 1 
1 1 
1 -1 
-1 -1 
-1 1 
1 1 
0 -1 
-1 0 
0 0 
0 0 
0 0 
0 0 
0 0 
0 0 
0 0 
1 0 
0 -1 
-1 1 
1 1 
1 -1 
-1 -1 
-1 1 
1 1 
0 -1 
-1 0 
0 1 
1 0 
0 0 
0 0 
1 0 
0 -1 
-1 0 
0 1 
1 0 
0 -1 
-1 0 
0 1 
1 0 
-1 -1 
0 1 
1 0 
0 -1 
-1 0 
0 1 
1 0 
0 -1 
-1 1 
1 1 
1 -1 
-1 -1 
-1 1 
1 1 
1 -1 
-2 -1 
0 2 
2 0 
0 -2 
-2 0 
0 2 
2 0 
0 -2 
-2 1 
1 1 
1 -1 
-1 -1 
-1 1 
1 1 
1 -1 
-1 0 
0 1 
1 0 
0 -1 
-1 0 
0 1 
0 -1 
-1 0 
0 1 
1 0 
0 0 
0 0 
0 0 
0 0 
0 0 
1 0 
0 -1 
-1 0 
0 1 
1 0 
1 -1 
-1 -1 
-1 1 
1 1 
1 -1 
-1 -1 
-1 1 
1 1 
1 -1 
-1 -1 
-1 1 
1 1 
1 0 
0 -1 
-2 0 
0 1 
1 0 
0 -1 
-1 0 
0 1 
1 0 
0 -1 
-1 0 
0 1 
1 0 
0 -1 
-1 0 
0 1 
1 1 
1 -1 
-1 -1 
-1 1 
1 1 
1 -1 
-1 -1 
0 1 
0 0 
0 0 
0 0 
0 0 
0 0 
0 0 
1 0 
0 -1 
-1 0 
0 1 
1 0 
0 -1 
-1 0 
-1 1 
1 1 
1 -1 
-1 -1 
-2 1 
1 2 
3 -2 
-2 -4 
-6 2 
3 7 
9 -3 
-4 -12 
-14 5 
6 17 
20 -8 
-9 -23 
-26 10 
11 28 
30 -13 
-14 -32 
-33 15 
15 33 
33 -16 
-16 -32 
-31 16 
16 29 
27 -15 
-14 -24 
-22 13 
12 19 
17 -11 
-10 -14 
-12 8 
7 10 
9 -6 
-5 -8 
-6 5 
4 5 
5 -3 
-3 -4 
-3 3 
2 3 
2 -2 
-2 -2 
-2 2 
2 1 
1 -2 
-2 0 
0 2 
2 0 
0 -2 
-2 0 
0 2 
2 0 
0 -2 
-1 0 
-1 1 
1 1 
1 -1 
-1 -2 
-2 1 
1 2 
2 -1 
0 -2 
-2 0 
0 2 
2 0 
0 -2 
-2 -1 
-1 2 
2 1 
1 -2 
-1 -1 
-2 1 
1 2 
2 -1 
-1 -2 
-1 1 
1 1 
1 0 
0 -1 
-1 0 
0 1 
0 0 
0 0 
0 0 
0 0 
0 0 
0 0 
0 0 
0 0 
0 0 
0 0 
0 0 
-1 0 
0 1 
1 0 
0 -1 
-1 0 
0 1 
2 0 
0 -2 
-2 0 
0 2 
2 0 
0 -2 
-2 0 
0 1 
1 0 
0 -1 
-1 0 
0 0 
0 0 
0 0 
0 0 
-1 0 
-1 1 
1 1 
1 -1 
0 -1 
-1 0 
0 1 
1 0 
0 0 
0 0 
0 0 
0 0 
0 0 
1 0 
0 -1 
-1 0 
0 1 
1 0 
0 -1 
-1 0 
0 1 
1 0 
0 0 
0 0 
0 0 
0 0 
0 0 
1 0 
0 -1 
-1 0 
0 1 
1 0 
0 -1 
-1 0 
0 1 
1 0 
0 -1 
-1 0 
0 1 
1 0 
0 -1 
-1 1 
1 0 
0 -1 
-1 0 
0 1 
1 0 
-1 -1 
-1 1 
1 1 
1 -1 
-1 -1 
-1 1 
1 1 
1 -1 
-1 -1 
0 1 
1 1 
0 0 
0 0 
-1 0 
0 1 
0 1 
1 0 
0 -1 
-1 0 
0 2 
2 0 
0 -2 
-2 1 
1 2 
2 -1 
-1 -2 
-2 1 
1 2 
2 -1 
-1 -2 
-1 2 
2 1 
1 -2 
-2 -1 
-1 2 
2 1 
0 -2 
-2 0 
0 2 
2 0 
0 -2 
-2 0 
1 1 
1 -1 
-1 -1 
-1 1 
1 1 
1 -1 
-1 0 
0 1 
1 0 
0 -1 
-1 0 
0 1 
1 -1 
-1 -1 
-1 1 
1 1 
1 -1 
-1 -1 
0 1 
1 0 
0 -1 
-1 0 
0 1 
1 0 
0 -1 
0 0 
0 0 
0 0 
0 0 
0 1 
0 0 
0 -1 
-1 0 
0 1 
0 0 
0 0 
0 0 
0 0 
0 0 
0 -1 
-1 0 
0 1 
1 0 
0 -1 
-1 0 
0 1 
1 0 
0 -1 
-1 0 
1 1 
2 -1 
-1 -1 
-1 1 
1 1 
1 -1 
-1 -1 
-1 1 
1 1 
1 -1 
-1 -1 
-1 1 
1 1 
1 -1 
0 -1 
-1 0 
0 1 
1 0 
0 -1 
-1 0 
0 2 
2 1 
1 -2 
-2 -1 
-1 2 
2 1 
1 -2 
-2 -1 
-1 1 
1 0 
1 -1 
-1 0 
0 1 
1 1 
1 -1 
0 -1 
-1 0 
0 1 
1 0 
0 -1 
-1 0 
0 1 
1 1 
1 -1 
-1 -1 
-1 1 
1 1 
1 -1 
-1 -1 
-1 1 
2 2 
2 -1 
-1 -2 
-2 1 
1 2 
2 -1 
-1 -2 
-2 1 
1 2 
2 -1 
-1 -2 
-2 1 
0 2 
2 0 
0 -2 
-2 0 
0 2 
2 0 
0 -2 
-2 0 
0 2 
2 0 
0 -2 
-2 0 
0 2 
2 0 
0 -2 
-2 0 
0 2 
2 0 
0 -2 
-1 0 
0 1 
1 -1 
-1 -1 
-1 1 
1 1 
1 -1 
-1 -1 
-1 1 
1 1 
1 -1 
-1 -1 
-1 1 
1 1 
1 -1 
-1 -1 
-1 1 
1 1 
1 -1 
-1 -1 
-1 0 
0 1 
0 0 
0 0 
0 0 
0 0 
0 0 
0 0 
0 0 
0 0 
0 0 
0 1 
1 0 
0 -1 
-1 0 
0 1 
1 0 
0 -1 
-1 0 
0 1 
1 0 
0 0 
0 0 
0 0 
0 0 
0 0 
0 1 
1 0 
0 -1 
-1 0 
0 1 
2 0 
0 -2 
-2 0 
0 2 
2 0 
0 -2 
-2 0 
0 2 
2 1 
0 -2 
-2 0 
0 2 
2 0 
1 -2 
-2 -1 
-1 2 
2 1 
1 -2 
-2 -1 
-2 2 
2 2 
3 -2 
-2 -4 
-5 3 
4 6 
8 -4 
-5 -10 
-13 7 
8 15 
18 -10 
-11 -20 
-23 13 
15 25 
28 -16 
-18 -29 
-30 19 
0 0 
0 0 
0 0 
0 0 
0 0 
0 0 
0 0 
0 0 
0 0 
0 0 
0 0 
0 0 
0 0 
0 0 
0 0 
0 0 
0 0 
0 0 
0 0 
0 0 
0 0 
0 0 
0 0 
0 0 
0 0 
0 0 
0 0 
0 0 
0 0 
0 0 
0 0 
0 0 
0 0 
0 0 
0 0 
0 0 
0 0 
0 0 
0 0 
0 0 
0 0 
0 0 
0 0 
0 0 
0 0 
0 0 
0 0 
0 0 
0 0 
0 0 
0 0 
0 0 
0 0 
0 0 
0 0 
0 0 
0 0 
0 0 
0 0 
0 0 
0 0 
0 0 
0 0 
0 0 
0 0 
0 0 
0 0 
0 0 
0 0 
0 0 
0 0 
0 0 
0 0 
0 0 
0 0 
0 0 
0 0 
0 0 
0 0 
0 0 
0 0 
0 0 
0 0 
0 0 
0 0 
0 0 
0 0 
0 0 
0 0 
0 0 
0 0 
0 0 
0 0 
0 0 
0 0 
0 0 
0 0 
0 0 
0 0 
0 0 
0 0 
0 0 
0 0 
0 0 
0 0 
0 0 
0 0 
0 0 
0 0 
0 0 
0 0 
0 0 
0 0 
0 0 
0 0 
0 0 
0 0 
0 0 
0 0 
0 0 
0 0 
0 0 
0 0 
0 0 
0 0 
0 0 
0 0 
0 0 
0 0 
0 0 
0 0 
0 0 
0 0 
0 0 
0 0 
0 0 
0 0 
0 0 
0 0 
0 0 
0 0 
0 0 
0 0 
0 0 
0 0 
0 0 
0 0 
0 0 
0 0 
0 0 
0 0 
0 0 
0 0 
0 0 
0 0 
0 0 
0 0 
0 0 
0 0 
0 0 
0 0 
0 0 
0 0 
0 0 
0 0 
0 0 
0 0 
0 0 
0 0 
0 0 
0 0 
0 0 
0 0 
0 0 
0 0 
0 0 
0 0 
0 0 
0 0 
0 0 
0 0 
0 0 
0 0 
0 0 
0 0 
0 0 
0 0 
0 0 
0 0 
0 0 
0 0 
0 0 
0 0 
0 0 
0 0 
0 0 
0 0 
0 0 
0 0 
0 0 
0 0 
0 0 
0 0 
0 0 
0 0 
0 0 
0 0 
0 0 
0 0 
0 0 
0 0 
0 0 
0 0 
0 0 
0 0 
0 0 
0 0 
0 0 
0 0 
0 0 
0 0 
0 0 
0 0 
0 0 
0 0 
0 0 
0 0 
0 0 
0 0 
0 0 
0 0 
0 0 
0 0 
0 0 
0 0 
0 0 
0 0 
0 0 
0 0 
0 0 
0 0 
0 0 
0 0 
0 0 
0 0 
0 0 
0 0 
0 0 
0 0 
0 0 
0 0 
0 0 
0 0 
0 0 
0 0 
0 0 
0 0 
0 0 
0 0 
0 0 
0 0 
0 0 
0 0 
0 0 
0 0 
0 0 
0 0 
0 0 
0 0 
0 0 
0 0 
0 0 
0 0 
0 0 
0 0 
0 0 
0 0 
0 0 
0 0 
0 0 
0 0 
0 0 
0 0 
0 0 
0 0 
0 0 
0 0 
0 0 
0 0 
0 0 
0 0 
0 0 
0 0 
0 0 
0 0 
0 0 
0 0 
0 0 
0 0 
0 0 
0 0 
0 0 
0 0 
0 0 
0 0 
0 0 
0 0 
0 0 
0 0 
0 0 
0 0 
0 0 
0 0 
0 0 
0 0 
0 0 
0 0 
0 0 
0 0 
0 0 
0 0 
0 0 
0 0 
0 0 
0 0 
0 0 
0 0 
0 0 
0 0 
0 0 
0 0 
0 0 
0 0 
0 0 
0 0 
0 0 
0 0 
0 0 
0 0 
0 0 
0 0 
0 0 
0 0 
0 0 
0 0 
0 0 
0 0 
0 0 
0 0 
0 0 
0 0 
0 0 
0 0 
0 0 
0 0 
0 0 
0 0 
0 0 
0 0 
0 0 
0 0 
0 0 
0 0 
0 0 
0 0 
0 0 
0 0 
0 0 
0 0 
0 0 
0 0 
0 0 
0 0 
0 0 
0 0 
0 0 
0 0 
0 0 
0 0 
0 0 
0 0 
0 0 
0 0 
0 0 
0 0 
0 0 
0 0 
0 0 
0 0 
0 0 
0 0 
0 0 
0 0 
0 0 
0 0 
0 0 
0 0 
0 0 
0 0 
0 0 
0 0 
0 0 
0 0 
0 0 
0 0 
0 0 
0 0 
0 0 
0 0 
0 0 
0 0 
0 0 
0 0 
0 0 
0 0 
0 0 
0 0 
0 0 
0 0 
0 0 
0 0 
0 0 
0 0 
0 0 
0 0 
0 0 
0 0 
0 0 
0 0 
0 0 
0 0 
0 0 
0 0 
0 0 
0 0 
0 0 
0 0 
0 0 
0 0 
0 0 
0 0 
0 0 
0 0 
0 0 
0 0 
0 0 
0 0 
0 0 
0 0 
0 0 
0 0 
0 0 
0 0 
0 0 
0 0 
0 0 
0 0 
0 0 
0 0 
0 0 
0 0 
0 0 
0 0 
0 0 
0 0 
0 0 
0 0 
0 0 
0 0 
0 0 
0 0 
0 0 
0 0 
0 0 
0 0 
0 0 
0 0 
0 0 
0 0 
0 0 
0 0 
0 0 
0 0 
0 0 
0 0 
0 0 
0 0 
0 0 
0 0 
0 0 
0 0 
0 0 
0 0 
0 0 
0 0 
0 0 
0 0 
0 0 
0 0 
0 0 
0 0 
0 0 
0 0 
0 0 
0 0 
0 0 
0 0 
0 0 
0 0 
0 0 
0 0 
0 0 
0 0 
0 0 
0 0 
0 0 
0 0 
0 0 
0 0 
0 0 
0 0 
0 0 
0 0 
0 0 
0 0 
0 0 
0 0 
0 0 
0 0 
0 0 
0 0 
0 0 
0 0 
0 0 
0 0 
0 0 
0 0 
0 0 
0 0 
0 0 
0 0 
0 0 
0 0 
0 0 
0 0 
0 0 
0 0 
0 0 
0 0 
0 0 
0 0 
0 0 
0 0 
0 0 
0 0 
0 0 
0 0 
0 0 
0 0 
0 0 
0 0 
0 0 
0 0 
0 0 
0 0 
0 0 
0 0 
0 0 
0 0 
0 0 
0 0 
0 0 
0 0 
0 0 
0 0 
0 0 
0 0 
0 0 
0 0 
0 0 
0 0 
0 0 
0 0 
0 0 
0 0 
0 0 
0 0 
0 0 
0 0 
0 0 
0 0 
0 0 
0 0 
0 0 
0 0 
0 0 
0 0 
0 0 
0 0 
0 0 
0 0 
0 0 
0 0 
0 0 
0 0 
0 0 
0 0 
0 0 
0 0 
0 0 
0 0 
0 0 
0 0 
0 0 
0 0 
0 0 
0 0 
0 0 
0 0 
0 0 
0 0 
0 0 
0 0 
0 0 
0 0 
0 0 
0 0 
0 0 
0 0 
0 0 
0 0 
0 0 
0 0 
0 0 
0 0 
0 0 
0 0 
0 0 
0 0 
0 0 
0 0 
0 0 
0 0 
0 0 
0 0 
0 0 
0 0 
0 0 
0 0 
0 0 
0 0 
0 0 
0 0 
0 0 
0 0 
0 0 
0 0 
0 0 
0 0 
0 0 
0 0 
0 0 
0 0 
0 0 
0 0 
0 0 
0 0 
0 0 
0 0 
0 0 
0 0 
0 0 
0 0 
0 0 
0 0 
0 0 
0 0 
0 0 
0 0 
0 0 
0 0 
0 0 
0 0 
0 0 
0 0 
0 0 
0 0 
0 0 
0 0 
0 0 
0 0 
0 0 
0 0 
0 0 
0 0 
0 0 
0 0 
0 0 
0 0 
0 0 
0 0 
0 0 
0 0 
0 0 
0 0 
0 0 
0 0 
0 0 
0 0 
0 0 
0 0 
0 0 
0 0 
0 0 
0 0 
0 0 
0 0 
0 0 
0 0 
0 0 
0 0 
0 0 
0 0 
0 0 
0 0 
0 0 
0 0 
0 0 
0 0 
0 0 
0 0 
0 0 
0 0 
0 0 
0 0 
0 0 
0 0 
0 0 
0 0 
0 0 
0 0 
0 0 
0 0 
0 0 
0 0 
0 0 
0 0 
0 0 
0 0 
0 0 
0 0 
0 0 
0 0 
0 0 
0 0 
0 0 
0 0 
0 0 
0 0 
0 0 
0 0 
0 0 
0 0 
0 0 
0 0 
0 0 
0 0 
0 0 
0 0 
0 0 
0 0 
0 0 
0 0 
0 0 
0 0 
0 0 
0 0 
0 0 
0 0 
0 0 
0 0 
0 0 
0 0 
0 0 
0 0 
0 0 
0 0 
0 0 
0 0 
0 0 
0 0 
0 0 
0 0 
0 0 
0 0 
0 0 
0 0 
0 0 
0 0 
0 0 
0 0 
0 0 
0 0 
0 0 
0 0 
0 0 
0 0 
0 0 
0 0 
0 0 
0 0 
0 0 
0 0 
0 0 
0 0 
0 0 
0 0 
0 0 
0 0 
0 0 
0 0 
0 0 
0 0 
0 0 
0 0 
0 0 
0 0 
0 0 
0 0 
0 0 
0 0 
0 0 
0 0 
0 0 
0 0 
0 0 
0 0 
0 0 
0 0 
0 0 
0 0 
0 0 
0 0 
0 0 
0 0 
0 0 
0 0 
0 0 
0 0 
0 0 
0 0 
0 0 
0 0 
0 0 
0 0 
0 0 
0 0 
0 0 
0 0 
0 0 
0 0 
0 0 
0 0 
0 0 
0 0 
0 0 
0 0 
0 0 
0 0 
0 0 
0 0 
0 0 
0 0 
0 0 
0 0 
0 0 
0 0 
0 0 
0 0 
0 0 
0 0 
0 0 
0 0 
0 0 
0 0 
0 0 
0 0 
0 0 
0 0 
0 0 
0 0 
0 0 
0 0 
0 0 
0 0 
0 0 
0 0 
0 0 
0 0 
0 0 
0 0 
0 0 
0 0 
0 0 
0 0 
0 0 
0 0 
0 0 
0 0 
0 0 
0 0 
0 0 
0 0 
0 0 
0 0 
0 0 
0 0 
0 0 
0 0 
0 0 
0 0 
0 0 
0 0 
0 0 
0 0 
0 0 
0 0 
0 0 
0 0 
0 0 
0 0 
0 0 
0 0 
0 0 
0 0 
0 0 
0 0 
0 0 
0 0 
0 0 
0 0 
0 0 
0 0 
0 0 
0 0 
0 0 
0 0 
0 0 
0 0 
0 0 
0 0 
0 0 
0 0 
0 0 
0 0 
0 0 
0 0 
0 0 
0 0 
0 0 
0 0 
0 0 
0 0 
0 0 
0 0 
0 0 
0 0 
0 0 
0 0 
0 0 
0 0 
0 0 
0 0 
0 0 
0 0 
0 0 
0 0 
0 0 
0 0 
0 0 
0 0 
0 0 
0 0 
0 0 
0 0 
0 0 
0 0 
0 0 
0 0 
0 0 
0 0 
0 0 
0 0 
0 0 
0 0 
0 0 
0 0 
0 0 
0 0 
0 0 
0 0 
0 0 
0 0 
0 0 
0 0 
0 0 
0 0 
0 0 
0 0 
0 0 
0 0 
0 0 
0 0 
0 0 
0 0 
0 0 
0 0 
0 0 
0 0 
0 0 
0 0 
0 0 
0 0 
0 0 
0 0 
0 0 
0 0 
0 0 
0 0 
0 0 
0 0 
0 0 
0 0 
0 0 
0 0 
0 0 
0 0 
0 0 
0 0 
0 0 
0 0 
0 0 
0 0 
0 0 
0 0 
0 0 
0 0 
0 0 
0 0 
0 0 
0 0 
0 0 
0 0 
0 0 
0 0 
0 0 
0 0 
0 0 
0 0 
0 0 
0 0 
0 0 
0 0 
0 0 
0 0 
0 0 
0 0 
0 0 
0 0 
0 0 
0 0 
0 0 
0 0 
0 0 
0 0 
0 0 
0 0 
0 0 
0 0 
0 0 
0 0 
0 0 
0 0 
0 0 
0 0 
0 0 
0 0 
0 0 
0 0 
0 0 
0 0 
0 0 
0 0 
0 0 
0 0 
0 0 
0 0 
0 0 
0 0 
0 0 
0 0 
0 0 
0 0 
0 0 
0 0 
0 0 
0 0 
0 0 
0 0 
0 0 
0 0 
0 0 
0 0 
0 0 
0 0 
0 0 
0 0 
0 0 
0 0 
0 0 
0 0 
0 0 
0 0 
0 0 
0 0 
0 0 
0 0 
0 0 
0 0 
0 0 
0 0 
0 0 
0 0 
0 0 
0 0 
0 0 
0 0 
0 0 
0 0 
0 0 
0 0 
0 0 
0 0 
0 0 
0 0 
0 0 
0 0 
0 0 
0 0 
0 0 
0 0 
0 0 
0 0 
0 0 
0 0 
0 0 
0 0 
0 0 
0 0 
0 0 
0 0 
0 0 
0 0 
0 0 
0 0 
0 0 
0 0 
0 0 
0 0 
0 0 
0 0 
0 0 
0 0 
0 0 
0 0 
0 0 
0 0 
0 0 
0 0 
0 0 
0 0 
0 0 
0 0 
0 0 
0 0 
0 0 
0 0 
0 0 
0 0 
0 0 
0 0 
0 0 
0 0 
0 0 
0 0 
0 0 
0 0 
0 0 
0 0 
0 0 
0 0 
0 0 
0 0 
0 0 
0 0 
0 0 
0 0 
0 0 
0 0 
0 0 
0 0 
0 0 
0 0 
0 0 
0 0 
0 0 
0 0 
0 0 
0 0 
0 0 
0 0 
0 0 
0 0 
0 0 
0 0 
0 0 
0 0 
0 0 
0 0 
0 0 
0 0 
0 0 
0 0 
0 0 
0 0 
0 0 
0 0 
0 0 
0 0 
0 0 
0 0 
0 0 
0 0 
0 0 
0 0 
0 0 
0 0 
0 0 
0 0 
0 0 
0 0 
0 0 
0 0 
0 0 
0 0 
0 0 
0 0 
0 0 
0 0 
0 0 
0 0 
0 0 
0 0 
0 0 
0 0 
0 0 
0 0 
0 0 
0 0 
0 0 
0 0 
0 0 
0 0 
0 0 
0 0 
0 0 
0 0 
0 0 
0 0 
0 0 
0 0 
0 0 
0 0 
0 0 
0 0 
0 0 
0 0 
0 0 
0 0 
0 0 
0 0 
0 0 
0 0 
0 0 
0 0 
0 0 
0 0 
0 0 
0 0 
0 0 
0 0 
0 0 
0 0 
0 0 
0 0 
0 0 
0 0 
0 0 
0 0 
0 0 
0 0 
0 0 
0 0 
0 0 
0 0 
0 0 
0 0 
0 0 
0 0 
0 0 
0 0 
0 0 
0 0 
0 0 
0 0 
0 0 
0 0 
0 0 
0 0 
0 0 
0 0 
0 0 
0 0 
0 0 
0 0 
0 0 
0 0 
0 0 
0 0 
0 0 
0 0 
0 0 
0 0 
0 0 
0 0 
0 0 
0 0 
0 0 
0 0 
0 0 
0 0 
0 0 
0 0 
0 0 
0 0 
0 0 
0 0 
0 0 
0 0 
0 0 
0 0 
0 0 
0 0 
0 0 
0 0 
0 0 
0 0 
0 0 
0 0 
0 0 
0 0 
0 0 
0 0 
0 0 
0 0 
0 0 
0 0 
0 0 
0 0 
0 0 
0 0 
0 0 
0 0 
0 0 
0 0 
0 0 
0 0 
0 0 
0 0 
0 0 
0 0 
0 0 
0 0 
0 0 
0 0 
0 0 
0 0 
0 0 
0 0 
0 0 
0 0 
0 0 
0 0 
0 0 
0 0 
0 0 
0 0 
0 0 
0 0 
0 0 
0 0 
0 0 
0 0 
0 0 
0 0 
0 0 
0 0 
0 0 
0 0 
0 0 
0 0 
0 0 
0 0 
0 0 
0 0 
0 0 
0 0 
0 0 
0 0 
0 0 
0 0 
0 0 
0 0 
0 0 
0 0 
0 0 
0 0 
0 0 
0 0 
0 0 
0 0 
0 0 
0 0 
0 0 
0 0 
0 0 
0 0 
0 0 
0 0 
0 0 
0 0 
0 0 
0 0 
0 0 
0 0 
0 0 
0 0 
0 0 
0 0 
0 0 
0 0 
0 0 
0 0 
0 0 
0 0 
0 0 
0 0 
0 0 
0 0 
0 0 
0 0 
0 0 
0 0 
0 0 
0 0 
0 0 
0 0 
0 0 
0 0 
0 0 
0 0 
0 0 
0 0 
0 0 
0 0 
0 0 
0 0 
0 0 
0 0 
0 0 
0 0 
0 0 
0 0 
0 0 
0 0 
0 0 
0 0 
0 0 
0 0 
0 0 
0 0 
0 0 
0 0 
0 0 
0 0 
0 0 
0 0 
0 0 
0 0 
0 0 
0 0 
0 0 
0 0 
0 0 
0 0 
0 0 
