15  0 14  0 13  0 12  0 11  1 10  1  9  1 8  1 7  2 6  2 5  2 4  2 3  3 2  3 1  3 0  3  0 4  0 4  0 4  0 4  0 5  0 5  0 5  0 5  0  6  0  6  0  6  0  6  0  7  0  7  0  7  0  7 
15 12 14 12 13 12 12 12 11 13 10 13  9 13 8 13 7 14 6 14 5 14 4 14 3 15 2 15 1 15 0 15 31 8 30 8 29 8 28 8 27 9 26 9 25 9 24 9 23 10 22 10 21 10 20 10 19 11 18 11 17 11 16 11 
47  0 46  0 45  0 44  0 43  1 42  1 41  1 40 1 39 2 38 2 37 2 36 2 35 3 34 3 33 3 32 3 31 4 30 4 29 4 28 4 27 5 26 5 25 5 24 5 23 6 22 6 21 6 20 6 19 7 18 7 17 7 16 7 
47 12 46 12 45 12 44 12 43 13 42 13 41 13 40 13 39 14 38 14 37 14 36 14 35 15 34 15 33 15 32 15 63 8 62 8 61 8 60 8 59 9 58 9 57 9 56 9 55 10 54 10 53 10 52 10 51 11 50 11 49 11 48 11 
79  0 78  0 77  0 76  0 75  1 74  1 73  1 72 1 71 2 70 2 69 2 68 2 67 3 66 3 65 3 64 3 63 4 62 4 61 4 60 4 59 5 58 5 57 5 56 5 55 6 54 6 53 6 52 6 51 7 50 7 49 7 48 7 
79 12 78 12 77 12 76 12 75 13 74 13 73 13 72 13 71 14 70 14 69 14 68 14 67 15 66 15 65 15 64 15 95 8 94 8 93 8 92 8 91 9 90 9 89 9 88 9 87 10 86 10 85 10 84 10 83 11 82 11 81 11 80 11 
111 0 110 0 109 0 108 0 107 1 106 1 105 1 104 1 103 2 102 2 101 2 100 2 99 3 98 3 97 3 96 3 95 4 94 4 93 4 92 4 91 5 90 5 89 5 88 5 87 6 86 6 85 6 84 6 83 7 82 7 81 7 80 7 
111 12 110 12 109 12 108 12 107 13 106 13 105 13 104 13 103 14 102 14 101 14 100 14 99 15 98 15 97 15 96 15 127 8 126 8 125 8 124 8 123 9 122 9 121 9 120 9 119 10 118 10 117 10 116 10 115 11 114 11 113 11 112 11 
19 0 18 0 17 0 16 0 15 1 14 1 13 1 12 1 11 2 10 2 9 2 8 2 7 3 6 3 5 3 4 3 0 4 0 4 0 4 0 4 0 5 0 5 0 5 0 5 0 6 0 6 0 6 0 6 0 7 0 7 0 7 0 7 
19 12 18 12 17 12 16 12 15 13 14 13 13 13 12 13 11 14 10 14 9 14 8 14 7 15 6 15 5 15 4 15 35 8 34 8 33 8 32 8 31 9 30 9 29 9 28 9 27 10 26 10 25 10 24 10 23 11 22 11 21 11 20 11 
51 0 50 0 49 0 48 0 47 1 46 1 45 1 44 1 43 2 42 2 41 2 40 2 39 3 38 3 37 3 36 3 35 4 34 4 33 4 32 4 31 5 30 5 29 5 28 5 27 6 26 6 25 6 24 6 23 7 22 7 21 7 20 7 
51 12 50 12 49 12 48 12 47 13 46 13 45 13 44 13 43 14 42 14 41 14 40 14 39 15 38 15 37 15 36 15 67 8 66 8 65 8 64 8 63 9 62 9 61 9 60 9 59 10 58 10 57 10 56 10 55 11 54 11 53 11 52 11 
83 0 82 0 81 0 80 0 79 1 78 1 77 1 76 1 75 2 74 2 73 2 72 2 71 3 70 3 69 3 68 3 67 4 66 4 65 4 64 4 63 5 62 5 61 5 60 5 59 6 58 6 57 6 56 6 55 7 54 7 53 7 52 7 
83 12 82 12 81 12 80 12 79 13 78 13 77 13 76 13 75 14 74 14 73 14 72 14 71 15 70 15 69 15 68 15 99 8 98 8 97 8 96 8 95 9 94 9 93 9 92 9 91 10 90 10 89 10 88 10 87 11 86 11 85 11 84 11 
115 0 114 0 113 0 112 0 111 1 110 1 109 1 108 1 107 2 106 2 105 2 104 2 103 3 102 3 101 3 100 3 99 4 98 4 97 4 96 4 95 5 94 5 93 5 92 5 91 6 90 6 89 6 88 6 87 7 86 7 85 7 84 7 
115 12 114 12 113 12 112 12 111 13 110 13 109 13 108 13 107 14 106 14 105 14 104 14 103 15 102 15 101 15 100 15 131 8 130 8 129 8 128 8 127 9 126 9 125 9 124 9 123 10 122 10 121 10 120 10 119 11 118 11 117 11 116 11 
23 0 22 0 21 0 20 0 19 1 18 1 17 1 16 1 15 2 14 2 13 2 12 2 11 3 10 3 9 3 8 3 0 4 0 4 0 4 0 4 0 5 0 5 0 5 0 5 0 6 0 6 0 6 0 6 0 7 0 7 0 7 0 7 
23 12 22 12 21 12 20 12 19 13 18 13 17 13 16 13 15 14 14 14 13 14 12 14 11 15 10 15 9 15 8 15 39 8 38 8 37 8 36 8 35 9 34 9 33 9 32 9 31 10 30 10 29 10 28 10 27 11 26 11 25 11 24 11 
55 0 54 0 53 0 52 0 51 1 50 1 49 1 48 1 47 2 46 2 45 2 44 2 43 3 42 3 41 3 40 3 39 4 38 4 37 4 36 4 35 5 34 5 33 5 32 5 31 6 30 6 29 6 28 6 27 7 26 7 25 7 24 7 
55 12 54 12 53 12 52 12 51 13 50 13 49 13 48 13 47 14 46 14 45 14 44 14 43 15 42 15 41 15 40 15 71 8 70 8 69 8 68 8 67 9 66 9 65 9 64 9 63 10 62 10 61 10 60 10 59 11 58 11 57 11 56 11 
87 0 86 0 85 0 84 0 83 1 82 1 81 1 80 1 79 2 78 2 77 2 76 2 75 3 74 3 73 3 72 3 71 4 70 4 69 4 68 4 67 5 66 5 65 5 64 5 63 6 62 6 61 6 60 6 59 7 58 7 57 7 56 7 
87 12 86 12 85 12 84 12 83 13 82 13 81 13 80 13 79 14 78 14 77 14 76 14 75 15 74 15 73 15 72 15 103 8 102 8 101 8 100 8 99 9 98 9 97 9 96 9 95 10 94 10 93 10 92 10 91 11 90 11 89 11 88 11 
119 0 118 0 117 0 116 0 115 1 114 1 113 1 112 1 111 2 110 2 109 2 108 2 107 3 106 3 105 3 104 3 103 4 102 4 101 4 100 4 99 5 98 5 97 5 96 5 95 6 94 6 93 6 92 6 91 7 90 7 89 7 88 7 
119 12 118 12 117 12 116 12 115 13 114 13 113 13 112 13 111 14 110 14 109 14 108 14 107 15 106 15 105 15 104 15 135 8 134 8 133 8 132 8 131 9 130 9 129 9 128 9 127 10 126 10 125 10 124 10 123 11 122 11 121 11 120 11 
