51 19 0 0
318 50 -122 -21
51 20 0 0
361 68 -145 -35
47 9 -25 -11
374 77 -167 -48
46 11 -24 -11
414 115 -164 -53
1302 97 -650 -61
24866 7466 -2989 -325
1496 176 -736 -96
23919 7713 -3368 -480
1626 253 -819 -153
22836 7948 -3653 -667
1726 344 -868 -195
21683 8175 -3864 -869
-607 -1805 7823 15442
1998 1600 1152 899
-1052 -1676 8415 15283
1770 1672 1469 774
-1468 -1528 9007 15081
1604 1772 1744 684
-1852 -1381 9614 14927
1433 1819 2010 608
2762 3365 594 821
865 1067 248 332
2700 3405 742 784
827 1048 265 351
2617 3385 863 736
792 1036 307 358
2576 3403 953 720
767 1032 341 366
424 -1465 -30 -1530
-198 48 -578 372
419 -1467 -19 -1509
-245 44 -519 359
364 -1471 28 -1492
-295 33 -508 348
327 -1478 47 -1472
-341 18 -450 347
-37 12 81 -18
-7 4 17 -6
-46 11 101 -14
-9 4 22 -8
-55 9 119 -10
-10 4 25 -6
-63 5 136 -2
-12 4 28 -7
-1 0 3 -2
0 0 0 0
-1 0 3 -2
0 0 0 0
-1 0 4 -2
0 0 0 0
-1 0 4 -2
0 0 0 0
0 0 0 0
0 0 0 0
0 0 0 0
0 0 0 0
0 0 0 0
0 0 0 0
0 0 0 0
0 0 0 0
0 0 0 0
0 0 0 0
0 0 0 0
0 0 0 0
0 0 0 0
0 0 0 0
0 0 0 0
0 0 0 0
0 0 0 0
-3 1 1 0
0 0 0 0
-5 2 1 0
-1 0 0 0
-7 2 2 -1
-1 0 0 0
-7 2 2 -1
-21 12 8 -4
-131 114 56 -32
-34 14 13 -5
-194 124 108 -37
-47 17 18 -6
-229 119 106 -50
-55 18 20 -7
-268 124 125 -53
-388 475 257 -225
-794 1419 579 -829
-489 506 322 -252
-966 1458 725 -874
-620 519 399 -275
-1163 1476 906 -895
-762 554 504 -286
-1381 1488 1057 -914
20977 7614 960 -2513
-4757 4747 -1317 14071
20751 7652 1171 -2551
-4939 4753 -1133 14057
20540 7663 1418 -2569
-5105 4733 -921 14046
20324 7645 1641 -2584
-5252 4699 -713 14101
-7 1723 -892 -1762
469 -1044 1102 -1017
-74 1681 -793 -1766
450 -1065 1166 -1001
-131 1659 -655 -1720
431 -1108 1207 -979
-216 1602 -510 -1659
415 -1125 1237 -928
2280 -798 1286 -340
-2063 -2264 -1672 -705
2289 -824 1260 -313
-2065 -2241 -1692 -722
2278 -826 1292 -297
-2057 -2241 -1692 -701
2285 -851 1288 -267
-2064 -2228 -1680 -717
-259 271 847 -811
81 -1306 -601 707
-281 258 861 -805
67 -1310 -603 709
-280 281 845 -843
77 -1322 -606 686
-278 277 868 -841
57 -1291 -601 678
-858 -869 -591 -581
-408 1420 956 532
-847 -892 -604 -581
-422 1413 962 544
-876 -885 -601 -581
-427 1404 994 562
-888 -873 -584 -585
-435 1395 992 544
382 455 -528 250
717 -620 496 -17
385 450 -516 246
685 -650 520 15
372 432 -512 269
684 -654 497 6
358 404 -511 264
697 -676 498 29
-1141 861 456 -254
615 92 -105 -57
-1163 871 467 -235
609 80 -108 -28
-1163 855 481 -211
604 66 -72 -40
-1157 834 490 -225
598 61 -66 -23
1376 -979 -729 775
502 337 -150 -224
1374 -997 -712 789
492 320 -142 -207
1346 -1008 -695 803
489 331 -144 -228
1350 -996 -684 816
476 311 -137 -207
-6 893 -148 633
-523 -510 1058 256
-13 883 -125 634
-518 -515 1068 272
-23 878 -134 642
-527 -521 1055 259
-28 885 -109 664
-507 -515 1042 266
422 -1002 -664 -1057
385 -440 606 -94
445 -996 -676 -1055
394 -465 579 -93
462 -986 -683 -1054
401 -455 590 -100
478 -972 -685 -1061
399 -418 573 -110
-898 -255 -51 -134
68 -109 -377 -554
-877 -256 -84 -123
80 -93 -366 -574
-883 -235 -83 -142
63 -110 -358 -579
-891 -251 -77 -145
77 -87 -352 -570
-239 517 -437 373
744 -276 -183 -440
-246 544 -430 388
732 -280 -169 -451
-252 533 -432 377
722 -272 -155 -440
-289 527 -422 366
722 -270 -155 -460
-555 -200 184 256
281 -105 959 378
-560 -176 200 268
287 -98 945 380
-570 -187 215 251
271 -62 968 371
-585 -168 197 234
274 -66 960 349
7 12 -214 392
-96 936 -681 379
-2 29 -199 378
-101 951 -659 374
-1 10 -198 377
-111 934 -670 371
-5 22 -184 368
-114 925 -650 369
72 -264 -281 351
1017 -340 677 -202
77 -262 -275 343
1038 -333 694 -203
80 -288 -270 366
1017 -350 691 -178
49 -283 -261 350
1012 -343 704 -180
19 -409 51 -468
-364 -245 -797 -617
21 -408 39 -468
-354 -242 -783 -590
3 -428 60 -446
-353 -263 -805 -572
5 -453 42 -442
-346 -274 -788 -581
-256 866 -308 -324
302 -169 -192 -140
-239 864 -325 -318
315 -168 -191 -134
-221 869 -311 -322
329 -162 -192 -132
-241 839 -317 -280
340 -182 -197 -104
156 -171 408 -49
-427 -568 54 -501
151 -170 394 -32
-415 -535 42 -494
171 -174 380 -41
-439 -545 44 -509
163 -172 371 -31
-430 -544 35 -498
151 -157 400 -714
459 -312 -429 415
114 -157 396 -712
438 -306 -393 402
120 -164 412 -709
447 -323 -393 424
114 -163 409 -714
423 -322 -383 413
3 -320 -174 -333
-295 50 403 411
11 -341 -167 -329
-307 21 397 435
-16 -354 -179 -335
-286 26 383 452
-12 -332 -172 -309
-292 14 408 448
-158 393 438 -267
-46 -83 -214 -103
-164 371 433 -266
-28 -104 -208 -99
-138 381 429 -266
-47 -128 -221 -86
-142 365 421 -230
-24 -109 -220 -60
-461 -457 -376 -619
-106 208 -42 295
-467 -460 -370 -640
-123 191 -49 295
-440 -454 -374 -634
-114 205 -54 290
-443 -452 -373 -625
-101 189 -67 291
-350 -6 -415 -399
-144 120 276 -341
-333 -3 -419 -372
-127 104 273 -338
-347 -39 -412 -364
-150 87 244 -337
-332 -48 -413 -366
-132 79 242 -303
-293 53 -340 -1
-445 156 387 333
-284 38 -340 14
-464 162 401 334
-290 23 -314 27
-444 167 399 333
-271 36 -320 34
-437 137 376 349
-2 270 43 131
93 183 -79 81
-10 270 47 126
91 171 -72 87
20 270 47 121
86 161 -91 92
4 283 28 138
89 155 -83 94
-410 397 -677 325
282 270 157 663
-399 393 -676 356
280 281 153 663
-399 382 -704 357
274 257 155 671
-386 374 -709 356
303 269 146 673
320 85 287 322
-158 563 204 -357
323 77 286 319
-154 576 182 -349
321 82 289 337
-148 555 194 -372
309 76 269 335
-178 569 186 -367
-123 -56 -384 725
243 -132 -189 -229
-157 -45 -381 717
223 -112 -200 -231
-156 -35 -351 706
236 -125 -182 -227
-164 -57 -354 706
222 -128 -158 -233
23 -514 -534 10
-70 407 -100 -206
33 -507 -531 25
-57 402 -81 -205
17 -527 -523 39
-47 403 -98 -213
24 -526 -525 18
-66 399 -72 -209
-1079 -237 29 -832
587 931 -273 834
-1047 -249 32 -817
591 944 -280 822
-1058 -229 13 -811
568 959 -285 816
-1059 -243 15 -802
578 948 -301 807
-169 -1194 82 -121
244 -240 -612 -36
-186 -1181 98 -101
246 -247 -601 -55
-167 -1176 101 -108
239 -213 -614 -45
-193 -1172 89 -124
237 -223 -599 -57
-160 -216 -386 -651
258 -396 628 112
-136 -226 -399 -630
259 -391 611 117
-145 -209 -408 -645
289 -401 587 103
-125 -216 -391 -628
289 -398 605 105
-247 503 198 163
124 155 -43 -280
-244 500 177 163
159 149 -61 -284
-247 493 166 171
159 154 -70 -261
-239 493 177 170
161 149 -83 -267
347 -165 109 -302
692 115 75 890
350 -170 108 -282
697 110 71 865
347 -184 103 -295
681 110 103 873
321 -193 101 -275
692 110 88 881
-579 708 620 -204
-29 165 -686 260
-595 705 635 -201
-34 159 -677 276
-607 711 642 -205
-32 174 -672 258
-595 713 655 -208
-35 171 -658 275
-147 -699 -115 76
-37 963 -590 371
-171 -680 -108 70
-31 957 -564 365
-160 -698 -109 77
-30 954 -564 354
-178 -688 -104 74
-26 963 -575 378
-337 284 443 11
112 -133 -26 -108
-322 277 459 17
123 -133 -46 -88
-324 275 453 18
108 -141 -28 -99
-320 309 443 11
117 -122 -44 -107
-232 712 -184 957
32 -101 329 197
-213 705 -181 947
42 -110 328 175
-220 693 -183 943
56 -112 316 182
-203 711 -180 945
38 -126 320 171
5 -157 -27 274
270 -153 219 315
0 -154 -29 275
270 -163 237 310
-2 -148 -34 273
259 -145 228 297
0 -149 -45 277
249 -146 218 321
957 230 -298 -128
-26 72 1005 139
954 240 -322 -125
-37 78 989 137
956 218 -315 -111
-10 78 996 131
963 229 -313 -112
-19 88 980 156
-169 699 338 233
-167 -207 -448 46
-175 707 339 213
-145 -183 -465 35
-150 687 341 229
-125 -177 -477 47
-162 705 318 235
-128 -182 -490 37
-26 -55 136 -220
98 230 1016 187
-18 -34 144 -215
119 222 1016 161
24 -46 145 -245
106 258 997 152
26 -22 113 -249
130 273 1000 124
-213 -572 298 175
324 -557 -956 -118
-222 -539 315 160
334 -550 -965 -149
-203 -515 296 119
346 -523 -970 -177
-216 -523 288 123
334 -510 -981 -180
99 166 406 -224
-477 256 566 902
115 177 426 -243
-492 255 557 903
127 191 415 -225
-479 255 549 905
141 205 393 -250
-465 240 542 882
-468 -43 -339 -93
497 29 86 -709
-466 -54 -354 -106
476 54 91 -694
-467 -61 -362 -118
486 40 90 -706
-440 -65 -372 -96
465 40 104 -692
51 556 259 -122
146 51 767 676
38 558 265 -119
116 47 764 676
50 562 272 -121
119 69 798 674
38 571 274 -129
93 52 796 647
377 -67 -246 256
123 -747 -457 418
359 -52 -243 229
96 -738 -418 433
356 -59 -209 246
96 -762 -418 417
343 -73 -211 228
76 -762 -388 403
115 43 578 -921
-529 -77 -891 -269
84 13 586 -925
-550 -96 -888 -264
83 20 600 -943
-549 -80 -880 -263
85 30 603 -925
-569 -101 -873 -259
-896 -500 -255 286
-299 -138 218 -787
-894 -501 -265 297
-379 -129 261 -813
-925 -484 -230 284
-413 -164 266 -803
-929 -491 -241 296
-486 -152 310 -798
-852 176 -207 -709
-1551 1930 758 -1246
-1002 212 -108 -737
-1783 2014 954 -1290
-1154 231 -37 -768
-2048 2042 1156 -1339
-1301 244 82 -778
-2291 2104 1345 -1372
23268 8414 2895 -2882
-7273 2956 992 17311
22990 8476 3156 -2962
-7521 2979 1268 17267
22722 8553 3445 -3009
-7712 3005 1515 17226
22459 8576 3708 -3050
-7902 2989 1758 17204
1024 2420 -823 -687
3000 2005 1724 -1447
887 2412 -633 -706
2958 1985 1813 -1437
756 2401 -463 -725
2915 1937 1891 -1414
684 2360 -291 -682
2884 1922 1959 -1365
2196 652 230 408
-3248 -1717 -1165 -1327
2197 648 263 433
-3245 -1716 -1151 -1306
2184 610 269 454
-3244 -1715 -1145 -1292
2152 583 295 516
-3274 -1724 -1144 -1277
645 -130 315 1056
593 -1403 -198 190
622 -122 343 1047
576 -1388 -188 179
618 -97 339 1040
555 -1407 -172 213
613 -100 335 1044
532 -1427 -151 215
-751 412 -618 -171
1243 1898 152 -1428
-743 402 -592 -152
1236 1852 146 -1397
-778 361 -583 -130
1211 1824 171 -1356
-810 315 -550 -136
1187 1773 194 -1313
-388 237 -694 686
358 619 457 908
-412 181 -679 738
352 575 466 956
-399 157 -682 777
383 559 474 1007
-404 110 -658 811
403 508 443 1027
-1695 2247 144 297
-11 186 -239 -349
-1665 2250 132 328
7 170 -261 -327
-1650 2223 95 371
21 157 -275 -311
-1632 2158 96 386
34 119 -287 -266
1002 -319 -671 -231
1010 141 295 -548
1000 -342 -686 -213
1009 136 273 -537
1025 -341 -707 -198
1012 120 259 -518
1017 -361 -723 -153
1024 118 265 -478
-1018 465 303 661
33 292 492 164
-998 468 317 640
33 325 490 163
-984 448 301 658
21 321 465 130
-977 455 288 667
42 325 470 130
717 75 967 13
-133 -562 -574 67
716 63 965 -4
-153 -568 -580 28
715 85 966 3
-144 -549 -590 21
713 99 976 -19
-122 -558 -575 25
-559 193 196 -114
681 751 181 245
-560 224 182 -135
680 772 175 260
-561 229 204 -116
674 760 170 244
-573 230 199 -133
654 771 200 227
445 -44 -208 -279
362 -415 -62 -116
442 -34 -216 -293
361 -427 -80 -145
441 -26 -192 -310
338 -409 -66 -144
440 -16 -214 -289
347 -418 -59 -140
-411 -438 279 659
-136 -68 -170 -510
-423 -443 289 642
-127 -51 -144 -505
-429 -442 290 660
-149 -69 -149 -529
-409 -447 296 647
-151 -47 -143 -529
262 -142 -164 624
-423 516 501 253
242 -154 -170 630
-428 531 519 248
255 -166 -187 632
-448 520 517 243
277 -148 -169 633
-436 507 510 246
578 -187 -288 293
-308 -138 -551 109
595 -182 -302 301
-320 -136 -523 104
595 -177 -282 301
-309 -125 -539 126
581 -193 -281 303
-318 -119 -520 109
-104 422 756 294
-447 464 -102 -269
-122 423 740 303
-442 451 -106 -281
-111 424 760 308
-433 479 -76 -271
-130 422 746 317
-426 447 -83 -253
236 -8 48 79
458 -197 -445 -528
235 -7 51 96
451 -223 -432 -511
233 -43 54 94
440 -213 -420 -506
240 -37 55 102
425 -235 -439 -493
315 389 190 109
206 -644 786 46
311 392 175 134
186 -624 807 40
284 385 193 136
171 -634 820 40
290 382 206 132
169 -644 811 40
-16 778 70 36
205 -315 -319 6
-34 795 66 65
211 -333 -305 3
-54 783 61 63
185 -312 -287 -14
-68 802 99 54
167 -298 -273 -23
21 558 -364 189
-104 -938 153 291
-4 557 -350 203
-134 -920 170 297
-18 586 -316 187
-135 -913 179 281
-39 584 -313 178
-165 -907 195 262
269 -309 -97 416
17 367 -368 151
285 -317 -86 402
30 386 -364 167
263 -295 -63 389
20 367 -333 162
252 -303 -50 381
6 379 -334 149
246 -209 208 -536
238 984 823 77
219 -213 193 -543
260 977 824 52
238 -190 192 -559
272 977 797 64
250 -191 192 -538
287 979 804 65
-48 -428 135 220
-221 -295 340 98
-53 -412 103 230
-228 -292 308 73
-26 -436 102 215
-208 -282 310 76
-27 -426 104 223
-208 -273 309 84
182 -277 -462 -287
346 -566 644 -248
192 -275 -483 -290
356 -549 648 -248
203 -277 -470 -293
335 -568 656 -242
184 -270 -492 -299
349 -563 653 -271
312 209 207 -617
628 -44 460 149
308 194 206 -637
630 -60 452 135
301 185 199 -635
616 -43 476 142
297 209 197 -629
619 -37 468 131
544 37 266 433
-417 803 -597 569
532 30 298 407
-443 809 -598 579
543 29 285 414
-443 820 -563 586
537 27 317 427
-444 793 -569 569
498 -134 1091 703
488 262 -862 217
489 -122 1083 718
470 258 -851 227
453 -145 1119 708
461 257 -853 233
432 -124 1130 714
426 252 -810 211
49 -276 -66 -291
473 -116 -679 -150
51 -275 -47 -292
449 -106 -670 -158
16 -276 -55 -297
457 -126 -671 -163
18 -273 -45 -300
447 -113 -638 -171
-175 -56 853 -494
-69 147 -139 598
-168 -55 862 -492
-52 162 -144 602
-163 -48 878 -501
-28 166 -149 578
-167 -20 858 -506
-37 172 -148 595
-398 156 346 192
-18 419 214 208
-388 156 358 155
-6 422 195 199
-357 159 338 152
0 422 187 191
-356 163 316 149
-19 425 176 182
-635 355 117 303
455 -206 -235 279
-612 341 117 279
472 -214 -247 301
-622 338 124 282
468 -225 -263 289
-603 364 118 281
469 -240 -245 287
-152 -160 -281 265
57 -235 73 -900
-167 -148 -266 286
67 -225 77 -889
-159 -176 -295 286
44 -219 92 -884
-168 -174 -294 285
60 -236 89 -869
-286 545 701 -593
379 -1075 -574 731
-277 562 712 -607
406 -1057 -581 737
-271 563 719 -591
399 -1048 -583 705
-273 581 705 -617
394 -1067 -586 719
987 -228 428 205
-680 -118 -500 -191
972 -235 419 187
-665 -114 -496 -188
965 -230 436 202
-651 -120 -496 -216
951 -235 425 180
-671 -116 -486 -215
-234 206 -660 -676
-181 -72 -91 245
-230 225 -683 -671
-183 -80 -99 235
-220 210 -677 -659
-150 -79 -118 248
-210 199 -674 -654
-156 -77 -127 258
317 -9 717 24
-336 -46 -137 -106
311 -6 716 24
-296 -38 -143 -109
327 0 690 22
-300 -34 -162 -110
346 4 689 18
-296 -31 -155 -112
169 -51 -115 -269
-160 -724 -277 82
206 -72 -132 -295
-144 -728 -263 76
213 -60 -145 -294
-160 -723 -282 102
224 -72 -163 -290
-152 -700 -303 89
-36 198 46 -118
-368 313 -12 572
-9 197 52 -109
-350 296 -3 567
-15 191 26 -134
-346 279 -24 565
11 183 34 -117
-344 274 -36 589
395 225 -420 139
119 -43 -257 -494
428 215 -448 158
121 -49 -268 -466
436 214 -439 175
125 -60 -286 -468
428 180 -456 161
131 -65 -271 -483
-440 -498 109 -191
-451 -91 -649 -320
-435 -468 107 -180
-421 -97 -678 -321
-405 -468 104 -165
-417 -100 -665 -329
-404 -481 105 -179
-426 -71 -686 -308
39 -690 360 -176
-155 512 224 -215
73 -694 363 -189
-161 509 227 -212
70 -701 337 -202
-163 507 229 -208
71 -702 343 -179
-170 512 230 -212
-115 214 -591 404
-475 -155 -113 188
-95 214 -607 412
-461 -157 -100 197
-102 215 -620 420
-481 -155 -118 205
-73 214 -612 393
-466 -135 -106 182
-243 -535 -812 163
-782 308 120 -224
-240 -515 -816 164
-782 298 117 -250
-235 -535 -827 140
-789 302 116 -254
-232 -521 -834 155
-767 331 112 -257
60 -152 -79 489
403 171 -145 -247
72 -158 -105 498
403 174 -128 -271
60 -144 -97 470
406 184 -120 -257
79 -121 -87 480
400 185 -135 -274
245 370 206 -39
47 -439 -306 270
253 359 207 -41
42 -418 -301 263
231 377 212 -48
37 -428 -302 266
236 372 218 -52
24 -418 -289 230
815 -154 -149 113
756 70 682 -80
824 -172 -160 113
768 82 671 -101
823 -159 -171 104
757 63 694 -113
806 -153 -146 109
740 84 682 -98
12 228 452 -289
413 427 553 287
-10 252 461 -268
393 433 551 288
1 240 458 -278
374 435 555 288
-19 257 462 -290
385 461 550 293
517 342 154 119
-69 -90 -269 155
503 361 172 90
-74 -75 -263 146
484 381 161 92
-78 -56 -255 167
501 372 181 108
-84 -41 -241 154
141 86 -442 317
-810 -10 -320 201
127 81 -407 294
-883 8 -296 201
97 120 -397 292
-961 3 -291 161
70 110 -387 275
-1024 16 -235 165
-307 570 203 -149
-2354 2086 638 -238
-459 607 308 -189
-2603 2185 845 -293
-643 660 418 -226
-2878 2255 1073 -379
-801 703 523 -249
-3173 2336 1288 -416
24522 8478 2757 -3028
-5505 -531 4521 17773
24202 8583 3056 -3134
-5792 -442 4804 17700
23919 8673 3372 -3227
-6046 -367 5100 17597
23617 8756 3658 -3303
-6253 -288 5375 17536
1138 1649 502 155
3468 2483 661 -1291
949 1695 716 86
3404 2493 819 -1282
795 1719 924 53
3326 2473 896 -1305
693 1750 1108 26
3254 2452 991 -1278
2225 627 328 869
-1863 -1430 -982 -1540
2195 590 373 869
-1875 -1475 -949 -1486
2149 568 419 888
-1926 -1495 -917 -1473
2129 530 464 943
-1944 -1502 -895 -1443
212 -427 -798 765
1385 -358 -429 1119
198 -441 -798 794
1383 -368 -413 1134
151 -464 -766 832
1360 -411 -374 1154
131 -489 -727 840
1326 -420 -351 1172
-1113 1213 -1088 -947
459 347 92 -432
-1129 1187 -1062 -915
463 342 93 -421
-1143 1166 -1043 -891
468 320 97 -388
-1171 1157 -1019 -871
470 290 137 -386
117 94 -383 171
-503 308 729 902
126 85 -393 210
-510 286 743 912
142 47 -408 210
-490 297 726 912
128 37 -388 241
-464 282 730 955
-1509 1330 154 -598
998 -359 -2 333
-1488 1316 141 -579
1002 -372 -30 331
-1488 1338 109 -562
1008 -358 -19 332
-1477 1330 105 -551
1015 -360 -43 356
-481 -607 -789 602
779 -188 -19 -252
-470 -620 -814 596
807 -187 -34 -276
-455 -610 -814 598
808 -154 -46 -268
-439 -592 -817 588
807 -148 -62 -291
-415 -265 1096 394
-578 -574 -245 -344
-407 -236 1084 381
-552 -562 -249 -353
-400 -237 1065 379
-554 -545 -248 -371
-392 -209 1051 334
-569 -542 -272 -407
55 -187 216 -396
1340 -62 -55 555
60 -172 228 -411
1340 -62 -74 554
52 -151 207 -430
1319 -41 -57 520
53 -137 218 -445
1335 -13 -53 516
-765 54 292 -297
-490 -229 -351 601
-781 71 288 -318
-514 -218 -350 580
-754 56 300 -324
-506 -208 -351 554
-767 72 291 -339
-497 -200 -353 537
-490 60 -702 175
269 -138 308 28
-470 75 -678 156
251 -104 297 21
-465 93 -679 135
243 -108 319 -14
-483 107 -678 119
257 -106 300 -16
-143 629 -152 307
-96 225 427 1143
-161 642 -145 293
-89 236 452 1153
-143 660 -149 273
-90 238 456 1134
-159 647 -141 255
-91 285 453 1131
212 112 -570 -308
-615 -4 -218 172
215 134 -566 -327
-594 -8 -229 184
216 132 -559 -342
-607 16 -235 154
217 158 -553 -358
-608 6 -214 140
-9 -543 -294 120
-130 317 343 409
-23 -555 -295 109
-126 316 319 414
-39 -538 -298 98
-142 304 327 399
-25 -526 -311 85
-136 331 339 409
237 -267 -23 -24
-274 294 -157 -895
248 -268 -8 -33
-290 280 -149 -888
233 -271 -25 -39
-273 292 -150 -885
245 -274 -13 -37
-290 280 -141 -879
-1191 261 -926 77
-1165 257 -531 1115
-1184 278 -940 61
-1150 259 -524 1134
-1210 273 -944 82
-1134 261 -523 1117
-1192 260 -933 67
-1158 252 -543 1108
-236 141 -935 -378
-111 333 -17 37
-244 133 -930 -389
-108 309 -13 37
-249 156 -928 -403
-102 313 -12 42
-254 157 -932 -383
-98 318 -17 39
-37 32 1085 -373
-30 377 -704 -17
-47 48 1085 -368
-47 377 -704 -12
-53 22 1087 -382
-59 377 -708 -7
-57 30 1087 -370
-39 371 -719 6
-169 168 -607 -314
-51 485 -20 -84
-186 187 -607 -305
-58 467 -13 -105
-174 165 -615 -319
-39 485 -5 -100
-188 174 -613 -305
-56 475 -28 -84
648 -1025 374 -265
-473 372 -19 -13
663 -1024 353 -274
-463 371 -55 -31
642 -1032 348 -277
-444 400 -68 -20
653 -1009 333 -288
-430 396 -73 -27
481 92 167 263
71 128 664 -226
472 105 158 266
63 138 642 -228
498 83 143 280
81 121 622 -231
519 86 129 258
94 132 608 -232
38 137 -362 452
-302 -411 -182 221
38 137 -375 464
-290 -388 -201 226
62 139 -382 470
-316 -396 -206 235
53 129 -381 456
-303 -399 -192 247
107 -133 233 -720
-353 228 162 -95
110 -136 234 -704
-352 229 140 -103
110 -142 232 -692
-369 208 150 -78
110 -148 234 -712
-360 206 158 -83
-77 17 -307 -198
-43 380 273 476
-112 25 -279 -187
-57 385 266 478
-125 43 -293 -191
-71 382 296 453
-126 21 -273 -178
-85 390 293 449
451 -648 -130 39
148 159 74 -493
428 -646 -122 31
151 148 72 -479
439 -631 -89 54
133 163 107 -502
421 -631 -84 48
138 154 102 -489
169 253 -65 427
-43 -343 308 -572
185 246 -64 424
-63 -346 300 -570
210 242 -78 429
-48 -328 284 -599
197 265 -75 422
-29 -337 294 -587
-197 -156 574 -560
-259 -143 150 -45
-183 -142 578 -560
-278 -161 145 -57
-175 -136 558 -550
-262 -144 136 -41
-159 -153 565 -543
-251 -162 126 -58
-116 293 2 218
-679 640 -161 470
-128 292 15 213
-696 633 -161 457
-118 291 0 214
-715 652 -151 444
-125 316 16 205
-700 635 -159 445
-232 98 -451 -172
-15 -671 -438 -198
-247 115 -445 -202
-6 -659 -427 -197
-230 139 -442 -195
-23 -663 -407 -223
-240 133 -434 -190
-45 -654 -426 -226
-637 -413 -636 58
-49 121 -143 78
-658 -381 -615 28
-34 133 -123 64
-680 -378 -631 36
-56 144 -129 44
-667 -388 -625 17
-59 137 -130 58
91 632 -323 -28
260 -248 -145 318
89 660 -329 -18
263 -254 -149 318
86 656 -339 -3
264 -250 -150 341
59 651 -307 -31
265 -261 -162 340
206 11 -298 -46
-547 250 216 -165
203 -13 -319 -49
-541 242 226 -175
214 -5 -312 -58
-512 229 201 -180
217 -24 -304 -28
-512 230 211 -167
196 -17 657 98
-7 -174 -328 243
203 -29 642 112
6 -192 -348 250
231 -42 637 126
25 -214 -328 258
234 -54 627 137
14 -191 -343 289
-587 377 -759 -230
149 971 525 242
-563 377 -744 -223
152 957 530 264
-578 346 -755 -214
151 947 534 275
-588 348 -775 -204
141 938 507 294
-103 461 512 782
-418 187 -802 531
-93 454 505 803
-406 169 -813 541
-73 449 529 822
-395 146 -826 551
-96 402 533 821
-395 137 -818 588
-397 1282 122 116
-438 204 387 282
-411 1253 106 115
-438 196 384 309
-416 1234 119 141
-429 177 374 303
-392 1249 83 158
-438 170 347 331
-322 667 -555 176
78 113 -538 278
-329 659 -551 172
95 108 -561 268
-318 654 -579 203
84 110 -542 285
-325 647 -572 201
70 102 -565 279
409 263 261 -141
-543 62 279 -68
400 253 267 -137
-540 53 274 -55
390 251 268 -138
-559 64 303 -76
385 240 265 -132
-558 56 298 -61
78 -637 -296 -34
6 40 -712 -67
70 -615 -286 -45
30 33 -692 -74
69 -629 -285 -42
20 25 -704 -85
68 -612 -276 -51
11 58 -716 -66
-517 -283 -405 265
-528 562 724 485
-532 -283 -401 274
-508 563 706 486
-522 -283 -404 281
-511 563 729 487
-509 -295 -412 267
-498 534 722 496
422 606 -84 -49
-130 -34 -200 468
414 603 -90 -35
-128 -21 -202 450
439 597 -109 -19
-133 -37 -196 468
432 595 -113 -15
-131 -50 -198 486
10 345 -234 -467
534 -62 21 287
5 319 -235 -470
524 -58 15 306
7 304 -205 -453
513 -97 8 297
-3 292 -205 -437
514 -92 29 311
-105 287 280 -46
-644 -125 -603 615
-131 300 271 -53
-626 -122 -596 604
-120 289 290 -31
-636 -135 -582 616
-112 275 274 -37
-634 -133 -596 599
-188 16 -269 28
-431 -329 165 -373
-201 4 -267 51
-422 -331 172 -376
-181 -6 -275 32
-414 -330 183 -383
-182 -14 -239 56
-414 -364 156 -383
496 292 -40 -194
-407 21 514 137
493 290 -36 -177
-409 22 523 145
493 280 -29 -189
-411 -6 536 159
498 254 -28 -177
-398 -3 517 157
455 281 -1580 -146
-47 -129 9 276
455 274 -1593 -119
-36 -134 13 260
457 261 -1607 -126
-25 -163 17 279
433 255 -1580 -102
-10 -166 11 294
-632 -312 -309 -91
114 370 13 570
-625 -329 -306 -79
143 358 4 579
-585 -341 -306 -77
134 351 -20 586
-592 -346 -330 -41
161 347 -23 591
-1143 189 -83 -814
-682 181 -6 -39
-1130 175 -77 -800
-739 180 2 -30
-1134 198 -98 -797
-803 190 -8 -28
-1142 194 -113 -794
-853 180 37 -50
-850 201 -262 12
-1689 1039 785 -1107
-1012 246 -163 -38
-1965 1158 1022 -1166
-1205 284 -67 -46
-2274 1228 1244 -1265
-1355 333 58 -78
-2571 1307 1457 -1311
26545 6359 2419 -1777
-193 -1602 7721 15991
26196 6492 2746 -1877
-496 -1485 8033 15871
25867 6631 3058 -2004
-803 -1373 8376 15749
25520 6749 3378 -2110
-1051 -1241 8692 15599
2187 1688 827 760
2789 3393 484 747
1998 1764 1065 627
2733 3425 618 679
1820 1836 1330 523
2649 3439 728 653
1691 1927 1540 458
2601 3440 865 614
827 1058 279 395
477 -1632 -23 -1375
818 1027 341 391
455 -1656 -7 -1371
784 1008 353 408
457 -1673 3 -1343
752 995 396 426
413 -1688 52 -1315
142 -1123 -655 566
1177 95 -964 629
127 -1165 -654 590
1178 59 -963 617
139 -1183 -618 604
1171 54 -951 634
117 -1173 -620 624
1162 52 -943 663
-2258 -13 85 -150
-333 1677 25 -171
-2236 -35 66 -164
-335 1685 35 -179
-2246 -24 88 -148
-309 1682 43 -157
-2262 -33 114 -136
-321 1673 29 -174
402 -143 -1333 110
-963 570 -695 800
400 -156 -1350 137
-965 592 -708 797
405 -142 -1335 115
-942 576 -725 779
406 -154 -1356 130
-948 591 -741 781
-919 1039 718 95
380 -408 -265 -112
-900 1040 680 78
373 -410 -281 -123
-878 1071 680 53
395 -383 -300 -131
-866 1079 648 69
421 -388 -318 -141
-350 -406 -196 1231
799 -93 368 -1386
-365 -372 -220 1213
801 -61 374 -1388
-341 -380 -214 1183
828 -64 349 -1420
-332 -352 -236 1176
829 -34 361 -1424
-193 -147 705 428
-476 -523 119 50
-190 -147 696 418
-488 -516 119 26
-190 -123 697 403
-470 -501 120 36
-188 -126 691 398
-477 -495 122 14
364 11 -182 -374
-4 644 -558 -171
363 28 -191 -366
-2 660 -558 -191
361 34 -195 -389
9 667 -564 -206
399 34 -215 -405
4 658 -591 -188
-804 498 205 615
-208 348 -169 596
-808 515 210 600
-212 334 -182 583
-789 511 179 620
-194 353 -191 562
-768 522 186 599
-203 345 -192 583
803 -783 552 521
1294 310 783 -743
822 -757 551 512
1317 315 787 -720
833 -762 559 514
1311 315 798 -733
809 -764 536 510
1306 317 802 -747
135 -591 209 -53
-248 220 293 44
145 -569 202 -63
-241 215 283 34
127 -586 197 -68
-239 222 269 49
144 -560 214 -51
-225 217 289 37
59 179 -382 443
-630 -184 -424 -650
59 179 -390 439
-628 -174 -430 -653
66 181 -371 431
-626 -163 -441 -658
68 180 -380 427
-626 -180 -449 -659
229 -825 327 13
-16 381 -188 -576
216 -817 318 8
-20 378 -193 -576
232 -811 306 4
-24 402 -194 -580
248 -805 295 -6
-4 399 -194 -581
-407 -561 -51 146
91 332 962 145
-413 -569 -64 110
102 362 986 114
-418 -553 -78 114
102 364 982 127
-417 -529 -54 103
107 392 976 103
839 -339 154 -667
-77 -695 136 115
827 -311 142 -687
-92 -689 144 112
824 -300 164 -684
-102 -685 151 71
821 -275 149 -704
-76 -659 147 74
-540 559 -736 -389
-856 -549 246 379
-540 584 -727 -393
-842 -539 234 354
-535 598 -723 -426
-833 -526 222 362
-517 594 -745 -418
-860 -491 231 328
-115 58 -435 531
-193 -102 -817 215
-115 75 -435 519
-193 -92 -831 207
-120 94 -430 507
-213 -79 -812 195
-116 107 -436 507
-210 -69 -831 189
24 155 -812 120
-333 551 773 341
3 165 -802 136
-321 565 770 353
24 172 -810 118
-319 549 743 337
32 190 -809 130
-318 559 754 317
39 309 -149 220
605 -118 320 348
33 301 -161 224
592 -105 334 357
32 321 -171 186
607 -105 315 345
62 317 -155 191
625 -108 331 330
83 601 48 77
-413 478 -272 184
87 611 49 51
-418 493 -283 154
80 612 28 33
-432 514 -287 157
77 621 40 45
-433 507 -267 160
438 135 879 411
-66 -700 -704 265
426 147 865 402
-55 -712 -716 270
442 163 883 392
-70 -692 -691 270
433 177 871 375
-54 -705 -711 279
-147 -622 128 185
-162 331 714 -48
-146 -634 116 181
-169 334 725 -32
-135 -616 124 178
-146 328 727 -41
-131 -626 111 176
-161 345 712 -34
481 240 45 -167
365 41 243 614
495 230 39 -149
350 52 245 616
478 229 43 -133
337 62 241 585
496 248 37 -160
351 70 236 596
148 -653 821 170
-36 468 -347 235
147 -652 824 150
-48 488 -354 228
143 -620 828 126
-56 471 -333 202
136 -611 843 137
-60 498 -310 188
522 319 236 237
406 -989 -380 26
514 329 253 260
378 -983 -377 20
475 337 273 248
397 -975 -362 16
470 346 290 237
384 -972 -337 14
934 151 408 -452
280 -280 282 771
932 167 438 -451
296 -312 303 757
926 146 442 -477
277 -297 303 762
918 159 439 -478
295 -290 325 775
-462 -427 251 -687
-645 47 -1312 -747
-470 -443 246 -677
-656 28 -1308 -732
-478 -426 242 -701
-641 32 -1311 -744
-460 -436 241 -691
-655 51 -1300 -742
-530 -103 278 360
-141 -283 -292 -90
-522 -93 262 367
-129 -268 -278 -95
-512 -93 282 354
-153 -256 -290 -94
-505 -90 266 336
-146 -256 -308 -120
618 -721 -87 -565
-601 346 -202 668
626 -691 -83 -588
-602 348 -197 654
608 -701 -79 -603
-605 329 -200 672
609 -699 -103 -590
-612 335 -192 652
587 -447 541 -443
219 -61 -831 60
602 -457 547 -437
186 -52 -830 49
585 -461 560 -443
194 -74 -811 42
604 -443 569 -447
195 -58 -817 66
-257 -238 119 -49
-117 27 50 -480
-274 -221 119 -54
-120 28 55 -493
-294 -236 123 -61
-124 35 60 -481
-284 -218 126 -70
-139 36 45 -495
-105 -356 206 -433
-241 149 -415 132
-87 -352 200 -448
-256 149 -413 135
-97 -367 196 -434
-238 188 -424 122
-78 -368 193 -448
-225 183 -426 127
52 113 344 103
542 -215 -273 -563
49 128 335 99
559 -206 -300 -556
68 130 330 73
577 -226 -289 -540
60 112 331 78
561 -219 -311 -538
-25 -586 526 -19
-14 -313 73 9
5 -599 516 -23
-32 -308 54 3
1 -583 511 -38
-14 -313 56 6
-5 -590 504 -11
-26 -314 63 1
301 341 576 329
87 830 -182 311
326 356 564 303
71 842 -186 318
313 347 564 313
62 837 -164 318
309 342 555 318
50 864 -173 310
8 -764 -771 -66
276 461 456 505
6 -764 -771 -54
274 453 438 516
-29 -763 -768 -85
277 442 444 499
-36 -734 -770 -83
277 463 458 517
-130 -87 17 96
-411 111 -142 -359
-139 -103 0 95
-396 112 -138 -345
-141 -88 12 89
-386 100 -133 -352
-137 -106 23 96
-379 107 -161 -340
240 -352 -567 -40
-21 -61 168 -49
254 -361 -585 -55
-34 -69 160 -50
242 -366 -569 -39
-10 -71 170 -57
252 -376 -585 -55
-28 -80 167 -59
57 638 115 402
-227 -171 -360 501
64 648 115 413
-236 -164 -351 483
42 648 125 396
-243 -156 -349 501
46 659 129 405
-255 -178 -337 487
-96 40 -163 19
444 -457 -10 -657
-102 28 -159 8
424 -473 12 -649
-102 26 -161 27
433 -464 -4 -650
-140 22 -151 9
416 -448 9 -655
33 235 -208 90
-239 -474 363 251
44 234 -203 79
-235 -481 350 234
45 234 -219 106
-240 -484 346 247
24 261 -213 95
-228 -472 357 239
44 148 -178 -727
-37 -301 160 -201
38 140 -184 -754
-28 -314 160 -212
35 166 -157 -755
-55 -325 166 -188
29 164 -166 -744
-52 -314 169 -203
-82 119 -222 -93
317 105 -423 37
-111 146 -220 -101
300 109 -401 44
-132 142 -195 -105
255 110 -379 47
-153 131 -161 -99
238 110 -361 52
67 -178 342 -176
879 -275 -172 19
48 -165 356 -198
874 -272 -167 33
30 -171 362 -187
843 -269 -160 6
17 -153 404 -180
857 -269 -136 20
-385 365 29 -219
-475 -1002 208 -125
-386 366 40 -204
-498 -998 228 -123
-412 357 47 -217
-483 -1033 236 -110
-404 359 48 -202
-479 -1034 221 -105
10 600 -287 -557
-294 91 -73 -486
-9 580 -277 -566
-284 92 -80 -473
0 568 -267 -549
-281 67 -80 -463
-7 549 -279 -556
-294 66 -44 -454
7 -138 -256 236
-818 -145 -97 -95
-8 -149 -263 233
-860 -139 -51 -91
-19 -156 -238 221
-937 -142 -64 -96
-31 -131 -255 243
-1004 -107 -20 -91
307 272 968 -52
-1305 1508 813 -1127
150 308 1085 -89
-1560 1642 1046 -1210
-4 364 1153 -125
-1838 1765 1239 -1299
-155 436 1264 -148
-2146 1871 1465 -1373
26180 4173 1294 -1051
5473 -3047 8532 14310
25847 4355 1617 -1189
5149 -2864 8880 14116
25488 4510 1944 -1339
4848 -2677 9227 13941
25137 4690 2263 -1510
4564 -2507 9562 13757
3240 846 1049 1087
359 2727 -340 1022
3050 968 1289 917
298 2772 -188 933
2869 1090 1566 772
218 2830 -77 850
2686 1216 1827 635
172 2874 49 786
642 905 732 -120
152 -1539 506 -1531
628 892 780 -139
157 -1566 515 -1516
608 887 819 -157
155 -1563 527 -1507
593 883 870 -177
134 -1593 523 -1491
441 -1583 -488 -124
992 64 -525 156
467 -1568 -495 -106
976 72 -513 146
460 -1606 -491 -107
966 56 -504 166
454 -1603 -453 -84
949 35 -497 163
-1263 437 118 -256
-993 1244 -1215 -559
-1273 446 142 -236
-967 1249 -1218 -560
-1294 462 142 -226
-976 1260 -1210 -567
-1286 437 171 -241
-992 1252 -1192 -550
-387 256 -949 347
142 80 -943 1602
-385 282 -954 371
128 79 -943 1603
-413 268 -963 368
151 74 -957 1609
-404 254 -944 356
171 66 -970 1621
-644 1311 432 -1063
778 334 -922 -111
-618 1308 433 -1059
810 320 -932 -131
-608 1303 415 -1053
811 311 -932 -119
-597 1297 399 -1047
830 293 -965 -104
-248 -711 628 53
-260 -286 33 -790
-230 -725 614 49
-254 -292 16 -791
-216 -709 596 41
-250 -298 3 -783
-207 -723 593 73
-245 -310 -7 -779
-86 -533 621 -831
991 -298 -80 -61
-84 -529 621 -815
995 -296 -95 -58
-88 -530 625 -829
966 -301 -102 -79
-74 -532 600 -812
976 -309 -77 -67
-413 112 285 -1343
241 119 -453 298
-410 99 286 -1355
232 121 -441 288
-426 114 317 -1369
233 120 -440 291
-425 104 319 -1353
226 116 -426 285
-291 75 -1164 -450
-739 69 -294 -460
-295 102 -1151 -449
-721 101 -292 -480
-308 89 -1172 -467
-707 97 -288 -492
-314 107 -1160 -462
-696 90 -284 -500
116 -679 -474 31
-233 -300 436 -1034
122 -672 -479 8
-224 -277 425 -1070
126 -638 -481 12
-241 -281 419 -1066
126 -642 -482 -4
-238 -254 414 -1070
419 320 -364 213
171 -181 -261 283
394 343 -350 220
166 -168 -258 275
396 326 -374 196
162 -185 -249 266
400 336 -361 179
153 -177 -239 265
-292 407 -494 597
-784 1125 -86 703
-287 413 -473 590
-783 1110 -89 711
-290 420 -480 577
-789 1125 -86 715
-287 429 -457 572
-796 1135 -83 690
285 95 -503 620
-242 -796 -176 -180
290 99 -501 601
-226 -772 -194 -162
289 112 -494 617
-242 -779 -174 -174
288 90 -487 612
-253 -762 -158 -191
318 293 50 67
25 104 106 -200
315 287 48 74
15 120 88 -208
319 298 69 43
11 117 95 -178
316 293 60 55
8 132 107 -191
-28 1110 -39 527
760 -728 526 -84
-41 1092 -29 542
733 -720 513 -73
-54 1099 -23 519
749 -746 523 -50
-71 1090 -13 536
734 -750 538 -69
-52 654 386 243
-111 20 235 -559
-51 656 398 245
-107 3 233 -575
-56 659 383 245
-101 25 233 -572
-49 659 388 256
-91 17 227 -562
-193 -243 95 578
-96 30 245 -202
-225 -232 99 602
-97 40 260 -185
-221 -257 95 608
-82 39 248 -198
-217 -257 91 605
-95 21 239 -174
-161 -1 -260 -144
509 -234 168 -462
-164 5 -274 -149
474 -229 181 -452
-192 -16 -246 -117
478 -252 180 -448
-185 -7 -230 -130
476 -248 186 -440
451 -346 -499 180
-44 833 619 -591
456 -356 -480 195
-42 814 615 -594
455 -367 -489 202
-43 808 617 -572
433 -383 -466 222
-40 801 607 -550
46 544 -58 456
-195 291 538 678
63 525 -59 478
-206 294 519 691
77 499 -59 468
-181 271 528 711
94 487 -63 482
-191 267 513 693
-296 -399 -445 -17
-174 -215 -24 54
-303 -431 -453 3
-184 -206 -22 34
-309 -436 -459 16
-163 -225 -28 55
-286 -445 -473 40
-171 -244 -21 79
182 198 505 -1114
141 -54 -378 160
190 201 520 -1105
149 -53 -393 183
183 180 513 -1103
134 -87 -371 174
184 197 500 -1081
112 -84 -381 192
124 -28 574 -358
491 -428 128 130
102 -17 588 -354
490 -452 142 123
113 -36 589 -350
491 -439 159 136
91 -26 598 -348
465 -468 173 134
-122 379 408 -527
306 -928 -400 -59
-132 375 419 -522
307 -917 -392 -84
-143 366 433 -513
308 -935 -386 -73
-156 360 440 -506
292 -954 -349 -62
-60 1439 -1 211
-841 27 60 200
-78 1430 -16 222
-830 33 57 197
-60 1427 -8 227
-823 35 56 192
-62 1427 -9 228
-812 37 47 185
341 -843 536 493
535 -127 156 93
341 -819 540 463
541 -100 162 102
343 -817 546 469
554 -109 164 76
350 -818 549 476
532 -75 137 76
433 -455 396 -191
12 305 -258 385
425 -429 422 -197
11 271 -257 375
413 -432 421 -207
14 287 -259 381
432 -430 407 -215
6 295 -249 352
44 84 -341 702
-550 -740 221 -656
52 69 -335 722
-561 -743 216 -664
53 82 -360 709
-551 -749 214 -665
29 98 -347 696
-562 -722 208 -671
-152 -433 -928 -252
91 581 154 717
-145 -417 -945 -259
114 557 161 727
-133 -428 -926 -265
98 558 141 697
-127 -416 -945 -266
119 567 148 704
140 -50 373 -114
-131 -82 -258 54
153 -50 376 -124
-119 -93 -254 51
167 -41 375 -98
-109 -75 -250 44
137 -40 359 -107
-128 -86 -245 43
78 -303 518 -566
-134 86 -541 -208
105 -273 515 -575
-136 104 -537 -242
101 -280 516 -573
-132 128 -542 -249
97 -258 514 -583
-119 119 -522 -247
714 -448 739 -63
315 -821 -110 -234
714 -429 758 -71
306 -824 -112 -246
710 -438 747 -75
328 -801 -118 -265
706 -425 734 -86
321 -805 -121 -242
-501 242 30 -151
-156 172 234 267
-490 242 25 -178
-151 154 236 267
-483 247 28 -167
-147 141 239 265
-474 252 24 -167
-138 171 241 283
154 -1109 213 -534
27 -127 -14 -582
172 -1110 226 -513
7 -101 -12 -577
156 -1119 213 -521
-6 -109 -17 -568
171 -1124 195 -528
4 -120 -18 -589
-688 697 596 445
577 227 -194 229
-692 677 613 432
580 233 -188 229
-704 699 600 437
554 228 -177 206
-711 709 626 414
559 232 -172 213
226 -268 -351 -60
-47 -270 -309 -192
188 -246 -353 -82
-66 -269 -296 -183
191 -250 -339 -64
-59 -266 -285 -181
166 -257 -314 -80
-79 -272 -278 -205
709 -176 158 -279
592 -192 -66 -438
676 -172 154 -283
583 -189 -30 -434
649 -169 187 -288
564 -189 -25 -429
658 -168 206 -289
547 -185 -15 -426
81 -730 175 462
-43 168 -260 -65
71 -722 166 455
-36 177 -246 -65
68 -709 190 479
-23 160 -239 -64
53 -703 188 473
-45 170 -220 -66
-209 595 151 460
-8 -326 601 -493
-225 600 176 466
-9 -312 595 -485
-217 615 166 462
-10 -302 597 -511
-199 622 178 468
15 -325 593 -500
146 858 -274 274
-267 -290 66 76
149 859 -265 256
-281 -299 73 78
147 861 -284 242
-293 -275 84 76
150 843 -269 253
-298 -281 90 69
-812 -427 -840 -399
141 267 -196 -564
-830 -427 -831 -391
126 271 -184 -543
-814 -437 -829 -404
139 237 -171 -545
-836 -438 -854 -395
114 225 -185 -550
-422 -374 -433 598
489 356 323 -954
-406 -380 -428 593
476 350 308 -920
-392 -383 -418 586
489 342 295 -919
-414 -417 -407 626
481 338 306 -897
-105 786 -125 -103
-502 -699 53 620
-89 749 -152 -96
-511 -717 44 641
-72 740 -140 -90
-482 -713 64 668
-76 719 -139 -59
-487 -738 45 657
-74 505 97 -568
-514 -230 -91 -251
-63 504 85 -575
-496 -256 -92 -222
-56 479 77 -540
-507 -249 -88 -207
-40 483 60 -548
-496 -283 -118 -208
-748 37 -754 380
613 249 -486 -358
-748 25 -755 381
604 265 -485 -342
-745 15 -766 386
624 253 -491 -358
-748 3 -763 390
611 273 -491 -348
768 96 432 422
278 -126 381 405
760 91 436 437
300 -114 396 408
751 116 446 412
279 -108 391 387
739 112 452 427
269 -97 412 389
163 456 392 56
138 -259 -506 265
133 465 377 64
72 -261 -456 244
107 465 391 48
-1 -239 -467 249
121 477 397 56
-46 -246 -446 231
-37 975 588 -573
204 519 928 -158
-160 1032 674 -605
-20 634 1131 -230
-330 1086 729 -628
-332 748 1339 -312
-465 1129 863 -656
-633 870 1557 -395
26598 984 362 -1010
6081 -2469 6624 10832
26288 1150 616 -1143
5805 -2280 6904 10660
25947 1328 932 -1293
5493 -2095 7258 10449
25598 1489 1267 -1447
5182 -1905 7615 10272
4027 -128 12 -617
-689 1531 -644 1529
3856 -5 237 -804
-758 1613 -504 1427
3662 142 494 -970
-828 1674 -408 1350
3481 276 777 -1113
-935 1735 -235 1248
1142 244 2277 -805
916 -1428 432 -1506
1127 294 2317 -845
917 -1414 450 -1518
1101 276 2366 -903
903 -1418 444 -1504
1070 296 2425 -932
896 -1406 479 -1515
-228 -2293 -240 -1451
1579 381 146 1399
-221 -2266 -237 -1441
1572 365 153 1400
-223 -2277 -223 -1474
1561 379 166 1396
-256 -2266 -205 -1463
1555 389 171 1404
-1229 -469 219 -612
-289 830 -894 -210
-1215 -452 205 -613
-286 812 -875 -197
-1226 -462 225 -605
-290 828 -888 -190
-1251 -469 220 -603
-285 810 -870 -216
-304 239 -768 -986
676 -401 -363 632
-311 248 -762 -981
674 -392 -376 615
-328 251 -755 -974
678 -379 -357 634
-311 259 -754 -977
668 -379 -361 625
-1274 189 514 -755
163 -458 -85 -2
-1291 196 492 -765
152 -439 -90 -2
-1278 200 499 -775
149 -455 -58 6
-1297 197 514 -779
139 -470 -62 17
85 -419 -45 -279
-136 -78 -77 -943
57 -436 -53 -270
-133 -96 -49 -948
71 -448 -43 -266
-136 -108 -48 -960
58 -437 -29 -263
-161 -92 -55 -938
209 -21 67 884
-190 -750 -475 -444
201 -23 85 898
-175 -748 -476 -443
193 -5 106 876
-185 -754 -475 -433
183 -5 86 897
-197 -723 -475 -437
28 1059 -126 -2
-64 639 -198 1401
31 1074 -89 -18
-67 633 -194 1394
32 1094 -89 -3
-43 646 -191 1408
31 1080 -90 -11
-42 647 -188 1390
-432 59 -237 904
-84 -6 146 -389
-451 38 -250 942
-81 5 142 -386
-436 38 -230 916
-78 6 142 -373
-422 44 -252 923
-54 -12 111 -359
-747 91 41 -121
633 247 -457 459
-723 79 46 -122
640 239 -472 455
-739 70 26 -94
644 227 -491 451
-738 58 21 -103
626 232 -466 474
945 -84 134 -484
89 621 446 388
929 -80 131 -483
103 614 445 419
947 -94 154 -454
78 606 459 409
932 -83 141 -461
59 593 465 410
431 464 333 796
263 126 -510 258
418 445 335 803
261 121 -508 257
413 456 364 805
257 116 -510 263
403 438 365 814
254 114 -510 261
-310 -302 476 387
527 -86 416 -502
-332 -306 454 393
515 -106 431 -514
-345 -312 460 400
505 -83 411 -507
-336 -317 467 408
494 -90 433 -497
511 218 53 495
80 -37 16 -576
484 221 75 517
60 -50 28 -550
487 222 61 510
32 -38 18 -558
497 197 75 501
44 -51 29 -574
211 -257 404 94
289 -151 -373 -362
204 -247 436 101
290 -160 -356 -364
187 -240 442 117
268 -141 -335 -368
176 -269 453 101
265 -155 -346 -374
397 234 -273 163
205 -435 -35 12
390 240 -240 154
192 -436 -44 -4
414 240 -251 155
212 -427 -53 10
395 256 -243 173
203 -428 -31 -9
-576 -207 835 -278
-1156 -351 -413 97
-562 -215 838 -281
-1141 -347 -411 101
-553 -186 821 -294
-1133 -348 -436 80
-538 -192 827 -300
-1115 -314 -434 77
360 -671 -558 32
-365 -63 -11 -623
371 -646 -545 27
-369 -51 4 -621
350 -654 -559 -1
-348 -49 -23 -653
356 -634 -576 3
-354 -44 -8 -647
855 73 213 -324
502 586 -31 -207
841 76 212 -332
485 605 -25 -219
860 69 216 -334
497 600 -19 -195
849 76 217 -311
481 592 -15 -205
484 -65 279 -14
569 79 610 420
467 -67 294 -9
543 111 611 429
440 -64 289 -14
543 110 617 411
451 -35 301 -22
543 105 629 405
236 -355 -894 33
193 178 319 517
260 -335 -900 48
200 189 320 506
248 -322 -894 28
174 195 326 500
235 -310 -888 11
175 211 327 492
-821 -254 302 382
-505 348 -813 -33
-844 -233 281 379
-507 360 -830 -31
-832 -243 284 380
-506 378 -812 -38
-821 -228 295 348
-511 355 -823 -59
-253 294 -377 123
-629 -167 503 848
-242 277 -381 125
-639 -153 489 828
-263 291 -381 119
-638 -147 497 816
-252 302 -388 111
-649 -129 483 833
-320 373 -563 219
-658 627 290 159
-328 396 -552 222
-679 625 292 144
-327 385 -549 232
-672 634 289 151
-327 410 -545 233
-663 607 284 141
294 -224 -896 219
552 327 260 199
297 -239 -884 215
571 332 246 220
294 -252 -867 206
559 303 272 212
297 -260 -856 193
544 304 264 202
-188 331 -480 343
531 586 -108 399
-183 329 -491 342
537 593 -104 422
-198 331 -475 333
521 567 -107 418
-187 326 -465 334
523 574 -102 443
-1150 598 162 289
63 139 -207 -173
-1171 582 165 318
48 139 -177 -170
-1157 560 155 314
51 108 -171 -161
-1172 548 191 344
57 107 -173 -157
80 -416 -898 -462
-355 -152 -586 -121
74 -409 -922 -473
-384 -120 -592 -116
67 -430 -907 -486
-379 -125 -572 -145
63 -417 -894 -467
-378 -96 -552 -142
-156 381 -110 -192
451 -323 246 668
-174 392 -127 -196
447 -292 238 631
-158 397 -116 -203
443 -289 235 631
-173 405 -98 -205
436 -268 227 600
-146 -16 435 78
33 438 159 -686
-147 14 419 64
30 448 154 -703
-151 9 404 50
30 440 148 -697
-145 6 418 50
28 450 141 -720
592 512 533 139
332 433 -94 267
592 530 544 153
330 436 -96 256
582 542 525 126
298 436 -93 249
586 558 534 140
296 462 -100 239
488 308 1202 731
-811 -90 -100 342
486 336 1207 715
-834 -88 -114 326
487 333 1207 707
-818 -83 -106 305
488 348 1214 709
-800 -75 -96 327
461 154 -441 -123
-53 -273 744 -29
450 187 -449 -104
-50 -282 727 -9
465 187 -457 -112
-45 -299 746 -23
460 191 -465 -122
-36 -285 725 -42
-279 -24 330 200
-189 -330 215 -3
-269 -21 328 195
-193 -336 201 28
-290 -45 331 196
-188 -349 208 25
-283 -40 298 199
-160 -331 190 24
211 -502 -321 -641
-13 251 223 -65
213 -512 -316 -648
7 251 227 -50
216 -515 -319 -625
-2 252 232 -38
224 -531 -313 -623
9 227 203 -22
298 -274 752 290
-209 71 -183 -176
295 -261 747 298
-208 58 -187 -186
296 -279 735 310
-206 60 -193 -175
293 -257 735 305
-202 78 -198 -194
0 48 32 426
190 -433 -82 40
11 26 22 430
213 -445 -92 40
19 38 12 425
204 -456 -98 43
31 17 0 437
228 -463 -110 42
-576 250 249 -593
-158 91 7 212
-548 248 241 -560
-158 91 1 217
-548 242 232 -559
-151 90 -14 222
-522 237 225 -561
-146 62 -20 232
-243 -340 200 -65
-564 944 415 202
-243 -346 199 -52
-562 942 411 205
-207 -350 187 -40
-545 941 382 204
-213 -352 155 -36
-544 943 383 202
561 381 -174 645
684 179 687 242
566 356 -192 662
661 173 681 235
578 363 -173 674
672 193 670 233
562 371 -193 687
692 187 645 235
-753 271 323 -668
-58 2 -302 667
-746 266 316 -674
-51 26 -295 660
-735 293 312 -648
-49 23 -318 660
-739 289 281 -656
-44 49 -306 654
-358 -464 12 142
193 176 -255 -110
-347 -460 13 160
193 182 -241 -101
-334 -427 12 135
190 179 -259 -111
-354 -433 18 129
169 188 -253 -98
-22 471 -32 287
-327 618 -7 107
-22 488 5 303
-342 608 0 101
-27 469 14 296
-352 607 7 89
-26 477 8 281
-338 637 11 109
87 -671 -696 165
-156 -190 183 -136
74 -677 -681 171
-154 -160 163 -150
82 -663 -700 144
-150 -168 182 -151
69 -671 -680 159
-176 -142 167 -164
417 128 -328 317
376 123 -357 522
394 160 -309 309
389 136 -359 520
400 163 -293 299
366 149 -349 513
401 164 -314 296
372 165 -342 504
-68 0 54 279
145 380 -144 -118
-55 21 51 268
151 382 -131 -137
-73 9 48 262
157 393 -124 -133
-94 26 56 252
124 405 -139 -122
307 -496 438 -67
303 647 -258 163
284 -477 449 -76
241 653 -244 142
255 -459 465 -92
175 689 -251 146
257 -470 474 -99
120 699 -199 119
-165 267 532 551
-48 1138 525 -37
-273 315 620 506
-249 1290 694 -166
-439 387 714 468
-489 1422 855 -260
-572 469 808 419
-749 1562 1089 -354
23816 -1585 -422 -731
1503 -2970 2647 9567
23545 -1389 -173 -889
1220 -2768 2938 9349
23246 -1191 113 -1064
938 -2551 3239 9153
22905 -978 420 -1252
653 -2373 3568 8942
4765 -1334 -1959 -2210
-163 -248 -1471 691
4590 -1195 -1757 -2400
-242 -159 -1325 555
4407 -1029 -1508 -2579
-350 -91 -1209 444
4200 -886 -1228 -2770
-431 6 -1012 332
516 -739 2163 -1302
853 -1554 -336 -1336
487 -688 2225 -1352
871 -1523 -323 -1357
470 -660 2270 -1396
855 -1487 -293 -1380
415 -618 2331 -1435
828 -1487 -283 -1390
-877 -2477 -988 -2001
721 -849 1574 1001
-890 -2480 -969 -2013
718 -846 1583 989
-880 -2453 -984 -2033
706 -821 1577 987
-874 -2437 -967 -2059
688 -830 1577 990
-1214 -138 20 -538
-214 820 -350 -1300
-1245 -162 26 -545
-251 807 -332 -1301
-1246 -146 30 -517
-259 801 -304 -1297
-1274 -169 39 -525
-267 804 -317 -1282
-1035 -770 -1485 -165
1562 239 -515 -467
-1038 -761 -1465 -144
1557 233 -507 -443
-1051 -786 -1443 -152
1535 221 -465 -450
-1083 -809 -1422 -133
1546 215 -479 -431
-1111 313 1126 -156
-644 400 -1255 -211
-1120 307 1147 -150
-656 382 -1245 -201
-1125 297 1158 -140
-669 371 -1235 -191
-1115 286 1145 -133
-687 351 -1212 -178
480 113 -98 -66
479 -149 101 -705
493 113 -94 -49
486 -159 96 -684
466 110 -87 -63
475 -149 119 -695
447 106 -78 -43
453 -161 111 -673
272 -119 -439 483
321 120 146 -240
250 -111 -427 469
346 113 123 -246
257 -109 -426 467
342 134 140 -253
232 -105 -419 459
345 151 151 -260
-338 77 -360 186
785 -186 276 122
-337 111 -358 183
810 -172 263 103
-335 97 -363 167
833 -184 250 117
-308 98 -371 178
824 -168 252 93
-665 -358 353 352
312 821 714 583
-636 -370 339 338
325 799 728 611
-637 -367 328 342
335 806 711 599
-613 -378 310 330
334 783 707 598
-23 752 -297 9
155 668 -614 439
-6 720 -315 21
155 655 -617 441
10 719 -333 34
157 646 -619 448
6 719 -315 39
163 648 -636 482
-63 -45 428 479
-1106 -20 152 184
-75 -52 424 505
-1102 -38 142 216
-58 -58 417 499
-1110 -28 144 215
-81 -66 385 492
-1112 -46 144 218
72 -117 -1268 -129
478 -570 168 -20
86 -112 -1282 -107
446 -585 175 -13
72 -113 -1261 -109
457 -563 196 -10
55 -114 -1272 -119
427 -577 197 0
-84 -47 -255 -553
478 -220 410 232
-113 -55 -234 -544
492 -213 433 236
-106 -35 -217 -567
470 -214 437 217
-136 -39 -199 -563
456 -203 463 216
457 183 -2 84
-499 451 42 -636
455 190 27 93
-489 462 40 -657
444 211 25 75
-502 472 73 -638
449 209 43 56
-498 473 70 -654
-186 648 245 448
81 -6 -378 -93
-198 679 247 422
77 11 -371 -122
-177 669 236 405
74 -4 -360 -118
-180 669 271 422
76 13 -357 -122
504 695 -808 900
44 160 483 -174
510 715 -796 871
58 174 450 -195
505 708 -813 877
72 170 453 -190
542 717 -813 857
71 188 434 -177
-595 -503 149 -164
530 -908 -386 -908
-597 -503 115 -167
555 -924 -385 -922
-593 -504 113 -176
536 -904 -408 -912
-598 -504 122 -174
555 -894 -405 -926
365 -405 465 -695
153 306 -221 91
370 -391 445 -699
147 289 -214 91
349 -380 458 -701
146 300 -215 88
362 -373 471 -698
128 306 -234 86
489 189 -201 786
-71 -189 211 100
501 205 -202 787
-82 -201 212 99
513 192 -206 802
-61 -212 209 96
491 201 -197 814
-73 -213 209 128
7 194 -176 -583
-21 446 104 -243
22 164 -172 -569
-34 446 122 -221
1 133 -187 -556
-31 446 104 -203
15 141 -180 -553
-19 415 120 -205
564 280 609 -195
391 -187 -143 461
555 280 595 -181
375 -168 -121 459
553 280 621 -169
352 -183 -129 464
541 273 619 -191
366 -170 -109 468
151 130 -500 349
-27 950 581 -99
175 148 -498 345
-58 952 584 -95
171 135 -492 341
-53 933 577 -95
161 146 -480 344
-38 931 601 -86
-513 373 -315 74
-227 -298 949 -393
-518 371 -299 91
-232 -290 952 -398
-530 362 -311 73
-236 -315 957 -396
-514 324 -329 100
-237 -302 970 -378
2 329 162 -191
231 -908 -530 -479
-15 322 194 -188
214 -892 -503 -466
-38 322 196 -192
168 -882 -470 -487
-22 314 189 -187
153 -896 -471 -473
-314 -106 -371 547
-144 -37 -496 -267
-352 -112 -360 548
-157 -32 -465 -255
-377 -87 -330 549
-166 -31 -444 -268
-378 -104 -327 519
-189 -28 -440 -256
586 72 212 158
0 -370 -363 -448
574 55 229 150
-23 -399 -350 -436
566 75 242 140
-9 -404 -348 -456
556 72 260 161
-30 -404 -338 -456
277 564 190 708
-227 -195 860 53
280 561 197 719
-213 -209 882 55
275 547 180 711
-239 -227 884 62
253 546 189 728
-231 -240 871 65
541 309 312 -537
304 743 -655 81
522 299 311 -525
300 706 -641 113
547 265 332 -511
288 692 -654 104
531 259 334 -504
289 689 -647 129
-44 -256 -352 143
-716 255 -577 103
-55 -276 -335 142
-707 250 -574 131
-68 -286 -315 177
-726 245 -570 124
-47 -311 -304 184
-725 218 -558 155
-312 145 620 326
793 -41 235 607
-299 145 634 362
789 -40 258 603
-318 138 616 368
785 -40 246 603
-312 138 636 362
787 -36 267 598
88 -243 146 -409
-346 -298 23 -851
89 -256 147 -423
-350 -292 29 -856
92 -232 152 -414
-354 -289 38 -859
96 -244 148 -428
-356 -312 44 -863
-181 655 -1038 293
-1164 328 -578 418
-196 651 -1049 287
-1161 352 -579 427
-174 647 -1035 281
-1161 336 -575 413
-186 672 -1050 261
-1132 358 -580 426
-390 39 -1199 508
-387 -870 378 161
-366 35 -1213 492
-377 -876 366 148
-365 41 -1226 506
-344 -881 314 133
-349 67 -1232 490
-348 -868 312 130
476 225 -75 -803
-710 -384 741 -152
490 224 -100 -813
-710 -363 716 -137
508 227 -117 -828
-678 -380 690 -149
526 238 -111 -804
-675 -367 697 -168
100 -57 229 48
143 125 -424 101
109 -58 226 49
162 124 -421 96
113 -55 203 45
168 123 -443 91
122 -56 201 49
157 129 -437 83
-378 -133 -505 206
109 413 -995 -162
-375 -147 -529 210
121 426 -995 -185
-372 -136 -517 212
103 419 -994 -170
-361 -130 -519 183
112 424 -999 -184
127 -319 693 640
-347 -327 -257 -540
134 -334 688 637
-340 -321 -275 -522
143 -313 678 620
-331 -321 -293 -530
147 -317 679 651
-328 -322 -306 -544
53 720 305 -187
214 -259 586 -382
82 704 303 -185
236 -273 579 -392
70 718 279 -183
228 -267 574 -397
95 704 280 -179
249 -284 570 -405
-78 -139 -84 -454
-3 430 -82 431
-75 -140 -87 -474
-1 422 -87 407
-98 -144 -92 -452
3 417 -100 413
-93 -154 -94 -468
10 416 -107 422
-22 114 -21 263
-182 41 -36 236
6 109 -24 275
-175 42 -22 238
9 106 -28 286
-173 15 -44 245
0 93 -58 269
-137 13 -39 252
10 67 848 150
421 -22 -523 257
24 36 844 153
422 -26 -524 248
38 35 843 145
433 -21 -527 273
48 45 849 172
439 -27 -530 268
-869 177 -281 -579
83 295 163 -69
-864 174 -275 -566
91 313 175 -69
-863 166 -300 -587
96 308 160 -67
-858 159 -297 -574
96 309 147 -35
-697 -699 -1020 -120
-529 724 -93 175
-695 -721 -1012 -106
-528 711 -83 176
-696 -720 -1035 -133
-534 725 -98 182
-698 -716 -1026 -131
-541 708 -84 193
116 317 -129 21
328 -172 193 -232
125 316 -117 21
319 -161 180 -215
120 313 -131 27
314 -186 203 -222
94 285 -114 33
314 -169 214 -215
-659 726 -685 212
476 500 33 371
-685 725 -694 235
470 492 17 382
-679 721 -678 224
466 516 37 389
-703 718 -661 215
440 506 50 371
394 -653 346 121
-374 538 -425 557
374 -676 352 130
-385 527 -411 555
368 -669 385 142
-400 550 -428 555
357 -671 377 121
-380 528 -423 541
-206 -368 -311 -713
-339 84 -386 45
-212 -351 -308 -717
-381 134 -364 34
-221 -337 -305 -750
-427 164 -391 1
-232 -352 -293 -748
-477 185 -364 -14
185 291 92 79
466 229 668 -274
84 387 149 19
306 371 796 -385
-13 459 211 -30
112 525 941 -510
-140 541 300 -101
-104 714 1123 -643
19293 -5097 -89 -636
-5371 -805 -3317 8707
19084 -4903 82 -814
-5594 -601 -3084 8493
18817 -4674 310 -1007
-5823 -359 -2852 8240
18577 -4452 576 -1195
-6036 -147 -2583 8033
4076 -1718 -2309 -3235
235 -982 -942 2160
3937 -1577 -2153 -3422
198 -903 -827 2035
3776 -1419 -1949 -3622
109 -808 -739 1942
3609 -1264 -1736 -3787
20 -728 -592 1820
1235 -87 1117 -2367
186 -1396 -760 -612
1203 -50 1146 -2411
187 -1364 -753 -648
1205 -11 1188 -2484
179 -1345 -736 -704
1170 23 1263 -2521
168 -1320 -719 -736
-1067 -2059 571 -1466
-53 -861 358 490
-1073 -2035 569 -1493
-51 -872 344 486
-1060 -2013 575 -1520
-86 -859 348 485
-1055 -1996 586 -1547
-96 -857 357 458
-708 896 -681 -535
132 915 -310 -960
-715 896 -680 -531
72 927 -291 -958
-753 895 -680 -518
61 905 -255 -947
-752 877 -650 -532
39 889 -247 -910
-617 -369 -304 -309
29 556 -1263 -449
-652 -378 -266 -310
7 540 -1227 -434
-689 -380 -260 -287
-24 529 -1220 -422
-693 -415 -225 -260
-43 511 -1186 -413
-40 -718 73 361
126 515 -444 -176
-68 -725 88 390
67 496 -438 -173
-90 -744 135 390
55 478 -412 -164
-119 -763 148 426
35 469 -386 -128
16 -222 175 -333
-618 26 -518 -128
-5 -232 215 -320
-642 23 -476 -128
-26 -242 225 -307
-645 22 -468 -128
-39 -253 264 -298
-678 29 -457 -103
684 -28 -524 -195
404 -383 -215 54
652 -43 -527 -185
378 -401 -175 68
658 -51 -497 -179
371 -395 -163 49
639 -36 -473 -178
337 -415 -156 72
402 -517 -555 -617
306 391 693 -282
416 -521 -548 -622
271 372 700 -272
397 -528 -528 -617
264 381 704 -262
374 -535 -518 -622
266 368 738 -254
-1082 -301 -224 -471
766 -79 -595 -16
-1077 -286 -224 -460
779 -85 -610 -38
-1083 -306 -215 -436
763 -82 -587 -33
-1091 -308 -206 -455
753 -118 -567 -14
-731 -157 589 -251
-223 -518 -36 -422
-743 -161 580 -244
-248 -526 -15 -408
-770 -157 593 -243
-241 -534 -39 -428
-769 -185 602 -242
-231 -536 -29 -426
169 -603 329 -431
186 522 899 389
135 -620 314 -420
173 538 912 392
144 -612 325 -443
191 516 893 378
150 -603 334 -440
185 523 907 387
-399 233 -480 499
12 -515 -649 -339
-413 230 -466 494
-8 -508 -632 -371
-435 254 -473 484
-24 -497 -617 -362
-440 256 -465 510
-32 -484 -611 -366
266 -642 335 -720
-222 -289 103 -656
242 -646 370 -749
-245 -282 109 -684
213 -613 372 -755
-269 -252 118 -713
215 -613 368 -755
-291 -241 131 -717
817 -203 -146 1440
198 -241 -479 -300
813 -197 -123 1393
200 -198 -469 -299
810 -187 -99 1386
175 -189 -458 -326
797 -144 -106 1366
180 -184 -416 -346
-384 220 -21 182
263 117 331 552
-389 222 -10 168
232 142 363 544
-385 250 -9 146
230 128 359 549
-407 251 32 129
224 148 351 543
413 470 -655 -14
-70 656 250 -29
394 478 -641 -35
-38 646 265 -31
399 466 -655 -26
-44 647 264 -46
383 482 -638 -16
-50 640 255 -51
-249 -459 -266 -4
404 -337 341 -127
-238 -448 -252 1
399 -318 338 -116
-233 -438 -270 -28
397 -304 337 -135
-222 -427 -259 -24
394 -326 336 -145
-38 -441 443 135
-49 306 418 -39
-39 -431 454 143
-60 303 413 -37
-44 -432 437 127
-66 302 410 -31
-12 -419 441 131
-48 297 409 -60
-25 -26 -236 -640
-527 -377 92 -346
-23 -29 -220 -613
-527 -385 97 -362
-29 -43 -235 -615
-538 -386 107 -345
-22 -23 -214 -623
-552 -404 87 -347
830 690 -668 -507
315 -10 39 508
828 695 -684 -492
298 -16 30 512
801 665 -665 -504
292 -24 42 515
811 670 -654 -489
300 -4 26 519
-24 -547 -54 -139
-368 54 102 119
-17 -561 -64 -149
-365 52 93 102
-9 -539 -76 -132
-326 86 112 114
-39 -559 -70 -131
-328 83 104 101
-51 -93 -452 -666
-425 -30 169 -211
-35 -106 -460 -672
-424 -49 157 -200
-20 -85 -461 -682
-421 -42 148 -218
-38 -98 -462 -689
-383 -33 154 -212
-800 48 -340 259
-609 -98 -54 307
-773 43 -335 266
-588 -107 -63 308
-784 56 -354 251
-595 -119 -69 323
-760 48 -346 266
-598 -100 -73 323
-239 538 -543 -304
-262 -564 -765 -742
-247 526 -534 -305
-255 -579 -773 -743
-248 547 -534 -308
-238 -574 -789 -740
-228 536 -569 -300
-236 -599 -794 -740
-102 -90 219 527
-398 -213 -206 -262
-96 -79 227 502
-408 -238 -199 -261
-62 -93 198 522
-400 -229 -213 -271
-57 -84 206 532
-379 -245 -210 -240
-921 -406 114 -493
-233 171 -129 -44
-916 -418 94 -492
-220 171 -124 -23
-907 -425 115 -489
-248 170 -144 -35
-907 -390 104 -474
-236 168 -140 -44
334 -764 239 17
512 389 -186 -188
303 -760 246 39
493 391 -181 -165
309 -759 277 30
486 392 -144 -169
282 -761 282 23
474 390 -147 -172
-208 -191 -405 -613
-587 261 -311 887
-223 -171 -390 -607
-579 259 -297 894
-237 -185 -377 -630
-596 255 -281 870
-249 -167 -366 -629
-587 257 -268 881
-9 -546 -938 -477
-331 169 193 -395
-3 -548 -917 -470
-320 164 189 -380
-2 -516 -935 -471
-340 179 190 -390
5 -528 -917 -494
-335 181 186 -376
-19 -42 463 171
-264 -101 -342 -229
-27 -34 463 177
-283 -91 -350 -227
-2 -26 455 190
-262 -87 -328 -253
-12 3 458 161
-280 -77 -336 -244
-181 199 -720 552
23 -795 -724 -360
-202 191 -700 551
30 -805 -730 -376
-202 208 -708 553
30 -784 -728 -361
-196 220 -692 525
35 -801 -699 -364
190 438 124 -105
-137 481 237 695
168 436 112 -102
-136 495 252 689
186 425 126 -92
-116 485 239 717
168 424 146 -88
-118 501 256 709
-333 -25 -4 185
1145 756 517 52
-343 -20 -28 190
1140 761 508 60
-324 -10 -15 186
1137 770 505 63
-332 1 -6 188
1108 751 500 43
439 -161 127 80
-240 18 129 991
429 -170 134 81
-243 39 126 996
413 -146 111 72
-247 52 125 978
410 -127 107 29
-251 65 122 965
89 571 804 477
753 -458 61 964
84 613 808 476
734 -439 60 918
104 612 809 454
755 -421 89 904
97 644 817 427
738 -398 88 894
468 -22 181 186
-250 -71 -75 -718
435 -13 184 154
-258 -67 -57 -732
436 -28 185 158
-252 -53 -66 -729
450 -14 208 128
-270 -44 -74 -750
492 -50 147 522
-92 180 -103 -488
497 -52 131 529
-94 175 -88 -507
478 -57 159 536
-101 173 -110 -495
482 -67 149 517
-102 166 -93 -512
408 -292 -287 -80
27 -110 407 -348
425 -267 -265 -99
28 -100 397 -340
400 -268 -264 -86
33 -117 416 -338
408 -275 -272 -100
24 -101 415 -338
-318 -178 -188 162
-191 388 -274 183
-327 -177 -207 177
-195 374 -273 165
-328 -176 -197 183
-198 400 -274 172
-336 -161 -180 167
-189 392 -248 198
138 112 -138 -279
-553 -7 -337 -94
148 107 -117 -282
-551 -2 -348 -114
120 128 -121 -284
-534 8 -337 -98
124 125 -132 -289
-567 8 -342 -118
533 287 394 478
-200 68 -83 252
524 291 409 484
-179 82 -78 251
544 286 386 461
-169 92 -96 254
537 288 396 472
-177 62 -91 234
-297 116 241 -213
-4 -64 -331 82
-322 135 222 -219
-29 -74 -313 100
-308 121 233 -218
-31 -88 -324 114
-293 124 234 -196
-27 -106 -307 96
288 120 73 278
138 79 -332 -476
274 110 57 274
152 62 -336 -481
253 105 53 300
134 59 -332 -463
274 60 67 307
148 25 -336 -444
-536 310 90 -49
-642 99 -1358 339
-548 298 85 -13
-653 76 -1355 351
-548 282 105 -11
-626 78 -1365 362
-533 279 102 9
-640 60 -1354 371
-286 230 54 -84
759 207 32 116
-282 225 64 -93
772 201 32 122
-285 223 49 -64
781 166 4 131
-257 219 57 -76
791 161 12 137
172 -36 -58 166
-153 263 17 -706
193 -48 -49 173
-147 260 2 -691
205 -29 -63 169
-149 252 -3 -669
186 -37 -73 175
-150 241 -13 -684
434 -203 -683 -360
534 -150 879 -108
445 -193 -687 -371
516 -124 913 -126
424 -182 -685 -352
502 -106 902 -110
405 -207 -684 -355
478 -87 903 -133
-561 514 39 480
-510 495 133 -1167
-632 587 97 410
-638 650 240 -1294
-719 672 168 372
-786 791 364 -1403
-822 768 222 326
-965 966 490 -1545
13597 -6517 -202 20
-9634 1646 -9398 9157
13433 -6298 -60 -153
-9796 1826 -9254 8941
13271 -6096 133 -371
-9956 2054 -9078 8745
13083 -5853 322 -558
-10114 2237 -8872 8513
1856 -1279 -1255 -2603
139 -277 -428 4419
1782 -1143 -1142 -2810
113 -220 -372 4299
1696 -1004 -1014 -2976
53 -148 -299 4209
1578 -856 -849 -3137
-17 -77 -215 4131
-34 -1543 -967 -4312
309 -1225 -904 -790
-81 -1499 -954 -4378
294 -1223 -900 -803
-89 -1472 -927 -4418
272 -1194 -887 -823
-135 -1448 -882 -4452
260 -1189 -855 -843
-798 -976 563 -1170
-50 65 -331 1034
-809 -976 573 -1189
-63 67 -347 1027
-827 -978 593 -1210
-72 66 -327 1030
-862 -952 585 -1244
-111 82 -298 1001
-967 396 -1246 355
572 -103 214 -1556
-980 401 -1221 343
536 -123 252 -1533
-1026 379 -1192 338
505 -139 288 -1517
-1043 383 -1180 339
473 -124 326 -1504
-283 -844 -1645 320
-1347 381 -376 -650
-301 -836 -1612 330
-1378 386 -346 -621
-343 -856 -1579 340
-1409 391 -321 -634
-381 -852 -1553 358
-1438 363 -302 -630
-424 -617 -275 -356
-308 -148 430 1356
-432 -615 -252 -352
-316 -133 447 1361
-469 -617 -229 -346
-355 -146 462 1373
-472 -618 -215 -350
-358 -160 475 1385
401 653 -934 -188
513 -934 -233 138
373 633 -917 -169
475 -951 -203 165
362 624 -883 -160
469 -975 -183 160
345 620 -878 -157
463 -957 -164 174
15 190 -3 -436
923 -880 962 -686
4 182 -10 -416
917 -907 986 -662
1 151 14 -394
901 -902 984 -656
-8 151 38 -374
901 -926 1007 -640
-459 184 158 290
-417 339 -662 -638
-450 161 144 296
-411 325 -663 -629
-463 139 165 309
-397 312 -676 -626
-452 145 151 311
-418 307 -673 -587
-87 249 324 167
144 700 318 1209
-85 243 329 184
178 703 336 1240
-89 240 298 198
177 670 327 1247
-82 202 294 214
177 648 314 1276
20 449 701 -76
349 365 -287 137
20 415 698 -50
325 338 -279 163
25 384 693 -27
337 305 -278 192
31 358 686 -12
347 281 -279 217
348 134 -75 -1078
130 649 -75 329
352 120 -52 -1078
114 642 -69 344
350 84 -53 -1048
129 635 -63 350
316 80 -50 -1026
113 629 -59 362
-658 -36 -1068 -2
-39 -455 295 -149
-675 -58 -1073 -2
-35 -438 271 -130
-672 -39 -1073 22
-32 -461 289 -129
-657 -57 -1056 21
-40 -455 276 -138
-158 -443 -105 -30
-528 -303 -1106 258
-136 -448 -111 -19
-533 -300 -1095 246
-138 -460 -114 -8
-540 -322 -1121 270
-147 -468 -110 9
-547 -323 -1115 261
-488 52 -77 -605
941 217 658 -421
-518 63 -79 -606
922 209 687 -419
-516 44 -86 -613
931 210 690 -399
-511 39 -66 -584
913 210 694 -414
-722 78 -574 878
471 731 -528 263
-756 53 -553 871
447 738 -528 267
-762 65 -525 886
448 718 -522 278
-780 38 -534 880
431 729 -484 279
156 311 -452 455
-963 662 -673 -433
146 299 -444 461
-965 635 -663 -411
142 295 -401 458
-982 638 -679 -427
137 284 -397 465
-960 622 -674 -410
531 57 57 486
-899 -490 292 -418
557 38 35 513
-877 -485 272 -437
552 31 53 518
-883 -516 278 -408
573 35 41 511
-877 -521 266 -415
210 -3 43 280
38 384 555 -728
208 -5 22 276
43 357 550 -718
211 -26 26 301
24 365 576 -724
185 -31 44 304
30 342 561 -714
930 -581 -383 -754
-515 447 -312 41
903 -588 -390 -756
-519 441 -303 39
922 -558 -382 -731
-526 469 -294 35
913 -568 -366 -736
-527 459 -294 36
-18 558 166 157
163 175 136 108
-20 556 173 159
146 192 133 89
-26 577 184 134
142 194 156 55
-65 595 168 137
160 205 142 81
151 106 -433 158
141 246 104 8
144 105 -409 140
171 277 104 -29
166 121 -426 131
164 278 84 -20
152 149 -427 147
191 265 87 -37
280 -22 -1 -259
69 -133 830 390
285 8 8 -273
76 -125 815 381
314 9 -20 -290
79 -89 813 365
318 13 -10 -272
112 -84 798 354
19 138 186 -296
-199 -72 -36 -313
-1 144 184 -307
-189 -44 -45 -337
8 146 181 -310
-182 -20 -47 -360
15 148 187 -316
-174 -29 -48 -378
-225 -453 -146 578
-45 288 -304 45
-215 -458 -152 549
-28 285 -311 59
-204 -423 -159 547
-8 307 -320 42
-195 -419 -165 545
6 303 -329 21
54 369 376 796
-94 -398 -193 72
70 361 379 788
-83 -401 -199 70
79 378 353 789
-67 -408 -202 79
94 362 357 755
-96 -410 -228 82
-363 8 -697 -839
-165 43 -67 -486
-356 8 -689 -833
-172 36 -55 -475
-351 -20 -712 -822
-163 38 -71 -477
-347 -15 -708 -819
-177 34 -55 -473
68 -111 213 555
156 -106 -382 -331
87 -127 204 577
143 -120 -387 -338
73 -115 209 564
155 -106 -397 -339
57 -137 208 558
154 -116 -380 -347
-415 -327 12 254
464 -50 216 -387
-428 -336 4 259
454 -54 196 -406
-439 -322 35 271
455 -52 202 -389
-426 -337 21 247
453 -56 219 -408
362 -62 -561 -50
238 67 956 247
352 -73 -528 -45
239 63 972 273
343 -79 -533 -43
231 59 962 267
326 -86 -535 -40
230 51 986 263
-291 239 -710 -560
902 -514 142 -109
-313 227 -703 -543
892 -524 155 -81
-338 212 -693 -556
884 -544 167 -80
-318 210 -664 -542
867 -530 154 -89
-352 376 645 103
-307 -234 77 15
-353 348 650 88
-297 -238 71 24
-352 362 653 99
-284 -250 64 7
-356 363 661 89
-303 -227 63 19
54 -388 -35 60
-362 40 159 -95
68 -379 -23 60
-341 36 132 -109
69 -375 -41 65
-343 35 137 -92
93 -368 -42 74
-322 31 103 -105
-226 161 369 365
7 32 498 214
-225 139 370 363
-9 40 512 205
-214 154 361 383
-5 14 492 204
-211 136 363 379
9 22 501 191
1083 442 -187 227
-271 412 204 -150
1084 428 -212 212
-296 404 240 -156
1069 420 -197 223
-290 406 232 -136
1088 444 -195 231
-290 395 232 -139
-517 89 -669 33
367 -892 259 -466
-515 90 -661 46
346 -873 284 -471
-548 93 -676 56
345 -882 274 -472
-551 93 -660 70
354 -898 298 -468
-329 -674 215 -710
232 -36 -417 -316
-350 -682 193 -702
200 -44 -405 -325
-366 -658 210 -705
202 -50 -399 -330
-349 -671 218 -700
209 -51 -391 -313
-490 -460 -199 28
-104 -534 131 -243
-502 -460 -180 40
-138 -544 124 -216
-520 -462 -157 23
-141 -557 148 -215
-513 -457 -168 28
-155 -571 152 -217
347 -758 -580 -783
-137 200 -914 87
364 -773 -586 -785
-150 186 -893 97
357 -789 -555 -788
-162 200 -881 103
315 -763 -545 -771
-169 175 -878 85
-259 442 198 279
582 -554 542 -478
-249 435 197 256
585 -579 526 -490
-274 432 201 272
597 -566 536 -477
-269 439 198 276
596 -557 526 -501
32 -767 -677 42
-266 -517 8 -316
41 -762 -676 22
-249 -514 0 -326
49 -721 -677 30
-264 -511 -2 -334
28 -718 -670 16
-249 -483 -16 -347
147 550 -63 84
-1011 -36 477 82
155 536 -59 83
-994 -46 480 82
166 559 -61 76
-980 -40 482 56
177 544 -56 84
-1003 -52 466 57
148 118 -394 -639
329 64 245 -132
156 108 -403 -652
330 80 236 -154
161 126 -412 -624
340 93 253 -139
172 110 -427 -634
316 84 245 -127
668 92 387 -31
300 -225 896 620
660 90 410 -43
314 -221 901 612
657 95 398 -25
324 -220 875 604
649 93 380 -45
316 -216 884 597
-728 -83 91 36
602 28 637 -5
-705 -108 108 32
609 38 630 11
-692 -91 98 51
610 40 629 -1
-702 -81 81 42
624 37 617 -9
127 -76 119 165
63 130 175 161
132 -70 109 161
85 118 172 151
144 -66 127 160
82 147 169 165
152 -51 112 186
78 138 168 152
193 -154 457 -458
-290 -409 -32 58
212 -171 486 -457
-287 -400 -28 68
198 -154 482 -459
-280 -406 -32 56
186 -169 479 -461
-278 -397 -35 65
44 101 -5 -252
-560 850 145 24
39 75 -15 -264
-567 886 162 19
37 87 -27 -248
-569 913 142 23
40 86 -9 -262
-608 919 162 28
118 102 -93 -360
284 868 719 -209
65 173 -60 -398
183 989 786 -325
-4 241 -16 -465
80 1117 902 -417
-65 327 46 -521
-53 1264 969 -533
7919 -8901 725 -1122
-8295 5744 -12599 9705
7841 -8765 827 -1284
-8402 5892 -12513 9553
7694 -8578 961 -1443
-8489 6047 -12415 9374
7582 -8401 1116 -1618
-8566 6189 -12286 9206
-1190 554 622 -649
-815 1437 -651 5142
-1207 603 696 -775
-819 1478 -648 5083
-1248 691 746 -873
-793 1478 -631 5033
-1300 796 806 -1009
-827 1518 -618 4986
1578 -1874 -419 -2632
449 -419 585 -1009
1595 -1858 -457 -2624
442 -417 603 -1009
1585 -1868 -464 -2636
433 -412 587 -1019
1577 -1836 -463 -2635
460 -372 591 -1029
-626 966 574 -117
-98 -431 -845 2215
-642 1002 587 -108
-110 -438 -832 2213
-632 1012 605 -144
-133 -420 -808 2181
-663 1015 608 -168
-149 -403 -790 2146
1147 -280 312 536
-960 132 -104 -1168
1124 -264 318 524
-979 116 -82 -1183
1104 -251 359 524
-1016 135 -31 -1173
1088 -242 363 497
-1026 125 -14 -1190
-540 -169 -489 341
503 283 312 -741
-547 -172 -460 348
498 264 313 -752
-547 -181 -444 359
499 258 309 -738
-558 -198 -449 340
499 216 307 -715
-292 310 -131 1001
-759 407 118 428
-301 284 -124 1026
-750 382 103 452
-279 252 -124 1019
-732 365 122 475
-282 227 -124 1036
-726 315 104 498
15 580 882 370
259 -1003 -1055 -812
0 551 888 416
252 -1015 -1072 -758
4 521 862 432
246 -1066 -1051 -730
-11 485 874 466
255 -1071 -1049 -726
-451 82 -57 -397
582 316 -16 206
-462 74 -64 -384
589 291 -7 238
-471 51 -42 -349
564 269 5 223
-483 47 -55 -344
572 253 12 249
-417 -27 -51 17
499 269 221 -586
-408 -39 -55 46
479 271 241 -567
-422 -50 -32 42
466 270 255 -583
-444 -63 -33 37
485 280 264 -569
-779 135 -178 562
289 938 -329 1089
-817 118 -178 588
269 966 -321 1095
-817 124 -159 580
253 951 -313 1086
-834 101 -156 576
241 940 -272 1071
13 577 774 599
-338 2 -1122 352
2 585 808 594
-369 24 -1099 354
-42 604 816 616
-363 10 -1090 331
-43 587 848 612
-386 33 -1078 328
582 281 372 -403
-408 -373 224 -61
558 300 393 -416
-418 -377 239 -57
538 296 417 -434
-435 -355 224 -98
548 329 428 -421
-448 -328 245 -103
48 -176 -652 724
74 -613 -776 670
63 -176 -651 703
77 -600 -773 641
46 -150 -641 687
49 -591 -773 619
29 -122 -634 671
64 -556 -751 595
-390 449 -23 733
137 -445 -230 64
-373 466 -24 713
139 -429 -225 55
-384 484 -28 697
144 -442 -228 48
-370 503 -32 686
143 -423 -222 35
10 157 852 -69
64 -651 356 -525
17 149 835 -66
40 -665 344 -514
26 148 819 -69
48 -671 331 -510
27 150 807 -70
66 -647 348 -512
-481 -240 -873 -168
-109 -321 96 184
-471 -241 -881 -143
-105 -322 97 186
-465 -245 -885 -152
-103 -323 100 187
-455 -251 -893 -154
-96 -319 102 185
-263 12 -106 360
206 119 198 -241
-267 -15 -103 376
223 134 186 -242
-272 -11 -101 390
206 119 180 -234
-245 -14 -103 371
218 106 174 -227
336 -419 1050 -286
-22 286 -50 -25
341 -424 1045 -276
-7 267 -66 -40
352 -428 1067 -273
-10 285 -53 -31
357 -433 1066 -272
-25 279 -63 -20
-327 -392 -415 -455
105 371 -643 176
-323 -378 -415 -445
133 372 -618 167
-313 -364 -427 -432
124 375 -624 160
-294 -391 -407 -452
116 387 -633 175
-147 -271 809 197
98 -719 329 108
-144 -249 806 179
92 -723 315 95
-146 -225 801 160
95 -696 333 79
-145 -229 795 142
89 -670 322 56
-236 162 -380 314
386 7 288 494
-246 177 -384 285
376 21 278 477
-258 188 -391 264
378 39 296 463
-227 198 -375 243
374 52 286 449
-825 164 615 -775
228 -1047 -347 -758
-837 173 613 -773
230 -1038 -334 -781
-841 176 605 -800
228 -1039 -350 -801
-819 183 596 -796
225 -1034 -360 -793
-329 -1 -479 620
419 48 -83 -459
-330 -2 -481 585
425 69 -102 -477
-336 23 -480 582
442 63 -92 -456
-341 23 -483 583
422 52 -109 -472
-794 179 -501 172
-1082 19 -573 416
-814 199 -495 175
-1104 21 -583 429
-802 192 -497 177
-1102 24 -589 434
-789 182 -504 178
-1099 0 -595 444
47 47 98 183
319 -183 291 480
66 36 100 184
318 -195 275 510
77 39 109 212
326 -214 290 508
57 32 93 202
331 -225 265 539
-15 -171 549 -1068
207 496 -123 -164
-25 -183 552 -1060
195 489 -113 -141
-35 -224 555 -1050
182 484 -103 -129
-13 -222 552 -1021
196 481 -91 -114
575 -59 -86 39
-716 564 -118 52
573 -70 -105 63
-702 576 -114 69
577 -76 -96 82
-720 552 -107 60
583 -89 -81 104
-707 532 -105 84
-136 705 -29 -190
-529 170 -678 455
-115 679 -40 -185
-508 160 -700 452
-129 684 -50 -188
-516 148 -696 457
-110 697 -56 -167
-532 131 -713 463
820 -340 881 -64
246 -582 165 -77
812 -317 866 -48
249 -592 165 -90
814 -335 874 -54
225 -592 164 -79
803 -345 859 -29
240 -594 190 -68
193 371 -71 96
444 -268 671 323
195 373 -65 105
413 -272 709 362
176 345 -65 83
412 -275 705 365
184 352 -65 85
402 -310 715 376
-63 -162 -500 -537
772 -794 -166 -637
-98 -184 -501 -524
756 -793 -183 -622
-110 -168 -499 -517
749 -804 -164 -636
-114 -178 -465 -515
744 -798 -150 -631
-152 -128 125 526
-431 579 -475 127
-156 -134 159 519
-433 586 -458 117
-160 -149 156 521
-411 570 -474 142
-172 -127 159 508
-414 580 -455 135
-144 298 553 -564
272 -549 99 223
-123 270 555 -565
277 -544 78 222
-150 285 544 -550
288 -570 85 229
-130 288 548 -560
297 -568 62 239
-366 -576 237 -752
97 236 -272 -559
-384 -581 218 -749
80 253 -295 -544
-367 -587 224 -753
100 239 -288 -527
-358 -593 202 -748
76 215 -300 -538
203 312 -399 252
-434 126 29 197
219 307 -410 263
-445 143 29 198
207 304 -414 270
-420 132 18 205
231 296 -399 279
-431 115 18 215
-683 64 -317 -652
-77 -465 -428 203
-675 64 -310 -648
-49 -446 -450 203
-679 66 -325 -650
-60 -457 -461 207
-648 77 -320 -626
-34 -443 -444 206
-50 -370 190 -14
99 396 -93 -684
-42 -378 161 -10
116 391 -131 -683
-32 -355 160 -15
114 388 -138 -677
-21 -374 162 -4
139 389 -149 -646
