0 0 0 0
-65 -80 27 34
0 0 0 0
-73 -99 25 34
-12 -17 0 0
-79 -117 22 33
-11 -17 0 0
-74 -119 21 34
-335 -412 167 205
-1511 -1869 663 814
-360 -488 180 242
-1613 -2207 721 983
-378 -568 174 261
-1655 -2511 738 1120
-381 -632 184 301
-1657 -2786 743 1250
4113 6071 12956 16229
3549 2627 -2096 -2371
4477 6136 11849 16075
3597 2649 -2249 -2434
4793 6241 10741 15865
3593 2704 -2313 -2486
5023 6380 9682 15600
3542 2782 -2337 -2594
2369 2734 -2 274
219 539 1525 1843
2348 2767 8 238
187 529 1548 1823
2277 2767 43 202
191 558 1585 1805
2220 2798 111 174
193 560 1637 1804
21 -2270 687 190
-413 -294 66 -64
48 -2275 658 164
-360 -309 17 -77
67 -2255 638 175
-349 -320 -23 -53
113 -2270 623 161
-317 -330 -48 -58
35 71 -85 -160
8 15 -16 -33
33 92 -83 -207
8 19 -15 -44
31 113 -81 -262
7 25 -15 -53
22 134 -63 -319
5 29 -11 -66
1 2 -3 -6
0 0 0 0
1 2 -3 -8
0 0 0 -1
1 3 -3 -9
0 0 0 -1
1 3 -3 -11
0 0 0 -1
0 0 0 0
0 0 0 0
0 0 0 0
0 0 0 0
0 0 0 0
0 0 0 0
0 0 0 0
0 0 0 0
0 0 0 0
0 0 0 0
0 0 0 0
0 0 0 0
0 0 0 0
0 0 0 0
0 0 0 0
0 0 0 0
0 0 0 0
3 0 -1 0
0 0 0 0
4 0 -1 0
1 0 0 0
5 1 -2 0
0 0 0 0
4 1 -1 0
22 2 -8 0
212 14 -59 -5
29 3 -11 -1
220 26 -96 -9
35 6 -13 -2
221 20 -117 -15
29 6 -11 -2
226 27 -87 -18
886 34 -450 -2
2755 69 -1580 -63
945 70 -488 -50
2828 132 -1640 -103
944 116 -507 -79
2878 217 -1671 -167
963 150 -483 -95
2871 327 -1673 -218
14997 -92 -5076 -63
-6777 10069 11900 13819
15074 18 -5156 -149
-6696 10210 11844 13708
15140 141 -5207 -251
-6672 10310 11792 13609
15123 252 -5208 -357
-6647 10427 11794 13464
-750 -115 -1805 3
688 -1731 947 951
-683 -25 -1889 -117
760 -1706 904 871
-659 51 -1924 -201
765 -1652 864 827
-623 153 -1922 -278
806 -1614 821 778
2107 -713 687 -315
-2937 -1570 759 -551
2142 -692 649 -331
-2890 -1584 725 -550
2156 -683 610 -390
-2871 -1609 724 -573
2198 -672 574 -385
-2838 -1603 698 -566
636 -99 -241 -1835
-81 -213 -849 702
634 -138 -270 -1825
-63 -256 -831 712
678 -143 -280 -1821
-84 -277 -843 727
682 -170 -300 -1785
-74 -288 -859 729
-943 -383 -194 -1332
775 1612 16 -706
-962 -416 -188 -1324
760 1583 35 -684
-981 -440 -182 -1280
748 1558 53 -668
-1010 -477 -169 -1269
706 1540 81 -624
255 401 -1081 592
709 -266 305 249
245 371 -1050 618
678 -290 328 249
197 374 -1047 637
644 -288 350 257
162 342 -1027 660
619 -302 363 290
-273 543 692 -747
890 -236 -1142 520
-302 543 696 -733
889 -269 -1128 507
-322 538 730 -714
855 -267 -1144 520
-322 530 733 -734
855 -268 -1124 537
362 -1 -439 660
-286 394 932 -1064
360 -7 -438 684
-250 371 922 -1063
395 -24 -452 688
-223 359 889 -1033
388 -43 -452 698
-225 344 891 -1004
-621 989 646 260
316 -133 915 563
-596 971 638 293
328 -125 907 597
-583 954 609 292
342 -143 905 605
-558 937 601 319
349 -160 874 643
-140 -1223 -881 -820
394 -214 723 -464
-130 -1239 -873 -789
407 -228 716 -454
-126 -1231 -900 -795
416 -220 714 -439
-116 -1244 -897 -772
401 -233 711 -432
-580 -80 317 -359
38 -407 -774 -486
-586 -74 300 -375
67 -392 -778 -478
-580 -61 313 -357
64 -388 -811 -500
-584 -84 290 -372
68 -401 -815 -499
-343 566 -256 175
294 -640 -279 110
-345 563 -239 162
293 -655 -286 115
-356 569 -257 183
291 -638 -291 112
-328 570 -252 162
287 -631 -292 114
-470 -96 733 225
1012 161 111 140
-463 -87 734 211
985 151 129 157
-487 -78 742 202
995 126 137 147
-480 -92 746 231
993 149 123 150
140 341 -317 92
-404 820 -443 -18
137 326 -315 73
-401 831 -451 -37
129 311 -310 88
-432 820 -453 -24
121 327 -300 100
-421 808 -429 -7
-247 24 -116 700
955 -96 415 -374
-225 33 -103 700
984 -96 391 -373
-207 15 -97 697
998 -93 398 -378
-227 17 -109 693
997 -115 372 -339
-87 -261 603 -594
-804 -269 -267 -683
-83 -259 602 -589
-814 -253 -280 -710
-49 -266 558 -581
-791 -266 -290 -701
-42 -268 551 -581
-772 -278 -305 -693
-446 351 -110 -480
-111 -440 -84 594
-433 377 -122 -477
-88 -421 -100 576
-404 369 -161 -476
-92 -423 -106 588
-394 367 -165 -481
-67 -404 -125 563
138 -191 600 75
-303 -628 241 -245
123 -182 597 73
-280 -615 231 -243
132 -160 556 61
-288 -605 232 -276
152 -158 548 33
-277 -565 199 -275
581 -619 -125 -581
138 118 -452 307
574 -601 -130 -586
141 114 -448 292
600 -592 -144 -621
145 107 -440 282
594 -584 -144 -617
148 138 -438 296
-267 -252 202 -468
-4 617 387 -130
-290 -257 206 -472
-21 603 388 -121
-285 -263 208 -475
-41 587 398 -106
-311 -273 215 -473
-32 573 397 -94
302 277 -4 -485
-34 -67 -353 90
294 281 4 -478
-41 -81 -356 90
287 252 14 -467
-53 -83 -355 114
275 253 30 -464
-53 -106 -329 122
-533 -689 -158 -338
-27 405 -214 -36
-539 -705 -171 -340
-23 382 -226 -56
-546 -694 -151 -350
-44 399 -203 -45
-546 -709 -138 -319
-44 413 -216 -42
-509 -200 -224 -190
154 -182 8 -160
-495 -204 -243 -181
135 -158 33 -161
-494 -185 -242 -203
146 -179 13 -175
-504 -190 -229 -191
133 -158 28 -175
-375 -48 -296 159
82 305 124 189
-388 -55 -287 135
76 318 143 209
-402 -54 -273 138
32 326 141 195
-414 -24 -269 140
27 330 159 191
235 268 -443 55
131 103 -210 165
236 262 -429 53
121 98 -203 174
211 255 -417 53
114 93 -204 181
212 248 -407 56
117 89 -170 190
-755 373 -283 267
177 575 -16 505
-748 365 -282 266
178 563 6 531
-768 360 -282 262
177 572 -11 524
-764 354 -284 260
179 551 10 524
242 387 373 153
25 33 314 -329
247 399 368 142
20 18 311 -342
253 372 364 148
39 11 309 -329
259 392 357 169
59 38 304 -323
-220 308 -328 846
125 -214 -258 -198
-190 298 -371 858
150 -219 -263 -196
-190 293 -371 867
147 -191 -269 -200
-192 302 -371 854
139 -200 -273 -186
-418 -176 -145 4
-285 327 214 -624
-410 -185 -149 0
-293 353 194 -620
-399 -171 -162 1
-302 342 177 -602
-385 -179 -146 0
-268 329 179 -622
-621 -833 231 -167
345 922 -921 475
-608 -834 229 -184
361 921 -934 447
-600 -833 229 -176
388 928 -920 450
-601 -837 205 -166
372 930 -929 452
-36 -958 360 667
-226 99 -470 -666
-17 -966 373 646
-222 114 -497 -683
-10 -938 357 650
-212 99 -490 -689
7 -946 365 661
-202 98 -488 -676
-622 -439 176 -611
381 -44 500 -37
-640 -432 143 -597
367 -59 477 -3
-627 -449 137 -591
390 -47 483 -10
-614 -434 130 -594
376 -71 467 -5
-97 654 309 -392
95 -77 -194 -41
-104 652 302 -386
98 -72 -216 -46
-86 650 296 -375
106 -69 -201 -51
-89 641 288 -367
114 -92 -226 -19
270 -467 78 47
323 702 187 468
272 -488 72 48
325 707 160 468
272 -484 64 49
341 681 160 481
298 -492 54 72
344 678 172 451
66 284 840 -318
-230 32 -921 646
73 282 853 -317
-245 32 -895 668
78 291 833 -329
-237 57 -900 655
61 303 853 -305
-228 52 -917 647
-61 -402 -74 300
-436 961 -400 -373
-58 -402 -73 304
-428 987 -386 -396
-60 -421 -62 291
-463 987 -394 -381
-90 -394 -46 297
-456 984 -387 -395
98 28 390 452
186 -389 -341 274
91 40 385 455
175 -364 -353 295
89 25 409 451
174 -370 -340 280
80 40 406 448
179 -386 -328 278
-288 990 -44 480
262 -44 63 416
-297 973 -25 482
270 -38 82 429
-307 993 -9 473
250 -43 102 418
-320 980 -25 472
225 -36 97 428
19 149 -77 82
388 313 58 -56
24 121 -45 77
394 298 45 -36
-3 134 -46 102
400 275 25 -44
-6 107 -47 100
386 260 48 -22
116 226 -125 -397
296 174 1368 119
124 205 -139 -396
297 165 1384 134
142 189 -128 -396
289 153 1373 115
126 179 -153 -369
285 149 1355 124
161 542 176 27
-410 -245 -393 491
149 530 159 58
-423 -244 -388 484
176 541 168 57
-438 -249 -380 488
169 525 151 56
-425 -248 -379 484
-109 -326 157 -81
690 18 595 258
-114 -330 156 -78
687 17 601 249
-122 -333 153 -74
656 18 611 238
-125 -306 189 -77
673 18 639 234
299 -433 4 473
-465 -405 -845 -236
289 -441 25 477
-485 -412 -823 -226
288 -439 38 477
-471 -389 -811 -256
286 -415 21 475
-493 -395 -825 -241
-16 -101 690 -411
21 742 544 617
-14 -77 702 -405
33 743 561 627
-11 -89 717 -420
33 738 551 605
-17 -93 700 -415
11 744 546 605
-331 66 -520 -126
473 -415 -346 -476
-328 73 -534 -127
460 -408 -331 -492
-350 79 -512 -127
450 -410 -326 -505
-345 85 -533 -130
439 -402 -314 -489
166 14 323 93
788 178 277 917
161 17 339 72
779 201 292 919
127 23 356 81
779 220 299 921
122 34 371 87
773 203 314 898
330 26 -459 205
-252 54 -126 198
308 37 -450 194
-253 64 -124 181
318 50 -447 219
-255 51 -115 200
294 36 -437 207
-290 66 -107 176
541 -310 413 -1236
-825 -283 -509 -71
525 -319 411 -1234
-847 -301 -507 -44
540 -310 408 -1218
-844 -290 -500 -56
527 -319 401 -1220
-840 -306 -503 -31
-599 14 -277 175
557 -419 -580 -845
-585 17 -280 199
549 -396 -581 -852
-603 13 -269 201
529 -417 -606 -854
-605 11 -257 195
511 -394 -568 -863
614 -403 -1048 -369
2840 -121 -1976 -326
653 -391 -1073 -373
2882 -35 -1997 -405
632 -358 -1079 -423
2882 23 -2018 -470
625 -298 -1035 -431
2798 129 -1968 -513
18193 -1034 -5401 619
-5868 10473 13695 17160
18180 -907 -5438 555
-5937 10565 13695 17048
18156 -797 -5411 426
-5989 10681 13756 16936
18083 -672 -5348 328
-6112 10831 13868 16816
1645 1809 -5002 -1070
3333 -69 351 162
1588 1888 -4951 -1190
3325 -9 400 61
1518 1984 -4880 -1275
3275 48 452 0
1435 2081 -4750 -1385
3230 106 552 -53
1049 21 1245 1868
-3356 -2495 1477 355
1031 48 1268 1845
-3326 -2459 1475 321
994 94 1298 1769
-3310 -2443 1480 271
978 138 1316 1762
-3301 -2426 1501 261
1044 566 -1450 136
377 -301 -116 -102
1079 596 -1490 100
394 -300 -142 -93
1084 591 -1495 77
413 -293 -147 -94
1099 625 -1496 46
430 -294 -185 -115
-738 1109 -3 -1583
1111 385 -595 -1293
-743 1092 -24 -1557
1122 393 -604 -1282
-710 1107 -19 -1570
1127 385 -604 -1300
-724 1088 -35 -1574
1137 382 -610 -1290
-947 226 347 1652
244 1193 319 437
-952 257 328 1657
233 1218 309 413
-959 234 343 1651
236 1215 329 427
-977 249 331 1674
222 1231 325 417
-1062 1770 624 -161
178 -432 -1145 1021
-1064 1786 644 -174
204 -396 -1158 1014
-1077 1771 632 -186
198 -368 -1165 1004
-1083 1784 658 -193
209 -385 -1150 987
60 -430 -533 243
248 -354 979 -385
80 -396 -563 197
277 -343 939 -411
104 -395 -574 191
291 -329 928 -416
131 -363 -594 185
324 -329 915 -435
-856 557 1229 554
382 146 -174 309
-848 570 1234 538
379 148 -204 313
-820 582 1200 519
381 149 -194 317
-814 608 1211 531
376 175 -222 284
1244 -136 296 298
-516 -392 -113 285
1232 -143 287 273
-546 -393 -100 286
1223 -135 273 276
-542 -377 -94 250
1228 -146 287 264
-540 -380 -92 255
-190 81 204 -367
759 527 -448 217
-194 84 202 -397
789 551 -457 202
-176 88 203 -388
786 550 -456 188
-186 132 211 -398
787 580 -461 172
110 -460 71 381
-43 -581 284 235
114 -474 68 387
-38 -576 278 238
121 -449 61 379
-28 -573 270 215
118 -443 56 354
-18 -564 296 227
-190 277 555 249
-115 -243 -325 -763
-198 265 569 276
-103 -260 -314 -741
-181 282 549 268
-102 -258 -325 -747
-183 258 563 239
-95 -271 -346 -728
-44 413 -190 290
121 599 533 -251
-28 403 -196 308
122 582 531 -228
-43 388 -193 338
132 564 522 -205
-30 342 -198 331
130 552 525 -193
343 41 -668 373
-755 75 120 -102
353 41 -656 394
-748 42 134 -96
362 9 -677 422
-779 51 126 -73
345 12 -662 441
-775 19 133 -66
443 596 416 -63
-143 78 -263 -53
442 604 425 -50
-168 81 -262 -65
402 570 407 -60
-154 95 -242 -55
403 583 418 -51
-175 99 -243 -72
446 14 -432 368
-46 -444 -253 -272
417 26 -419 381
-51 -422 -266 -296
416 31 -407 364
-51 -437 -248 -313
424 35 -403 353
-57 -423 -258 -331
40 290 485 -42
597 -373 664 319
67 312 499 -53
624 -391 648 312
56 301 487 -63
619 -373 634 325
62 319 478 -69
619 -395 660 325
241 555 -93 -447
152 -400 -430 544
252 570 -98 -448
162 -395 -457 546
258 555 -103 -442
141 -397 -447 544
267 573 -113 -446
152 -397 -440 548
-167 268 -192 30
158 -601 72 760
-160 282 -195 12
152 -609 50 756
-150 273 -174 29
125 -606 62 772
-181 258 -168 15
130 -614 66 763
290 294 -339 -288
-260 633 -97 -406
280 295 -304 -270
-285 601 -100 -395
265 265 -308 -284
-275 601 -78 -395
282 271 -311 -271
-278 578 -74 -389
92 -411 230 -237
557 512 636 -123
80 -434 235 -236
543 518 657 -100
72 -416 242 -208
529 519 646 -104
57 -435 256 -214
553 518 660 -115
-64 -390 172 857
121 -78 177 -100
-58 -378 204 858
115 -58 196 -90
-53 -365 204 862
103 -72 187 -103
-51 -356 209 868
134 -49 202 -92
-223 -248 -470 -339
546 -331 545 -295
-242 -251 -469 -341
560 -343 527 -263
-240 -249 -470 -350
547 -331 550 -267
-232 -246 -468 -356
557 -319 541 -270
286 -214 198 -728
671 -85 306 329
286 -206 200 -738
673 -89 295 309
288 -209 193 -740
674 -93 285 323
286 -212 199 -740
671 -95 277 339
514 253 356 254
-796 814 56 172
508 235 331 246
-783 831 32 148
529 249 336 263
-803 822 51 163
531 223 344 258
-798 788 30 176
1244 369 344 749
-170 514 -576 -209
1253 359 326 768
-148 507 -583 -220
1271 344 332 784
-129 474 -594 -196
1279 338 320 788
-141 479 -597 -182
-82 -272 332 -126
-401 -99 -269 -241
-53 -288 321 -127
-382 -106 -278 -235
-59 -295 319 -108
-395 -112 -289 -234
-33 -311 308 -111
-384 -121 -294 -227
229 -492 1052 -258
-188 338 -187 490
235 -522 1050 -266
-195 329 -195 505
240 -509 1045 -253
-189 346 -176 488
245 -505 1050 -236
-191 337 -186 508
-63 139 282 177
203 262 -175 209
-40 118 302 167
177 294 -156 191
-52 123 292 163
181 295 -145 183
-66 142 286 176
161 295 -133 171
-123 222 9 430
339 -29 -726 417
-136 251 7 433
318 -15 -709 424
-140 242 40 406
333 -31 -702 434
-179 243 40 406
322 -12 -701 433
-384 327 139 -81
-37 -544 81 -756
-399 324 141 -71
-43 -537 80 -775
-390 323 143 -64
-54 -527 88 -767
-406 312 142 -79
-56 -543 85 -751
415 -307 434 -355
11 -443 -754 1212
428 -331 444 -362
13 -458 -757 1199
412 -319 460 -346
21 -441 -770 1218
421 -342 441 -363
20 -459 -774 1207
790 295 373 -599
-897 109 431 -526
779 291 373 -590
-896 113 415 -506
800 265 370 -574
-899 113 407 -526
792 268 371 -570
-871 97 389 -510
-689 -220 -506 -627
-415 38 91 359
-664 -227 -516 -607
-379 44 83 371
-642 -229 -524 -590
-375 42 79 354
-617 -243 -526 -611
-378 44 47 369
583 32 399 -77
-323 -83 90 -75
576 30 402 -78
-338 -87 95 -71
574 28 399 -74
-328 -90 97 -65
607 26 389 -73
-322 -89 73 -62
-10 -306 -200 -110
-465 -346 107 178
22 -315 -225 -100
-440 -349 90 176
25 -295 -208 -95
-436 -359 97 183
26 -313 -221 -114
-412 -366 73 186
-118 176 139 -590
-247 652 123 266
-110 203 133 -590
-225 656 113 261
-97 192 116 -583
-200 639 101 286
-90 190 112 -582
-201 641 93 274
-40 427 -460 -8
-392 -301 316 -277
-16 420 -445 2
-369 -303 299 -278
-26 417 -456 2
-343 -290 276 -252
2 380 -485 18
-332 -318 229 -256
-342 -380 448 -15
-782 -207 -455 -438
-313 -410 441 10
-755 -208 -460 -416
-320 -414 411 -3
-751 -222 -468 -415
-287 -404 409 8
-735 -196 -503 -427
242 -492 99 -34
177 229 108 -604
232 -473 105 -34
165 244 94 -596
244 -489 73 -25
158 230 118 -590
236 -481 82 -43
178 229 96 -607
-421 233 -505 558
-318 -63 44 281
-409 232 -500 537
-335 -70 52 259
-416 237 -495 541
-326 -64 20 263
-403 232 -489 558
-310 -94 25 277
-714 -166 -652 37
-381 46 175 -514
-702 -173 -650 67
-382 25 170 -525
-698 -187 -641 66
-377 39 198 -511
-723 -188 -659 87
-388 32 163 -502
220 196 -624 511
199 -10 -195 -312
225 187 -625 511
212 -21 -193 -316
231 177 -631 516
197 -31 -189 -320
207 204 -629 504
212 -10 -199 -325
268 6 318 117
-187 -272 -32 582
272 25 328 120
-164 -260 -54 562
266 40 303 123
-164 -268 -42 576
272 19 314 109
-145 -257 -61 555
193 65 -34 -142
570 45 986 -213
233 52 -37 -128
571 48 962 -226
234 33 -74 -151
609 56 959 -210
239 54 -69 -141
603 56 937 -218
83 -116 813 -109
628 251 240 405
102 -133 784 -131
640 286 214 395
113 -116 764 -130
659 287 220 394
108 -100 774 -126
649 293 189 392
488 41 86 416
-200 -205 72 500
481 31 88 396
-172 -194 91 503
478 61 88 396
-172 -178 79 506
511 57 74 369
-149 -172 72 478
-141 88 -273 272
-469 15 -22 246
-150 110 -263 281
-447 40 -43 230
-130 127 -293 258
-414 42 -83 214
-125 111 -307 245
-417 35 -85 199
1210 46 -936 -24
2418 533 -1768 399
1239 81 -972 -50
2487 605 -1819 381
1247 93 -1012 -78
2472 650 -1817 301
1255 140 -1001 -84
2396 715 -1806 240
18909 -1516 -6251 658
-2420 8260 15899 18308
18929 -1473 -6283 632
-2508 8309 15928 18234
18871 -1380 -6249 532
-2612 8381 16015 18171
18740 -1292 -6190 454
-2752 8479 16185 18067
3204 2495 -4310 -2550
3404 740 -1005 -767
3092 2548 -4224 -2620
3373 763 -901 -810
2980 2588 -4094 -2689
3247 785 -791 -824
2835 2660 -3896 -2732
3177 829 -676 -856
1244 604 1411 2038
-2160 -2110 1234 -204
1215 599 1488 2027
-2133 -2074 1226 -225
1192 621 1517 1991
-2116 -2088 1231 -229
1161 639 1592 1982
-2101 -2078 1246 -226
-118 424 -1310 -107
560 1312 -271 -178
-79 429 -1328 -131
588 1279 -312 -162
-43 399 -1344 -114
647 1251 -360 -124
-20 402 -1379 -92
671 1219 -396 -106
-1760 802 566 -1709
363 -190 -311 284
-1732 780 548 -1706
378 -215 -336 311
-1684 741 507 -1676
380 -214 -373 323
-1677 727 472 -1651
420 -254 -391 357
-509 -19 167 461
-54 961 844 468
-497 4 152 454
-54 963 833 444
-491 -14 141 461
-82 971 832 450
-488 -26 135 498
-81 978 827 454
-566 368 -136 -534
1045 -471 -1286 1279
-601 391 -119 -553
1029 -476 -1295 1280
-608 385 -112 -572
1020 -481 -1272 1278
-613 385 -99 -564
1021 -490 -1256 1278
-967 35 78 330
135 -221 -37 -583
-966 12 80 343
132 -226 -40 -570
-957 21 106 353
132 -233 -47 -552
-986 1 106 370
130 -262 -61 -543
193 124 1353 155
-384 -533 -408 -349
211 109 1353 177
-368 -526 -394 -315
199 100 1356 198
-391 -553 -408 -310
219 100 1357 203
-369 -550 -397 -312
428 -431 -337 -433
736 279 -333 332
415 -443 -334 -434
749 265 -340 316
406 -456 -305 -440
743 263 -321 326
424 -432 -308 -419
725 287 -323 337
-489 -295 1118 -225
-313 115 -602 531
-509 -317 1115 -216
-333 114 -585 550
-480 -301 1128 -218
-328 104 -598 546
-500 -323 1123 -207
-313 105 -586 565
-629 188 -670 -88
455 -106 -116 72
-637 156 -669 -103
463 -137 -111 77
-647 164 -661 -92
459 -137 -134 80
-632 150 -658 -82
430 -132 -115 73
-187 394 -11 90
382 787 109 1032
-202 386 -22 106
377 786 126 1017
-212 365 1 98
400 767 141 1039
-215 389 10 109
388 771 126 1030
-120 -204 -568 -159
-571 -88 145 347
-126 -222 -590 -145
-561 -84 171 347
-153 -241 -573 -171
-557 -84 159 349
-149 -219 -567 -166
-557 -84 157 326
-206 -347 -433 219
155 587 231 -143
-184 -358 -446 221
172 570 224 -150
-196 -360 -453 251
154 584 220 -164
-207 -357 -458 225
169 577 208 -134
245 -15 -229 15
-222 -406 48 -768
237 0 -234 15
-226 -384 33 -756
239 -20 -213 24
-220 -392 47 -747
227 4 -218 17
-215 -376 60 -768
-1261 -134 -513 444
-729 769 -808 901
-1268 -151 -514 437
-739 782 -792 902
-1275 -130 -516 448
-746 800 -777 905
-1279 -120 -520 441
-758 806 -792 886
-537 -189 -1242 -200
-182 126 -14 178
-559 -165 -1219 -201
-189 134 -12 174
-551 -176 -1206 -228
-201 169 -2 163
-581 -153 -1216 -226
-214 177 -2 162
880 -364 491 95
-202 115 -799 160
861 -331 490 69
-198 149 -791 114
881 -338 519 55
-220 161 -777 99
866 -312 519 31
-237 199 -771 86
-525 -271 -345 167
-134 -7 30 236
-517 -241 -317 144
-138 15 36 200
-514 -209 -325 111
-140 34 42 166
-513 -187 -334 90
-148 65 53 162
460 -1017 197 503
-583 257 548 -495
488 -1025 210 467
-604 263 548 -515
483 -1000 196 459
-596 269 541 -531
489 -981 208 422
-581 301 528 -549
198 186 -25 369
331 -153 748 -94
235 199 -32 362
361 -165 735 -87
240 213 -29 353
362 -147 720 -83
240 199 -59 358
372 -163 704 -113
-239 324 -197 389
-422 94 63 127
-218 307 -196 380
-419 89 74 118
-219 326 -199 404
-379 110 70 111
-197 338 -239 391
-387 103 55 111
196 -325 -6 -831
-4 127 111 -185
205 -315 5 -830
-22 115 112 -177
210 -337 -12 -819
-7 130 111 -179
220 -329 2 -817
-22 115 112 -168
-76 -218 -527 55
363 434 -46 353
-85 -234 -500 45
346 434 -21 341
-97 -217 -498 65
348 409 -27 339
-115 -242 -501 58
327 419 2 356
330 -360 -358 314
111 -157 225 -691
335 -363 -359 326
100 -142 250 -710
310 -347 -348 302
83 -155 242 -685
323 -346 -323 313
79 -145 265 -706
-116 439 76 331
-58 -575 461 -203
-102 453 89 322
-55 -555 469 -213
-111 433 103 313
-53 -552 438 -199
-104 455 84 334
-53 -532 451 -212
250 -500 354 -365
105 -216 -174 65
244 -480 371 -359
85 -207 -153 63
230 -496 361 -388
70 -202 -130 56
230 -478 377 -380
46 -194 -141 57
139 271 -332 71
-268 600 -269 368
137 276 -308 53
-294 604 -253 355
104 287 -313 64
-284 603 -246 344
103 292 -291 44
-315 608 -228 330
-59 -289 -855 294
-104 -750 -540 283
-66 -271 -830 283
-93 -742 -530 268
-83 -277 -828 308
-113 -722 -512 272
-122 -259 -799 296
-134 -741 -505 264
-760 -180 -310 -176
38 241 -409 -269
-771 -185 -306 -170
41 254 -426 -268
-757 -154 -309 -175
43 256 -402 -293
-761 -161 -282 -206
39 270 -419 -297
-116 334 -257 -83
10 -38 -9 614
-102 340 -283 -84
2 -51 2 635
-106 320 -278 -80
22 -42 -31 619
-117 326 -270 -85
19 -24 -30 638
-346 76 124 -212
-440 64 577 -177
-334 78 106 -227
-449 50 554 -172
-327 87 96 -205
-425 70 561 -176
-317 92 77 -214
-443 46 544 -197
667 30 83 215
-124 221 -222 37
669 32 63 221
-142 243 -245 55
668 23 50 204
-146 220 -240 54
682 23 57 213
-116 206 -247 51
-957 256 -269 -492
397 675 116 186
-968 265 -239 -495
413 675 111 198
-956 256 -245 -471
400 673 117 167
-949 263 -245 -478
412 640 122 187
447 639 223 939
-718 569 -649 379
440 647 242 954
-712 584 -628 373
428 644 228 944
-737 565 -601 378
428 654 247 956
-745 580 -610 376
-211 915 13 -186
186 111 -70 845
-209 911 15 -189
177 140 -52 851
-237 904 16 -197
147 136 -41 861
-258 901 55 -198
151 120 -38 849
-289 396 -768 170
-263 123 -543 582
-294 415 -735 170
-255 128 -535 565
-300 437 -743 164
-251 132 -528 549
-309 424 -746 170
-250 152 -520 556
293 -4 251 1
-104 -169 434 228
318 -12 250 5
-117 -168 418 233
309 18 256 2
-115 -147 427 210
296 9 264 -29
-119 -151 438 187
113 -501 -649 204
-474 17 -372 -397
112 -481 -635 203
-473 16 -380 -387
137 -465 -659 212
-484 15 -378 -377
143 -479 -652 188
-486 10 -387 -402
-877 22 115 167
207 861 338 -137
-858 42 110 191
193 835 341 -130
-862 26 140 188
213 840 332 -132
-850 7 137 189
195 812 340 -127
406 321 -618 45
-181 314 81 580
402 319 -619 30
-188 299 68 598
398 328 -617 47
-197 309 58 580
405 303 -594 63
-192 299 70 591
-121 -73 -180 -425
250 96 -18 435
-95 -64 -180 -420
265 101 -18 411
-99 -72 -176 -435
283 108 -24 424
-113 -63 -203 -434
268 107 -25 406
44 123 514 -139
-731 304 -318 517
60 107 524 -135
-738 325 -333 510
36 115 513 -133
-736 315 -323 548
60 95 515 -125
-712 307 -345 546
-245 194 -413 -221
-97 -311 55 -311
-243 190 -393 -223
-79 -315 45 -293
-251 194 -405 -202
-89 -326 70 -277
-262 198 -405 -213
-108 -337 70 -289
328 113 -422 -370
284 122 538 219
343 125 -406 -374
293 123 540 231
336 114 -395 -346
309 131 535 233
324 127 -385 -350
292 120 536 221
-723 88 -1321 -143
-391 91 665 334
-727 69 -1329 -135
-354 70 652 342
-703 89 -1344 -136
-356 69 655 322
-697 71 -1337 -125
-322 78 640 328
-780 -125 167 -168
-56 884 -138 -87
-770 -149 144 -169
-49 903 -137 -95
-744 -151 142 -162
-38 886 -169 -87
-738 -152 121 -158
-30 873 -169 -81
-801 -362 282 -505
140 -123 -704 257
-793 -341 286 -502
150 -104 -723 247
-790 -356 260 -498
136 -123 -758 265
-791 -366 266 -498
110 -105 -739 249
703 -112 -1256 305
3264 -885 -2187 -42
756 -100 -1308 301
3340 -882 -2234 -84
747 -81 -1316 283
3325 -840 -2280 -127
761 -44 -1308 279
3269 -772 -2242 -153
19776 -1701 -6503 1183
2491 6706 18256 15911
19831 -1686 -6555 1174
2476 6739 18248 15891
19795 -1639 -6546 1132
2384 6765 18315 15834
19701 -1579 -6485 1053
2275 6827 18429 15775
3096 2596 -1256 -2510
2204 2625 231 309
3026 2620 -1232 -2535
2185 2644 291 298
2964 2641 -1143 -2573
2120 2667 361 276
2853 2697 -962 -2594
2051 2682 463 236
178 480 1658 1951
-34 -2260 736 285
184 511 1672 1960
26 -2230 704 255
153 506 1687 1922
56 -2235 676 231
155 535 1742 1921
80 -2214 661 248
-460 -88 128 -223
-401 1074 -235 -825
-429 -94 83 -206
-358 1071 -259 -795
-364 -117 26 -221
-296 1028 -312 -759
-335 -127 -17 -192
-267 986 -364 -755
-1795 387 1605 -647
391 963 -1244 -577
-1752 366 1552 -633
389 944 -1256 -557
-1722 322 1519 -591
416 941 -1263 -523
-1690 283 1482 -552
437 903 -1304 -516
-504 -489 -1233 1215
-1494 759 320 497
-494 -505 -1265 1237
-1480 751 312 497
-484 -490 -1263 1249
-1497 783 310 496
-472 -473 -1262 1260
-1496 770 306 477
-82 419 283 272
252 -892 -882 945
-83 432 274 267
240 -896 -890 926
-85 466 259 233
241 -874 -874 915
-76 480 282 228
236 -876 -893 897
-456 595 160 754
628 -968 17 -1135
-449 613 179 756
640 -974 -9 -1127
-454 595 165 742
627 -949 0 -1133
-450 621 179 714
622 -931 2 -1166
221 -20 877 547
-3 -229 -112 39
212 -27 894 534
-17 -235 -122 25
203 2 907 553
-24 -239 -101 12
192 -4 886 550
-34 -214 -111 -8
294 -108 -613 -567
-604 114 -46 -101
311 -106 -599 -556
-605 120 -35 -102
300 -111 -585 -576
-609 130 -32 -107
282 -79 -599 -565
-614 134 -26 -102
-514 374 490 881
-165 311 -475 714
-525 380 469 885
-185 321 -468 707
-529 380 476 860
-177 332 -469 705
-525 385 485 866
-171 346 -500 697
881 -13 78 555
1203 -92 662 -1091
886 -28 70 548
1190 -88 657 -1080
860 -44 71 546
1180 -87 646 -1071
868 -21 67 536
1204 -90 633 -1087
-75 -451 840 297
-26 231 356 -328
-48 -446 842 288
-5 230 353 -315
-52 -463 851 313
-12 222 351 -339
-39 -463 834 311
7 222 358 -326
-229 453 -350 261
-793 -591 50 -298
-208 463 -354 252
-793 -589 41 -300
-213 452 -363 279
-789 -584 22 -310
-192 465 -365 269
-794 -580 17 -314
399 -438 -87 148
-207 -135 4 -819
381 -439 -88 153
-211 -134 9 -835
403 -445 -99 160
-196 -129 -16 -823
389 -460 -100 142
-201 -118 -14 -813
-410 -439 126 550
868 308 253 -198
-444 -453 105 538
877 317 269 -202
-445 -458 121 556
850 333 263 -212
-445 -443 127 538
860 345 283 -214
786 -910 -304 -18
16 -471 459 275
766 -892 -281 -24
9 -463 458 261
744 -872 -292 -33
0 -428 462 244
725 -855 -272 -41
5 -424 489 234
-884 -16 -363 -575
-253 -377 57 824
-909 -12 -358 -602
-237 -379 68 838
-900 1 -325 -598
-256 -388 91 821
-894 16 -328 -601
-254 -360 83 827
10 410 -907 40
-496 152 -626 17
8 427 -934 27
-491 128 -638 48
19 422 -940 16
-483 135 -655 36
21 410 -937 13
-472 119 -641 60
-710 215 -423 -101
170 479 729 197
-725 212 -421 -77
181 481 747 223
-706 203 -426 -79
186 467 742 224
-721 203 -427 -62
188 467 733 249
-19 93 -380 471
575 36 133 505
-13 118 -368 447
572 48 115 477
-15 112 -382 462
564 37 104 477
-12 113 -368 472
572 61 114 471
-16 351 352 -97
-552 101 32 487
-26 338 341 -105
-552 124 49 495
-25 371 359 -103
-555 141 32 474
-29 361 344 -115
-561 140 17 481
1007 35 179 692
-475 -346 -357 460
1011 42 193 698
-476 -345 -360 457
1009 54 179 704
-484 -353 -362 427
1006 57 168 673
-521 -354 -357 428
-155 14 215 -351
431 513 363 -733
-155 14 223 -354
428 501 342 -724
-191 10 241 -354
428 483 345 -715
-196 7 247 -355
399 479 361 -680
419 10 -318 -73
241 310 331 505
430 -3 -330 -73
260 284 349 553
417 -37 -311 -40
246 251 364 565
410 -37 -303 -19
237 251 374 578
699 -274 573 139
-82 540 -350 -371
690 -288 570 145
-69 532 -370 -368
687 -301 591 184
-80 504 -361 -336
676 -315 585 199
-95 500 -346 -337
656 265 -60 336
3 -539 -95 316
649 256 -62 350
4 -554 -97 306
642 252 -73 351
2 -552 -101 323
648 247 -52 360
4 -567 -108 316
673 -92 437 -878
112 457 731 510
692 -116 438 -860
137 465 722 526
709 -113 441 -882
133 432 720 527
716 -138 416 -867
131 438 720 544
-77 -427 395 -793
-1247 -459 -937 -650
-82 -438 401 -784
-1241 -468 -918 -666
-78 -449 402 -777
-1242 -470 -933 -651
-52 -452 370 -740
-1242 -474 -937 -642
-98 62 49 403
-74 -204 -581 -60
-95 42 56 410
-71 -198 -568 -66
-91 53 66 411
-101 -222 -585 -61
-68 36 44 415
-96 -210 -566 -71
325 -866 -265 -347
-671 777 380 -36
339 -863 -243 -335
-667 796 384 -54
320 -834 -252 -331
-659 793 382 -33
330 -844 -263 -350
-626 777 384 -42
923 -480 -112 -184
-499 98 -275 -249
947 -496 -101 -183
-471 101 -275 -228
940 -505 -115 -193
-486 99 -303 -236
957 -515 -124 -169
-464 75 -299 -214
-245 -50 437 -144
-57 -264 -70 -456
-239 -46 420 -141
-56 -251 -77 -450
-229 -46 433 -135
-40 -267 -62 -437
-229 -68 424 -137
-37 -252 -69 -441
139 -627 9 -35
-436 97 -284 31
121 -634 33 -43
-444 105 -278 11
134 -645 17 -55
-460 122 -294 20
111 -616 13 -38
-468 128 -287 4
279 97 108 165
7 -567 -202 -172
302 109 116 157
1 -578 -225 -189
282 121 102 146
4 -553 -225 -179
306 134 108 137
12 -542 -224 -197
88 -410 795 99
-61 -41 95 -334
75 -401 807 63
-55 -60 85 -316
96 -384 812 58
-49 -58 78 -333
108 -404 789 68
-43 -72 74 -324
633 553 254 -190
73 669 -115 166
625 554 260 -183
75 642 -115 173
650 524 262 -165
105 649 -113 170
642 530 238 -166
99 632 -140 172
-579 -702 -381 594
335 704 373 -148
-551 -723 -392 608
350 714 398 -165
-554 -723 -391 627
356 700 392 -140
-559 -725 -394 609
361 705 386 -146
-126 56 187 157
-256 -127 -80 -338
-123 61 160 168
-238 -143 -86 -329
-117 70 168 169
-251 -131 -87 -324
-104 45 172 188
-244 -151 -121 -320
-246 -283 -541 146
-39 -31 386 -208
-245 -280 -572 124
-27 -33 392 -215
-230 -276 -584 138
-22 -39 365 -221
-227 -300 -583 152
-17 -34 372 -208
142 623 68 89
-319 185 -154 595
153 609 55 78
-324 172 -177 609
160 600 46 99
-324 157 -167 623
181 598 61 111
-330 176 -190 628
-112 181 -192 -218
298 -670 -138 -349
-107 181 -198 -230
321 -685 -151 -352
-103 185 -205 -209
312 -699 -160 -326
-98 158 -211 -210
333 -685 -174 -340
-275 201 172 -142
52 -29 363 290
-263 193 166 -154
42 -32 362 293
-277 194 158 -141
65 -34 351 293
-268 182 155 -147
56 -36 355 297
-16 -275 -293 -810
190 -396 59 133
-19 -269 -303 -814
201 -394 51 118
-24 -266 -308 -818
209 -388 45 135
2 -260 -324 -825
214 -391 47 124
39 -13 -323 -150
52 37 -482 155
43 15 -322 -164
55 41 -506 157
38 18 -318 -177
55 36 -496 126
33 14 -310 -187
55 43 -485 122
421 -314 272 69
482 -142 -359 46
424 -317 248 45
505 -128 -353 36
400 -314 260 55
497 -140 -351 28
404 -317 272 31
485 -123 -341 16
-383 93 629 -334
-11 -616 -27 255
-392 114 617 -315
-24 -580 -35 268
-400 106 634 -331
-32 -579 -13 251
-404 123 651 -345
-43 -584 -20 246
4 273 -578 -1104
-119 -424 -87 78
-9 280 -585 -1102
-119 -417 -78 84
-14 297 -566 -1108
-117 -393 -74 56
-29 307 -574 -1113
-147 -388 -61 60
-58 -56 -371 361
-319 -200 -21 -56
-74 -43 -365 361
-334 -188 -36 -64
-87 -64 -360 379
-333 -194 -47 -73
-104 -62 -360 354
-330 -183 -32 -77
2102 -50 -650 -8
3338 -926 -1593 -12
2147 -46 -682 -27
3454 -938 -1661 -36
2157 -29 -704 -20
3477 -899 -1722 -66
2154 -3 -687 -41
3439 -875 -1695 -75
18698 -2683 -6614 2339
6101 4791 18161 13909
18773 -2726 -6706 2365
6174 4768 18095 13940
18814 -2707 -6743 2326
6168 4778 18079 13929
18762 -2645 -6727 2297
6129 4832 18130 13867
2435 2139 2601 -2635
-676 2509 1670 105
2444 2119 2552 -2610
-616 2543 1618 100
2471 2121 2548 -2630
-630 2531 1631 92
2433 2187 2604 -2675
-631 2567 1691 61
357 218 1082 1192
203 -2261 857 132
394 211 1071 1218
253 -2253 842 125
415 247 1020 1170
284 -2252 806 96
445 251 1030 1176
323 -2224 773 92
-90 -850 -176 -425
-96 701 112 -1117
-25 -858 -229 -428
-72 698 64 -1098
13 -851 -243 -460
-9 677 35 -1099
43 -863 -286 -447
11 673 -18 -1115
-883 441 1152 -557
-1071 169 -1286 -215
-858 419 1115 -556
-1058 160 -1315 -211
-838 407 1088 -524
-1047 158 -1339 -215
-789 418 1056 -532
-1009 149 -1361 -207
-651 -293 -997 1341
-751 1145 -599 1256
-624 -261 -1016 1352
-722 1176 -587 1228
-629 -240 -1033 1334
-727 1202 -609 1210
-604 -218 -1046 1318
-705 1228 -630 1163
-251 195 739 -1018
-352 -349 -818 941
-231 231 731 -1062
-334 -302 -835 925
-208 243 720 -1071
-308 -283 -858 907
-197 280 690 -1118
-289 -252 -879 869
-205 -524 1305 580
-326 -590 97 -754
-206 -518 1284 560
-330 -552 105 -781
-174 -480 1257 530
-312 -548 85 -795
-170 -447 1238 517
-290 -527 57 -839
437 -925 253 -380
615 -95 -409 -145
455 -894 233 -406
619 -67 -430 -172
465 -866 225 -437
628 -67 -419 -194
483 -872 212 -452
631 -37 -443 -225
-81 -901 752 -895
116 46 -661 564
-60 -880 746 -911
99 72 -665 553
-69 -854 748 -936
132 90 -654 516
-51 -838 745 -955
122 117 -658 507
-1084 -373 -413 -57
-754 -586 118 70
-1081 -373 -402 -89
-766 -560 90 36
-1056 -334 -424 -93
-750 -531 68 8
-1038 -304 -446 -131
-730 -485 80 -22
-331 -541 -481 492
118 -970 476 -753
-334 -533 -505 453
130 -945 451 -768
-312 -492 -527 409
138 -928 437 -809
-291 -478 -551 412
144 -873 424 -834
127 100 -477 257
-100 -117 98 516
151 108 -500 231
-78 -126 79 511
177 148 -522 199
-61 -117 64 480
169 154 -541 180
-71 -97 45 473
-584 603 -18 193
-452 1040 -28 388
-563 619 -29 184
-427 1031 -33 405
-574 606 -32 189
-426 1017 -40 387
-556 621 -47 186
-431 1011 -38 403
26 274 -834 952
-304 -593 141 37
13 247 -820 946
-302 -607 121 50
22 259 -846 967
-299 -591 141 61
42 234 -845 963
-308 -601 131 74
237 366 -100 -468
53 -83 217 -20
260 368 -116 -473
54 -91 229 -5
253 373 -128 -475
56 -76 235 -28
258 378 -112 -483
53 -86 210 -15
-60 916 -28 274
789 -649 128 705
-64 942 -24 280
781 -636 142 685
-68 929 -21 272
780 -627 153 664
-69 954 -17 278
767 -612 138 678
160 750 569 -376
148 -539 51 9
135 749 591 -384
117 -535 49 16
131 750 579 -391
123 -531 81 21
135 757 599 -401
96 -539 86 -1
11 202 -89 550
296 47 -111 -399
17 204 -61 538
307 73 -91 -414
-14 230 -55 527
275 74 -98 -389
-18 226 -57 523
256 68 -70 -398
-68 15 -404 -141
618 -414 -207 -248
-77 9 -393 -131
607 -432 -215 -258
-81 10 -355 -129
604 -420 -196 -276
-92 3 -351 -122
601 -429 -174 -258
-203 165 -132 -31
164 251 812 -830
-190 165 -127 -14
150 241 829 -836
-200 151 -125 -18
161 264 807 -814
-218 145 -120 -31
152 252 820 -821
-129 399 -31 754
225 555 442 642
-133 418 -34 740
221 560 426 647
-144 405 -28 737
224 574 443 646
-117 415 -40 727
219 551 437 660
-394 -156 -412 72
-114 254 -121 -379
-400 -180 -409 89
-115 240 -125 -366
-404 -181 -411 76
-116 229 -132 -346
-414 -166 -407 81
-111 241 -108 -361
602 -499 82 -946
-148 -10 -278 412
590 -509 94 -925
-146 -5 -295 388
602 -499 102 -939
-170 6 -272 402
590 -523 113 -938
-167 4 -259 386
496 -293 396 -201
477 -87 -104 174
478 -296 396 -194
493 -70 -110 131
484 -281 388 -220
482 -78 -76 132
471 -262 420 -213
466 -84 -80 134
336 -13 380 -697
66 -593 -522 343
310 -6 367 -670
37 -599 -509 336
322 -4 376 -680
32 -614 -496 334
306 3 388 -693
32 -596 -492 328
-209 1123 247 -635
-525 -264 187 965
-196 1121 236 -652
-543 -245 206 986
-212 1130 267 -642
-559 -265 217 980
-235 1126 270 -655
-575 -249 234 1003
777 -283 -289 540
495 203 9 -532
763 -288 -272 544
481 178 11 -496
753 -313 -258 548
467 158 11 -503
747 -312 -246 555
454 138 8 -501
535 -313 391 -255
-187 485 22 -114
536 -344 396 -214
-168 451 11 -101
535 -348 404 -211
-173 446 34 -85
538 -381 408 -203
-161 441 26 -81
-352 636 -65 366
-197 -737 346 -464
-341 621 -79 389
-192 -748 345 -435
-330 610 -100 417
-191 -770 346 -434
-317 599 -81 444
-188 -779 349 -406
-698 -335 -802 -498
3 967 233 -30
-693 -344 -834 -499
12 979 224 1
-683 -348 -839 -469
21 951 213 5
-672 -364 -845 -469
29 937 202 38
293 -60 310 52
-272 65 -52 -15
308 -78 294 51
-287 63 -71 -10
320 -89 277 77
-292 37 -60 -3
310 -105 263 67
-272 38 -93 1
471 -584 210 -345
-439 -219 -347 -129
459 -565 224 -326
-453 -232 -330 -124
484 -579 228 -342
-449 -235 -343 -127
465 -559 222 -327
-466 -216 -324 -129
911 -473 311 288
-62 -582 273 -184
923 -486 309 294
-57 -584 268 -202
905 -474 321 265
-45 -591 253 -209
920 -457 318 272
-63 -569 249 -222
-470 179 421 -621
111 324 -67 192
-490 208 444 -629
101 324 -64 194
-487 206 435 -632
91 299 -54 195
-481 196 419 -629
110 304 -48 223
353 -927 -97 -145
-16 -311 -35 -944
359 -924 -87 -145
-33 -322 -21 -926
328 -913 -104 -156
-48 -316 -11 -940
333 -931 -89 -124
-62 -326 2 -932
206 662 289 146
630 120 -986 505
187 658 315 128
640 118 -985 490
192 654 340 149
625 150 -945 502
165 660 340 154
606 148 -940 481
-18 -273 -74 200
-218 -222 -39 -198
-15 -268 -67 177
-202 -216 -45 -203
-18 -261 -65 193
-210 -239 -18 -206
-45 -259 -58 172
-194 -232 -29 -210
576 -210 -13 -299
216 -492 272 -257
570 -215 -18 -300
232 -506 254 -245
595 -214 -36 -311
241 -489 244 -239
614 -216 -42 -314
247 -519 238 -253
41 -99 491 342
-259 268 -34 -656
74 -95 470 327
-276 263 -47 -650
72 -101 458 323
-255 258 -40 -611
71 -122 449 348
-272 232 -55 -616
-133 760 231 167
497 -635 181 53
-155 753 234 160
494 -618 182 62
-148 724 236 186
494 -629 188 65
-141 724 235 166
493 -616 194 72
13 572 -346 22
-9 -299 123 655
-4 559 -343 7
-30 -284 131 644
13 586 -344 10
-19 -270 143 636
2 612 -347 20
-42 -253 121 630
-883 -450 -640 -257
145 -220 -585 -547
-884 -436 -625 -265
131 -206 -605 -556
-898 -421 -631 -271
127 -196 -593 -566
-886 -417 -647 -305
115 -188 -570 -572
-541 297 -144 546
520 -146 -49 -1042
-546 315 -119 530
523 -129 -44 -1075
-555 328 -129 519
518 -132 -64 -1076
-564 340 -105 511
494 -136 -57 -1077
-293 216 218 130
-331 -27 154 943
-304 214 209 156
-319 -6 153 953
-280 210 230 145
-335 3 163 937
-287 232 212 128
-323 8 161 934
122 200 -263 -985
-199 -399 -145 204
95 202 -245 -1008
-211 -376 -115 203
106 206 -239 -995
-229 -394 -112 208
90 175 -226 -1006
-208 -373 -123 202
-701 362 -724 86
149 -101 -795 -318
-700 370 -723 73
154 -98 -779 -304
-696 358 -724 89
153 -92 -796 -301
-708 366 -743 80
155 -131 -778 -309
533 156 610 494
206 177 718 314
561 160 613 500
239 165 696 310
547 159 593 509
241 154 678 337
571 134 597 518
240 145 665 326
369 285 380 -126
-98 -5 -340 453
385 306 374 -142
-70 -19 -332 436
382 304 364 -127
-64 -2 -385 436
407 295 354 -143
-29 -4 -407 441
1310 -65 -3 -505
4125 -1100 -1557 1253
1371 -88 -61 -505
4284 -1130 -1681 1250
1419 -76 -113 -512
4357 -1115 -1762 1263
1454 -75 -115 -526
4391 -1112 -1787 1245
17813 -3629 -5940 1757
4518 3736 18095 9402
17993 -3669 -6104 1809
4659 3715 17922 9432
18115 -3676 -6213 1809
4787 3735 17783 9438
18161 -3654 -6259 1759
4846 3770 17760 9391
1235 -173 3423 -2622
-2381 1913 3093 656
1362 -168 3270 -2609
-2283 1953 2981 661
1471 -164 3145 -2615
-2197 1969 2868 627
1552 -106 3106 -2652
-2100 2015 2810 598
1737 -517 1665 244
675 -2061 680 -168
1811 -511 1570 228
697 -2037 616 -184
1863 -451 1496 206
756 -2020 580 -221
1939 -433 1425 159
805 -1996 535 -233
-446 -2435 509 -876
867 1633 -70 -506
-424 -2448 485 -894
872 1635 -106 -513
-383 -2441 436 -914
912 1607 -108 -509
-377 -2436 400 -932
920 1615 -141 -514
-861 -284 1346 -652
-498 607 -1153 -656
-836 -326 1323 -629
-467 580 -1194 -637
-793 -330 1307 -619
-460 592 -1190 -618
-783 -340 1263 -608
-436 570 -1222 -598
-643 -913 -484 23
-32 -44 -277 977
-622 -902 -508 22
-34 -23 -276 968
-602 -863 -542 18
-5 -12 -281 942
-604 -858 -530 13
-14 12 -321 938
-578 -444 1030 -609
440 -378 -995 366
-558 -396 1013 -628
414 -349 -980 365
-568 -376 1009 -642
415 -327 -1004 333
-553 -364 998 -690
420 -315 -994 306
209 -251 -179 -380
10 -738 -134 -760
200 -232 -176 -401
4 -713 -120 -781
187 -221 -164 -417
-3 -719 -105 -767
173 -227 -154 -398
-17 -731 -87 -794
353 544 -177 627
-391 -612 -221 -312
348 535 -179 613
-375 -637 -228 -295
340 542 -178 620
-397 -638 -227 -318
337 547 -147 630
-382 -631 -204 -309
-23 598 -103 -526
-225 1036 -20 1401
-32 594 -129 -524
-208 1020 -42 1408
-38 586 -126 -516
-211 1008 -33 1414
-47 578 -118 -511
-214 989 -26 1424
-529 752 12 662
12 -33 -27 -502
-527 751 29 683
-11 -53 -42 -489
-560 750 11 674
6 -43 -38 -479
-524 726 11 700
7 -58 -50 -475
-293 32 37 -137
264 540 -890 219
-292 18 28 -123
273 517 -885 215
-293 -14 21 -131
286 521 -885 242
-278 -29 46 -117
293 500 -918 240
428 -383 395 -216
132 517 921 221
470 -372 404 -228
145 538 910 211
474 -395 385 -199
158 537 899 227
474 -389 371 -211
167 521 891 225
521 735 188 702
-361 252 -93 231
533 740 168 704
-327 242 -105 245
542 720 151 701
-332 241 -112 249
551 736 137 727
-337 237 -114 259
-65 242 674 177
708 -273 -80 -606
-46 231 648 211
717 -294 -78 -596
-50 214 652 213
732 -290 -89 -587
-53 197 660 220
748 -315 -100 -575
354 555 112 192
0 -407 265 -307
375 558 118 179
-8 -432 256 -273
353 542 99 205
-9 -427 275 -285
375 562 102 218
7 -427 267 -290
530 -96 202 187
74 -327 -300 -340
547 -113 187 186
84 -330 -321 -343
555 -101 172 190
65 -311 -304 -343
538 -91 174 197
73 -319 -328 -338
-25 209 -10 46
-257 -302 414 215
-24 205 -18 34
-251 -320 410 228
-10 208 -5 61
-239 -304 399 235
-10 204 -11 50
-236 -294 395 244
70 -327 844 -328
-716 -199 -545 75
58 -332 868 -337
-723 -191 -559 70
68 -337 863 -339
-723 -209 -538 68
53 -334 863 -314
-727 -202 -553 58
65 -203 -1094 -153
-263 -250 281 -848
39 -210 -1088 -129
-251 -259 296 -826
46 -213 -1090 -145
-281 -247 289 -838
24 -215 -1089 -124
-268 -245 299 -825
733 -147 -221 -184
127 84 411 -8
728 -148 -216 -183
148 92 396 -40
726 -156 -216 -171
159 107 384 -43
753 -140 -219 -204
145 118 383 -37
277 -367 513 572
751 171 551 411
306 -367 484 563
773 156 536 392
308 -365 492 553
765 173 522 369
334 -340 459 542
788 199 513 383
-662 -332 -221 200
-5 427 674 121
-638 -320 -250 194
33 410 642 126
-607 -312 -258 194
35 389 616 134
-598 -337 -282 167
41 407 627 128
-314 147 487 279
-654 258 -971 -306
-310 131 456 274
-628 245 -954 -283
-294 129 450 294
-635 231 -966 -298
-278 115 443 294
-648 222 -978 -279
-402 53 -421 278
107 378 196 715
-419 36 -414 294
78 385 218 733
-433 52 -413 303
85 380 232 731
-437 36 -386 317
52 385 220 752
-309 515 -888 -167
134 409 -117 154
-324 508 -864 -187
134 390 -97 166
-347 508 -862 -174
104 397 -68 173
-361 483 -841 -162
103 388 -47 172
-127 -136 -1200 547
496 347 259 -49
-142 -159 -1193 539
489 346 269 -69
-154 -153 -1196 563
509 349 278 -55
-162 -145 -1165 550
508 346 284 -67
-531 399 73 278
78 637 -32 254
-509 403 72 276
81 664 -65 246
-522 405 82 271
96 664 -72 240
-516 406 54 272
106 659 -72 238
-672 579 656 309
348 -82 -946 180
-656 572 676 322
366 -95 -938 174
-646 563 665 300
350 -77 -952 165
-635 560 657 308
364 -62 -973 156
-388 -686 -671 -26
-711 -237 -100 -92
-390 -691 -681 -36
-696 -231 -104 -105
-393 -670 -696 -43
-681 -226 -108 -112
-400 -679 -704 -41
-671 -219 -108 -123
-228 -159 -87 -32
321 0 50 884
-228 -173 -89 -33
319 10 67 871
-226 -157 -91 -39
311 24 52 862
-229 -142 -88 -48
318 33 64 857
90 141 557 -154
149 -255 -52 -452
77 166 560 -157
162 -247 -40 -449
64 189 565 -194
136 -245 -53 -475
71 192 534 -197
140 -201 -29 -489
785 103 141 568
-48 42 174 680
784 99 122 542
-51 40 175 650
790 126 126 511
-56 70 171 619
762 143 146 491
-80 75 194 628
1037 367 843 842
-441 74 93 434
1025 400 861 849
-453 98 116 418
989 386 886 811
-472 96 102 404
989 415 893 787
-455 122 119 390
19 2 -827 -126
276 -239 795 185
7 -4 -838 -132
255 -256 811 192
5 28 -822 -152
269 -257 815 173
-1 24 -801 -159
249 -247 830 177
96 214 100 -62
225 52 -177 -142
80 226 125 -88
210 63 -162 -146
60 238 126 -73
184 40 -172 -141
49 215 149 -87
196 46 -161 -147
-17 -500 -450 -669
-10 238 318 -429
-13 -494 -447 -682
-14 218 336 -392
-43 -506 -439 -671
-19 225 348 -401
-62 -527 -397 -650
-24 209 356 -374
673 116 382 231
-254 13 -29 -396
693 93 391 245
-264 -10 -40 -392
679 69 405 266
-270 0 -25 -392
670 71 418 277
-269 -18 -15 -353
12 358 -78 207
-82 -6 10 -108
7 363 -79 237
-96 -20 19 -69
11 332 -54 248
-110 -40 24 -62
-12 345 -59 273
-95 -34 -14 -56
-338 -74 480 -761
-61 131 -276 304
-317 -77 482 -760
-85 129 -259 318
-325 -108 487 -757
-80 118 -253 297
-343 -107 473 -719
-67 114 -247 312
-38 -209 48 31
92 720 66 -233
-35 -204 37 40
86 704 88 -221
-59 -228 65 53
58 719 104 -220
-52 -223 55 63
47 707 97 -211
335 534 -671 854
646 309 661 232
306 509 -648 836
638 317 667 227
313 524 -642 847
625 319 680 197
287 529 -623 824
620 326 682 201
-332 -438 686 -279
-76 169 -656 798
-342 -446 679 -284
-81 160 -642 797
-343 -428 704 -291
-81 176 -633 801
-347 -442 697 -293
-91 167 -651 804
-68 -204 -33 191
106 101 -499 -372
-89 -181 -30 178
99 103 -476 -359
-78 -193 -34 176
80 107 -476 -351
-96 -193 -30 164
89 109 -489 -378
-10 464 87 191
-67 282 -32 253
-20 462 66 184
-89 266 -26 264
-23 459 79 173
-78 276 -25 273
-31 462 99 162
-97 282 -17 249
-357 -491 -653 651
-4 -159 272 -381
-381 -470 -645 636
17 -164 264 -396
-376 -478 -636 663
36 -159 263 -392
-369 -468 -636 664
55 -183 260 -370
125 228 -354 71
-152 393 87 316
117 230 -361 93
-138 377 66 341
139 238 -371 106
-124 381 52 333
159 209 -382 89
-116 372 41 348
-184 251 467 124
-84 140 -19 -184
-176 257 444 115
-83 115 -27 -174
-134 240 416 148
-60 130 -62 -180
-131 245 400 135
-60 122 -67 -144
491 -506 338 343
161 339 -166 -130
521 -497 343 365
185 327 -196 -120
540 -492 328 357
200 331 -210 -140
533 -488 310 344
209 330 -241 -134
1151 1 54 905
3493 -689 -1687 732
1208 -34 10 916
3636 -738 -1792 760
1267 -30 -28 927
3730 -747 -1888 778
1303 -44 -32 896
3757 -736 -1907 751
15709 -4921 -5903 2623
-209 3261 14969 7038
15904 -4976 -6048 2676
-27 3222 14776 7075
16034 -4995 -6153 2717
105 3217 14623 7113
16104 -4994 -6214 2681
192 3253 14547 7090
1043 -1870 -160 -3639
-2853 339 3180 -22
1201 -1896 -346 -3609
-2698 362 3035 -10
1378 -1859 -490 -3621
-2611 360 2897 -26
1484 -1831 -572 -3653
-2503 419 2807 -57
1065 -1202 2284 -825
91 -1755 74 -709
1162 -1174 2178 -823
140 -1752 -8 -726
1275 -1162 2053 -843
210 -1743 -79 -746
1342 -1122 1975 -872
284 -1738 -147 -766
-1758 -2878 493 -1359
1392 702 698 -589
-1725 -2881 431 -1363
1424 688 663 -604
-1674 -2891 379 -1370
1418 689 647 -588
-1653 -2881 333 -1379
1436 655 592 -563
-497 353 238 -1472
324 -159 -1281 -1248
-487 325 215 -1439
321 -185 -1290 -1246
-478 325 219 -1447
302 -169 -1263 -1211
-510 309 208 -1439
286 -191 -1242 -1221
-1157 -737 -1242 677
577 -41 -1007 -655
-1187 -722 -1217 700
555 -20 -1013 -677
-1190 -719 -1210 701
570 1 -990 -695
-1225 -717 -1195 700
558 20 -977 -713
-52 81 1803 33
-849 24 -1493 88
-53 115 1815 33
-833 44 -1473 62
-55 107 1837 11
-851 64 -1476 35
-60 126 1822 -13
-839 73 -1486 19
415 -80 -526 282
407 -804 172 -126
410 -50 -514 258
398 -795 150 -131
432 -49 -509 239
425 -753 157 -149
417 -14 -522 250
410 -741 140 -156
-264 121 9 469
96 -166 383 -184
-223 127 -4 477
120 -167 358 -197
-229 124 -31 464
123 -169 367 -209
-223 156 -36 441
147 -144 341 -219
-691 24 217 300
387 -143 157 218
-694 32 213 290
385 -136 159 215
-659 41 191 279
407 -128 131 210
-658 43 187 279
431 -152 97 215
-528 66 972 104
771 1167 41 -218
-528 93 955 116
777 1138 42 -219
-529 77 945 104
780 1142 14 -197
-505 78 934 113
796 1118 19 -207
-114 456 -187 146
-502 516 -271 625
-118 453 -182 138
-496 492 -255 620
-116 454 -179 161
-496 511 -270 639
-119 421 -209 154
-498 488 -285 630
-25 173 609 689
-335 194 142 21
-6 158 603 705
-347 201 132 8
11 163 601 694
-312 173 146 10
-11 173 575 710
-320 185 135 35
-450 -63 -1612 -164
458 -226 102 -44
-450 -72 -1600 -157
454 -246 99 -36
-422 -77 -1623 -155
466 -235 71 -33
-421 -85 -1618 -148
458 -255 70 -23
-210 -320 70 -680
653 -61 90 256
-220 -343 63 -677
650 -49 73 252
-211 -371 66 -668
656 -67 97 254
-227 -355 63 -645
650 -52 84 251
257 233 106 -129
-351 -330 387 -239
238 246 125 -114
-378 -328 381 -255
240 265 111 -110
-368 -299 411 -278
222 270 131 -124
-368 -291 403 -264
251 333 -159 781
24 -514 -497 594
243 336 -154 746
13 -477 -500 573
228 374 -173 743
6 -443 -503 557
222 377 -160 708
4 -434 -511 539
-469 798 -381 673
-100 -196 953 321
-451 833 -356 657
-79 -194 961 299
-436 872 -367 645
-68 -164 943 276
-420 878 -380 596
-26 -130 921 241
-356 -466 351 227
68 -1058 -594 -623
-342 -449 334 192
85 -1051 -628 -618
-334 -422 324 195
107 -1050 -632 -647
-293 -408 317 170
124 -1041 -661 -640
390 -672 612 -731
-115 148 72 -64
408 -638 606 -719
-117 140 48 -78
426 -646 599 -731
-80 147 48 -70
437 -648 567 -747
-61 165 25 -95
-11 642 77 574
-131 230 624 -81
5 639 43 588
-118 212 599 -86
18 665 15 565
-105 221 576 -85
37 655 21 588
-90 212 553 -57
-212 -24 -36 -692
-31 105 169 -118
-208 -17 -43 -689
-15 114 155 -100
-175 -11 -53 -679
-6 114 150 -112
-181 -32 -86 -675
0 125 143 -103
841 -221 224 247
218 -22 8 674
851 -215 192 243
207 1 25 673
874 -213 189 243
224 -1 4 677
862 -206 193 239
221 11 10 651
-411 418 -15 47
234 508 613 -208
-410 414 -19 52
220 520 610 -223
-419 437 -44 16
235 532 607 -231
-391 434 -55 26
222 545 616 -249
-603 88 -138 624
719 -582 216 145
-608 118 -127 612
702 -547 239 130
-613 106 -112 580
678 -542 236 118
-632 132 -128 572
657 -514 265 109
626 -10 -522 -137
153 -1079 -750 217
603 -23 -510 -176
148 -1068 -732 211
579 5 -496 -196
138 -1073 -713 180
566 26 -458 -205
104 -1069 -697 183
-237 443 -237 -80
-225 -52 -563 -408
-258 446 -227 -101
-214 -60 -549 -411
-276 450 -184 -85
-233 -60 -534 -387
-301 453 -176 -105
-253 -72 -515 -391
651 215 -125 -4
-316 -557 47 -206
674 213 -103 -7
-312 -575 56 -208
661 209 -112 -11
-309 -586 60 -183
646 217 -120 14
-335 -608 71 -187
125 882 185 145
454 95 681 160
114 864 193 146
459 73 668 141
96 876 206 141
439 83 691 155
115 857 204 143
438 96 689 162
859 42 -319 -618
-177 481 -322 121
863 53 -316 -621
-182 486 -317 100
874 57 -323 -616
-186 492 -314 110
852 35 -316 -609
-190 492 -317 85
-374 -131 123 519
-975 287 -69 -162
-360 -129 119 518
-980 276 -73 -169
-345 -128 114 518
-963 261 -78 -173
-334 -136 111 527
-975 255 -75 -145
353 256 83 270
838 481 -406 332
362 255 70 276
857 467 -406 325
331 218 75 290
852 464 -377 343
336 211 67 296
814 459 -372 367
128 -245 363 -438
-64 -783 60 -549
113 -221 366 -431
-53 -783 69 -550
111 -225 393 -427
-64 -780 78 -561
100 -230 381 -420
-52 -771 84 -541
-734 428 -821 98
-1085 205 -78 712
-730 426 -802 116
-1066 206 -92 686
-729 414 -820 104
-1077 212 -102 692
-722 445 -803 112
-1061 206 -115 673
-1066 178 -1099 579
-123 -294 337 163
-1059 194 -1103 570
-125 -291 318 160
-1063 184 -1143 567
-122 -279 330 147
-1058 193 -1150 563
-121 -292 309 180
52 -217 -215 -1121
-121 -467 920 230
30 -218 -230 -1102
-140 -464 921 252
53 -220 -226 -1118
-124 -466 922 244
61 -208 -252 -1118
-144 -469 932 233
463 -36 -440 -68
-66 101 -371 30
454 -24 -422 -53
-80 100 -366 20
442 -18 -429 -67
-61 102 -364 14
442 -44 -418 -76
-66 100 -368 0
-557 94 -110 173
-784 106 -591 -282
-521 70 -98 174
-788 90 -604 -253
-527 83 -104 169
-759 96 -595 -254
-525 76 -120 197
-736 105 -620 -268
261 223 793 662
-546 -340 62 -595
292 225 770 657
-546 -345 37 -595
290 222 757 665
-503 -348 29 -594
318 223 743 671
-507 -348 7 -595
157 387 96 -397
549 -587 285 308
173 399 100 -379
567 -592 294 316
154 379 83 -388
556 -559 269 311
169 393 88 -406
548 -546 280 288
-54 -532 -41 -191
-77 402 -100 284
-59 -532 -31 -192
-86 412 -95 255
-69 -510 -54 -222
-93 417 -88 236
-69 -490 -53 -213
-100 437 -85 243
-128 172 67 375
-310 166 155 163
-134 151 74 376
-309 171 160 151
-134 161 76 374
-315 177 135 146
-137 163 81 341
-315 179 138 143
682 173 428 11
-50 314 -503 60
661 180 426 38
-46 298 -503 54
671 177 424 37
-43 315 -499 79
656 147 421 42
-36 299 -507 70
-885 -195 347 -494
335 39 -324 141
-874 -197 347 -513
321 28 -329 156
-863 -188 350 -502
340 37 -339 137
-856 -181 352 -497
329 57 -344 147
-1166 -590 -452 292
-342 664 -169 -387
-1147 -602 -458 278
-321 667 -189 -402
-1135 -582 -458 299
-337 691 -198 -413
-1124 -571 -466 292
-316 691 -183 -419
125 95 -428 353
446 -368 28 164
123 120 -446 333
446 -340 20 148
130 116 -442 355
446 -343 12 132
130 132 -433 339
457 -340 29 155
-812 503 -218 52
401 344 -390 644
-789 495 -218 39
386 334 -406 623
-800 528 -212 43
385 328 -398 603
-783 521 -212 22
403 359 -387 604
487 -442 359 508
-524 896 -27 -200
492 -446 362 524
-501 877 -36 -218
489 -431 332 508
-505 895 -37 -202
488 -445 342 502
-516 882 -37 -218
-236 -757 -289 -189
-295 -140 -312 51
-234 -778 -288 -182
-290 -146 -340 43
-236 -773 -323 -174
-257 -158 -359 48
-237 -768 -324 -171
-251 -154 -356 74
924 -436 -498 448
3147 -1800 -1011 1114
989 -465 -522 462
3289 -1853 -1095 1139
1024 -478 -554 467
3371 -1886 -1168 1151
1065 -484 -583 462
3439 -1872 -1192 1149
13119 -6658 -4394 2750
-7692 4808 9961 3810
13267 -6711 -4532 2817
-7531 4776 9802 3866
13397 -6727 -4635 2833
-7395 4770 9676 3889
13471 -6711 -4716 2839
-7294 4805 9564 3862
1287 -3367 -3669 -2848
-1647 922 2488 1042
1442 -3393 -3857 -2821
-1537 928 2355 1049
1552 -3390 -3995 -2797
-1442 932 2228 1052
1661 -3335 -4049 -2853
-1335 967 2148 1004
916 -1381 1475 -2230
-1078 -1507 642 261
995 -1372 1375 -2208
-1024 -1489 570 249
1102 -1355 1262 -2251
-955 -1494 512 246
1158 -1326 1211 -2267
-915 -1476 458 197
-669 -2275 1187 -1037
514 268 -457 -661
-628 -2293 1128 -1025
530 257 -473 -664
-593 -2276 1086 -1032
547 278 -487 -664
-554 -2278 1038 -1055
563 270 -532 -661
-515 792 -670 -1406
268 -138 -825 -262
-510 814 -668 -1400
283 -108 -810 -281
-503 800 -668 -1419
268 -102 -823 -297
-514 828 -693 -1429
249 -78 -800 -318
-135 -669 -348 692
-487 -115 -1342 -301
-162 -633 -319 677
-502 -82 -1323 -341
-166 -611 -326 632
-494 -71 -1298 -344
-189 -587 -301 629
-520 -45 -1310 -377
199 -249 70 766
-81 456 -464 -759
195 -231 48 774
-75 480 -447 -769
196 -192 66 744
-75 473 -461 -768
182 -188 53 732
-75 495 -441 -775
334 -307 39 27
-413 8 -440 -213
304 -317 48 27
-405 1 -427 -213
307 -298 59 20
-407 -9 -437 -204
303 -313 71 25
-405 -15 -413 -203
321 -193 -886 -83
96 -134 215 78
324 -168 -899 -77
105 -119 180 79
349 -176 -910 -65
116 -131 184 80
344 -192 -918 -85
126 -117 186 79
-353 -540 -6 -595
447 210 810 -520
-325 -540 -8 -590
468 194 803 -532
-336 -533 -34 -594
490 211 797 -551
-312 -538 -36 -586
501 206 768 -536
-658 -538 67 6
216 -29 -1141 -95
-619 -546 72 3
227 -23 -1167 -107
-626 -527 56 2
210 -15 -1160 -110
-635 -508 49 -9
198 -13 -1156 -114
-144 -198 890 -185
83 -539 -605 -243
-157 -195 894 -184
43 -544 -582 -265
-161 -205 920 -209
11 -545 -565 -254
-172 -180 919 -210
2 -547 -548 -236
411 -629 -155 -414
945 620 318 -162
374 -628 -127 -410
930 617 334 -161
367 -628 -105 -409
893 619 358 -162
323 -632 -70 -406
890 588 401 -159
-224 475 -494 467
-242 -519 -720 -70
-240 448 -466 474
-274 -519 -698 -53
-254 457 -478 477
-285 -523 -710 -58
-293 436 -450 474
-287 -517 -701 -46
460 -858 135 -543
129 -921 24 -425
456 -867 133 -532
111 -946 35 -412
447 -875 141 -519
118 -939 48 -409
438 -878 148 -510
123 -936 61 -407
658 691 -524 944
-324 -270 162 -432
664 693 -540 956
-329 -270 150 -413
633 667 -540 946
-333 -267 165 -434
646 674 -520 962
-316 -290 152 -419
-388 166 358 0
557 434 -84 401
-382 164 344 20
551 423 -84 424
-367 162 359 7
575 441 -90 411
-371 168 362 12
564 440 -83 428
-235 309 -365 -122
-28 170 571 244
-206 309 -387 -100
-23 178 554 221
-215 326 -398 -102
-8 189 563 239
-210 323 -389 -115
-2 195 542 216
-409 -571 -81 634
380 -389 85 -106
-381 -560 -77 630
382 -380 101 -120
-389 -552 -103 627
387 -360 111 -105
-387 -544 -97 627
385 -353 89 -118
194 -91 481 -13
364 374 124 -431
177 -84 484 -5
346 407 109 -466
187 -91 483 -24
335 382 131 -460
172 -87 487 -14
343 393 113 -465
-27 -382 -347 -287
-46 -442 0 -57
-40 -372 -341 -291
-53 -406 2 -79
-52 -350 -339 -279
-37 -402 3 -100
-58 -345 -297 -291
-43 -396 5 -83
204 -13 -963 -472
-49 42 597 925
219 -22 -972 -500
-57 58 603 904
210 10 -942 -510
-37 75 600 888
202 8 -953 -518
-26 85 567 867
-301 -485 366 55
-199 240 259 -242
-266 -464 338 53
-181 250 220 -274
-268 -457 324 27
-185 235 213 -265
-245 -470 309 32
-163 261 211 -277
-346 -512 -407 -348
-200 -336 232 52
-358 -535 -407 -356
-185 -335 225 54
-335 -511 -422 -352
-199 -311 228 23
-344 -503 -425 -370
-181 -314 218 32
-619 70 -355 281
-144 218 -490 201
-607 88 -323 262
-158 244 -478 180
-626 99 -323 255
-164 239 -472 167
-622 111 -323 239
-176 273 -458 175
-239 236 -795 -432
-709 -1032 -509 57
-245 247 -770 -439
-742 -1023 -514 43
-257 258 -777 -450
-732 -1010 -493 59
-256 273 -758 -461
-734 -1008 -507 48
-26 366 182 119
-470 -132 -62 -349
-12 363 202 122
-472 -133 -57 -351
-3 364 195 124
-470 -127 -50 -358
-28 390 195 126
-469 -131 -51 -353
-349 -452 -37 -426
105 135 -801 -266
-349 -459 -17 -415
113 120 -768 -271
-384 -448 -22 -436
88 109 -768 -236
-377 -459 -4 -423
89 92 -769 -240
688 -398 -325 186
403 323 -290 -682
688 -408 -308 202
409 312 -273 -678
693 -385 -297 211
373 332 -277 -672
662 -393 -276 225
375 332 -267 -673
-373 -717 22 -60
-398 710 -237 533
-370 -711 2 -56
-394 710 -221 534
-390 -711 17 -44
-382 713 -215 540
-380 -715 29 -73
-385 703 -226 520
-585 -570 -845 -185
-206 -157 345 -476
-590 -571 -832 -200
-224 -176 352 -481
-601 -576 -852 -215
-213 -155 359 -461
-581 -569 -841 -199
-207 -141 373 -474
429 -29 45 330
-161 -346 -384 -36
424 -19 45 329
-160 -348 -385 -32
420 -7 52 329
-159 -360 -384 -56
417 4 58 334
-152 -333 -388 -58
-395 432 -614 368
-502 -671 -432 -43
-406 419 -604 344
-499 -693 -450 -58
-390 439 -596 351
-491 -683 -432 -43
-407 428 -614 335
-489 -675 -449 -62
13 267 266 -539
15 675 321 580
13 257 268 -537
2 680 317 572
45 241 262 -530
13 692 317 592
36 257 235 -527
27 667 314 596
-155 116 -68 278
1102 407 -132 -66
-138 91 -83 292
1121 415 -137 -76
-160 100 -84 299
1112 418 -146 -83
-155 108 -87 303
1114 395 -119 -84
108 -441 603 647
-305 493 491 681
113 -452 612 653
-304 492 515 684
96 -468 615 662
-305 464 500 689
109 -477 613 664
-311 470 497 689
666 471 323 181
605 227 -220 962
679 459 349 200
614 204 -234 996
678 456 347 205
607 185 -217 996
659 458 352 212
624 196 -243 990
300 341 420 -351
-284 -506 281 -530
287 327 446 -318
-276 -529 299 -511
305 316 428 -319
-277 -536 293 -524
288 303 426 -312
-283 -530 289 -511
393 370 -93 373
-174 -179 235 -455
428 364 -87 356
-174 -166 222 -452
426 360 -104 379
-170 -155 205 -451
430 350 -90 371
-131 -168 211 -447
-59 -253 -157 177
161 -325 619 -284
-44 -250 -159 157
143 -302 592 -284
-37 -244 -191 171
164 -310 593 -283
-22 -237 -190 144
173 -297 566 -313
-305 13 -61 138
-218 431 -322 -112
-297 23 -63 133
-207 435 -301 -97
-296 9 -90 125
-211 438 -303 -121
-289 14 -85 127
-209 441 -310 -104
23 -201 -213 45
-620 -271 -7 170
48 -189 -225 31
-625 -273 -13 183
45 -203 -198 19
-620 -254 3 158
41 -184 -204 34
-625 -256 -9 171
629 356 -99 383
-296 217 249 259
604 369 -96 362
-268 199 230 256
606 387 -98 378
-271 211 251 249
613 373 -101 361
-278 227 242 233
39 -78 94 -133
-73 -16 -466 156
55 -54 85 -138
-82 -8 -465 160
52 -62 105 -132
-87 1 -474 158
43 -42 97 -132
-66 3 -486 167
296 453 -53 1
-213 -117 -61 -408
295 436 -57 -14
-201 -110 -75 -430
295 442 -62 -30
-193 -132 -87 -409
284 464 -57 -17
-204 -131 -67 -423
-193 168 290 -45
-1273 337 -972 312
-202 181 266 -34
-1242 310 -987 324
-205 167 276 -27
-1239 319 -1003 323
-182 176 243 -13
-1245 322 -1008 336
-157 132 -62 -134
462 156 -229 184
-135 121 -47 -131
485 160 -222 186
-144 139 -65 -127
483 186 -253 195
-120 128 -55 -117
511 177 -254 172
-164 199 527 172
-161 -265 295 -504
-168 183 518 138
-137 -230 285 -532
-141 193 470 144
-118 -223 253 -521
-117 209 457 143
-99 -226 256 -537
-386 -536 -398 128
775 -368 910 76
-344 -513 -403 123
806 -377 888 49
-311 -496 -437 113
836 -381 861 58
-305 -508 -437 113
857 -371 840 51
190 196 126 399
1876 -2399 -1329 615
226 151 80 420
1971 -2446 -1402 640
276 156 52 424
2041 -2480 -1454 657
299 158 60 392
2072 -2491 -1482 669
10114 -7122 -4099 3657
-13702 6922 3702 2681
10235 -7173 -4232 3735
-13594 6880 3591 2745
10323 -7189 -4287 3764
-13497 6872 3489 2770
10386 -7180 -4366 3755
-13429 6899 3423 2749
949 -3144 -4505 -1274
-440 3143 902 2340
1070 -3163 -4593 -1235
-349 3120 813 2365
1137 -3160 -4699 -1231
-287 3114 724 2365
1207 -3139 -4736 -1269
-234 3132 665 2336
-765 -3245 -206 -3350
-766 -1247 -197 -616
-712 -3253 -276 -3340
-732 -1270 -250 -617
-655 -3248 -356 -3329
-704 -1259 -292 -620
-614 -3244 -410 -3354
-653 -1251 -339 -626
-245 -1464 974 -1007
164 835 -833 200
-246 -1473 932 -1001
185 858 -854 187
-210 -1459 889 -1005
230 850 -902 193
-168 -1451 860 -1003
211 839 -897 191
-1080 890 -841 -233
1117 -1059 -725 -860
-1054 905 -849 -232
1121 -1067 -739 -860
-1044 896 -872 -233
1126 -1075 -744 -864
-1063 886 -875 -238
1136 -1073 -732 -846
-1050 -241 -960 444
-927 -22 -86 -1017
-1059 -235 -947 451
-951 -29 -81 -1030
-1079 -232 -960 461
-979 -27 -65 -1018
-1098 -239 -947 443
-990 -24 -49 -1002
-16 -869 -1037 239
666 1082 -346 444
-49 -881 -1028 251
658 1080 -338 449
-57 -866 -1022 258
617 1077 -316 462
-88 -896 -975 242
610 1042 -311 478
88 617 -1263 -771
157 -234 -30 320
64 575 -1241 -774
146 -245 -23 355
42 574 -1226 -751
135 -267 -16 371
17 547 -1207 -738
119 -295 -4 379
-157 306 343 -1115
1145 -831 483 -359
-174 271 350 -1123
1150 -848 485 -340
-164 241 353 -1097
1155 -869 497 -322
-186 220 365 -1042
1127 -894 475 -303
-188 703 494 -497
-661 -43 -613 -589
-173 678 520 -493
-648 -56 -604 -594
-197 679 524 -491
-667 -74 -595 -560
-187 665 517 -457
-661 -89 -580 -569
137 127 48 300
317 1373 54 627
111 135 43 292
281 1362 49 640
119 120 55 318
281 1359 71 644
97 118 85 314
261 1344 88 665
581 408 358 -63
145 542 -398 93
578 397 373 -45
159 565 -398 64
574 404 394 -59
140 563 -392 80
570 386 371 -36
153 562 -394 91
140 -651 129 -552
-5 436 177 401
128 -636 116 -532
21 462 152 400
150 -627 125 -551
30 450 163 378
133 -615 115 -537
24 473 146 380
-1275 -196 -336 459
150 -411 27 57
-1261 -196 -327 451
179 -396 22 55
-1221 -192 -360 438
167 -390 3 26
-1211 -168 -355 431
195 -387 -1 38
-13 -164 -141 -220
-1028 356 -665 -323
1 -153 -153 -236
-1022 344 -672 -311
16 -176 -168 -243
-1018 333 -676 -303
30 -164 -181 -224
-1015 294 -681 -287
-343 -61 -113 -863
1264 -254 -154 -212
-330 -91 -121 -851
1277 -266 -141 -214
-348 -83 -124 -818
1254 -279 -158 -215
-342 -111 -128 -816
1272 -282 -146 -191
-636 556 34 694
184 701 -870 -88
-642 557 18 720
194 691 -852 -103
-637 543 29 719
199 682 -865 -84
-647 535 17 716
169 669 -869 -96
-298 518 23 525
-1200 11 47 -215
-260 524 19 500
-1196 28 56 -226
-251 531 19 508
-1172 28 28 -207
-244 544 16 515
-1166 44 33 -221
264 190 -355 797
-441 -602 686 -145
289 210 -366 812
-469 -574 674 -165
277 220 -362 791
-465 -564 685 -152
296 198 -406 790
-468 -569 676 -170
312 435 -594 -148
618 -109 222 -662
315 429 -607 -142
607 -104 212 -655
322 452 -586 -178
604 -113 229 -671
319 451 -593 -178
604 -76 247 -674
472 -1018 -589 35
-708 146 475 -104
455 -1002 -581 11
-710 182 498 -98
448 -982 -580 21
-693 184 488 -121
465 -971 -585 7
-718 207 498 -141
122 136 -86 453
271 -191 -49 610
132 171 -108 449
276 -155 -58 582
132 196 -118 411
283 -136 -34 588
117 201 -99 415
295 -97 -54 552
-233 -78 -200 452
-7 -15 305 201
-260 -58 -211 442
-7 -1 308 184
-242 -8 -201 386
-8 1 281 146
-239 16 -217 375
-8 47 291 124
-111 -450 247 230
403 76 802 463
-120 -420 252 198
407 75 812 445
-104 -422 222 173
404 85 803 419
-80 -396 219 148
405 113 790 401
135 -175 86 -178
-88 -570 -55 142
152 -177 98 -190
-85 -585 -58 123
127 -151 91 -242
-101 -571 -30 107
139 -155 74 -247
-95 -543 -31 110
-205 -96 -176 638
-324 172 -219 -246
-208 -82 -172 647
-339 174 -209 -245
-203 -76 -183 633
-317 180 -210 -245
-204 -62 -180 615
-329 177 -204 -277
163 730 328 547
-219 31 -46 93
156 725 347 557
-206 54 -56 89
171 711 338 540
-200 46 -54 92
161 740 325 545
-184 27 -67 72
-771 -301 -278 -877
-188 -407 -21 -214
-747 -307 -303 -897
-173 -402 -35 -186
-720 -302 -296 -895
-166 -402 -46 -193
-699 -298 -322 -889
-155 -408 -57 -196
287 252 -13 508
-154 -307 -265 -321
302 245 -37 502
-149 -283 -286 -323
290 263 -24 497
-159 -300 -283 -309
299 251 -45 498
-151 -309 -273 -307
-299 41 222 139
578 -163 -239 -541
-287 60 236 130
584 -150 -236 -539
-274 53 206 155
583 -153 -262 -516
-290 43 224 146
596 -167 -267 -519
-280 -58 -140 -52
781 403 845 -7
-283 -65 -144 -39
783 386 827 16
-290 -32 -144 -45
783 396 814 8
-267 -40 -154 -40
784 381 810 31
-536 -183 -400 -444
578 -450 -145 239
-521 -176 -413 -434
549 -443 -152 227
-542 -181 -421 -443
556 -445 -137 223
-530 -179 -431 -434
554 -437 -145 245
101 352 937 -277
-9 -173 -236 200
85 340 928 -295
-35 -174 -212 217
81 335 949 -281
-29 -172 -225 231
59 337 952 -274
-51 -174 -200 212
45 -75 -281 -97
-210 42 191 -373
36 -89 -254 -70
-241 33 206 -383
18 -115 -252 -70
-245 23 219 -361
13 -107 -231 -73
-274 9 232 -361
131 359 28 142
564 205 -41 80
117 359 43 138
557 205 -36 86
97 333 66 168
558 176 -1 87
87 327 78 168
552 184 2 122
634 516 -484 -32
-134 97 793 31
619 508 -484 -35
-155 112 804 48
607 516 -490 -19
-149 121 815 31
603 510 -468 -25
-140 135 823 46
-734 -1 -448 312
425 -822 -108 -44
-742 -7 -468 298
426 -842 -135 -53
-722 21 -456 314
425 -825 -123 -29
-741 14 -465 303
434 -815 -120 -39
34 -723 241 -754
13 -134 -608 -522
54 -718 244 -768
20 -145 -609 -535
38 -689 254 -781
9 -148 -581 -511
19 -689 231 -789
11 -161 -585 -523
-402 -179 87 30
314 -185 -291 -485
-399 -202 80 36
327 -205 -313 -462
-402 -186 68 34
317 -202 -300 -466
-404 -205 98 37
304 -227 -286 -473
111 -719 -699 -830
-822 373 -223 -489
115 -729 -691 -821
-833 367 -235 -477
127 -745 -694 -801
-813 360 -252 -463
102 -760 -691 -790
-818 348 -241 -451
-176 533 330 57
812 -802 39 32
-158 516 327 63
828 -825 32 49
-154 475 304 75
813 -809 35 52
-139 469 301 109
831 -826 28 62
-543 -406 -101 -51
-331 -386 298 -572
-539 -413 -100 -27
-319 -373 303 -560
-527 -425 -105 -28
-311 -399 275 -573
-524 -435 -104 -34
-301 -386 281 -563
-98 517 -48 -367
-255 57 564 271
-105 510 -57 -361
-267 69 557 282
-84 510 -69 -360
-258 70 558 263
-92 505 -79 -358
-269 83 555 272
88 -375 -1017 -397
339 -212 151 193
75 -369 -1019 -416
333 -219 152 174
66 -354 -985 -404
324 -197 151 148
51 -355 -989 -420
321 -198 181 162
490 -233 315 231
603 168 872 570
502 -202 317 228
607 167 879 556
483 -217 322 208
585 171 886 572
474 -184 353 200
568 204 888 554
-392 82 235 -227
983 69 -237 -127
-413 92 259 -215
957 64 -215 -129
-429 76 274 -203
970 55 -205 -135
-416 79 285 -213
952 47 -181 -133
166 113 190 66
132 280 107 -53
154 116 210 66
132 280 144 -57
134 98 203 100
119 279 158 -69
127 97 218 103
114 288 165 -45
466 -426 224 -204
-128 -162 7 68
467 -418 217 -212
-134 -181 25 75
444 -431 248 -189
-131 -163 31 67
442 -425 245 -200
-167 -178 55 77
53 27 -230 -470
-82 432 100 -24
46 29 -198 -454
-95 440 106 -33
35 23 -199 -464
-100 448 105 -32
36 18 -177 -479
-85 430 107 -37
565 -924 -696 643
2051 -1441 -458 1085
591 -939 -696 667
2089 -1512 -487 1105
599 -944 -712 647
2148 -1515 -503 1109
607 -940 -694 649
2150 -1513 -525 1111
7442 -8841 -2210 3187
-14602 10466 -1733 686
7505 -8874 -2293 3235
-14556 10430 -1802 713
7559 -8900 -2320 3248
-14479 10394 -1844 739
7603 -8894 -2334 3226
-14451 10402 -1897 715
-317 -948 -1573 1435
-700 4401 -970 3235
-258 -991 -1638 1479
-640 4362 -1040 3254
-225 -1015 -1692 1513
-587 4348 -1090 3281
-179 -1003 -1718 1480
-578 4346 -1142 3297
601 -2399 -821 -1444
136 -731 1498 -1397
627 -2424 -854 -1424
146 -732 1464 -1374
660 -2450 -906 -1394
179 -763 1431 -1350
682 -2470 -950 -1384
188 -789 1430 -1321
16 35 795 -139
-309 803 -1036 2199
38 35 745 -121
-288 790 -1054 2222
66 8 738 -121
-269 777 -1072 2214
96 3 722 -119
-258 768 -1088 2239
1048 594 -118 -281
-599 -520 548 -1155
1051 605 -136 -271
-588 -535 572 -1134
1051 593 -152 -256
-624 -519 578 -1127
1033 586 -134 -249
-624 -531 570 -1119
-343 196 -896 384
680 -302 -348 -661
-358 174 -899 361
660 -312 -328 -644
-394 190 -869 366
650 -328 -323 -657
-421 177 -862 373
612 -308 -271 -650
-355 846 160 718
-390 795 39 39
-375 845 202 734
-404 794 76 28
-395 834 210 727
-426 787 88 23
-405 814 236 729
-447 759 93 51
1022 917 -128 -32
-337 -858 -1025 -345
1005 900 -119 -26
-336 -871 -1032 -316
985 893 -106 14
-352 -899 -1010 -314
969 878 -95 15
-370 -923 -991 -276
-340 89 237 -933
424 442 -372 -18
-339 92 271 -941
411 431 -353 -5
-337 66 264 -911
418 416 -367 3
-372 41 267 -882
410 402 -356 11
-326 124 337 36
587 -244 -225 -439
-321 115 328 22
584 -259 -217 -444
-313 109 359 39
616 -268 -214 -423
-307 108 346 55
604 -286 -234 -427
-417 250 111 633
213 1237 -853 516
-436 226 107 644
181 1221 -864 514
-433 232 109 647
186 1227 -843 514
-464 229 118 660
154 1215 -822 550
822 616 359 685
-736 171 -940 507
817 612 384 660
-753 174 -929 488
802 607 386 676
-770 159 -915 501
767 610 418 679
-781 174 -884 509
661 -238 -14 -211
47 -637 357 455
654 -235 9 -196
32 -637 346 478
634 -232 9 -224
23 -644 368 470
628 -221 30 -215
4 -651 360 464
-141 151 -813 465
-539 67 -370 288
-130 141 -815 470
-543 42 -369 332
-116 137 -819 474
-517 48 -374 338
-136 135 -817 478
-525 26 -377 345
-383 987 315 -247
-221 -55 -197 71
-408 972 299 -202
-233 -84 -207 93
-403 953 286 -180
-215 -108 -215 114
-393 940 299 -172
-231 -137 -221 135
402 267 695 -487
381 -684 86 -242
407 252 703 -462
404 -695 90 -206
406 237 690 -469
391 -711 73 -200
412 196 697 -442
393 -721 76 -173
-866 -151 -480 -422
2 13 -46 -90
-860 -155 -484 -397
10 22 -25 -63
-883 -170 -487 -398
-14 0 -39 -29
-872 -200 -502 -372
-11 -25 -49 -38
-217 518 -87 -185
192 117 -50 -407
-245 494 -81 -166
183 94 -65 -394
-245 477 -86 -154
180 76 -44 -384
-249 459 -80 -144
174 54 -23 -375
949 -368 620 -107
86 266 -113 -307
944 -368 630 -85
81 286 -104 -321
941 -382 639 -90
75 281 -93 -298
932 -385 650 -67
50 270 -50 -307
-368 -585 -255 -51
-513 234 -429 -39
-383 -573 -267 -48
-512 222 -412 -13
-388 -586 -250 -51
-523 212 -428 -25
-389 -604 -242 -49
-523 215 -418 -12
299 -268 774 460
435 -475 -39 144
301 -295 761 477
410 -474 -58 163
307 -286 781 488
432 -483 -57 160
305 -283 770 466
419 -495 -48 159
-324 308 -290 -219
356 437 -7 270
-341 323 -272 -231
341 428 20 257
-360 302 -284 -233
325 430 16 269
-375 322 -271 -217
315 435 38 280
-17 -377 559 -545
236 -1422 -974 71
-34 -386 598 -558
220 -1425 -968 86
-25 -376 604 -550
234 -1402 -958 60
-51 -382 615 -570
233 -1408 -928 75
-510 476 -191 -39
201 -243 -225 -373
-487 486 -166 -36
183 -254 -226 -373
-508 489 -156 -55
206 -236 -204 -375
-522 511 -160 -57
195 -225 -214 -414
-933 128 172 210
-1000 295 -480 342
-929 126 173 203
-984 274 -487 339
-928 127 179 204
-974 283 -493 333
-935 122 152 208
-992 265 -491 332
305 239 -565 -27
414 546 17 118
282 248 -572 -7
405 542 10 103
290 212 -552 -1
397 538 38 120
265 214 -565 -12
398 532 53 111
458 -517 345 -1016
213 248 -324 -247
439 -495 347 -1025
202 253 -321 -233
427 -524 381 -1002
227 249 -296 -263
410 -537 382 -1005
211 250 -293 -251
240 -22 -54 325
-659 437 473 -123
238 -21 -72 317
-654 461 481 -136
238 -17 -54 341
-674 455 489 -145
213 -26 -37 340
-664 486 488 -127
29 93 -347 161
-845 172 -377 823
12 97 -338 153
-827 183 -397 800
16 125 -366 136
-840 194 -376 818
34 124 -362 128
-829 203 -391 800
1110 -285 203 165
243 -289 348 -186
1088 -280 195 138
241 -306 362 -190
1113 -272 203 143
233 -286 348 -170
1093 -271 197 121
238 -304 358 -170
24 459 47 -474
788 236 412 256
18 451 55 -467
806 216 390 267
34 442 66 -458
795 202 411 277
20 434 45 -455
814 184 394 287
-272 -246 -204 -662
313 -932 -204 -333
-256 -275 -212 -646
316 -946 -201 -299
-270 -264 -222 -640
322 -938 -205 -295
-254 -286 -228 -629
316 -964 -229 -290
-173 435 648 -127
-687 661 -179 -340
-165 404 643 -95
-698 662 -198 -334
-162 393 636 -87
-674 662 -189 -320
-130 394 633 -57
-692 662 -194 -314
281 -293 195 -85
241 -195 -164 497
281 -307 197 -110
232 -198 -175 510
275 -279 205 -109
229 -177 -158 496
276 -287 209 -107
221 -189 -174 484
-42 -609 287 -779
1 -143 -468 -670
-53 -606 294 -784
-5 -132 -478 -679
-68 -579 303 -784
-8 -130 -457 -678
-76 -579 309 -786
-11 -126 -471 -685
-245 273 -134 306
-400 224 396 217
-236 305 -153 304
-389 231 377 221
-256 306 -137 310
-399 244 385 220
-249 306 -159 314
-390 254 368 218
-567 -478 -260 -273
-319 -249 -563 429
-550 -479 -268 -282
-299 -257 -577 435
-564 -473 -280 -294
-299 -237 -567 406
-548 -478 -287 -302
-308 -247 -579 416
6 9 193 -280
-137 -77 -21 -752
13 8 191 -276
-142 -74 -19 -760
-3 26 180 -296
-115 -76 -32 -755
7 28 169 -293
-119 -74 -34 -768
