34 32 0 0
327 271 -133 -117
32 33 0 0
295 272 -110 -105
31 33 0 0
263 266 -104 -108
29 34 0 0
233 259 -98 -111
1394 1102 -689 -553
9743 8248 -2919 -2314
1273 1127 -638 -574
8533 7945 -2650 -2353
1141 1129 -572 -572
7406 7584 -2365 -2347
1002 1105 -510 -565
6345 7154 -2085 -2308
-3360 -1357 12988 14899
1364 1819 2581 558
-3197 -1494 12966 15103
1483 1749 2404 671
-2990 -1651 12833 15298
1672 1682 2212 773
-2724 -1801 12595 15525
1833 1595 1979 885
2685 3274 861 770
645 837 371 532
2749 3246 739 807
617 839 322 533
2809 3225 608 858
648 807 282 551
2897 3193 497 920
677 840 237 550
11 -1547 317 -1330
-527 -358 -97 305
-11 -1538 315 -1327
-489 -419 -92 301
-23 -1528 324 -1337
-467 -477 -109 310
-7 -1545 301 -1349
-421 -542 -96 331
-78 -67 171 148
-16 -11 37 28
-71 -76 149 161
-15 -13 33 34
-63 -82 134 175
-13 -15 30 37
-54 -89 114 187
-11 -16 25 41
-2 -1 6 2
0 0 0 0
-2 -1 6 5
0 0 1 0
-2 -1 5 6
0 0 1 0
-1 -1 5 6
0 0 0 0
0 0 0 0
0 0 0 0
0 0 0 0
0 0 0 0
0 0 0 0
0 0 0 0
0 0 0 0
0 0 0 0
0 0 0 0
0 0 0 0
0 0 0 0
0 0 0 0
0 0 0 0
0 0 0 0
0 0 0 0
0 0 0 0
-1 0 0 0
-12 0 4 0
-1 0 0 0
-11 0 3 0
-1 0 0 0
-11 0 3 0
-1 0 0 0
-11 0 3 0
-92 3 35 -1
-506 42 258 -6
-88 0 33 0
-476 24 248 2
-84 -2 32 0
-453 14 237 6
-80 -4 30 1
-430 0 227 12
-1306 232 862 -131
-2274 885 1800 -465
-1276 190 837 -73
-2192 800 1732 -387
-1187 127 782 -52
-2094 698 1648 -316
-1100 95 726 -18
-1932 603 1502 -262
19296 6797 2636 -1822
-6056 3820 225 14960
19382 6689 2527 -1739
-5984 3771 159 15087
19543 6597 2404 -1642
-5930 3694 23 15160
19697 6536 2239 -1566
-5806 3656 -123 15222
-716 968 116 -885
144 -1448 1628 -458
-707 925 73 -835
113 -1483 1626 -416
-685 907 28 -808
95 -1472 1611 -412
-633 877 -53 -767
95 -1466 1620 -422
2061 -921 1533 -68
-2209 -2139 -1478 -724
2014 -928 1554 -71
-2225 -2136 -1457 -746
2000 -904 1574 -56
-2256 -2142 -1430 -732
1979 -916 1592 -76
-2248 -2152 -1417 -734
-356 468 982 -993
88 -1093 -584 481
-369 469 979 -990
94 -1064 -577 465
-357 486 1002 -986
107 -1045 -577 471
-361 487 1000 -979
94 -1053 -589 445
-777 -709 -641 -792
-301 1517 849 376
-758 -661 -652 -812
-261 1558 840 353
-736 -644 -668 -844
-244 1573 816 349
-722 -603 -677 -856
-232 1589 799 316
532 509 -666 151
830 -631 337 -7
560 511 -698 131
875 -632 323 -32
586 533 -724 106
880 -616 298 -47
612 537 -751 89
892 -603 274 -77
-1080 850 362 -207
566 119 -90 -38
-1072 861 344 -234
550 126 -118 -50
-1053 878 304 -241
572 145 -111 -71
-1029 888 312 -244
573 149 -145 -82
1178 -916 -600 723
283 465 43 -331
1183 -902 -598 720
265 468 52 -358
1186 -888 -582 689
274 492 74 -367
1181 -865 -613 689
256 503 82 -369
-168 1008 60 522
-588 -412 1166 124
-192 1028 73 493
-587 -381 1172 141
-200 1058 74 481
-609 -384 1207 115
-204 1058 100 484
-626 -376 1219 98
456 -894 -652 -1171
377 -370 595 -201
431 -898 -621 -1168
361 -352 615 -196
423 -892 -615 -1188
343 -363 609 -204
409 -901 -610 -1176
335 -347 624 -193
-927 -187 -41 -208
14 -98 -308 -597
-942 -200 -45 -191
-3 -92 -325 -599
-951 -207 -27 -215
20 -101 -307 -598
-950 -203 -38 -200
6 -99 -303 -583
-317 533 -382 403
702 -262 -118 -446
-298 533 -378 388
703 -238 -126 -431
-306 506 -372 412
702 -261 -125 -447
-316 511 -384 396
722 -266 -111 -452
-558 -116 218 224
304 2 921 295
-548 -121 203 222
319 -4 915 298
-548 -117 190 227
315 1 919 270
-522 -137 186 241
326 12 916 296
40 92 -234 276
-137 981 -671 290
35 111 -236 291
-129 984 -674 306
34 97 -262 290
-125 976 -680 285
57 114 -252 305
-110 984 -693 301
-5 -273 -229 338
910 -371 761 -185
6 -252 -214 335
919 -359 783 -197
8 -256 -242 317
905 -341 793 -207
11 -236 -229 312
901 -335 773 -217
-102 -462 165 -437
-494 -317 -643 -538
-114 -448 172 -426
-522 -291 -639 -560
-134 -433 185 -440
-524 -304 -622 -570
-147 -415 193 -478
-525 -283 -607 -569
-320 768 -199 -252
234 -255 -92 -51
-342 788 -183 -249
250 -267 -75 -45
-356 791 -172 -277
221 -283 -68 -35
-376 795 -162 -270
217 -267 -48 -40
102 -280 450 45
-480 -637 87 -419
71 -281 470 57
-470 -643 112 -402
68 -287 490 69
-488 -670 113 -379
69 -299 503 75
-499 -671 111 -387
71 -203 455 -634
420 -349 -363 452
73 -233 439 -629
422 -347 -356 442
78 -221 451 -634
427 -325 -374 465
77 -222 443 -620
431 -309 -367 444
20 -322 -168 -334
-192 67 329 423
32 -305 -186 -343
-193 59 335 407
49 -290 -186 -359
-188 91 314 404
38 -293 -198 -343
-205 111 307 360
-41 414 331 -291
64 -87 -306 -119
-40 430 325 -314
73 -84 -317 -141
-44 439 322 -320
62 -65 -320 -143
-42 446 297 -347
66 -68 -329 -136
-384 -467 -447 -626
-57 136 -82 318
-413 -468 -454 -644
-92 132 -96 328
-400 -461 -469 -646
-85 131 -84 313
-411 -462 -456 -662
-75 147 -92 319
-296 -111 -442 -288
-88 4 220 -246
-310 -116 -447 -303
-63 13 211 -226
-306 -116 -444 -301
-73 10 212 -229
-304 -120 -441 -299
-83 -5 215 -225
-164 -40 -415 92
-337 133 276 367
-149 -31 -426 93
-316 137 269 385
-160 -9 -421 87
-300 146 247 373
-157 -19 -419 96
-293 155 251 369
120 263 -72 139
147 181 -159 81
111 264 -91 135
146 173 -163 85
123 292 -91 141
145 169 -172 82
134 290 -87 135
155 189 -182 100
-362 371 -733 346
278 286 115 659
-366 413 -743 352
264 282 131 652
-387 409 -751 348
258 297 127 649
-380 416 -721 335
269 306 157 623
270 120 322 300
-245 597 251 -383
262 101 333 282
-242 599 269 -398
261 109 338 274
-258 607 266 -422
257 125 340 292
-248 602 278 -417
-241 -36 -292 681
136 -116 -78 -242
-230 -36 -272 673
143 -121 -69 -242
-252 -38 -263 666
131 -126 -93 -241
-258 -16 -264 680
143 -116 -84 -248
-40 -515 -462 30
-100 387 -35 -184
-34 -525 -460 21
-113 360 -24 -201
-47 -540 -449 13
-120 379 -35 -206
-38 -523 -452 42
-129 380 -26 -189
-1091 -254 48 -778
556 935 -241 839
-1088 -251 57 -782
525 929 -250 840
-1087 -251 64 -772
540 927 -248 844
-1116 -247 61 -787
540 924 -237 846
-233 -1160 145 -138
174 -212 -515 -73
-241 -1172 152 -122
170 -213 -522 -70
-236 -1169 168 -115
154 -196 -504 -50
-262 -1179 149 -103
154 -205 -513 -64
-176 -216 -344 -645
257 -387 648 85
-187 -184 -348 -660
238 -364 655 96
-200 -192 -326 -665
240 -357 655 76
-214 -181 -332 -650
216 -366 667 56
-277 514 192 144
83 156 -40 -290
-284 534 195 153
70 161 -17 -292
-283 533 208 148
68 188 -26 -298
-300 538 215 119
77 200 16 -304
276 -180 159 -305
636 130 148 860
271 -159 159 -305
641 140 163 845
259 -154 158 -304
637 113 133 876
280 -157 169 -323
632 121 143 871
-630 703 668 -217
-42 137 -654 281
-621 711 675 -217
-28 136 -657 296
-635 729 666 -213
-45 141 -668 282
-622 697 650 -224
-41 135 -671 284
-183 -710 -95 85
-8 952 -565 374
-169 -699 -101 82
-34 941 -566 379
-155 -712 -75 84
-7 952 -583 385
-139 -696 -105 103
-7 952 -571 363
-303 265 441 19
180 -143 -69 -94
-306 258 434 17
193 -153 -87 -75
-297 263 437 26
194 -140 -79 -92
-304 258 428 18
189 -152 -92 -74
-147 743 -262 948
91 -62 263 134
-133 720 -263 939
81 -54 257 130
-146 734 -252 963
94 -39 250 140
-137 715 -273 957
103 -60 264 122
13 -75 -61 217
248 -78 211 210
27 -67 -62 187
250 -54 225 216
24 -40 -67 197
248 -52 219 206
21 -56 -69 184
243 -28 214 196
936 305 -316 -193
-14 134 1001 63
938 313 -287 -220
-13 140 1010 58
926 317 -302 -239
-26 142 1024 56
942 350 -306 -251
-20 151 1029 45
-117 723 297 197
-52 -168 -523 6
-121 706 327 183
-64 -177 -545 14
-126 731 312 181
-80 -184 -542 34
-133 718 321 166
-81 -184 -540 35
103 -28 47 -258
216 267 888 148
104 -27 44 -232
220 258 885 149
124 -48 42 -223
232 247 902 158
96 -54 53 -219
219 225 893 194
-115 -486 207 113
383 -483 -1048 -211
-122 -494 188 121
398 -515 -1048 -194
-134 -503 194 130
383 -527 -1059 -181
-138 -539 207 153
387 -527 -1031 -168
178 202 365 -272
-416 251 525 876
170 220 349 -264
-445 258 531 870
159 210 370 -248
-429 256 524 877
161 205 382 -264
-434 255 548 882
-416 -92 -399 -110
539 1 53 -670
-402 -81 -398 -109
524 -2 49 -652
-389 -89 -385 -103
529 2 45 -657
-418 -95 -399 -97
560 -7 36 -660
80 528 224 -89
128 34 727 712
100 521 204 -71
164 21 728 714
116 513 204 -53
160 38 720 732
138 514 196 -65
179 17 705 735
368 -40 -244 243
78 -708 -403 375
368 -48 -247 231
93 -698 -433 390
391 -49 -273 256
102 -701 -442 361
388 -36 -293 262
112 -691 -447 375
72 53 637 -974
-551 -69 -873 -279
72 47 607 -979
-536 -73 -869 -301
98 65 596 -988
-542 -65 -889 -304
95 60 573 -993
-528 -45 -885 -312
-911 -497 -247 283
-626 -217 360 -768
-903 -495 -271 269
-597 -235 326 -748
-903 -493 -284 279
-544 -254 310 -751
-858 -488 -293 261
-512 -249 293 -742
-1716 -16 348 -614
-2900 1576 1922 -954
-1657 -59 285 -575
-2739 1448 1783 -880
-1519 -150 222 -541
-2568 1348 1630 -816
-1397 -199 145 -504
-2348 1251 1447 -730
21926 7841 4291 -2410
-8038 2241 2058 17954
22135 7726 4104 -2282
-7844 2146 1880 18099
22370 7599 3902 -2142
-7666 2030 1637 18198
22612 7480 3659 -2040
-7430 1974 1399 18289
839 1720 -347 24
3026 1421 1761 -780
953 1679 -511 111
3072 1367 1665 -777
1087 1624 -724 167
3142 1358 1582 -757
1242 1579 -890 231
3197 1362 1489 -742
2151 248 227 931
-3393 -1891 -1065 -1018
2153 226 184 933
-3387 -1923 -1036 -1013
2150 205 167 938
-3407 -1940 -1057 -1008
2188 187 138 939
-3398 -1948 -1070 -984
454 -159 498 1135
403 -1444 -19 231
446 -173 498 1189
394 -1429 -21 216
445 -182 513 1201
394 -1435 -25 225
451 -185 520 1184
410 -1418 -40 226
-922 279 -403 -113
1144 1666 301 -1236
-927 292 -414 -109
1137 1713 274 -1261
-916 336 -438 -134
1170 1717 277 -1285
-882 359 -427 -157
1172 1747 261 -1319
-393 -40 -634 952
471 351 403 1175
-377 -12 -648 926
471 360 408 1175
-378 24 -644 902
454 379 378 1143
-363 38 -666 878
450 421 390 1108
-1593 1985 5 582
-1 -92 -312 -60
-1599 1973 20 554
-6 -101 -302 -75
-1594 2007 32 531
-53 -87 -274 -68
-1611 2012 53 511
-50 -83 -259 -100
905 -543 -646 32
893 11 401 -353
885 -566 -613 32
878 1 423 -357
870 -538 -595 34
858 9 443 -352
832 -550 -584 27
837 11 466 -365
-1045 384 401 754
68 267 473 183
-1066 392 404 750
52 260 485 191
-1066 389 420 773
61 274 487 217
-1074 372 443 753
40 249 504 234
771 51 901 24
-98 -572 -648 72
789 36 903 42
-91 -600 -639 81
785 26 910 53
-94 -607 -646 83
789 18 920 47
-79 -619 -664 89
-548 180 175 -86
624 680 212 288
-541 162 157 -92
616 680 201 307
-550 164 176 -82
631 654 214 332
-544 142 159 -63
629 656 202 350
385 -111 -159 -230
276 -424 12 -82
380 -104 -154 -207
288 -448 14 -83
380 -131 -156 -192
303 -458 11 -56
385 -128 -159 -170
287 -463 -5 -38
-434 -391 331 653
-142 31 -126 -592
-444 -407 330 644
-162 56 -149 -588
-445 -394 327 648
-167 64 -128 -611
-443 -415 353 641
-168 72 -133 -604
277 -12 -173 506
-452 683 512 117
255 -6 -173 496
-455 699 515 86
237 14 -174 489
-459 713 517 75
248 18 -165 463
-444 709 507 49
572 -54 -261 127
-315 -58 -541 -12
579 -40 -268 131
-304 -33 -524 -29
578 -32 -275 115
-308 -43 -549 -31
585 -17 -263 98
-300 -33 -533 -43
-73 429 738 255
-368 369 -153 -216
-66 425 730 255
-386 377 -169 -219
-46 415 724 271
-368 370 -152 -219
-45 433 723 246
-343 366 -158 -203
262 -167 9 199
425 -311 -419 -404
287 -136 7 226
438 -324 -439 -403
283 -141 7 218
425 -298 -443 -408
286 -139 5 207
435 -305 -460 -429
249 368 213 180
118 -634 858 37
248 365 216 169
135 -618 883 60
259 375 220 192
120 -616 865 35
245 380 228 176
123 -628 850 42
-124 818 147 30
125 -270 -236 -28
-108 825 141 35
136 -280 -234 -43
-103 801 116 31
157 -299 -259 -25
-80 804 107 44
156 -292 -277 -22
-65 641 -281 119
-150 -817 220 186
-38 627 -294 131
-153 -808 189 206
-15 630 -310 139
-153 -833 183 182
-16 617 -336 149
-135 -827 177 203
265 -209 -52 310
35 447 -346 74
255 -197 -63 312
46 451 -344 69
283 -183 -91 298
41 453 -372 67
278 -202 -109 294
55 456 -376 72
295 -178 154 -579
334 953 749 72
287 -192 150 -589
336 942 727 73
291 -180 145 -586
322 946 735 64
290 -193 139 -597
333 943 759 62
43 -437 31 239
-164 -299 238 86
27 -441 20 259
-172 -288 273 82
20 -447 32 250
-173 -308 257 90
32 -434 34 260
-184 -285 268 106
200 -276 -500 -295
354 -553 652 -273
219 -277 -516 -299
316 -546 657 -270
191 -280 -519 -293
331 -536 658 -266
204 -281 -510 -273
314 -552 663 -276
247 205 231 -629
563 -23 500 119
261 191 236 -624
573 -21 508 105
278 200 226 -625
576 -11 518 109
271 203 231 -622
563 -15 515 117
463 76 361 388
-514 871 -487 519
473 65 352 365
-522 880 -514 495
467 84 354 380
-503 886 -497 491
483 80 348 359
-510 871 -528 499
372 -52 1211 654
319 335 -734 152
380 -50 1185 647
322 345 -720 129
367 -34 1191 637
329 359 -731 129
380 -31 1170 612
345 369 -729 107
-101 -228 92 -363
364 -58 -532 -227
-112 -204 83 -390
343 -60 -531 -215
-99 -181 89 -369
365 -47 -527 -229
-104 -177 75 -391
345 -59 -532 -232
-207 -7 925 -574
13 191 -171 586
-192 -17 926 -547
15 178 -152 570
-203 -28 951 -547
3 170 -149 579
-210 -20 960 -551
8 171 -152 602
-277 153 252 148
119 402 71 210
-273 148 261 156
104 395 63 209
-273 135 252 189
110 388 74 212
-274 132 266 192
109 381 67 210
-526 337 22 294
514 -246 -334 305
-513 326 11 302
521 -243 -324 322
-518 323 -1 309
540 -246 -340 316
-511 315 13 318
535 -229 -345 330
-128 -158 -325 312
75 -241 48 -872
-133 -165 -335 285
83 -224 43 -880
-122 -183 -353 289
83 -225 61 -881
-114 -154 -317 300
93 -216 53 -870
-280 604 681 -612
359 -1008 -564 685
-271 588 686 -607
354 -1003 -562 690
-265 578 695 -621
344 -1006 -560 696
-282 585 689 -598
342 -1009 -555 702
889 -180 491 117
-764 -93 -409 -263
883 -192 506 124
-777 -70 -404 -252
882 -161 472 141
-794 -72 -381 -243
883 -167 483 150
-804 -53 -382 -256
-308 231 -587 -687
-192 -73 -58 228
-315 241 -564 -710
-197 -63 -49 230
-343 233 -554 -723
-206 -49 -32 210
-340 236 -535 -720
-239 -45 -39 215
325 3 726 -2
-292 -30 -166 -99
319 8 724 -8
-327 -27 -157 -100
304 14 728 -17
-337 -26 -133 -101
287 1 738 -17
-332 -34 -112 -120
194 -46 -122 -290
-179 -701 -257 73
165 -57 -113 -285
-199 -694 -255 68
160 -72 -117 -278
-215 -708 -235 71
148 -77 -96 -299
-228 -706 -212 67
-60 222 91 -132
-399 309 38 522
-68 232 100 -140
-425 320 39 535
-83 232 90 -163
-462 345 72 520
-104 226 131 -163
-467 369 94 506
324 232 -363 128
36 -37 -165 -492
307 254 -343 138
9 -36 -159 -497
287 259 -317 124
6 -16 -138 -505
279 267 -307 111
-24 4 -137 -515
-502 -483 226 -183
-493 -67 -605 -320
-528 -475 242 -201
-482 -90 -573 -326
-550 -468 251 -196
-500 -89 -557 -339
-548 -468 281 -189
-512 -67 -548 -334
60 -690 373 -195
-133 509 213 -217
58 -684 365 -200
-163 525 230 -232
56 -690 388 -205
-141 532 229 -215
34 -666 393 -203
-150 524 221 -225
-90 245 -613 371
-457 -60 -102 115
-81 257 -610 371
-485 -77 -107 103
-98 260 -614 379
-480 -59 -90 105
-88 249 -596 371
-493 -65 -96 144
-260 -431 -809 67
-776 379 116 -351
-243 -425 -813 54
-774 382 130 -330
-246 -438 -794 65
-770 365 125 -343
-276 -435 -787 56
-772 386 128 -326
76 -119 -113 425
379 175 -111 -285
66 -127 -110 418
376 187 -141 -273
72 -109 -111 428
392 182 -135 -285
74 -122 -110 445
395 155 -127 -282
179 372 242 -64
-64 -403 -194 229
159 383 256 -50
-75 -405 -179 228
151 361 259 -43
-82 -413 -194 260
161 376 235 -48
-73 -416 -173 260
663 -125 -24 102
636 69 817 -115
685 -144 -21 103
637 66 819 -115
677 -135 -9 97
623 55 835 -121
650 -142 5 98
633 45 841 -95
-79 201 566 -269
330 386 623 332
-88 217 568 -251
308 374 624 358
-97 199 597 -271
324 350 611 371
-103 197 571 -248
334 338 624 377
408 311 238 163
-176 -91 -156 187
413 291 260 182
-197 -93 -162 211
406 280 252 174
-216 -131 -166 220
397 283 249 205
-193 -135 -161 241
-68 88 -257 307
-1355 -3 7 199
-67 97 -259 331
-1322 -45 -5 219
-61 69 -264 327
-1287 -68 -21 219
-55 54 -253 361
-1259 -80 -36 235
-1374 539 987 -152
-3853 2061 1959 -175
-1326 462 932 -103
-3662 1952 1820 -119
-1201 420 883 -43
-3468 1855 1666 -36
-1077 348 784 -25
-3211 1733 1471 27
23211 8455 4252 -2989
-6144 -589 5526 17805
23444 8312 4053 -2885
-5901 -652 5276 17921
23714 8195 3793 -2748
-5650 -765 4979 18071
24015 8071 3524 -2613
-5369 -863 4717 18167
1129 1530 782 245
3583 2258 573 -1078
1274 1468 558 330
3695 2212 404 -1069
1485 1431 332 394
3801 2230 274 -1028
1693 1381 80 461
3881 2217 121 -1021
2140 368 303 1134
-2222 -1591 -736 -1289
2149 369 209 1131
-2213 -1596 -757 -1322
2187 357 171 1131
-2210 -1575 -790 -1332
2233 383 88 1124
-2178 -1556 -783 -1349
-224 -435 -412 860
1015 -300 -2 1098
-242 -414 -413 847
989 -271 5 1041
-228 -392 -393 814
964 -231 7 1008
-234 -352 -397 798
983 -191 15 972
-1432 1241 -742 -971
302 334 346 -448
-1438 1293 -706 -1013
287 335 348 -474
-1465 1297 -721 -1044
288 360 372 -498
-1465 1356 -709 -1072
259 382 374 -535
96 1 -271 244
-407 203 715 1012
82 -3 -272 226
-424 211 724 979
68 30 -254 212
-411 229 722 983
79 39 -268 208
-432 232 731 976
-1352 1269 -10 -502
1120 -332 -154 359
-1347 1273 -4 -516
1129 -344 -158 362
-1339 1283 -9 -512
1111 -332 -173 353
-1343 1293 2 -529
1123 -351 -172 358
-402 -486 -886 529
821 4 -76 -423
-409 -491 -898 518
806 7 -48 -414
-418 -472 -882 518
794 13 -42 -410
-445 -499 -892 522
786 -23 -37 -427
-385 -67 1070 206
-530 -433 -294 -517
-385 -76 1067 212
-521 -431 -270 -508
-380 -79 1083 216
-528 -438 -291 -521
-389 -89 1082 209
-519 -440 -265 -511
92 -52 185 -528
1344 50 -90 426
80 -51 169 -537
1342 44 -78 428
96 -62 172 -515
1333 36 -91 439
84 -69 160 -521
1356 21 -89 449
-785 175 290 -423
-514 -130 -354 468
-770 149 272 -416
-508 -140 -343 466
-763 142 300 -414
-491 -136 -358 480
-759 154 303 -395
-482 -141 -344 496
-443 172 -694 64
290 -13 286 -84
-459 184 -694 55
313 -37 261 -100
-460 176 -700 50
306 -34 270 -68
-457 172 -706 71
297 -31 256 -61
-113 719 -210 199
-85 316 409 1062
-105 720 -209 186
-59 323 422 1072
-84 710 -211 198
-62 305 391 1095
-77 717 -206 224
-63 292 392 1068
230 199 -579 -402
-606 59 -242 115
226 176 -572 -394
-584 53 -250 128
243 187 -593 -394
-589 26 -231 119
239 161 -582 -381
-584 13 -235 140
-23 -493 -314 64
-116 345 326 390
-36 -497 -306 57
-126 339 311 371
-9 -515 -303 63
-113 334 330 380
-14 -501 -318 78
-107 324 310 362
263 -278 -24 -25
-253 266 -143 -864
249 -301 -29 -27
-251 254 -153 -872
256 -283 -46 -44
-250 257 -144 -848
243 -280 -29 -33
-273 256 -167 -869
-1163 238 -948 90
-1075 218 -588 1151
-1150 243 -953 122
-1084 206 -589 1161
-1162 235 -976 107
-1092 205 -583 1172
-1158 214 -974 120
-1067 188 -567 1193
-161 78 -997 -328
-17 174 -93 126
-150 57 -1002 -338
7 187 -105 152
-157 56 -1023 -312
-10 160 -123 163
-152 64 -1010 -311
4 142 -132 170
4 -139 988 -206
-25 179 -742 170
15 -174 1002 -183
9 162 -762 207
16 -173 983 -166
12 133 -752 215
27 -199 1002 -166
1 132 -785 242
-160 -10 -629 -126
-24 335 -35 94
-175 -27 -632 -104
-18 304 -34 86
-148 -32 -640 -85
-30 285 -12 119
-137 -70 -644 -87
-25 281 -17 126
692 -1137 325 -151
-438 303 -74 70
672 -1162 340 -136
-461 285 -73 76
673 -1166 330 -108
-492 305 -52 89
645 -1189 351 -101
-510 293 -30 92
476 60 160 317
33 94 690 -189
450 47 181 335
20 79 695 -205
425 30 206 324
6 101 700 -186
421 35 196 335
-29 83 733 -181
-3 104 -329 482
-344 -423 -159 242
2 117 -300 482
-342 -417 -147 225
-34 96 -284 489
-353 -395 -147 233
-20 124 -281 486
-352 -390 -137 238
110 -153 230 -714
-357 205 155 -82
107 -144 246 -708
-337 227 160 -78
117 -142 236 -704
-342 223 145 -113
115 -148 253 -716
-323 223 150 -123
-80 27 -307 -196
-25 400 250 449
-77 48 -325 -179
7 388 231 466
-32 37 -329 -196
4 396 218 460
-29 16 -347 -184
29 400 201 458
472 -658 -139 54
198 136 41 -460
479 -665 -168 39
187 115 47 -474
488 -680 -168 45
191 138 24 -476
520 -654 -183 65
194 113 21 -468
224 209 -116 452
22 -400 243 -513
237 209 -141 456
4 -421 255 -515
244 178 -123 464
18 -412 259 -498
225 181 -117 469
11 -419 276 -507
-102 -215 500 -474
-169 -204 42 -1
-113 -215 512 -493
-133 -223 30 34
-100 -211 512 -474
-138 -216 26 37
-85 -251 491 -462
-135 -222 23 27
-2 278 -112 254
-617 614 -269 489
13 270 -113 253
-595 604 -273 489
11 259 -145 271
-594 594 -290 490
22 254 -133 264
-560 584 -294 488
-170 114 -499 -160
6 -669 -460 -181
-173 85 -524 -156
21 -685 -476 -190
-154 67 -550 -157
16 -688 -490 -158
-121 79 -540 -144
36 -716 -493 -146
-675 -396 -636 61
-78 138 -97 64
-654 -409 -633 67
-67 119 -121 83
-645 -435 -646 77
-77 125 -111 74
-648 -419 -662 101
-71 105 -129 67
11 622 -278 0
206 -254 -89 326
26 642 -264 -15
180 -269 -85 327
20 654 -288 -11
192 -263 -66 346
23 630 -274 -15
178 -261 -90 327
142 -32 -257 -18
-541 200 228 -121
143 -42 -245 -20
-541 202 230 -153
140 -38 -216 -29
-551 204 239 -140
116 -35 -226 -12
-576 197 255 -145
220 -76 629 148
-2 -216 -352 276
209 -59 643 148
0 -200 -320 292
208 -47 681 124
-9 -201 -339 266
202 -48 677 131
1 -178 -315 259
-584 327 -758 -205
192 917 500 299
-553 348 -753 -212
176 934 505 293
-564 353 -757 -212
204 945 510 268
-575 380 -765 -226
187 963 505 258
-7 394 472 854
-277 122 -919 611
-5 411 454 856
-286 121 -940 586
4 404 449 817
-264 135 -925 583
2 416 434 820
-282 160 -941 573
-283 1197 -6 203
-318 92 250 373
-275 1192 -32 193
-330 112 225 393
-282 1207 -30 197
-328 118 227 363
-263 1215 -31 177
-321 100 222 368
-260 562 -630 283
88 30 -587 366
-256 535 -636 275
106 16 -581 367
-269 551 -642 280
120 10 -597 381
-264 560 -654 266
129 21 -593 366
365 171 244 -23
-577 10 279 7
380 164 277 -44
-546 -3 292 21
385 158 265 -19
-551 -11 291 10
390 149 255 -19
-539 -23 286 26
64 -623 -279 -25
36 66 -707 -87
76 -647 -260 -17
28 84 -708 -105
73 -634 -278 1
39 76 -712 -96
77 -647 -275 9
23 69 -684 -82
-488 -241 -431 217
-462 570 695 439
-496 -242 -432 221
-481 586 684 433
-492 -219 -416 223
-492 597 697 423
-509 -223 -413 210
-476 599 703 422
439 603 -120 -44
-140 -94 -206 502
469 596 -128 -28
-159 -66 -194 486
453 589 -123 -60
-163 -64 -200 500
443 597 -126 -74
-160 -72 -212 467
-60 285 -175 -403
481 -103 67 331
-64 290 -196 -401
490 -89 76 334
-44 284 -182 -415
471 -75 65 316
-52 297 -184 -436
483 -62 73 318
-159 308 323 -37
-633 -63 -558 569
-164 317 342 -56
-635 -71 -568 579
-170 335 319 -55
-632 -70 -556 561
-172 327 337 -67
-635 -74 -567 552
-169 40 -276 6
-364 -336 125 -401
-152 38 -292 1
-359 -334 123 -422
-163 52 -272 -13
-368 -307 113 -407
-152 54 -286 -21
-373 -304 121 -430
528 251 -69 -171
-456 -17 548 171
514 270 -65 -173
-459 -13 555 171
508 269 -87 -196
-454 -18 554 178
524 276 -69 -196
-473 -4 537 152
335 245 -1521 -108
-145 -153 127 295
332 243 -1495 -92
-153 -126 129 271
327 246 -1498 -126
-178 -135 165 257
304 264 -1492 -123
-209 -119 179 258
-662 -285 -226 -85
118 359 19 554
-690 -288 -215 -115
110 378 42 551
-721 -269 -173 -121
84 377 49 527
-725 -252 -167 -131
71 405 70 517
-1154 188 -71 -819
-1069 160 137 -18
-1163 212 -74 -810
-1049 138 144 -10
-1162 192 -81 -810
-1024 143 122 -2
-1170 198 -60 -825
-999 119 104 11
-1932 271 416 -5
-3379 1308 2236 -1247
-1855 223 398 42
-3214 1224 2089 -1190
-1746 172 320 65
-3001 1127 1946 -1116
-1615 115 230 98
-2784 1039 1730 -1029
24807 6866 4228 -2142
-1309 -1096 9185 15475
25042 6726 4021 -2063
-1082 -1185 8954 15561
25321 6618 3762 -1943
-834 -1312 8672 15701
25630 6483 3469 -1815
-531 -1425 8365 15820
1795 1979 1592 337
2703 3347 718 643
1953 1898 1362 412
2764 3293 571 670
2111 1839 1105 497
2847 3277 438 714
2335 1784 892 604
2912 3257 300 768
592 812 454 592
56 -1760 320 -1167
602 793 401 586
40 -1764 334 -1177
589 808 350 587
11 -1739 335 -1177
625 786 311 608
-4 -1714 348 -1191
-300 -1089 -213 604
837 271 -584 487
-334 -1069 -182 580
800 283 -533 452
-347 -1026 -154 554
783 313 -518 437
-375 -1009 -151 536
770 346 -506 403
-2455 150 373 -331
-433 1724 169 -295
-2488 162 382 -377
-431 1756 205 -314
-2493 188 395 -409
-441 1765 216 -330
-2499 213 409 -441
-438 1767 227 -345
399 -176 -1303 106
-915 505 -729 858
382 -181 -1296 101
-913 493 -730 875
383 -185 -1293 99
-925 475 -708 872
365 -186 -1265 118
-935 472 -708 862
-843 993 615 150
453 -416 -363 -94
-822 982 618 146
450 -430 -351 -65
-837 964 639 172
450 -448 -334 -32
-848 944 658 167
442 -469 -338 -26
-295 -390 -275 1225
860 -37 325 -1397
-317 -391 -269 1239
850 -75 331 -1371
-314 -408 -273 1264
869 -83 344 -1375
-320 -436 -250 1249
845 -102 351 -1327
-105 -136 652 427
-396 -512 60 32
-111 -158 658 430
-404 -527 44 32
-102 -166 653 450
-376 -535 61 51
-104 -169 636 470
-377 -529 42 62
437 3 -278 -358
40 635 -638 -167
451 -6 -285 -364
44 626 -634 -150
465 -26 -273 -342
59 601 -633 -126
457 -8 -297 -341
54 598 -623 -121
-733 487 144 644
-164 334 -214 616
-755 481 130 658
-171 311 -196 612
-760 476 156 652
-194 324 -198 617
-768 465 165 667
-194 323 -185 629
811 -755 535 531
1263 351 820 -748
825 -767 556 522
1262 361 828 -758
818 -750 565 544
1277 346 835 -742
818 -763 563 535
1272 360 823 -754
108 -536 253 -92
-253 227 310 5
109 -549 235 -92
-265 246 301 28
98 -546 238 -90
-253 249 311 6
90 -556 247 -88
-273 255 312 10
66 202 -363 412
-644 -152 -415 -670
34 195 -359 386
-651 -171 -408 -679
24 205 -364 381
-658 -146 -381 -686
19 205 -341 407
-665 -145 -380 -681
225 -790 345 -26
4 416 -217 -593
235 -801 350 -22
-6 418 -208 -598
215 -801 345 -6
10 415 -180 -579
209 -786 355 9
7 383 -197 -602
-349 -515 -108 91
168 366 908 120
-350 -528 -94 101
181 356 889 133
-355 -547 -107 117
186 341 901 150
-341 -559 -101 109
197 300 908 152
887 -314 94 -681
-18 -704 78 121
903 -326 82 -675
-13 -733 67 131
922 -364 69 -661
11 -743 47 142
918 -367 41 -631
19 -775 39 178
-489 580 -803 -385
-803 -470 198 322
-467 543 -804 -367
-832 -485 187 348
-475 536 -798 -341
-821 -482 200 362
-475 529 -814 -336
-835 -500 198 382
-151 169 -441 448
-230 26 -783 110
-136 161 -437 442
-224 12 -790 94
-145 158 -433 457
-223 20 -791 118
-150 148 -426 454
-246 18 -808 100
-3 282 -786 30
-324 605 756 247
-2 279 -790 24
-328 631 774 252
-18 273 -789 -8
-326 607 769 275
5 267 -778 11
-317 608 780 268
38 315 -155 176
586 -136 333 355
33 310 -161 179
595 -142 319 349
42 297 -175 173
577 -141 335 365
26 287 -157 185
607 -161 338 366
63 564 48 70
-456 479 -254 181
62 571 59 100
-444 462 -242 192
45 542 57 94
-448 466 -248 203
47 532 65 86
-440 441 -237 221
425 161 873 402
-18 -655 -729 262
421 134 874 406
-8 -676 -726 253
446 127 871 423
-1 -673 -731 254
440 118 880 448
3 -659 -727 256
-66 -540 70 102
-60 474 617 -142
-60 -524 45 95
-63 473 640 -158
-51 -503 45 82
-64 494 640 -178
-43 -495 45 100
-45 492 635 -186
539 387 -33 -293
383 204 197 426
544 422 -56 -309
392 221 194 439
572 414 -63 -316
387 215 189 424
572 436 -64 -332
396 227 188 396
122 -481 797 -11
-64 593 -320 84
156 -476 811 -26
-66 594 -331 74
151 -475 792 -34
-44 600 -344 67
161 -469 794 -21
-46 594 -349 91
436 390 313 137
316 -891 -288 -62
435 416 294 155
298 -895 -286 -60
467 419 282 155
305 -890 -300 -53
473 406 262 165
312 -877 -309 -69
819 249 535 -525
194 -230 390 694
826 235 523 -554
190 -208 385 676
827 256 533 -545
209 -193 395 679
836 239 538 -550
207 -212 387 654
-508 -384 322 -755
-670 76 -1277 -789
-523 -353 324 -750
-669 94 -1270 -792
-535 -366 322 -754
-663 95 -1269 -804
-548 -358 329 -783
-662 93 -1266 -798
-510 -63 290 310
-124 -236 -308 -135
-501 -82 288 320
-130 -230 -294 -126
-533 -68 279 324
-134 -245 -298 -143
-528 -84 283 315
-136 -237 -286 -137
608 -652 -100 -637
-669 372 -174 623
608 -654 -94 -625
-669 385 -162 594
614 -652 -91 -611
-653 393 -160 617
594 -685 -104 -612
-651 385 -151 605
509 -386 634 -489
112 3 -742 -22
517 -377 626 -480
109 7 -712 -12
511 -379 646 -492
107 21 -729 -29
499 -364 625 -507
121 -1 -705 -33
-313 -192 192 -107
-104 32 59 -514
-334 -184 168 -107
-106 28 61 -498
-324 -167 183 -115
-115 22 84 -507
-325 -177 199 -106
-96 27 75 -517
-57 -377 157 -432
-213 112 -460 180
-39 -396 151 -436
-215 107 -459 178
-37 -405 151 -417
-205 98 -485 202
-58 -423 157 -425
-205 93 -456 199
60 28 297 150
578 -260 -315 -475
70 18 313 160
579 -272 -306 -482
61 24 310 167
545 -280 -304 -470
76 10 301 178
543 -273 -298 -462
-19 -567 503 -9
-61 -242 65 -30
-21 -571 501 -16
-63 -224 94 -21
-26 -557 532 19
-58 -239 97 -25
-51 -578 540 14
-68 -216 109 -39
263 431 613 244
9 923 -103 227
238 447 615 238
0 918 -115 209
255 434 627 203
-10 929 -114 215
249 446 603 198
7 921 -93 198
-63 -697 -699 -150
234 489 507 484
-76 -708 -693 -152
226 481 508 458
-83 -686 -690 -147
235 492 505 470
-86 -707 -694 -145
244 512 498 464
-175 -91 38 51
-433 103 -128 -377
-155 -84 22 61
-434 116 -99 -366
-159 -79 32 68
-426 119 -93 -354
-159 -90 40 57
-449 106 -98 -353
196 -345 -525 -55
-89 -34 213 -84
191 -327 -513 -51
-95 -40 229 -72
166 -343 -521 -82
-103 -30 250 -80
146 -347 -501 -66
-104 -32 241 -87
-32 682 202 368
-295 -102 -280 444
-23 688 203 348
-304 -111 -271 441
-14 713 203 367
-308 -119 -265 434
-19 717 204 346
-310 -86 -282 442
-173 56 -96 -30
380 -443 38 -676
-182 50 -93 -33
382 -433 49 -671
-162 54 -100 -42
382 -428 56 -689
-168 68 -102 -35
391 -448 62 -674
9 241 -182 79
-268 -501 361 242
14 245 -173 56
-252 -497 364 234
8 242 -159 65
-275 -502 387 233
23 237 -160 56
-269 -479 370 244
5 115 -151 -729
-112 -349 218 -163
2 118 -163 -725
-96 -358 215 -145
18 107 -147 -716
-82 -361 207 -151
6 116 -128 -719
-82 -370 211 -136
-198 97 -137 -38
212 67 -321 73
-203 91 -143 -41
228 64 -343 81
-166 83 -139 -47
230 42 -346 93
-159 72 -172 -50
256 64 -379 114
-12 -186 435 -145
845 -307 -104 62
-5 -198 430 -130
852 -326 -136 53
19 -208 399 -137
867 -323 -130 61
47 -205 384 -132
874 -325 -144 93
-378 293 49 -147
-445 -1098 202 -45
-377 264 53 -148
-442 -1116 177 -42
-351 285 21 -148
-435 -1111 171 -36
-350 263 25 -154
-433 -1122 150 -40
56 474 -332 -463
-232 0 -114 -391
59 480 -352 -457
-223 6 -114 -405
63 483 -325 -453
-206 9 -140 -395
73 477 -347 -472
-218 15 -158 -413
-26 -165 -282 283
-1190 -121 59 -66
6 -161 -281 289
-1166 -117 37 -61
-3 -179 -294 281
-1115 -158 13 -64
5 -176 -305 288
-1089 -155 -6 -62
-794 487 1664 -185
-3227 2090 2358 -1487
-721 446 1618 -138
-3094 2005 2273 -1441
-632 392 1562 -113
-2911 1907 2118 -1354
-535 342 1487 -76
-2715 1773 1939 -1285
23911 5093 3512 -1798
3615 -2084 10650 13302
24087 4962 3319 -1694
3797 -2163 10505 13438
24344 4852 3128 -1570
3992 -2327 10259 13574
24615 4672 2856 -1428
4267 -2474 9992 13725
2164 1477 2544 235
-129 2879 444 656
2248 1396 2402 355
-110 2827 352 710
2391 1293 2197 445
-74 2791 255 778
2561 1202 1990 580
-10 2721 144 865
323 739 1136 -73
-172 -1705 830 -1333
310 730 1106 -44
-202 -1704 856 -1345
282 702 1109 -32
-230 -1699 848 -1331
278 689 1074 8
-246 -1687 878 -1344
130 -1591 -139 -22
671 129 -195 113
103 -1599 -126 -19
647 134 -160 110
61 -1576 -83 -42
636 132 -152 110
48 -1579 -77 -58
612 164 -126 98
-1517 473 399 -285
-1133 1198 -998 -532
-1530 497 432 -311
-1145 1192 -994 -534
-1542 494 458 -305
-1160 1191 -992 -556
-1543 487 461 -330
-1169 1162 -994 -548
-490 121 -815 454
82 -151 -888 1796
-504 110 -820 474
45 -175 -853 1824
-508 80 -802 495
27 -191 -855 1830
-540 81 -801 508
23 -199 -837 1829
-697 1063 505 -833
715 76 -842 126
-711 1045 531 -808
698 52 -810 147
-745 1040 533 -795
658 46 -794 160
-762 1045 549 -789
628 35 -765 170
-297 -924 671 285
-301 -447 81 -610
-324 -938 703 283
-311 -464 79 -609
-345 -942 740 321
-347 -468 106 -590
-378 -956 753 316
-352 -502 124 -581
-116 -652 652 -676
935 -450 -31 82
-128 -688 681 -647
930 -481 -33 81
-136 -699 695 -653
930 -486 -39 112
-141 -706 701 -635
929 -485 -46 115
-502 -51 380 -1196
127 -89 -351 460
-507 -69 372 -1164
138 -100 -349 485
-516 -103 363 -1158
134 -121 -343 514
-499 -109 368 -1146
135 -127 -343 530
-391 -88 -1060 -276
-822 -78 -192 -329
-410 -115 -1041 -229
-817 -94 -168 -303
-435 -140 -1042 -231
-847 -117 -179 -255
-420 -154 -1038 -195
-854 -151 -160 -253
27 -800 -373 168
-354 -394 529 -926
-9 -829 -351 192
-370 -425 538 -885
1 -874 -338 223
-390 -429 561 -876
-26 -899 -344 250
-396 -481 562 -855
253 247 -217 311
35 -211 -119 332
244 236 -199 319
41 -227 -111 337
238 221 -185 346
40 -243 -103 341
233 199 -199 360
17 -242 -87 364
-397 418 -343 586
-835 1176 -21 674
-393 437 -353 595
-858 1163 3 678
-388 416 -342 594
-849 1165 15 663
-402 429 -343 602
-850 1177 12 684
232 160 -435 553
-301 -726 -120 -238
225 156 -430 535
-305 -737 -125 -236
227 168 -438 554
-311 -746 -133 -238
235 162 -421 533
-279 -718 -108 -223
273 303 114 9
-12 83 157 -185
257 283 107 11
-2 95 142 -183
279 293 111 8
-15 91 147 -179
276 293 117 27
-12 66 154 -167
-58 1032 -8 595
780 -799 509 -13
-48 1025 -14 570
766 -789 512 10
-50 1036 -35 593
808 -807 499 12
-41 1035 -38 599
799 -795 503 4
37 602 338 336
-13 -31 146 -519
49 601 330 322
6 -23 133 -506
43 582 314 323
13 -23 106 -514
68 609 300 324
18 -27 124 -508
-94 -286 -7 632
-26 16 165 -155
-106 -290 -36 642
-2 19 149 -164
-83 -271 -22 623
-5 19 140 -155
-77 -271 -26 613
9 18 125 -165
-165 -43 -301 -108
491 -304 167 -420
-118 -51 -303 -108
495 -312 155 -434
-121 -47 -307 -108
518 -288 151 -416
-105 -28 -348 -93
528 -290 120 -441
460 -427 -491 273
-25 743 619 -510
456 -424 -493 252
-35 749 616 -501
463 -399 -484 266
-37 739 584 -516
457 -396 -491 242
-28 763 600 -516
99 473 -79 536
-145 244 487 714
102 476 -78 518
-150 266 498 712
104 475 -82 503
-156 288 511 708
89 492 -80 522
-160 298 504 706
-250 -422 -500 -2
-125 -236 -66 44
-265 -399 -493 0
-132 -228 -64 48
-269 -417 -490 -11
-138 -209 -87 36
-239 -383 -476 -36
-133 -218 -72 25
227 154 475 -1071
157 -141 -415 225
240 167 460 -1070
173 -150 -429 234
238 147 453 -1086
175 -139 -411 222
251 163 460 -1087
168 -145 -442 231
120 -111 584 -272
487 -509 139 188
120 -125 554 -288
501 -493 141 199
146 -100 545 -275
508 -522 115 218
143 -113 523 -296
540 -506 111 227
-113 335 425 -444
356 -942 -420 -22
-98 329 378 -445
377 -943 -426 -34
-72 334 377 -466
382 -930 -429 -54
-81 336 361 -473
407 -933 -457 -70
18 1465 -87 222
-722 82 -33 153
23 1456 -87 209
-735 92 -56 142
27 1443 -106 221
-726 84 -64 134
26 1456 -102 202
-721 85 -68 142
431 -712 442 371
557 39 102 -42
443 -702 456 390
582 30 106 -62
424 -717 455 373
587 49 74 -63
425 -698 451 397
587 34 110 -53
406 -274 414 -355
-25 427 -246 230
418 -276 407 -353
-32 460 -215 197
419 -283 404 -373
-30 467 -232 198
421 -252 380 -376
-23 461 -230 201
-2 221 -302 570
-595 -597 271 -794
4 225 -301 561
-598 -596 267 -807
-17 230 -293 534
-599 -573 269 -831
-6 238 -300 538
-605 -581 266 -815
-167 -319 -911 -387
62 656 207 608
-179 -306 -893 -404
75 670 207 592
-195 -275 -896 -406
30 674 230 584
-209 -267 -877 -417
19 691 238 572
127 28 408 -213
-115 -30 -232 14
109 64 414 -220
-139 -34 -211 -18
101 56 429 -210
-133 -43 -229 -12
115 63 428 -233
-135 -27 -225 -19
96 -265 507 -622
-115 105 -529 -249
108 -291 503 -608
-114 106 -555 -223
89 -280 504 -605
-101 78 -555 -221
114 -296 518 -598
-113 59 -554 -215
728 -462 745 -57
319 -826 -118 -206
709 -468 729 -33
308 -834 -123 -211
707 -493 735 -46
307 -840 -116 -214
719 -486 742 -23
313 -854 -87 -193
-458 242 17 -171
-121 184 215 246
-480 258 28 -154
-120 194 238 241
-486 252 5 -152
-117 200 232 241
-479 244 28 -148
-123 212 230 240
219 -1059 186 -559
90 -59 -85 -636
241 -1051 166 -581
109 -63 -98 -640
225 -1048 162 -604
106 -65 -95 -641
234 -1054 176 -575
118 -61 -101 -645
-629 713 517 387
605 206 -249 221
-591 695 513 398
603 212 -277 214
-597 691 482 410
629 187 -306 237
-569 708 487 405
654 192 -316 219
148 -290 -347 -34
-169 -300 -190 -153
154 -318 -347 -34
-178 -305 -206 -143
162 -319 -355 -38
-156 -302 -213 -143
177 -323 -366 -22
-162 -305 -237 -138
517 -171 315 -274
421 -132 121 -437
525 -186 319 -272
434 -129 118 -458
514 -183 299 -275
431 -144 121 -454
527 -161 299 -260
433 -124 115 -442
-17 -627 304 383
-66 265 -174 -164
-30 -611 320 392
-60 266 -192 -170
-26 -615 310 365
-47 280 -173 -177
-31 -605 299 375
-56 276 -191 -180
-192 668 146 398
49 -323 563 -520
-187 675 173 381
45 -343 558 -517
-195 671 158 391
48 -330 555 -499
-184 664 163 380
51 -344 549 -523
177 788 -315 311
-286 -385 75 166
174 769 -298 295
-272 -410 56 165
170 767 -306 318
-295 -412 51 175
164 747 -312 302
-275 -416 57 189
-841 -558 -833 -292
149 135 -183 -427
-824 -568 -856 -276
154 124 -192 -412
-792 -572 -854 -268
147 122 -197 -404
-808 -590 -843 -253
163 124 -201 -421
-385 -509 -446 739
491 226 287 -793
-405 -516 -428 740
486 235 274 -796
-406 -498 -436 729
500 225 297 -800
-374 -498 -443 723
509 247 290 -815
-48 624 -147 17
-456 -807 30 726
-51 651 -154 21
-460 -799 21 734
-52 656 -167 11
-462 -794 12 746
-69 651 -149 -7
-449 -778 26 732
-18 449 28 -470
-470 -277 -137 -173
-8 432 38 -480
-474 -285 -152 -197
-28 435 36 -496
-457 -250 -144 -194
-18 444 45 -517
-464 -261 -157 -201
-762 35 -781 402
566 295 -452 -365
-770 42 -774 392
545 313 -455 -383
-753 38 -780 380
548 314 -446 -369
-761 45 -773 371
532 325 -453 -389
684 170 514 379
177 -76 477 330
687 168 517 357
175 -51 471 353
681 168 519 364
178 -67 487 341
690 172 513 365
182 -78 473 328
-25 464 496 19
-446 -212 -172 240
-25 455 502 27
-425 -226 -180 244
-34 474 534 31
-412 -244 -186 243
-53 465 523 22
-391 -239 -195 264
-1379 1271 1472 -733
-2143 1230 2790 -644
-1362 1245 1464 -716
-2088 1150 2740 -582
-1303 1219 1422 -685
-1927 1061 2644 -529
-1204 1149 1363 -669
-1785 972 2501 -471
23728 2050 3062 -1918
3396 -1422 9475 9694
23803 1931 2950 -1841
3494 -1524 9392 9811
23971 1810 2821 -1736
3615 -1662 9268 9972
24190 1672 2598 -1585
3794 -1818 9043 10120
2150 512 2336 -1497
-1763 1673 832 1142
2153 404 2278 -1410
-1802 1608 816 1233
2223 302 2176 -1273
-1813 1551 784 1337
2330 186 2063 -1111
-1782 1484 726 1407
553 137 3133 -798
566 -1543 897 -1339
483 96 3117 -756
517 -1566 913 -1324
475 60 3131 -720
494 -1592 956 -1305
464 41 3135 -639
499 -1609 964 -1267
-485 -2285 69 -1380
1379 469 376 1346
-504 -2277 122 -1370
1364 462 393 1352
-507 -2288 115 -1352
1328 474 415 1344
-531 -2300 133 -1362
1333 475 424 1337
-1411 -372 401 -726
-434 828 -713 -268
-1403 -374 409 -733
-427 847 -691 -261
-1418 -355 427 -711
-453 833 -702 -274
-1438 -334 417 -738
-458 831 -670 -266
-425 135 -629 -943
602 -550 -261 768
-447 124 -619 -923
578 -557 -245 777
-438 121 -612 -930
578 -568 -243 788
-475 111 -620 -915
588 -591 -242 806
-1310 27 563 -594
183 -582 -91 162
-1292 14 550 -574
197 -612 -93 177
-1287 -14 556 -549
210 -593 -90 177
-1293 -14 539 -558
227 -617 -113 186
120 -492 -92 -179
-87 -90 -113 -929
131 -498 -104 -169
-85 -80 -117 -940
144 -488 -116 -152
-72 -85 -126 -926
142 -514 -125 -160
-57 -85 -158 -934
202 55 54 861
-204 -687 -477 -506
225 42 57 842
-185 -677 -484 -489
248 30 33 853
-197 -660 -479 -503
251 39 14 855
-181 -676 -482 -509
26 1151 -77 -60
-51 684 -193 1334
24 1151 -86 -64
-38 702 -169 1317
4 1164 -80 -69
-57 716 -179 1347
33 1161 -76 -66
-60 733 -181 1332
-409 104 -270 874
-29 53 116 -442
-418 116 -257 877
-47 54 95 -430
-412 124 -266 855
-46 67 111 -472
-407 114 -255 846
-59 95 114 -464
-749 123 14 -155
577 236 -421 426
-760 146 17 -173
566 252 -429 406
-752 144 9 -183
569 274 -420 394
-772 154 39 -198
564 281 -429 408
818 -73 231 -476
-43 601 575 397
806 -73 232 -500
-44 612 581 424
791 -70 256 -480
-49 610 586 409
801 -84 245 -498
-51 611 609 394
323 442 470 817
202 183 -422 227
321 464 463 811
196 193 -417 221
303 483 462 807
197 204 -438 214
305 479 455 788
195 211 -437 215
-362 -210 527 339
470 -21 477 -595
-364 -200 524 314
481 5 476 -596
-369 -188 521 289
475 -5 481 -609
-374 -183 521 271
488 18 481 -607
443 249 120 440
-18 -21 78 -599
419 278 122 438
-2 -44 87 -595
448 266 110 413
-10 -35 92 -594
432 273 110 423
-14 -30 81 -597
102 -260 521 102
192 -155 -273 -358
126 -254 505 114
189 -167 -261 -357
131 -271 499 103
193 -143 -273 -340
141 -276 490 112
205 -148 -289 -367
350 265 -173 167
202 -365 -5 -33
346 271 -176 160
199 -384 -18 -33
341 266 -180 174
205 -381 -12 -15
345 270 -192 165
193 -404 -25 -12
-475 -132 794 -348
-1034 -275 -493 17
-495 -138 802 -347
-1033 -274 -499 0
-486 -125 775 -356
-1054 -282 -505 8
-488 -141 807 -349
-1056 -277 -512 16
422 -587 -630 -57
-387 -69 -28 -663
411 -597 -621 -47
-371 -53 -34 -658
396 -605 -624 -33
-361 -66 -13 -668
392 -594 -616 -52
-388 -55 -33 -645
752 11 248 -282
376 508 98 -119
761 -2 259 -282
346 491 92 -95
743 5 259 -258
353 477 102 -76
755 -24 251 -252
363 472 102 -81
327 -131 434 72
408 99 769 473
312 -131 427 79
394 76 777 484
294 -153 436 88
376 100 788 484
307 -157 456 89
385 69 784 501
110 -243 -752 -10
84 304 452 417
87 -266 -757 -7
69 305 472 435
77 -286 -745 9
81 303 459 431
82 -285 -720 31
73 285 472 429
-868 -147 344 264
-489 443 -831 -123
-857 -109 353 262
-481 444 -799 -128
-865 -124 383 279
-488 442 -804 -140
-892 -124 380 270
-499 456 -804 -114
-184 373 -428 32
-535 -77 397 755
-181 372 -436 34
-525 -84 402 770
-179 355 -440 41
-510 -68 407 758
-188 384 -442 53
-500 -81 369 750
-207 446 -673 170
-564 649 192 125
-183 442 -674 154
-541 650 157 93
-164 445 -702 156
-520 657 150 104
-151 449 -701 165
-532 648 136 100
314 -228 -940 175
500 314 270 220
337 -231 -939 197
498 318 282 203
346 -233 -957 170
490 315 277 214
333 -237 -962 196
518 318 261 200
-303 294 -398 359
443 535 -7 479
-285 296 -407 354
416 526 -18 470
-281 299 -389 353
426 530 -11 460
-298 303 -396 348
417 526 4 450
-1231 508 252 388
-12 80 -109 -87
-1249 505 240 363
-17 60 -113 -96
-1231 515 256 379
-17 68 -100 -93
-1226 518 256 350
-10 54 -112 -104
1 -446 -840 -418
-443 -140 -498 -99
10 -468 -822 -414
-437 -153 -487 -92
5 -482 -826 -419
-451 -159 -492 -88
-15 -501 -830 -418
-437 -174 -509 -80
-190 375 -48 -194
450 -322 244 664
-196 368 -49 -173
446 -342 234 653
-188 348 -49 -169
435 -372 249 697
-193 335 -54 -146
434 -380 236 709
-128 -68 399 107
56 346 113 -586
-103 -111 410 124
72 308 123 -571
-124 -103 412 125
70 296 121 -554
-121 -117 405 153
57 267 122 -552
633 395 484 266
371 322 -133 349
635 391 485 284
371 329 -156 385
640 365 467 304
390 300 -162 413
651 355 476 316
404 279 -143 407
552 256 1148 792
-728 -132 -195 365
568 248 1139 830
-721 -110 -197 376
559 236 1135 830
-703 -146 -201 408
572 206 1130 835
-701 -144 -199 429
595 148 -569 -94
73 -302 612 14
595 139 -563 -78
87 -315 597 10
607 134 -585 -49
95 -298 583 -5
605 126 -574 -50
87 -305 578 13
-141 -40 167 190
-44 -307 82 -8
-150 -35 168 208
-43 -285 53 -12
-125 -25 185 218
-20 -275 57 -17
-117 -7 164 206
-29 -242 54 -32
324 -464 -428 -682
87 329 111 -97
338 -441 -427 -675
99 326 108 -127
332 -436 -445 -707
108 359 112 -141
347 -417 -441 -724
120 363 110 -146
375 -196 652 225
-138 155 -279 -275
400 -186 657 183
-143 153 -273 -293
382 -145 654 170
-146 193 -284 -282
382 -150 647 157
-139 188 -275 -294
66 109 -53 351
266 -387 -142 -22
71 130 -60 341
274 -359 -149 -30
74 127 -65 333
261 -362 -148 -46
68 147 -42 325
242 -335 -142 -54
-469 293 145 -622
-41 90 -75 188
-471 306 167 -634
-42 95 -83 188
-478 301 174 -632
-31 113 -69 162
-500 313 187 -644
-51 104 -89 166
-74 -343 45 -53
-368 926 238 234
-74 -346 46 -44
-386 932 225 220
-57 -348 64 -63
-370 921 223 216
-61 -331 48 -83
-352 921 226 225
718 329 -332 715
794 170 528 266
710 323 -360 682
803 166 524 270
721 327 -353 699
799 164 519 271
720 342 -364 682
793 167 546 270
-669 279 219 -634
-12 42 -373 657
-658 264 227 -631
-15 25 -371 654
-670 252 197 -631
-26 9 -359 653
-689 238 221 -632
2 31 -360 663
-322 -420 10 144
208 179 -252 -101
-329 -439 -6 144
205 167 -267 -108
-322 -442 2 139
216 156 -268 -94
-327 -451 -20 155
218 144 -286 -78
2 451 -15 294
-353 614 10 118
-19 472 -3 306
-348 610 -4 135
-4 462 -33 305
-355 608 -23 110
-3 461 -30 302
-340 607 -21 130
28 -626 -658 155
-248 -86 236 -184
38 -642 -676 150
-265 -88 225 -194
35 -644 -663 162
-262 -105 236 -197
35 -648 -657 153
-256 -105 243 -183
262 256 -212 222
225 231 -207 408
251 235 -193 195
203 242 -191 408
247 248 -182 214
187 227 -182 411
250 241 -176 234
191 254 -183 403
-212 80 224 204
-5 457 18 -187
-231 99 229 197
1 434 -3 -197
-239 84 229 183
5 438 18 -184
-246 96 248 199
-17 429 25 -194
100 -444 599 -106
-246 811 46 72
69 -432 607 -105
-224 785 46 75
86 -440 602 -127
-203 782 53 78
86 -444 606 -99
-172 783 35 102
-1391 731 1361 228
-2246 2098 2244 -759
-1387 721 1362 262
-2176 2046 2178 -748
-1354 671 1314 302
-2060 1947 2111 -651
-1253 612 1262 319
-1934 1856 1987 -578
20971 -275 2176 -1905
-1275 -1748 5539 8225
21053 -367 2116 -1808
-1251 -1852 5512 8351
21178 -499 2016 -1709
-1154 -2006 5387 8486
21338 -650 1834 -1555
-991 -2178 5210 8665
2624 -533 557 -3267
-1555 96 298 134
2606 -641 542 -3140
-1589 21 310 201
2650 -756 458 -3027
-1616 -29 304 302
2728 -887 351 -2863
-1601 -115 259 404
-296 -620 3255 -1462
403 -1473 309 -1381
-377 -666 3295 -1409
323 -1489 360 -1386
-406 -702 3333 -1364
311 -1514 395 -1340
-433 -755 3311 -1305
276 -1524 411 -1317
-1145 -2377 -625 -2091
588 -723 1764 867
-1169 -2377 -586 -2077
604 -699 1759 896
-1198 -2388 -563 -2084
595 -692 1794 892
-1218 -2391 -519 -2050
574 -690 1784 888
-1254 -76 81 -639
-220 795 -365 -1337
-1262 -78 77 -647
-195 804 -361 -1348
-1240 -63 66 -660
-160 830 -392 -1350
-1198 -44 51 -676
-160 822 -409 -1369
-1031 -896 -1509 -88
1560 53 -522 -292
-1011 -889 -1540 -94
1589 46 -540 -292
-975 -887 -1554 -81
1587 64 -544 -299
-964 -867 -1554 -94
1614 60 -558 -280
-1108 117 1146 45
-699 188 -1208 -10
-1110 115 1118 48
-676 181 -1208 -4
-1101 91 1115 53
-692 191 -1226 -2
-1090 110 1105 46
-668 183 -1233 18
416 -29 -30 113
366 -257 175 -582
392 -46 -34 108
361 -260 179 -565
419 -70 -43 126
375 -277 189 -543
431 -54 -37 131
373 -298 158 -554
123 -163 -319 561
250 83 238 -217
132 -188 -337 579
225 80 248 -187
128 -202 -334 574
220 59 277 -180
116 -225 -329 598
205 36 264 -169
-412 79 -277 196
779 -169 314 104
-428 73 -265 206
778 -172 345 116
-417 65 -244 220
742 -157 361 121
-443 62 -236 232
724 -169 354 113
-653 -338 341 319
318 834 728 582
-661 -329 367 296
294 845 742 562
-681 -329 379 298
297 854 727 548
-696 -332 411 307
270 878 750 529
-2 733 -299 13
142 663 -623 459
-22 755 -304 -3
127 649 -617 457
-27 755 -297 -14
115 674 -589 447
-20 760 -290 -5
106 681 -591 419
-121 -47 436 516
-1195 0 214 169
-119 -38 452 486
-1208 8 200 183
-130 -28 451 493
-1202 26 230 171
-127 -38 465 490
-1214 17 218 151
-17 -38 -1196 -153
358 -470 285 -93
-18 -32 -1182 -160
359 -470 250 -111
-23 -24 -1194 -170
374 -480 260 -124
3 -9 -1193 -174
378 -463 242 -97
-162 72 -140 -649
426 -173 482 163
-176 59 -149 -663
445 -177 487 153
-156 62 -152 -655
456 -175 461 160
-144 64 -173 -675
466 -189 464 175
450 168 57 72
-484 385 45 -581
459 148 46 96
-462 345 34 -565
468 143 11 88
-473 328 35 -563
471 139 27 112
-455 327 28 -519
-169 541 216 565
67 -132 -365 35
-147 512 217 566
58 -161 -379 56
-176 482 222 587
67 -184 -385 72
-152 453 226 605
54 -213 -396 90
478 563 -793 1005
-26 36 529 -42
457 545 -794 1035
-47 -4 543 -29
441 522 -777 1045
-52 -7 548 20
440 510 -763 1076
-65 -39 576 28
-695 -614 215 -34
433 -979 -284 -833
-726 -613 256 -25
429 -997 -276 -813
-732 -656 260 -9
418 -1014 -249 -808
-750 -651 271 -3
393 -1031 -263 -790
257 -429 575 -644
30 261 -86 118
218 -451 575 -643
-6 263 -80 110
201 -431 595 -630
5 251 -74 122
203 -456 610 -628
-28 279 -55 125
361 160 -59 815
-202 -225 334 129
340 179 -46 838
-203 -218 338 128
336 187 -27 817
-215 -218 365 105
328 184 -24 817
-238 -205 348 104
-81 101 -91 -517
-115 389 183 -152
-100 106 -83 -537
-130 392 196 -166
-93 108 -58 -531
-122 402 198 -181
-108 141 -47 -565
-115 378 203 -191
467 234 713 -135
301 -240 -40 516
484 239 698 -132
289 -244 -17 511
488 220 703 -147
278 -256 -38 514
464 215 698 -137
291 -253 -38 532
102 71 -410 423
-40 808 594 16
118 36 -429 428
-19 806 614 3
114 41 -423 448
-23 795 603 9
112 33 -423 421
-41 791 597 12
-440 198 -351 229
-139 -440 878 -249
-458 192 -365 227
-125 -468 843 -215
-448 189 -357 247
-113 -459 854 -198
-427 156 -376 251
-99 -473 841 -216
67 206 89 -58
218 -939 -547 -409
86 204 84 -37
240 -951 -578 -415
111 182 53 -41
295 -946 -603 -400
130 181 26 -25
295 -956 -626 -387
-362 -82 -376 543
-197 4 -436 -296
-333 -85 -389 554
-177 3 -486 -298
-310 -87 -430 564
-153 -2 -488 -302
-297 -85 -454 552
-133 39 -488 -301
544 124 264 97
-40 -349 -338 -507
562 143 278 86
-26 -354 -334 -501
567 147 249 80
-11 -339 -331 -522
601 122 232 77
-18 -340 -352 -533
301 534 178 685
-219 -272 857 72
293 552 169 681
-195 -281 840 87
302 553 157 703
-178 -259 845 68
296 549 152 685
-184 -259 816 82
507 184 311 -425
218 624 -620 210
512 206 301 -425
233 637 -602 186
522 222 293 -432
223 642 -602 191
518 229 295 -456
224 659 -629 166
-111 -288 -257 228
-764 283 -508 123
-129 -276 -270 217
-756 287 -510 101
-127 -269 -259 211
-762 325 -514 92
-117 -255 -255 197
-749 331 -527 69
-277 231 620 292
831 15 224 531
-279 230 633 289
831 33 190 526
-264 233 624 255
852 35 193 527
-276 239 621 251
855 46 186 503
118 -201 88 -467
-362 -306 16 -856
123 -199 77 -498
-359 -322 23 -875
137 -214 54 -494
-360 -325 6 -871
160 -222 83 -494
-351 -312 11 -876
-195 638 -1022 280
-1198 329 -541 441
-213 625 -1022 315
-1193 324 -532 435
-229 622 -1000 299
-1201 333 -540 445
-225 607 -1011 307
-1203 316 -509 467
-376 52 -1214 481
-321 -828 330 134
-381 63 -1204 490
-326 -844 344 113
-411 53 -1159 505
-341 -853 345 143
-418 57 -1149 520
-356 -837 363 140
552 263 -168 -838
-626 -338 637 -181
551 271 -134 -846
-615 -356 625 -182
545 275 -147 -852
-644 -366 650 -160
542 262 -113 -835
-645 -359 645 -165
138 -43 146 26
137 128 -454 80
124 -54 151 54
132 123 -428 84
119 -77 163 37
133 122 -433 86
109 -70 175 54
109 111 -426 110
-463 -140 -452 197
29 452 -914 -198
-472 -132 -454 203
16 461 -868 -196
-464 -141 -444 190
5 443 -874 -205
-482 -134 -441 198
-20 452 -873 -203
68 -304 769 609
-360 -345 -224 -529
46 -296 767 600
-378 -353 -243 -532
48 -299 806 603
-386 -341 -225 -516
32 -292 805 596
-396 -345 -202 -520
91 639 299 -114
266 -389 532 -300
72 641 305 -115
260 -405 559 -289
84 624 322 -114
253 -408 557 -283
48 632 335 -119
271 -421 555 -277
-30 -252 -123 -342
72 356 -149 521
-22 -288 -143 -323
72 339 -155 526
-23 -263 -137 -331
69 313 -155 523
-21 -295 -138 -315
64 311 -157 522
44 72 -88 326
-107 48 -92 223
55 94 -90 310
-117 48 -61 242
52 88 -86 326
-147 54 -65 243
45 87 -80 334
-139 64 -58 241
46 62 813 130
444 -46 -544 246
53 62 813 128
429 -42 -530 243
42 68 824 122
430 -18 -543 233
44 92 850 109
434 -39 -534 237
-851 133 -298 -561
74 235 180 -4
-848 142 -282 -575
83 235 179 15
-863 136 -290 -565
67 232 168 -7
-870 143 -250 -574
66 235 178 12
-703 -770 -1022 -52
-555 659 -66 263
-708 -777 -1027 -68
-562 642 -61 258
-721 -769 -1024 -43
-571 640 -50 250
-730 -784 -1003 -58
-565 654 -50 259
85 246 -91 98
284 -259 252 -142
80 219 -79 99
290 -254 247 -122
73 217 -64 134
289 -269 242 -127
75 221 -85 115
281 -271 235 -113
-729 647 -641 336
429 428 70 451
-724 621 -643 324
404 452 70 456
-699 638 -632 327
428 435 77 465
-702 610 -660 343
426 436 47 455
329 -661 408 153
-435 552 -383 536
327 -671 393 159
-416 569 -371 525
327 -669 388 145
-423 557 -378 546
353 -681 402 157
-429 552 -387 524
-324 -275 -221 -766
-765 332 -188 -113
-318 -283 -230 -772
-748 308 -190 -86
-334 -278 -226 -779
-746 310 -209 -92
-313 -292 -211 -780
-723 281 -196 -57
-854 929 761 -335
-1435 1375 2142 -1154
-849 878 786 -323
-1403 1320 2127 -1100
-821 827 749 -272
-1324 1200 2088 -1035
-747 768 711 -235
-1212 1074 1987 -938
16855 -3618 2115 -1981
-7727 516 -852 7253
16894 -3728 2086 -1897
-7688 389 -858 7354
16975 -3886 2016 -1777
-7647 244 -941 7514
17116 -4043 1886 -1602
-7539 81 -1075 7706
2285 -891 -206 -4347
-904 -641 529 1603
2254 -1006 -201 -4214
-943 -700 542 1688
2296 -1126 -274 -4063
-978 -757 533 1768
2364 -1262 -352 -3914
-955 -856 503 1877
547 33 2051 -2559
-220 -1312 -225 -720
469 3 2083 -2505
-251 -1339 -167 -684
462 -42 2093 -2454
-299 -1366 -135 -662
419 -74 2103 -2397
-315 -1406 -110 -611
-1294 -1989 888 -1546
-174 -880 516 473
-1318 -2008 909 -1527
-202 -874 534 478
-1344 -2024 935 -1513
-218 -899 550 475
-1365 -2055 954 -1490
-215 -900 561 490
-789 777 -590 -467
55 686 -234 -760
-763 755 -583 -463
83 669 -255 -772
-750 770 -601 -442
92 674 -291 -760
-730 770 -599 -448
134 688 -291 -753
-704 -637 -238 -44
-63 324 -1164 -167
-676 -666 -270 -36
-31 298 -1186 -170
-649 -649 -299 -30
-34 295 -1222 -168
-626 -675 -307 -35
0 306 -1247 -167
-155 -897 181 590
-3 388 -334 -44
-148 -906 169 590
20 397 -353 -55
-135 -902 139 605
47 413 -379 -48
-84 -889 134 587
72 433 -389 -47
-79 -293 267 -256
-713 -1 -422 -111
-28 -277 267 -247
-706 3 -426 -102
-16 -274 252 -261
-706 8 -446 -112
-1 -271 238 -278
-690 12 -472 -122
516 -67 -409 -170
214 -418 -12 78
534 -45 -405 -177
201 -398 -6 76
527 -52 -444 -175
212 -425 -29 72
559 -62 -454 -170
225 -415 -39 82
214 -587 -360 -586
135 309 868 -194
200 -589 -373 -587
129 294 884 -212
216 -594 -358 -602
124 301 869 -212
203 -576 -359 -586
127 317 880 -224
-1170 -374 -120 -377
780 -146 -576 53
-1137 -391 -119 -373
804 -158 -574 58
-1150 -379 -105 -363
797 -151 -596 50
-1141 -388 -123 -373
824 -143 -589 45
-653 -183 512 -179
-61 -498 -184 -421
-631 -174 513 -200
-50 -500 -191 -414
-602 -189 494 -197
-42 -498 -221 -427
-585 -187 496 -197
-12 -501 -230 -418
322 -561 150 -472
305 572 766 332
340 -556 123 -471
327 577 720 324
367 -550 120 -471
352 580 699 320
364 -547 100 -470
356 588 693 312
-349 291 -565 437
3 -439 -680 -419
-323 312 -601 436
35 -437 -693 -404
-326 313 -605 439
56 -432 -719 -415
-281 304 -620 424
72 -455 -730 -387
229 -558 346 -820
-283 -162 128 -793
241 -570 348 -812
-272 -182 129 -788
267 -582 324 -803
-278 -159 107 -770
272 -567 307 -798
-250 -195 75 -767
744 -55 -82 1263
100 -93 -371 -447
766 -62 -77 1277
111 -82 -390 -448
764 -56 -87 1308
103 -104 -400 -442
786 -94 -112 1294
139 -119 -385 -431
-488 296 82 52
148 146 431 505
-483 306 96 61
147 132 439 511
-473 269 88 72
147 121 447 505
-491 273 83 67
150 127 461 530
328 443 -548 -22
-114 615 337 7
305 463 -546 -12
-105 585 333 10
325 437 -537 -11
-102 574 343 17
311 442 -542 -2
-133 578 324 9
-261 -480 -228 38
422 -327 336 -119
-261 -494 -222 36
416 -369 348 -101
-278 -504 -211 51
419 -359 338 -100
-275 -521 -225 42
417 -359 349 -68
10 -456 422 160
-2 231 361 8
38 -475 427 158
1 225 351 -6
25 -476 416 164
4 217 327 2
19 -483 408 177
24 209 345 13
38 -122 -288 -564
-555 -482 75 -242
38 -132 -296 -552
-558 -499 62 -247
34 -122 -303 -549
-538 -506 67 -235
37 -124 -315 -544
-534 -505 53 -248
759 576 -651 -378
201 -74 108 571
757 568 -641 -395
189 -73 130 597
758 584 -640 -376
189 -91 98 601
744 558 -653 -371
186 -86 116 605
-129 -572 26 -113
-416 30 182 117
-122 -564 43 -97
-407 38 191 125
-123 -585 56 -93
-439 33 219 143
-133 -580 48 -79
-456 24 220 159
-42 -120 -416 -649
-376 -88 157 -168
-57 -124 -421 -620
-367 -108 146 -156
-61 -142 -393 -633
-358 -118 158 -142
-80 -157 -388 -624
-370 -104 158 -142
-691 -19 -408 313
-502 -169 -182 375
-705 -5 -396 317
-486 -183 -166 384
-683 -20 -397 353
-485 -171 -177 391
-690 -41 -406 336
-484 -180 -178 380
-169 458 -630 -256
-212 -652 -854 -653
-178 444 -644 -242
-197 -661 -856 -664
-168 437 -660 -238
-223 -629 -849 -670
-161 448 -627 -234
-209 -651 -857 -660
-25 -121 148 568
-347 -225 -258 -255
-24 -122 169 561
-351 -222 -245 -255
-43 -125 161 573
-340 -215 -235 -257
-43 -105 183 589
-334 -216 -226 -262
-837 -373 49 -519
-156 231 -212 -63
-812 -355 30 -501
-150 236 -244 -84
-829 -358 25 -500
-140 243 -242 -101
-823 -340 39 -530
-113 242 -252 -96
329 -700 181 -22
485 409 -183 -214
376 -716 189 -18
504 411 -190 -220
390 -712 160 -22
512 400 -214 -224
404 -716 150 -18
542 412 -245 -209
-263 -169 -356 -610
-610 258 -248 897
-281 -178 -363 -641
-605 251 -263 894
-245 -173 -392 -627
-617 255 -284 888
-244 -169 -410 -620
-621 245 -275 888
-34 -542 -893 -486
-313 182 197 -388
-13 -526 -918 -493
-322 155 206 -375
0 -540 -889 -473
-307 160 213 -365
-13 -542 -905 -479
-315 141 183 -374
-12 -17 447 159
-297 -83 -325 -234
-13 -38 445 181
-293 -89 -320 -244
-29 -36 440 190
-292 -108 -342 -234
-6 -42 451 205
-284 -97 -347 -209
-268 211 -654 547
-47 -771 -633 -380
-272 204 -632 573
-51 -771 -635 -378
-271 202 -661 552
-56 -791 -614 -370
-269 200 -645 573
-57 -772 -622 -377
90 463 197 -105
-167 491 286 677
124 457 213 -137
-144 510 307 670
117 463 220 -116
-166 524 303 664
92 465 229 -128
-153 530 288 685
-319 20 -1 170
1122 791 507 15
-336 1 7 159
1137 790 516 22
-326 2 13 166
1112 790 509 25
-339 3 -5 176
1130 795 514 25
415 -70 130 -5
-225 194 114 861
414 -54 120 -7
-248 176 118 862
431 -62 110 -4
-247 185 131 864
407 -51 105 -9
-244 161 130 877
90 798 814 271
727 -272 96 758
91 784 811 287
713 -275 77 744
92 792 805 292
733 -288 72 753
91 759 800 299
745 -286 68 794
404 58 215 42
-301 -15 -25 -793
405 85 200 42
-313 -28 -4 -799
408 65 223 39
-322 -12 -8 -804
401 85 203 47
-306 -14 -20 -788
419 -42 215 503
-181 148 -26 -480
403 -68 205 515
-188 141 -28 -479
411 -70 210 517
-160 146 -25 -466
408 -65 216 498
-185 117 0 -467
322 -323 -182 -38
-44 -123 483 -328
317 -313 -165 -50
-38 -134 498 -332
298 -318 -175 -34
-75 -125 506 -314
302 -313 -182 -41
-62 -135 515 -316
-370 -177 -127 208
-225 374 -228 191
-373 -195 -117 196
-231 379 -228 181
-371 -172 -125 191
-232 370 -231 188
-394 -194 -133 181
-235 362 -228 180
115 105 -114 -274
-535 -33 -362 -81
139 95 -105 -241
-534 -35 -350 -94
125 77 -109 -250
-532 -37 -354 -58
126 94 -117 -251
-535 -39 -336 -54
560 233 385 506
-157 6 -97 290
561 230 382 530
-163 15 -123 296
553 234 384 528
-175 25 -125 297
564 205 381 539
-170 27 -111 310
-302 84 215 -159
-19 -135 -318 149
-313 73 224 -159
-27 -139 -323 158
-297 65 225 -162
-5 -124 -322 161
-308 83 236 -147
-11 -148 -329 149
241 34 101 329
76 5 -296 -390
229 40 96 321
87 24 -292 -404
223 45 86 333
97 7 -294 -430
260 55 90 327
83 30 -295 -448
-592 261 135 36
-671 54 -1317 396
-607 280 134 40
-674 69 -1310 391
-580 264 144 14
-715 75 -1300 369
-599 288 152 13
-717 92 -1295 360
-337 211 99 -64
679 158 80 169
-328 232 119 -59
684 155 103 165
-357 222 116 -91
682 159 111 141
-346 247 135 -89
653 161 120 135
47 -134 38 226
-292 144 158 -570
49 -138 86 234
-335 136 165 -575
29 -138 89 238
-344 131 189 -585
6 -121 100 239
-363 118 217 -570
238 -243 -510 -266
166 -9 1133 -119
225 -261 -504 -268
160 -25 1168 -103
224 -275 -464 -272
144 -31 1157 -93
203 -269 -466 -259
161 -45 1161 -84
-1402 1127 637 91
-1948 1655 1282 -2071
-1409 1115 640 121
-1927 1582 1259 -2023
-1384 1056 604 141
-1861 1471 1238 -1946
-1340 994 604 186
-1781 1366 1151 -1867
11827 -5049 1441 -1341
-11261 2928 -7681 7736
11867 -5155 1397 -1253
-11240 2823 -7683 7837
11920 -5286 1355 -1143
-11211 2663 -7750 7987
12019 -5463 1252 -988
-11130 2525 -7836 8164
701 -460 182 -3684
-615 66 512 3848
655 -549 161 -3591
-652 50 521 3924
693 -652 129 -3472
-657 4 544 3984
727 -747 78 -3328
-647 -61 515 4072
-575 -1374 -353 -4544
-73 -1131 -497 -913
-585 -1406 -318 -4535
-83 -1158 -450 -904
-623 -1434 -316 -4511
-88 -1179 -439 -904
-611 -1458 -315 -4456
-94 -1190 -420 -860
-1082 -927 867 -1237
-276 65 -110 978
-1099 -926 871 -1230
-257 81 -84 1004
-1091 -940 888 -1221
-269 59 -80 1000
-1097 -946 908 -1219
-263 70 -103 1031
-1189 377 -1020 346
393 -174 454 -1503
-1167 370 -1012 359
400 -162 423 -1522
-1140 378 -1028 346
440 -133 406 -1511
-1127 392 -1072 349
469 -122 371 -1519
-360 -852 -1512 378
-1366 396 -319 -625
-349 -866 -1533 353
-1321 396 -338 -636
-326 -857 -1574 343
-1299 404 -375 -653
-282 -837 -1575 334
-1266 401 -419 -645
-373 -583 -319 -396
-262 -70 373 1306
-331 -573 -352 -397
-224 -50 336 1284
-296 -547 -378 -406
-205 -27 309 1287
-268 -546 -380 -406
-182 -17 282 1277
389 736 -966 -288
451 -842 -214 52
412 776 -966 -317
484 -812 -215 39
448 790 -996 -315
493 -796 -237 13
464 817 -1047 -340
507 -762 -259 -21
-30 270 34 -507
923 -852 987 -759
-21 293 10 -517
932 -813 981 -759
6 334 7 -553
936 -790 975 -785
10 329 -14 -576
948 -771 972 -824
-395 192 133 272
-324 314 -734 -624
-399 216 116 245
-306 358 -720 -634
-394 217 117 207
-313 355 -750 -651
-394 244 99 184
-320 374 -751 -682
-1 225 215 178
275 645 211 1269
24 232 218 164
295 672 212 1266
20 269 190 150
293 679 180 1241
35 255 205 148
293 712 193 1217
97 329 589 40
323 212 -334 265
99 318 586 11
315 228 -321 256
100 351 588 -8
329 223 -315 245
111 372 564 -30
313 257 -326 220
251 -29 -8 -923
1 508 46 480
255 -15 -8 -933
-5 490 30 471
254 -4 13 -939
-28 498 21 482
249 -24 -7 -971
-13 513 48 469
-779 -144 -970 128
-126 -496 389 -63
-782 -152 -946 133
-150 -500 390 -48
-780 -155 -946 127
-145 -480 406 -42
-823 -168 -937 122
-137 -503 404 -67
-209 -456 -15 -5
-604 -259 -1038 223
-232 -425 3 -16
-603 -239 -1047 198
-232 -424 5 -20
-592 -232 -1044 189
-229 -405 5 -23
-588 -212 -1041 193
-552 133 -18 -672
849 231 741 -469
-567 121 -35 -693
870 252 746 -480
-561 128 -11 -693
875 255 730 -491
-557 150 -33 -728
890 277 735 -516
-843 66 -461 854
365 714 -418 262
-835 87 -478 847
350 711 -426 262
-827 86 -498 828
357 720 -441 259
-823 86 -491 829
362 724 -453 235
52 245 -331 477
-1044 570 -591 -335
53 243 -344 487
-1045 567 -581 -344
52 246 -338 467
-1042 572 -572 -338
38 253 -331 472
-1043 579 -586 -356
547 -49 79 575
-858 -591 284 -346
540 -37 73 589
-878 -592 286 -334
530 -32 116 580
-856 -586 275 -350
518 -43 112 580
-856 -591 294 -331
240 -87 7 366
29 275 538 -653
240 -111 6 362
42 271 512 -636
249 -100 17 369
49 273 533 -654
229 -81 -4 380
59 278 511 -630
874 -675 -380 -653
-566 352 -278 130
898 -660 -373 -653
-562 317 -271 143
914 -694 -390 -639
-569 324 -288 157
903 -676 -397 -648
-531 303 -290 166
-67 450 189 275
138 76 165 201
-65 430 200 273
149 42 155 238
-55 390 186 291
148 16 145 251
-58 390 170 323
150 -8 165 280
154 -19 -416 294
138 144 121 119
154 -41 -395 325
129 109 130 140
121 -57 -410 349
123 92 120 156
115 -102 -385 361
123 54 148 185
289 -94 34 -146
101 -191 827 466
276 -114 43 -139
83 -195 848 508
248 -149 55 -109
86 -215 844 513
242 -152 34 -87
72 -222 863 506
20 129 165 -248
-130 -46 -65 -339
28 98 170 -239
-147 -64 -81 -337
26 76 196 -229
-146 -66 -76 -294
8 65 187 -178
-129 -82 -73 -299
-141 -435 -230 531
18 306 -375 18
-140 -438 -228 556
11 303 -376 28
-144 -441 -227 581
13 303 -355 38
-146 -476 -204 597
8 285 -354 60
64 358 324 761
-149 -433 -172 80
60 373 355 781
-170 -408 -154 86
26 362 347 787
-184 -404 -160 100
0 364 365 768
-193 -402 -142 92
-434 -20 -600 -799
-253 20 43 -467
-459 -23 -600 -798
-248 39 49 -474
-478 -20 -605 -818
-278 36 41 -477
-467 -21 -572 -811
-272 41 64 -484
32 -112 267 562
108 -114 -344 -365
22 -119 288 567
117 -91 -346 -346
35 -110 286 572
132 -93 -335 -375
6 -107 292 553
106 -89 -349 -380
-453 -317 36 223
381 -32 249 -412
-459 -298 53 242
408 -36 241 -426
-470 -302 47 226
386 -13 252 -421
-452 -311 36 238
389 -20 249 -428
266 -88 -451 -65
154 25 1058 280
275 -93 -458 -63
143 34 1066 273
265 -75 -476 -74
124 51 1057 283
267 -80 -479 -71
149 61 1081 275
-380 194 -611 -522
876 -544 191 -91
-377 206 -599 -536
876 -545 181 -74
-360 197 -621 -522
901 -531 161 -79
-359 205 -644 -540
894 -536 179 -109
-273 359 618 100
-171 -198 -37 1
-271 368 599 75
-137 -190 -55 9
-256 384 594 90
-149 -191 -60 -28
-219 384 589 93
-122 -191 -56 -14
230 -310 -202 17
-194 114 -48 -190
229 -296 -199 -11
-171 128 -48 -189
250 -289 -215 11
-180 130 -38 -205
248 -298 -207 -6
-189 143 -46 -222
-86 218 210 261
62 73 404 124
-79 241 197 269
65 69 391 144
-78 261 196 256
69 57 382 119
-82 269 198 269
67 79 378 111
1080 409 -244 209
-307 328 240 -106
1102 425 -239 215
-326 351 227 -120
1100 433 -251 201
-311 345 233 -98
1122 422 -247 212
-305 345 236 -99
-555 33 -630 106
343 -919 275 -414
-556 39 -645 107
326 -946 280 -403
-563 26 -641 99
358 -945 299 -399
-561 45 -664 99
361 -921 300 -410
-367 -700 214 -677
199 -53 -406 -323
-341 -698 201 -675
229 -38 -418 -297
-341 -702 185 -678
208 -40 -431 -309
-324 -697 194 -663
219 -48 -435 -298
-516 -443 -162 15
-202 -503 171 -267
-523 -448 -174 1
-184 -474 180 -276
-524 -421 -177 4
-171 -468 163 -264
-499 -431 -198 -4
-174 -471 149 -285
275 -701 -497 -849
-220 270 -809 -3
266 -686 -492 -861
-225 283 -817 -17
267 -666 -516 -895
-230 297 -831 -29
298 -632 -499 -886
-214 310 -812 -45
-320 529 275 175
521 -452 593 -603
-335 538 268 158
502 -443 608 -607
-326 543 275 142
506 -441 611 -612
-315 549 276 126
512 -440 613 -615
-28 -632 -588 -81
-290 -464 51 -416
-31 -631 -590 -75
-294 -457 66 -400
-33 -644 -579 -63
-325 -465 69 -422
-37 -648 -568 -49
-322 -456 85 -405
166 534 -43 40
-943 -89 434 84
171 555 -50 53
-951 -96 444 98
156 536 -45 59
-951 -102 433 94
171 537 -9 56
-936 -96 462 107
228 22 -488 -570
405 6 168 -71
240 27 -475 -572
405 -9 158 -61
250 28 -489 -576
401 -3 177 -32
243 12 -499 -553
406 -27 170 -40
739 66 318 31
423 -215 800 639
759 60 325 43
413 -211 782 655
748 36 320 56
435 -219 785 653
759 40 305 38
427 -239 797 652
-579 -32 -11 -12
754 83 515 -64
-557 -31 -42 7
737 87 498 -72
-563 -19 -49 -2
765 106 478 -86
-562 -45 -45 8
768 107 490 -85
228 -19 14 103
148 169 68 104
235 9 -4 92
153 184 61 108
242 12 -8 111
171 190 51 98
250 -7 -30 96
173 188 46 95
297 -142 397 -480
-188 -427 -111 50
279 -161 369 -471
-172 -424 -131 62
296 -148 378 -496
-148 -424 -135 68
316 -131 365 -499
-142 -435 -135 54
93 47 -106 -239
-651 994 125 16
120 63 -130 -235
-654 987 130 20
123 53 -123 -220
-641 954 114 18
123 47 -134 -230
-622 951 120 24
-400 614 201 -680
-696 1827 1457 -969
-366 577 182 -652
-672 1785 1451 -916
-346 534 169 -598
-618 1672 1410 -856
-279 462 135 -564
-539 1560 1318 -760
6780 -7722 1825 -2262
-9243 6770 -11514 8565
6803 -7808 1791 -2173
-9254 6697 -11548 8633
6874 -7909 1752 -2088
-9229 6604 -11585 8741
6942 -8045 1685 -1961
-9192 6482 -11616 8884
-1745 1183 1383 -1502
-1098 1786 -278 4680
-1766 1152 1397 -1419
-1105 1790 -240 4673
-1781 1096 1383 -1367
-1145 1792 -217 4706
-1783 1058 1355 -1289
-1171 1761 -198 4745
1362 -1635 -234 -2868
269 -233 765 -1201
1340 -1622 -197 -2886
248 -210 812 -1220
1342 -1632 -141 -2885
228 -215 835 -1251
1319 -1623 -137 -2900
220 -211 830 -1242
-837 1207 779 -321
-253 -238 -656 2002
-835 1192 798 -313
-254 -223 -651 1999
-825 1200 807 -321
-267 -266 -668 2014
-842 1184 802 -329
-259 -262 -663 2021
1027 -148 453 363
-970 150 -41 -1252
1071 -146 449 377
-943 179 -38 -1255
1086 -140 434 375
-921 176 -77 -1276
1099 -149 414 376
-890 185 -96 -1250
-450 -217 -532 341
667 200 169 -686
-421 -210 -568 362
679 197 146 -704
-399 -224 -576 354
701 234 128 -709
-374 -196 -611 353
704 223 113 -708
-111 237 -281 1081
-601 352 -37 500
-127 251 -314 1049
-587 382 -51 474
-113 258 -308 1039
-581 393 -44 453
-110 294 -319 1027
-566 428 -63 419
92 536 734 424
290 -993 -1140 -787
108 549 726 394
301 -979 -1143 -818
130 614 720 350
311 -946 -1171 -846
136 633 698 318
321 -930 -1149 -881
-474 112 -75 -411
546 305 -1 178
-448 147 -92 -443
552 325 9 150
-474 149 -91 -463
562 347 6 154
-449 186 -107 -494
548 364 1 127
-445 -40 8 5
439 295 287 -577
-470 -39 -9 4
460 293 285 -588
-450 -30 -18 -27
468 301 275 -609
-435 13 -21 -20
466 299 273 -608
-832 160 -148 543
293 1008 -320 1036
-811 171 -158 545
314 1010 -345 1032
-792 161 -189 529
326 1027 -365 1032
-772 176 -194 529
356 1019 -394 1012
30 620 755 556
-322 48 -1167 301
73 636 735 532
-292 36 -1168 291
74 638 732 534
-264 42 -1209 302
101 635 692 543
-256 33 -1227 323
583 317 377 -447
-458 -261 248 -135
591 317 339 -428
-449 -293 216 -127
600 316 330 -411
-445 -300 233 -99
606 308 299 -414
-432 -294 198 -101
-20 0 -602 574
0 -385 -715 426
-12 15 -601 577
1 -359 -718 448
0 -7 -625 566
25 -356 -708 440
-14 -16 -641 597
5 -361 -703 436
-399 709 23 488
149 -255 -220 -157
-423 713 23 470
139 -243 -220 -148
-411 722 32 460
152 -235 -188 -161
-413 719 28 458
125 -221 -189 -150
69 255 798 -222
95 -582 309 -608
76 286 808 -234
80 -552 313 -635
50 282 803 -232
77 -554 343 -642
42 291 797 -258
70 -536 324 -661
-435 -134 -920 -238
-69 -217 75 81
-445 -148 -925 -257
-65 -207 94 56
-448 -141 -913 -271
-56 -171 86 39
-456 -121 -924 -270
-83 -168 94 33
-194 97 -130 252
288 191 110 -338
-217 131 -144 247
300 201 98 -359
-201 136 -148 224
302 217 106 -356
-206 141 -137 210
316 224 89 -369
417 -382 955 -340
51 280 -141 -42
432 -388 942 -330
61 295 -143 -42
467 -364 950 -357
74 288 -154 -41
450 -365 928 -348
61 288 -143 -60
-267 -352 -477 -469
127 461 -659 128
-286 -322 -469 -468
132 460 -667 128
-285 -335 -466 -472
139 457 -655 117
-259 -332 -468 -484
127 451 -645 127
-100 -118 793 73
142 -558 308 -27
-105 -146 804 78
131 -562 281 -28
-125 -130 801 92
147 -587 296 -29
-116 -150 791 99
125 -605 296 2
-164 281 -436 172
480 58 186 390
-145 270 -462 157
502 62 179 420
-154 262 -459 195
505 59 163 407
-120 250 -465 188
510 38 162 424
-725 178 477 -815
330 -1045 -457 -787
-718 170 474 -818
313 -1050 -464 -770
-692 180 469 -781
333 -1055 -465 -757
-687 172 449 -781
326 -1079 -473 -735
-327 -6 -541 603
428 56 -86 -443
-312 -25 -530 614
414 43 -103 -459
-306 -33 -548 628
400 44 -70 -437
-313 -31 -557 616
386 26 -80 -436
-814 182 -477 193
-1057 34 -582 438
-819 183 -461 194
-1070 42 -589 415
-805 178 -477 196
-1047 61 -565 412
-812 190 -463 195
-1066 46 -569 421
122 94 60 163
416 -210 197 489
149 92 48 180
425 -176 200 480
131 81 47 149
432 -167 191 454
153 105 39 141
447 -157 195 449
52 -220 472 -1038
228 433 -160 -87
63 -206 449 -1063
240 437 -178 -91
62 -207 428 -1080
251 467 -172 -121
86 -189 447 -1102
259 445 -191 -139
609 -181 -115 139
-711 448 -112 170
590 -173 -127 126
-714 434 -119 156
596 -178 -144 135
-703 436 -115 164
602 -152 -138 140
-717 454 -123 157
-99 561 -52 -72
-516 64 -725 563
-112 556 -61 -68
-524 64 -708 583
-120 562 -50 -51
-500 60 -704 576
-126 566 -32 -63
-511 61 -716 594
802 -372 858 26
200 -578 191 -80
795 -358 880 37
234 -558 195 -61
796 -376 895 7
221 -576 183 -70
795 -379 869 23
226 -550 192 -72
133 414 -20 55
342 -217 740 274
137 416 -29 44
344 -188 756 276
151 456 -33 29
360 -172 740 248
147 464 -32 16
355 -184 761 239
-206 -74 -394 -624
666 -703 -66 -734
-194 -60 -390 -622
655 -697 -63 -752
-175 -50 -395 -641
650 -683 -63 -745
-195 -30 -430 -658
675 -681 -71 -763
-212 -66 220 447
-427 589 -435 90
-224 -63 228 426
-430 575 -446 70
-218 -56 228 433
-440 591 -436 89
-224 -53 225 415
-402 598 -443 61
-67 237 511 -533
344 -637 10 314
-73 227 507 -546
346 -631 -2 292
-82 253 511 -532
348 -638 -14 290
-80 252 527 -532
338 -617 3 309
-315 -667 165 -672
102 174 -304 -469
-323 -671 159 -674
88 179 -312 -469
-331 -652 153 -659
86 189 -322 -474
-310 -655 167 -664
88 182 -292 -473
197 234 -385 337
-440 50 44 250
182 236 -403 338
-468 62 55 253
179 236 -379 336
-470 56 80 260
176 242 -383 310
-477 54 57 263
-666 27 -317 -584
-42 -481 -467 255
-654 17 -303 -556
-20 -508 -442 262
-678 19 -310 -556
-39 -508 -443 257
-683 20 -272 -557
-51 -527 -451 259
-10 -406 141 47
137 361 -150 -613
-32 -406 148 50
136 354 -143 -633
-31 -417 158 53
123 341 -140 -624
-42 -425 146 36
95 360 -104 -607
