68 25 -23 -12
424 128 -180 -60
66 28 -23 -13
435 157 -175 -67
64 30 -22 -13
443 187 -170 -73
62 32 -21 -14
426 195 -185 -94
1793 448 -888 -238
20437 8399 -3980 -1077
1850 562 -906 -289
19135 8561 -4032 -1277
1849 657 -918 -344
17795 8695 -4018 -1484
1821 752 -907 -393
16439 8768 -3933 -1670
-2254 -1302 10188 14775
1286 1881 2259 491
-2552 -1181 10773 14679
1182 1918 2467 435
-2856 -1119 11290 14592
1079 1963 2615 397
-3104 -1087 11789 14549
1038 1967 2725 362
2525 3409 1020 674
747 986 385 379
2470 3390 1109 681
702 967 416 379
2458 3383 1135 662
699 943 423 414
2465 3371 1144 637
668 927 442 434
293 -1473 86 -1441
-387 -11 -399 320
239 -1499 123 -1410
-427 -29 -356 314
210 -1497 157 -1391
-470 -66 -305 301
150 -1508 186 -1374
-494 -100 -245 320
-70 -1 152 11
-13 4 32 -3
-77 -7 167 23
-15 2 36 0
-83 -14 180 41
-16 0 39 3
-85 -21 184 56
-16 0 40 7
-1 0 4 -2
0 0 0 0
-2 0 6 -2
0 0 0 0
-2 0 6 -2
0 0 0 0
-1 0 6 -1
0 0 0 0
0 0 0 0
0 0 0 0
0 0 0 0
0 0 0 0
0 0 0 0
0 0 0 0
0 0 0 0
0 0 0 0
0 0 0 0
0 0 0 0
0 0 0 0
0 0 0 0
0 0 0 0
0 0 0 0
0 0 0 0
0 0 0 0
-1 0 0 0
-10 2 3 -1
-1 0 0 0
-10 2 3 -1
-1 0 0 0
-12 2 4 -1
-1 0 0 0
-13 2 4 -1
-68 19 26 -7
-321 136 156 -55
-76 19 28 -7
-358 137 174 -56
-86 18 32 -7
-420 133 197 -54
-93 18 35 -7
-455 131 213 -53
-877 525 562 -281
-1597 1473 1230 -905
-998 531 654 -281
-1768 1452 1397 -880
-1109 503 732 -271
-1952 1383 1541 -857
-1180 469 779 -272
-2100 1343 1667 -795
20087 7617 1857 -2547
-5431 4620 -515 14139
19865 7543 2065 -2496
-5574 4562 -314 14183
19671 7481 2262 -2450
-5728 4455 -155 14288
19509 7396 2435 -2356
-5849 4354 -17 14387
-310 1558 -410 -1628
383 -1171 1287 -873
-395 1460 -292 -1519
354 -1198 1351 -800
-467 1399 -174 -1457
331 -1266 1409 -757
-542 1297 -95 -1360
276 -1316 1443 -669
2267 -853 1297 -249
-2071 -2216 -1685 -721
2238 -879 1328 -214
-2078 -2218 -1655 -702
2231 -862 1368 -165
-2087 -2190 -1640 -711
2212 -885 1398 -159
-2103 -2179 -1616 -725
-285 313 869 -837
77 -1297 -605 655
-294 341 872 -884
64 -1281 -602 631
-305 346 885 -866
58 -1251 -599 626
-297 378 899 -897
48 -1208 -584 600
-882 -873 -589 -619
-445 1371 1005 565
-859 -858 -581 -621
-433 1373 978 542
-880 -839 -597 -631
-432 1381 982 519
-855 -840 -596 -645
-419 1416 961 520
377 423 -515 261
682 -675 510 49
371 421 -509 269
707 -679 500 30
404 417 -531 272
728 -673 498 34
414 432 -535 235
720 -690 460 56
-1149 825 486 -204
593 63 -62 -14
-1157 818 465 -185
563 61 -51 -4
-1157 821 473 -171
560 70 -46 -3
-1145 815 462 -198
552 70 -74 -1
1320 -1014 -669 799
454 331 -107 -234
1300 -1002 -669 811
453 327 -84 -221
1294 -997 -639 793
426 344 -62 -241
1249 -979 -629 802
401 362 -48 -264
-18 879 -129 636
-533 -495 1051 244
-38 887 -101 622
-512 -479 1078 244
-51 924 -87 614
-513 -486 1082 234
-72 933 -71 612
-539 -473 1097 236
464 -964 -684 -1056
409 -408 575 -113
480 -964 -685 -1095
404 -400 563 -115
463 -950 -676 -1105
412 -402 569 -142
484 -939 -687 -1121
412 -394 558 -145
-894 -229 -78 -162
55 -82 -372 -577
-881 -237 -72 -173
39 -94 -352 -596
-894 -223 -67 -183
52 -73 -346 -580
-896 -229 -86 -193
23 -93 -344 -596
-296 524 -420 395
721 -258 -145 -455
-301 549 -423 373
718 -271 -138 -462
-296 539 -391 372
719 -263 -134 -456
-304 548 -390 386
704 -252 -126 -457
-566 -154 204 217
249 -61 966 355
-575 -157 216 239
262 -62 956 324
-585 -147 227 225
269 -32 950 330
-581 -137 195 211
273 -44 961 317
1 36 -185 355
-121 940 -666 362
-9 49 -205 346
-118 932 -650 359
-4 59 -200 345
-113 951 -642 353
2 71 -196 338
-153 954 -653 347
53 -277 -258 370
1016 -367 699 -178
56 -308 -257 360
996 -371 698 -160
50 -298 -255 378
986 -368 729 -165
42 -295 -235 357
969 -381 717 -166
4 -442 70 -425
-373 -294 -764 -556
-30 -465 66 -437
-369 -311 -755 -541
-24 -478 77 -407
-370 -304 -739 -533
-47 -468 97 -428
-392 -334 -732 -534
-224 846 -308 -288
344 -180 -191 -102
-251 826 -309 -298
325 -185 -186 -108
-241 813 -286 -266
329 -198 -176 -88
-269 793 -295 -270
326 -190 -171 -69
162 -182 395 -35
-422 -556 22 -508
174 -189 379 -9
-412 -560 53 -491
157 -203 381 -23
-413 -563 49 -474
149 -204 415 1
-446 -580 51 -483
109 -165 407 -711
428 -320 -380 406
104 -176 406 -709
410 -334 -374 432
96 -178 411 -712
395 -333 -369 428
105 -185 428 -708
424 -334 -355 428
-31 -353 -155 -303
-271 -7 388 471
-19 -361 -156 -316
-281 -5 383 455
-10 -355 -159 -317
-255 -1 401 485
-23 -367 -152 -314
-243 3 383 471
-114 354 416 -241
-8 -126 -240 -63
-131 344 385 -244
-10 -116 -235 -70
-104 350 380 -225
1 -128 -254 -79
-108 341 389 -230
34 -124 -262 -63
-457 -447 -394 -625
-90 175 -75 293
-431 -473 -408 -610
-106 187 -75 283
-434 -475 -402 -612
-89 188 -88 313
-410 -470 -409 -623
-79 173 -89 319
-320 -52 -410 -371
-143 67 250 -298
-304 -46 -420 -340
-125 76 250 -298
-330 -48 -441 -351
-103 59 245 -293
-317 -84 -440 -350
-124 58 231 -274
-253 11 -335 20
-424 142 385 353
-260 -9 -339 47
-410 145 352 357
-241 1 -348 58
-411 142 338 373
-224 -11 -363 66
-387 149 345 372
1 286 36 131
95 177 -81 93
22 260 7 132
89 174 -96 87
26 274 16 155
129 167 -107 87
49 275 -15 148
126 158 -123 91
-403 391 -711 360
301 272 137 685
-395 388 -714 357
296 246 137 665
-389 379 -714 356
291 250 141 669
-382 373 -722 355
309 260 141 668
307 65 271 335
-168 552 195 -360
308 64 273 325
-172 572 180 -364
330 70 272 349
-169 564 204 -368
322 68 292 345
-209 561 204 -373
-169 -39 -355 720
198 -135 -160 -236
-181 -29 -349 716
208 -114 -138 -239
-189 -54 -346 710
185 -108 -138 -223
-186 -47 -326 696
179 -110 -119 -224
11 -518 -523 28
-56 400 -91 -211
26 -528 -489 24
-51 371 -69 -200
9 -517 -488 27
-78 376 -76 -201
-7 -525 -491 11
-65 383 -66 -202
-1047 -231 -3 -796
581 973 -298 834
-1065 -243 18 -798
570 959 -276 827
-1046 -257 21 -795
583 951 -279 824
-1077 -244 19 -797
563 968 -279 829
-184 -1173 106 -134
240 -229 -580 -65
-190 -1164 108 -121
231 -236 -603 -77
-196 -1172 98 -136
208 -200 -576 -65
-209 -1164 106 -138
212 -216 -574 -50
-138 -231 -399 -642
287 -398 590 114
-144 -207 -377 -636
281 -402 576 129
-135 -216 -400 -646
307 -414 600 110
-143 -214 -382 -637
290 -401 595 107
-214 460 157 180
155 134 -81 -253
-228 480 149 204
160 140 -58 -272
-242 480 151 209
154 125 -62 -254
-243 474 171 179
128 139 -67 -241
316 -167 101 -277
683 109 114 896
329 -183 121 -290
661 100 110 883
297 -185 126 -292
657 130 123 886
303 -189 108 -283
636 116 121 873
-621 720 635 -214
-38 155 -651 261
-636 724 647 -217
-37 178 -650 272
-627 732 650 -217
-59 161 -637 262
-643 711 664 -216
-53 162 -642 262
-158 -706 -76 76
-31 963 -577 368
-176 -700 -71 84
-16 960 -564 369
-160 -697 -85 85
-42 961 -564 370
-176 -691 -83 79
-19 964 -559 370
-344 304 475 10
112 -125 -40 -87
-338 277 464 16
129 -132 -62 -107
-339 272 453 16
151 -136 -53 -90
-314 277 441 9
134 -128 -52 -105
-207 702 -189 941
49 -99 310 169
-201 720 -215 935
59 -103 315 185
-209 718 -213 932
74 -108 304 157
-186 730 -226 945
45 -87 287 169
4 -147 -20 283
251 -156 236 315
5 -139 -24 281
271 -158 221 305
5 -142 -29 251
259 -133 214 293
-1 -139 -40 261
265 -134 231 283
971 215 -316 -111
3 65 988 147
974 237 -307 -119
-19 75 982 138
956 215 -305 -138
8 77 980 125
965 241 -314 -153
2 82 999 117
-139 702 324 234
-110 -161 -501 9
-142 707 332 213
-113 -155 -520 29
-132 702 313 223
-99 -166 -527 10
-129 719 289 228
-89 -167 -508 28
40 -9 119 -240
146 270 971 133
39 4 90 -273
146 287 980 110
49 -11 100 -267
160 286 957 111
77 3 60 -269
165 306 954 119
-199 -495 276 109
350 -510 -991 -202
-174 -485 249 85
367 -489 -1007 -220
-159 -469 239 76
358 -482 -1016 -209
-167 -455 236 80
376 -465 -1045 -225
148 213 384 -268
-455 240 538 889
153 214 375 -273
-447 266 538 896
160 224 358 -295
-441 249 540 882
183 230 373 -298
-422 260 509 868
-442 -70 -377 -111
480 29 104 -706
-444 -85 -382 -112
499 23 100 -690
-443 -58 -388 -100
478 20 77 -671
-428 -68 -380 -98
492 7 89 -686
29 572 280 -132
97 67 789 649
46 587 281 -111
91 61 796 652
38 563 279 -112
74 71 792 647
32 560 285 -114
83 60 783 662
337 -58 -213 244
71 -755 -391 423
312 -47 -179 220
61 -755 -379 419
319 -56 -200 242
64 -756 -394 405
318 -48 -208 223
50 -738 -375 403
50 12 626 -936
-553 -84 -852 -270
59 17 622 -950
-570 -105 -853 -263
61 42 638 -944
-584 -87 -852 -271
41 17 645 -939
-563 -82 -846 -254
-952 -506 -211 290
-542 -125 324 -793
-955 -504 -224 301
-568 -131 358 -818
-954 -501 -238 296
-606 -152 370 -793
-975 -513 -210 279
-648 -140 392 -794
-1424 248 158 -781
-2523 2101 1560 -1377
-1551 267 232 -752
-2705 2107 1729 -1357
-1648 256 329 -759
-2883 2076 1836 -1368
-1740 223 338 -767
-2986 2008 1960 -1318
22196 8576 3952 -3067
-8088 2943 1961 17203
21986 8553 4144 -3049
-8231 2928 2150 17257
21846 8518 4327 -3020
-8324 2845 2282 17319
21727 8444 4471 -2931
-8399 2781 2373 17389
592 2303 -169 -654
2833 1848 2020 -1323
528 2238 -77 -581
2824 1796 2045 -1239
486 2165 -31 -518
2814 1734 2072 -1181
490 2095 -6 -435
2825 1656 2067 -1119
2159 554 294 555
-3282 -1735 -1120 -1263
2151 508 344 614
-3288 -1746 -1107 -1226
2146 485 323 650
-3307 -1777 -1098 -1209
2137 428 338 683
-3333 -1799 -1103 -1174
577 -113 352 1029
514 -1425 -144 215
572 -118 362 1043
499 -1440 -125 194
566 -102 384 1068
483 -1442 -105 211
529 -130 413 1075
448 -1445 -98 219
-837 311 -514 -106
1170 1758 213 -1275
-852 283 -510 -73
1150 1725 243 -1255
-883 278 -481 -76
1143 1699 260 -1229
-905 252 -466 -75
1141 1660 269 -1224
-424 54 -664 853
410 464 448 1076
-427 51 -644 900
425 439 419 1096
-408 -1 -638 926
432 399 433 1141
-413 5 -627 944
460 377 432 1159
-1619 2137 53 414
36 83 -322 -227
-1613 2088 63 460
43 49 -326 -191
-1584 2058 24 481
63 24 -347 -174
-1564 2027 29 516
63 -13 -332 -154
1006 -387 -731 -142
1025 109 279 -469
1014 -402 -720 -104
999 94 261 -458
1000 -431 -716 -94
999 77 276 -444
1005 -479 -703 -51
981 84 289 -427
-996 447 310 656
45 319 467 140
-994 449 294 676
49 322 452 145
-997 450 320 697
70 316 462 153
-1010 439 309 688
49 310 458 166
737 92 940 -8
-138 -538 -579 12
742 98 956 -27
-126 -552 -597 22
738 89 943 -15
-139 -545 -614 16
760 103 918 -5
-114 -562 -601 27
-581 221 188 -137
652 766 197 244
-553 218 207 -149
647 771 202 231
-562 218 193 -122
653 773 197 244
-555 237 186 -138
623 746 214 254
441 -9 -195 -311
325 -401 -46 -138
419 -29 -172 -282
335 -411 -50 -140
406 -28 -183 -305
328 -401 -10 -133
391 -46 -176 -285
314 -418 -15 -133
-418 -431 297 642
-146 -51 -147 -517
-429 -432 309 630
-140 -38 -151 -548
-411 -423 304 636
-140 -43 -144 -534
-424 -431 305 632
-142 -8 -145 -548
261 -162 -177 603
-453 538 503 230
271 -143 -188 609
-446 536 504 227
255 -116 -192 599
-445 567 499 214
273 -106 -177 573
-427 578 525 208
581 -191 -295 276
-311 -112 -538 100
571 -175 -296 267
-319 -106 -523 88
577 -136 -270 260
-323 -102 -516 88
576 -127 -276 217
-310 -114 -511 54
-115 417 770 295
-423 431 -84 -264
-105 422 753 301
-421 431 -82 -254
-117 414 740 283
-421 434 -122 -244
-100 420 766 294
-419 435 -124 -239
243 -67 60 127
425 -258 -433 -485
249 -61 63 140
424 -253 -429 -476
242 -99 41 136
418 -276 -420 -469
252 -105 41 154
420 -289 -422 -426
282 389 189 153
151 -657 835 40
288 378 197 161
145 -631 830 67
263 350 213 161
158 -643 838 57
269 367 220 175
129 -633 840 50
-61 787 89 53
142 -300 -248 -8
-72 807 126 50
130 -287 -238 -15
-92 805 129 43
116 -275 -228 -36
-110 797 125 52
103 -292 -221 -48
-47 591 -284 154
-163 -873 202 231
-65 616 -287 142
-192 -878 218 225
-65 612 -268 137
-182 -838 219 227
-71 614 -250 120
-188 -843 251 210
244 -282 -32 380
21 392 -342 140
234 -263 -23 375
18 382 -320 136
217 -259 -33 351
6 395 -324 135
223 -233 -40 344
3 403 -341 96
260 -203 202 -544
266 955 790 75
248 -206 202 -563
295 961 783 73
265 -203 199 -548
298 969 766 71
262 -213 170 -556
314 958 781 75
-21 -411 96 218
-192 -279 273 67
-6 -405 63 227
-193 -275 285 79
-3 -422 65 238
-183 -279 255 54
21 -430 61 210
-160 -276 261 74
205 -261 -482 -272
348 -551 631 -270
213 -263 -509 -274
356 -567 640 -262
223 -262 -496 -274
333 -558 658 -258
205 -262 -510 -276
329 -548 633 -256
284 202 202 -618
603 -43 496 142
276 207 205 -625
577 -36 496 120
288 202 218 -616
583 -44 482 131
274 202 224 -611
569 -21 509 133
521 20 307 400
-467 809 -545 572
526 22 323 413
-472 808 -554 551
480 50 333 406
-494 826 -543 561
487 40 342 392
-491 829 -535 541
423 -122 1128 697
412 248 -807 224
411 -135 1142 718
398 260 -802 217
397 -133 1146 703
375 269 -773 224
382 -112 1163 715
377 268 -752 200
-8 -265 -21 -279
453 -89 -646 -156
-12 -260 0 -292
442 -102 -613 -162
-31 -252 6 -306
421 -88 -620 -174
-60 -272 27 -315
410 -71 -602 -201
-170 -14 882 -512
-23 171 -150 578
-179 -10 870 -525
-4 210 -152 582
-176 -7 886 -528
-23 210 -179 568
-176 -6 903 -533
-4 201 -185 559
-352 165 334 148
8 422 181 175
-328 193 319 150
18 421 176 180
-322 179 298 126
24 417 130 178
-303 178 287 130
30 416 129 174
-617 358 89 283
468 -212 -263 298
-592 343 89 262
492 -229 -281 294
-586 341 65 266
488 -219 -287 280
-570 362 68 266
506 -245 -276 290
-144 -170 -301 285
55 -239 72 -886
-156 -167 -290 283
67 -230 70 -877
-163 -169 -291 295
80 -242 66 -867
-144 -192 -304 301
63 -224 80 -877
-277 581 727 -600
398 -1025 -562 714
-282 586 717 -590
390 -1028 -564 690
-292 580 712 -618
364 -1022 -567 697
-296 589 695 -613
361 -1036 -574 682
950 -219 437 175
-660 -143 -488 -197
948 -230 452 169
-681 -134 -482 -198
943 -206 427 156
-680 -138 -480 -215
940 -215 443 156
-693 -123 -449 -220
-242 197 -685 -660
-159 -110 -140 243
-240 192 -680 -662
-134 -105 -120 249
-239 186 -663 -660
-143 -102 -121 259
-236 187 -663 -668
-163 -96 -117 264
334 11 665 7
-273 -25 -187 -115
345 15 680 1
-280 -23 -173 -116
352 -5 662 1
-295 -14 -184 -132
368 -9 674 -1
-271 -22 -176 -102
224 -57 -165 -290
-136 -710 -293 91
217 -69 -149 -285
-129 -711 -327 82
218 -55 -156 -287
-140 -726 -312 90
215 -58 -154 -303
-133 -703 -299 73
-7 186 22 -108
-338 259 -22 584
14 181 33 -132
-348 271 -26 576
4 181 11 -123
-325 280 -45 592
15 171 29 -132
-332 269 -14 591
438 179 -448 173
132 -65 -288 -465
439 179 -433 194
135 -57 -273 -451
430 180 -435 167
124 -65 -279 -464
407 190 -414 172
126 -59 -275 -456
-423 -478 87 -168
-428 -72 -671 -317
-426 -487 94 -185
-440 -80 -689 -322
-414 -486 108 -172
-423 -79 -668 -331
-429 -488 124 -161
-423 -67 -657 -316
75 -711 348 -189
-142 513 223 -209
61 -683 333 -176
-151 513 230 -202
66 -689 354 -188
-139 510 200 -230
78 -701 336 -201
-143 516 220 -230
-81 217 -621 399
-463 -129 -123 187
-82 225 -610 402
-450 -134 -118 164
-93 215 -614 385
-474 -108 -129 170
-78 226 -635 388
-463 -113 -106 148
-258 -508 -830 126
-770 324 106 -283
-247 -502 -809 103
-782 331 109 -281
-240 -483 -824 114
-762 349 108 -313
-243 -457 -827 88
-779 352 120 -298
62 -141 -107 463
403 200 -127 -269
52 -128 -98 437
386 172 -122 -278
56 -109 -108 454
390 174 -106 -293
61 -106 -102 435
392 180 -137 -275
210 392 227 -63
30 -405 -263 231
221 382 216 -74
16 -417 -254 230
199 399 224 -81
4 -405 -254 236
203 404 227 -60
-13 -394 -243 228
807 -142 -158 112
755 96 704 -113
785 -130 -131 104
749 81 721 -123
770 -136 -108 86
720 81 714 -127
774 -134 -88 95
707 103 745 -114
-20 247 472 -295
357 456 563 265
-15 262 472 -312
365 450 571 278
-33 255 509 -285
344 448 571 280
-35 240 511 -290
348 446 582 284
487 381 198 86
-120 -37 -231 154
465 372 198 97
-125 -29 -223 143
463 366 208 105
-131 -20 -224 130
433 381 211 110
-151 -32 -187 139
59 143 -362 282
-1055 57 -203 139
29 127 -353 272
-1122 64 -144 147
22 140 -321 257
-1189 51 -120 143
-26 129 -325 283
-1249 56 -78 150
-962 703 633 -250
-3395 2383 1504 -436
-1106 719 752 -261
-3596 2406 1675 -456
-1225 728 839 -263
-3814 2400 1833 -468
-1315 706 900 -282
-3937 2384 1967 -467
23351 8818 3934 -3355
-6447 -287 5586 17474
23108 8841 4154 -3379
-6589 -233 5801 17426
22953 8879 4340 -3401
-6686 -227 5926 17424
22860 8859 4487 -3376
-6720 -259 5984 17424
584 1746 1269 -14
3224 2418 1049 -1276
542 1747 1349 -29
3197 2388 1080 -1245
522 1734 1371 -30
3216 2378 1096 -1241
514 1721 1378 -10
3212 2353 1041 -1235
2110 506 497 948
-1994 -1540 -852 -1404
2073 490 502 996
-2008 -1551 -827 -1385
2062 447 537 1016
-2057 -1567 -807 -1367
2061 420 518 1048
-2107 -1604 -792 -1352
81 -515 -689 843
1307 -426 -311 1189
57 -502 -648 879
1240 -438 -276 1188
8 -532 -610 900
1205 -435 -233 1206
-45 -527 -572 898
1165 -439 -190 1204
-1200 1124 -996 -849
437 278 159 -374
-1221 1127 -949 -840
435 266 169 -358
-1256 1119 -941 -842
401 245 196 -362
-1281 1141 -907 -853
391 261 219 -340
148 33 -379 260
-480 256 720 971
125 4 -383 285
-467 241 704 974
138 -4 -374 259
-452 246 726 986
125 -4 -347 266
-441 229 712 1002
-1462 1302 96 -539
1030 -373 -70 341
-1446 1303 71 -536
1050 -351 -54 359
-1436 1281 73 -521
1056 -368 -105 343
-1423 1292 52 -528
1070 -344 -114 355
-436 -575 -850 578
843 -120 -46 -316
-418 -561 -860 580
843 -93 -61 -340
-432 -551 -863 579
839 -93 -81 -359
-423 -530 -873 557
848 -70 -63 -365
-391 -182 1046 330
-542 -527 -275 -417
-369 -193 1034 308
-557 -510 -255 -434
-354 -158 1054 294
-544 -469 -287 -452
-361 -141 1050 271
-525 -470 -288 -482
49 -118 205 -463
1342 -21 -77 492
54 -104 215 -483
1335 11 -75 489
67 -88 205 -492
1324 25 -55 466
58 -73 200 -506
1332 39 -55 444
-790 90 290 -360
-516 -193 -351 522
-766 106 295 -377
-509 -162 -349 504
-771 117 305 -386
-496 -161 -358 496
-769 129 284 -396
-522 -136 -341 484
-476 121 -688 101
255 -78 322 -23
-497 130 -685 96
245 -73 307 -25
-485 145 -691 81
262 -42 298 -35
-462 156 -682 78
254 -55 291 -61
-143 672 -149 268
-119 285 463 1113
-155 690 -153 244
-117 284 458 1101
-135 703 -154 232
-104 281 436 1094
-143 693 -160 218
-96 308 431 1069
229 151 -563 -373
-591 35 -227 138
204 186 -559 -367
-593 25 -217 123
209 179 -545 -383
-609 54 -220 123
226 170 -555 -388
-597 40 -234 104
-38 -512 -308 75
-132 321 313 398
-13 -498 -297 61
-128 336 325 384
-28 -493 -300 57
-113 325 326 379
-18 -485 -298 46
-126 339 324 370
251 -275 -27 -43
-275 304 -136 -883
239 -281 -10 -37
-286 291 -140 -880
248 -282 -29 -42
-271 282 -135 -882
239 -287 -5 -36
-277 277 -138 -886
-1189 270 -940 57
-1141 241 -531 1111
-1175 268 -934 70
-1127 266 -527 1096
-1199 288 -937 77
-1122 252 -551 1104
-1182 265 -935 65
-1099 234 -548 1112
-218 146 -938 -391
-98 317 -40 41
-219 159 -940 -394
-97 318 -43 54
-214 145 -940 -402
-58 313 -56 60
-197 142 -974 -383
-56 287 -43 65
-47 7 1064 -351
-55 363 -712 13
-55 -2 1070 -359
-48 349 -699 36
-48 -32 1058 -333
-54 312 -698 53
-20 -31 1063 -330
-34 296 -709 78
-165 155 -595 -285
-40 491 -19 -81
-177 158 -610 -264
-44 472 -16 -57
-189 138 -620 -254
-24 457 -17 -46
-168 111 -601 -226
-33 440 -2 -31
676 -1024 352 -284
-430 387 -107 -32
688 -1048 333 -279
-426 388 -107 -10
695 -1031 328 -258
-424 378 -107 -6
706 -1059 312 -253
-418 363 -107 -4
529 93 126 267
85 113 631 -228
518 104 123 272
97 118 614 -229
532 72 119 262
96 103 613 -235
529 74 92 276
93 122 620 -209
53 133 -395 460
-300 -418 -209 230
41 130 -392 478
-309 -423 -192 242
47 118 -364 457
-309 -429 -209 256
33 116 -355 474
-301 -430 -194 266
106 -181 242 -694
-373 194 169 -70
103 -175 206 -691
-377 196 152 -82
100 -170 217 -689
-362 213 158 -69
98 -161 226 -694
-352 193 166 -78
-127 36 -295 -187
-71 394 285 453
-131 17 -271 -175
-68 403 306 447
-138 25 -283 -174
-79 408 304 455
-130 37 -270 -182
-86 413 295 463
405 -635 -72 42
145 146 94 -475
425 -631 -83 35
150 153 93 -494
416 -640 -86 35
134 145 84 -481
409 -641 -92 32
158 148 92 -497
218 258 -81 420
-19 -341 282 -585
211 247 -81 433
-8 -350 262 -579
228 244 -98 433
5 -354 281 -580
221 227 -105 454
-12 -350 267 -551
-157 -144 549 -540
-263 -148 122 -40
-155 -163 536 -534
-253 -171 116 -53
-140 -156 548 -533
-233 -161 101 -31
-134 -180 525 -528
-214 -172 90 -17
-110 307 -12 212
-717 665 -154 460
-111 301 1 211
-698 652 -169 454
-97 291 -19 221
-712 639 -162 450
-103 291 -36 216
-690 655 -179 439
-249 145 -432 -215
-57 -626 -417 -220
-253 138 -428 -211
-36 -623 -421 -222
-253 137 -433 -212
-39 -634 -420 -250
-228 149 -437 -202
-44 -648 -409 -231
-684 -361 -615 33
-67 144 -110 52
-672 -373 -607 20
-71 122 -109 45
-683 -385 -606 13
-87 133 -118 31
-695 -367 -604 29
-63 152 -108 54
60 656 -323 -19
264 -239 -163 328
55 637 -293 -13
243 -242 -132 309
54 624 -309 -26
242 -242 -133 335
50 634 -317 -19
238 -251 -131 330
224 -22 -296 -23
-523 218 196 -169
204 -23 -297 -28
-498 190 194 -139
209 -42 -290 -30
-519 186 186 -158
210 -42 -280 -33
-498 195 200 -139
237 -65 624 152
26 -208 -363 298
231 -71 632 152
20 -225 -347 304
236 -71 634 160
39 -226 -371 279
243 -92 621 142
17 -240 -365 288
-568 324 -762 -197
140 934 518 300
-571 343 -758 -173
151 931 514 311
-569 318 -772 -155
149 905 536 318
-569 330 -767 -164
166 905 508 327
-82 400 526 835
-383 149 -834 590
-80 398 492 854
-356 130 -826 602
-67 399 488 856
-368 111 -843 610
-53 396 498 869
-350 89 -866 621
-397 1220 96 162
-431 158 340 355
-381 1215 72 181
-398 137 338 348
-349 1212 66 195
-409 134 317 359
-339 1185 50 210
-380 130 321 357
-300 605 -577 206
95 103 -557 289
-320 602 -591 237
93 98 -552 311
-324 595 -588 231
97 83 -556 305
-296 597 -586 251
84 81 -572 322
378 237 270 -132
-560 62 294 -81
376 238 264 -100
-562 54 290 -70
376 226 256 -92
-568 68 287 -59
368 214 257 -86
-554 58 309 -45
62 -630 -263 -40
16 53 -701 -75
67 -615 -256 -49
37 50 -722 -78
67 -635 -245 -36
41 46 -712 -88
54 -625 -264 -43
43 66 -700 -93
-490 -295 -426 274
-496 546 692 493
-488 -300 -420 255
-490 541 696 468
-508 -273 -424 256
-478 547 689 477
-484 -292 -410 253
-487 558 670 480
427 582 -112 -36
-129 -63 -202 505
422 557 -114 -22
-128 -80 -207 484
447 562 -122 -19
-154 -65 -197 493
445 566 -120 -19
-158 -74 -202 507
-9 308 -206 -429
498 -94 26 336
-18 304 -206 -420
501 -99 45 322
-22 294 -219 -401
486 -95 41 335
-17 288 -194 -397
497 -90 54 346
-132 297 299 -18
-640 -118 -591 614
-130 283 286 -21
-626 -119 -578 599
-148 264 312 -25
-632 -128 -577 613
-142 295 297 -14
-635 -124 -590 603
-163 -3 -250 42
-406 -359 169 -351
-170 -3 -245 62
-402 -353 145 -364
-151 -7 -257 38
-399 -353 162 -377
-163 8 -245 24
-401 -359 144 -374
498 259 -24 -166
-406 3 532 160
490 249 -48 -180
-418 -24 521 175
493 257 -45 -170
-422 -18 537 178
504 263 -44 -159
-414 -17 522 184
445 242 -1569 -104
-36 -156 22 304
417 249 -1583 -93
-32 -161 21 284
431 236 -1584 -97
-60 -157 37 296
416 238 -1565 -75
-62 -150 38 304
-594 -342 -326 -67
156 337 -19 612
-593 -353 -314 -58
168 326 -47 591
-603 -342 -307 -57
162 319 -38 612
-593 -350 -288 -54
153 311 -10 591
-1138 191 -109 -792
-881 213 61 -48
-1152 184 -113 -791
-935 207 83 -40
-1144 197 -108 -772
-991 225 72 -42
-1161 173 -121 -776
-1044 226 97 -51
-1497 360 116 -71
-2827 1390 1686 -1352
-1628 366 224 -96
-3053 1472 1903 -1406
-1774 393 305 -79
-3243 1509 2042 -1414
-1854 386 350 -112
-3407 1494 2191 -1425
25212 6858 3680 -2211
-1314 -1143 8950 15477
24942 6946 3948 -2276
-1493 -1059 9206 15391
24739 7022 4170 -2336
-1628 -991 9381 15333
24587 7066 4366 -2362
-1718 -936 9504 15276
1553 1963 1703 371
2533 3428 905 592
1467 2015 1862 287
2507 3446 967 563
1400 2033 1952 236
2481 3429 1015 561
1352 2077 1993 214
2459 3409 1010 549
723 981 422 422
370 -1710 66 -1295
712 950 490 450
343 -1711 106 -1260
663 911 490 448
292 -1749 139 -1225
663 890 494 476
259 -1754 173 -1205
57 -1187 -570 648
1143 54 -915 648
25 -1185 -524 639
1106 49 -870 651
-2 -1190 -496 652
1081 93 -830 626
-70 -1195 -440 648
1022 97 -789 625
-2265 -51 98 -150
-343 1681 39 -167
-2304 -28 132 -145
-350 1666 64 -157
-2317 -7 158 -171
-343 1670 77 -177
-2323 4 204 -175
-365 1679 97 -194
415 -140 -1344 132
-921 575 -731 800
433 -149 -1347 127
-907 588 -752 804
404 -165 -1351 135
-910 559 -747 791
423 -149 -1352 111
-888 568 -741 809
-850 1076 659 46
417 -365 -331 -126
-848 1057 646 66
439 -374 -345 -142
-849 1073 630 70
438 -363 -354 -159
-830 1065 625 63
460 -352 -354 -136
-308 -333 -240 1181
826 -30 343 -1424
-332 -320 -252 1154
835 -7 345 -1424
-309 -317 -260 1148
830 -20 329 -1445
-312 -324 -273 1151
838 -25 346 -1437
-188 -101 683 384
-459 -496 119 3
-190 -116 676 392
-473 -483 125 13
-146 -100 690 389
-469 -494 105 14
-146 -107 684 389
-451 -472 102 -8
402 50 -221 -393
14 671 -599 -207
418 47 -212 -410
34 658 -586 -187
426 38 -216 -393
47 674 -599 -219
435 26 -226 -389
27 659 -606 -196
-782 534 168 588
-182 353 -205 574
-760 530 168 600
-189 336 -207 558
-757 532 151 594
-178 357 -204 580
-740 527 145 610
-164 336 -208 569
826 -751 544 517
1296 327 781 -723
830 -753 518 517
1290 336 795 -744
842 -751 531 498
1291 333 804 -744
815 -767 526 506
1296 333 804 -738
150 -577 200 -57
-225 224 286 50
142 -563 217 -68
-220 218 269 45
114 -566 208 -44
-217 218 288 26
130 -553 216 -73
-248 229 293 46
91 178 -390 421
-597 -159 -421 -642
89 176 -396 418
-604 -181 -422 -643
74 181 -372 413
-609 -170 -442 -656
75 186 -390 407
-620 -185 -445 -665
232 -803 303 -8
-1 399 -202 -581
246 -784 298 7
-3 432 -200 -596
233 -787 299 11
-5 434 -209 -596
244 -781 299 1
-6 422 -207 -624
-395 -511 -73 96
103 390 984 89
-399 -511 -87 73
99 379 955 84
-370 -496 -82 67
103 403 964 70
-375 -490 -98 69
117 392 938 70
824 -282 164 -726
-83 -653 146 74
821 -276 150 -721
-87 -639 146 42
826 -266 130 -734
-64 -649 137 65
839 -263 151 -730
-64 -647 131 44
-513 613 -747 -452
-856 -491 224 311
-510 626 -751 -441
-853 -486 219 328
-510 612 -744 -462
-846 -494 216 309
-506 628 -753 -446
-845 -464 214 323
-144 83 -426 482
-195 -81 -829 178
-145 101 -422 476
-210 -63 -818 166
-154 116 -444 475
-198 -46 -809 155
-152 113 -440 462
-205 -32 -801 149
15 199 -805 102
-311 580 756 325
0 210 -814 83
-303 589 757 307
25 220 -792 62
-317 597 747 289
10 228 -804 43
-315 588 755 274
59 337 -166 188
605 -102 320 350
56 331 -177 194
614 -109 303 338
42 329 -177 198
609 -87 320 317
36 339 -185 158
592 -107 310 324
82 599 38 28
-447 517 -276 124
87 610 47 40
-433 509 -287 129
88 605 44 37
-438 524 -270 133
95 611 39 53
-456 507 -277 143
412 164 869 373
-64 -691 -696 243
422 175 872 357
-46 -680 -677 251
414 178 868 357
-56 -672 -701 263
424 178 865 374
-60 -669 -685 229
-145 -618 121 150
-133 344 704 -41
-131 -608 135 157
-143 334 686 -20
-131 -590 114 161
-120 349 696 -35
-112 -612 113 148
-111 367 676 -63
515 248 31 -148
340 88 235 592
490 266 1 -161
340 102 256 553
510 262 -5 -187
354 122 249 548
505 305 -1 -200
347 123 233 527
101 -611 822 113
-71 526 -328 177
104 -588 821 91
-70 522 -315 182
96 -585 840 67
-97 541 -296 141
108 -552 837 71
-101 571 -318 138
462 355 308 225
367 -939 -313 5
465 340 319 210
338 -933 -317 -10
445 354 323 201
336 -948 -316 -38
432 364 308 190
321 -945 -296 -41
921 178 464 -472
265 -293 323 761
894 172 498 -475
256 -291 338 737
885 189 491 -475
243 -277 366 753
874 175 516 -503
244 -275 346 733
-460 -416 266 -683
-636 63 -1308 -729
-468 -417 260 -678
-649 45 -1309 -756
-477 -432 256 -701
-636 61 -1317 -757
-502 -407 275 -702
-638 57 -1293 -749
-508 -82 264 352
-135 -238 -289 -125
-505 -83 253 332
-132 -231 -303 -124
-516 -78 263 350
-145 -242 -279 -121
-515 -74 253 327
-142 -245 -292 -146
595 -678 -95 -612
-615 336 -198 648
606 -677 -90 -601
-630 343 -190 631
605 -683 -99 -631
-606 352 -208 619
622 -660 -96 -622
-628 356 -198 621
577 -449 560 -446
176 -50 -796 54
566 -456 577 -447
189 -65 -788 44
568 -436 576 -457
150 -66 -783 46
559 -438 601 -460
142 -52 -777 30
-300 -237 123 -67
-114 20 44 -481
-296 -214 126 -88
-118 23 59 -497
-309 -216 159 -58
-118 39 61 -498
-298 -197 147 -68
-117 35 50 -509
-63 -348 196 -452
-240 173 -424 101
-82 -355 168 -465
-221 164 -435 113
-61 -348 160 -457
-209 161 -440 122
-78 -343 181 -443
-224 178 -448 130
82 127 321 79
585 -220 -304 -557
65 107 297 87
567 -239 -324 -553
81 118 300 88
588 -230 -315 -545
74 98 295 112
589 -222 -319 -548
20 -578 495 -11
-25 -312 48 6
13 -593 489 -20
-11 -312 51 2
6 -584 492 -21
-13 -283 29 4
19 -583 478 -19
-32 -290 54 16
290 355 566 295
41 857 -151 317
282 359 571 298
32 847 -162 281
291 371 580 284
24 871 -130 284
285 374 577 291
8 883 -140 268
-34 -730 -746 -87
255 453 472 501
-37 -730 -753 -89
245 480 461 508
-32 -734 -736 -82
247 472 475 497
-51 -705 -715 -100
258 482 474 493
-147 -89 -3 86
-374 99 -152 -348
-128 -106 10 92
-393 105 -130 -339
-126 -86 21 81
-398 101 -150 -351
-144 -104 7 93
-396 111 -137 -347
239 -353 -566 -44
-33 -88 182 -53
225 -350 -589 -35
-26 -66 167 -64
239 -365 -573 -46
-36 -70 195 -66
233 -341 -558 -43
-56 -81 186 -58
57 630 127 393
-236 -168 -334 493
31 644 147 409
-246 -163 -333 477
37 647 149 391
-257 -147 -323 488
42 669 154 396
-268 -149 -312 473
-145 24 -139 22
419 -461 -2 -658
-153 19 -134 11
407 -448 16 -664
-161 40 -129 -7
420 -465 31 -655
-165 49 -126 7
399 -452 23 -668
31 255 -200 84
-232 -478 351 256
42 249 -203 82
-236 -495 346 248
17 251 -187 70
-231 -487 361 235
26 240 -189 73
-240 -492 361 256
20 162 -168 -744
-74 -322 176 -186
7 139 -169 -741
-100 -311 187 -213
15 134 -151 -729
-87 -326 182 -192
4 136 -151 -736
-111 -334 192 -177
-176 127 -166 -103
227 115 -348 54
-186 116 -146 -94
219 114 -341 60
-182 128 -151 -73
211 101 -321 34
-190 125 -135 -78
179 107 -314 37
-4 -170 416 -198
825 -272 -130 1
-23 -158 428 -189
818 -277 -106 20
-12 -172 434 -171
799 -269 -98 26
-9 -170 454 -190
824 -289 -89 29
-425 351 80 -214
-494 -1044 230 -93
-415 325 69 -194
-494 -1050 218 -94
-415 320 63 -207
-479 -1058 234 -84
-423 323 90 -188
-476 -1073 209 -72
-18 543 -278 -533
-283 70 -56 -451
-6 539 -267 -515
-274 45 -59 -445
-2 526 -287 -522
-268 41 -58 -440
14 523 -280 -501
-279 36 -58 -413
-30 -138 -239 242
-1028 -106 -2 -114
-70 -149 -243 232
-1061 -70 25 -117
-63 -157 -226 265
-1125 -70 33 -111
-62 -139 -254 246
-1173 -89 41 -115
-293 454 1353 -164
-2428 1977 1700 -1447
-451 498 1461 -205
-2643 2045 1913 -1506
-577 524 1528 -221
-2894 2139 2085 -1558
-685 542 1585 -239
-3069 2167 2198 -1573
24787 4837 2604 -1643
4246 -2357 9874 13589
24493 4964 2891 -1744
4004 -2209 10168 13452
24236 5102 3144 -1825
3798 -2088 10404 13330
24027 5184 3372 -1906
3627 -1999 10619 13248
2537 1318 2045 475
74 2893 162 728
2374 1406 2257 364
5 2917 266 657
2215 1481 2409 266
-39 2958 358 597
2105 1528 2541 172
-92 2960 417 560
568 891 902 -184
113 -1592 544 -1492
546 868 960 -200
93 -1613 580 -1467
495 865 994 -180
66 -1638 602 -1432
462 848 1019 -175
9 -1657 644 -1417
405 -1610 -435 -79
944 43 -467 163
384 -1606 -416 -57
917 55 -451 158
343 -1621 -367 -53
889 40 -421 166
314 -1612 -355 -60
847 52 -370 178
-1318 452 175 -223
-1004 1236 -1179 -554
-1323 433 216 -232
-1028 1266 -1153 -552
-1365 461 220 -236
-1045 1223 -1135 -560
-1399 444 258 -247
-1066 1228 -1120 -558
-404 269 -949 370
154 45 -967 1646
-397 244 -927 370
138 15 -970 1646
-428 226 -925 380
166 -6 -960 1673
-418 211 -904 395
142 -22 -960 1677
-584 1258 414 -1036
830 288 -964 -72
-586 1261 401 -1001
824 263 -960 -55
-597 1227 403 -997
820 229 -953 -19
-595 1204 430 -948
814 222 -948 10
-198 -747 583 73
-221 -316 -19 -774
-196 -766 579 112
-223 -332 -22 -768
-201 -756 579 130
-234 -350 -19 -749
-209 -799 584 146
-226 -349 -17 -711
-82 -547 620 -819
981 -318 -94 -47
-72 -549 602 -798
956 -330 -91 -60
-97 -555 596 -776
972 -314 -78 -42
-84 -575 627 -782
952 -346 -78 -36
-457 97 328 -1335
226 104 -422 287
-461 98 327 -1348
190 83 -403 308
-452 83 354 -1320
191 63 -394 320
-480 36 355 -1288
193 59 -396 347
-319 95 -1153 -448
-724 119 -298 -489
-313 79 -1129 -429
-717 99 -293 -496
-320 59 -1124 -408
-718 96 -279 -477
-360 40 -1114 -389
-742 84 -270 -454
128 -658 -484 -8
-241 -262 414 -1061
123 -657 -480 13
-246 -257 419 -1089
113 -679 -468 11
-285 -273 435 -1078
110 -668 -472 35
-289 -294 445 -1054
375 356 -340 187
144 -172 -235 264
379 327 -325 191
137 -169 -225 263
352 342 -312 205
115 -171 -195 269
319 313 -314 204
107 -169 -191 266
-311 429 -431 572
-802 1126 -86 697
-328 431 -431 574
-805 1144 -46 701
-347 435 -421 576
-812 1130 -51 680
-348 420 -398 557
-830 1148 -37 688
270 97 -479 587
-240 -779 -184 -198
270 111 -475 603
-257 -748 -164 -187
274 118 -470 581
-269 -742 -146 -198
255 134 -459 594
-249 -757 -148 -208
309 289 65 58
6 118 119 -199
316 304 84 33
3 104 126 -194
286 303 82 49
4 116 125 -210
277 311 87 20
-23 109 141 -178
-52 1081 -12 545
735 -753 528 -61
-67 1061 -3 528
730 -756 539 -49
-79 1052 1 550
754 -760 543 -42
-60 1053 -13 556
733 -762 539 -40
-48 633 404 271
-82 14 222 -568
-52 631 378 283
-99 14 223 -534
-19 635 381 294
-88 2 226 -529
-11 603 382 285
-74 -4 217 -538
-217 -252 88 600
-89 21 255 -182
-207 -280 71 604
-95 32 243 -175
-172 -268 58 632
-77 8 239 -181
-166 -272 48 636
-83 21 227 -164
-187 -32 -250 -125
450 -269 199 -436
-174 -17 -243 -103
464 -294 197 -425
-204 -33 -243 -113
472 -288 192 -430
-190 -52 -241 -112
461 -307 194 -433
447 -391 -462 233
-37 763 603 -555
446 -400 -478 243
-44 762 610 -540
432 -414 -466 265
-45 765 600 -527
451 -399 -477 268
-49 744 603 -501
95 498 -92 487
-174 249 532 714
79 484 -86 502
-185 258 513 724
95 467 -91 516
-172 238 500 739
107 459 -92 516
-166 254 493 744
-276 -454 -452 17
-164 -239 -56 69
-279 -458 -466 34
-169 -259 -58 62
-259 -459 -473 37
-154 -241 -51 75
-268 -435 -473 44
-162 -262 -51 80
191 179 526 -1075
137 -93 -375 182
198 160 510 -1080
117 -89 -389 195
195 183 511 -1062
138 -88 -384 217
197 172 498 -1076
133 -123 -377 211
90 -50 578 -336
467 -456 191 153
77 -67 584 -330
439 -455 171 140
85 -67 593 -323
446 -478 184 175
76 -83 594 -325
466 -487 176 168
-166 358 452 -499
298 -947 -347 -55
-166 353 452 -488
316 -942 -356 -45
-173 329 462 -485
303 -954 -358 -51
-147 344 460 -453
316 -951 -356 -48
-66 1430 -1 239
-798 44 36 172
-53 1430 -27 251
-790 56 40 190
-47 1433 -35 219
-800 60 5 178
-22 1445 -37 229
-772 39 3 170
346 -799 527 451
541 -84 139 63
365 -768 504 451
524 -63 156 42
373 -782 516 435
545 -37 147 16
370 -771 512 405
546 -46 119 7
429 -402 431 -233
7 310 -255 363
415 -400 421 -237
-8 321 -227 334
406 -371 414 -249
-11 327 -232 319
410 -361 440 -269
-15 343 -240 287
37 85 -343 687
-551 -718 207 -689
47 103 -354 671
-545 -720 208 -696
24 116 -344 663
-561 -704 207 -681
41 140 -315 646
-562 -674 213 -703
-129 -402 -952 -278
107 552 167 714
-117 -415 -933 -285
112 568 151 708
-120 -391 -952 -307
96 577 174 686
-130 -380 -929 -310
105 601 146 691
152 -37 358 -126
-120 -58 -240 63
161 -22 371 -114
-109 -65 -235 55
145 -17 379 -128
-123 -45 -239 45
139 -11 371 -145
-123 -52 -227 42
92 -263 520 -585
-148 144 -524 -255
81 -269 500 -594
-144 136 -530 -260
85 -250 494 -598
-140 153 -544 -256
79 -257 507 -608
-124 147 -533 -258
714 -409 746 -92
317 -786 -131 -251
739 -424 732 -98
312 -800 -126 -262
732 -418 727 -93
347 -798 -111 -260
729 -411 720 -102
334 -814 -115 -254
-463 247 17 -180
-150 158 221 286
-472 255 -11 -179
-145 153 232 280
-467 239 -9 -157
-128 179 211 259
-457 238 17 -178
-128 172 218 260
160 -1094 217 -515
7 -101 -4 -577
173 -1098 201 -531
-9 -112 -2 -600
158 -1110 205 -534
12 -82 -20 -600
190 -1079 213 -530
10 -104 -29 -610
-721 696 607 435
543 235 -166 210
-713 707 618 413
546 241 -200 216
-703 719 612 399
535 223 -186 202
-685 717 590 412
553 233 -182 194
176 -259 -310 -67
-99 -270 -265 -204
150 -247 -287 -84
-107 -273 -233 -187
164 -256 -290 -63
-132 -274 -220 -181
151 -274 -280 -74
-152 -275 -222 -174
621 -162 207 -294
536 -174 19 -426
605 -160 225 -295
517 -172 20 -423
580 -182 253 -293
484 -162 52 -435
562 -178 276 -296
481 -156 74 -436
49 -707 210 440
-32 188 -214 -66
44 -704 235 439
-47 203 -200 -69
19 -695 247 435
-37 210 -207 -102
16 -669 266 432
-51 223 -197 -93
-198 624 170 442
10 -313 600 -495
-195 638 156 444
12 -303 606 -493
-206 615 180 428
0 -289 574 -505
-205 636 164 428
26 -326 579 -524
163 841 -266 241
-295 -299 65 75
160 852 -290 254
-304 -289 74 76
169 851 -288 243
-312 -305 81 86
139 831 -294 261
-311 -311 77 107
-844 -442 -809 -381
136 230 -182 -530
-831 -453 -812 -355
130 231 -166 -508
-846 -473 -811 -365
126 188 -158 -501
-826 -504 -824 -348
134 195 -173 -497
-398 -428 -401 629
500 304 292 -890
-402 -443 -428 638
491 300 316 -861
-414 -448 -428 670
484 278 296 -835
-405 -486 -417 684
491 247 292 -845
-66 712 -160 -65
-476 -741 41 688
-71 685 -160 -31
-485 -759 27 710
-47 676 -167 -18
-475 -772 20 699
-60 659 -150 -1
-449 -795 30 721
-63 466 65 -514
-503 -275 -121 -198
-53 444 51 -524
-490 -268 -120 -187
-49 431 54 -491
-499 -285 -112 -177
-40 457 52 -487
-480 -281 -114 -164
-750 18 -771 394
615 271 -463 -329
-740 10 -745 403
609 254 -470 -345
-741 5 -757 400
573 285 -465 -348
-743 -6 -760 413
569 286 -468 -344
737 135 451 399
271 -94 402 373
725 133 457 409
256 -76 426 372
737 122 473 397
235 -82 415 353
729 149 477 394
245 -69 435 365
85 474 427 40
-95 -211 -388 238
68 475 440 20
-163 -221 -373 227
28 483 433 33
-225 -195 -327 235
22 486 459 12
-294 -184 -272 220
-643 1180 964 -676
-893 966 1792 -464
-804 1219 1058 -704
-1151 1081 2020 -547
-949 1250 1175 -722
-1429 1170 2222 -595
-1090 1262 1248 -737
-1665 1205 2379 -649
25248 1675 1617 -1611
4838 -1748 7932 10073
24865 1803 1946 -1715
4537 -1607 8313 9915
24564 1949 2252 -1843
4255 -1471 8617 9811
24278 2058 2534 -1931
3986 -1389 8902 9687
3262 383 1055 -1266
-1045 1769 -87 1166
3065 498 1326 -1394
-1174 1805 79 1108
2839 546 1553 -1503
-1259 1836 221 1056
2628 607 1805 -1586
-1402 1834 364 1012
1023 320 2494 -934
878 -1428 510 -1522
971 310 2595 -952
824 -1439 569 -1512
889 291 2690 -965
805 -1427 602 -1503
831 279 2756 -945
756 -1444 650 -1491
-268 -2278 -186 -1453
1543 374 186 1385
-268 -2267 -141 -1453
1535 382 198 1372
-321 -2267 -114 -1435
1514 390 239 1375
-344 -2269 -98 -1428
1476 422 266 1375
-1242 -444 240 -615
-296 831 -870 -207
-1284 -465 248 -638
-324 832 -842 -208
-1283 -438 259 -647
-323 818 -814 -226
-1310 -444 281 -635
-336 826 -822 -230
-331 234 -739 -971
674 -390 -342 619
-343 242 -740 -984
638 -400 -347 620
-360 213 -730 -986
651 -402 -334 644
-384 230 -712 -981
635 -426 -312 657
-1289 180 524 -750
128 -460 -54 15
-1307 170 532 -749
132 -486 -65 37
-1317 138 519 -745
150 -505 -58 46
-1307 142 521 -714
140 -510 -81 65
45 -451 -15 -247
-150 -103 -39 -949
57 -465 -42 -237
-152 -77 -40 -943
50 -449 -22 -234
-170 -94 -53 -948
57 -471 -43 -207
-157 -97 -29 -935
177 -8 101 883
-195 -729 -452 -465
178 9 116 874
-203 -706 -458 -457
175 -3 89 871
-211 -710 -465 -456
176 35 100 876
-211 -700 -447 -482
33 1098 -94 -27
-43 640 -186 1382
31 1079 -96 -28
-49 652 -179 1394
31 1114 -98 -26
-47 650 -175 1383
20 1107 -73 -26
-48 655 -188 1366
-415 21 -268 935
-49 -1 117 -365
-403 32 -255 936
-52 -7 122 -362
-397 47 -273 938
-62 -7 107 -391
-405 44 -259 917
-29 -14 92 -389
-729 59 3 -81
626 232 -471 464
-714 82 15 -103
645 226 -459 469
-714 85 4 -80
619 222 -461 464
-719 82 2 -104
590 222 -459 455
920 -71 170 -471
74 608 494 407
902 -97 165 -469
51 609 505 428
898 -77 180 -455
19 598 514 428
869 -94 199 -464
39 594 525 417
384 446 375 827
260 110 -484 266
373 436 377 830
253 116 -484 256
367 443 409 835
238 125 -463 285
356 418 419 817
231 127 -469 277
-326 -290 471 407
516 -112 450 -507
-345 -300 488 382
500 -86 436 -504
-334 -301 480 384
479 -82 435 -506
-336 -290 495 382
480 -66 460 -542
464 206 75 521
26 -27 39 -563
471 212 90 515
3 -40 59 -573
456 221 107 498
-11 -56 61 -585
460 224 85 499
-5 -27 72 -578
159 -260 458 115
238 -136 -325 -381
157 -262 490 97
222 -150 -311 -378
145 -254 491 105
224 -160 -299 -380
127 -260 510 97
204 -149 -283 -380
399 263 -224 173
222 -402 -51 -29
387 264 -234 167
218 -396 -33 -15
357 273 -200 157
216 -401 -31 -28
362 270 -187 167
220 -395 -21 -11
-536 -168 814 -300
-1108 -318 -455 60
-539 -170 797 -309
-1098 -328 -446 36
-523 -148 804 -318
-1093 -293 -472 43
-497 -148 782 -326
-1076 -302 -480 20
369 -621 -592 -24
-366 -33 -21 -641
389 -629 -585 -19
-341 -45 -14 -646
405 -618 -604 -37
-361 -46 -24 -665
384 -597 -600 -36
-341 -39 -24 -662
822 73 197 -314
471 579 20 -209
810 74 208 -332
451 606 24 -195
802 66 213 -331
435 566 24 -190
788 68 229 -307
431 560 50 -168
430 -45 316 -19
513 110 637 423
410 -53 336 -10
510 125 643 414
414 -59 348 -19
480 117 667 408
393 -63 362 10
472 121 676 428
220 -300 -894 -10
189 221 355 487
215 -287 -862 16
185 237 359 481
201 -276 -872 -2
158 260 370 449
172 -273 -838 -18
154 273 365 447
-822 -208 276 345
-514 376 -829 -60
-820 -197 294 314
-483 397 -815 -60
-827 -179 277 327
-489 402 -821 -86
-827 -174 298 299
-494 424 -827 -86
-238 318 -395 103
-625 -121 465 821
-236 333 -392 95
-624 -115 484 814
-222 319 -398 97
-606 -105 471 795
-211 333 -406 89
-607 -105 464 790
-337 393 -561 215
-677 617 287 147
-332 416 -566 220
-664 630 279 159
-301 407 -563 198
-655 638 286 131
-296 428 -599 202
-646 623 251 146
294 -234 -881 206
535 300 288 198
279 -250 -874 202
528 312 265 216
288 -242 -869 192
525 302 285 222
291 -239 -894 196
509 303 281 204
-203 296 -452 339
506 554 -105 428
-237 293 -464 337
494 565 -76 450
-211 304 -438 365
503 542 -77 443
-236 297 -421 365
494 530 -50 468
-1170 558 184 329
33 106 -157 -148
-1195 549 184 355
38 103 -157 -147
-1202 526 194 348
-2 90 -159 -116
-1194 527 216 358
4 91 -148 -124
67 -416 -892 -476
-405 -108 -558 -154
37 -408 -878 -455
-400 -104 -550 -143
51 -434 -850 -473
-422 -79 -531 -144
28 -426 -840 -457
-418 -99 -527 -152
-163 436 -118 -213
459 -273 226 616
-178 433 -100 -249
456 -260 217 596
-163 426 -96 -241
445 -272 222 613
-177 429 -74 -241
442 -271 215 601
-125 27 411 38
18 439 151 -701
-131 2 399 21
19 451 148 -690
-128 -10 416 20
17 440 141 -683
-132 2 404 30
43 406 129 -683
591 535 544 124
296 456 -110 230
586 541 525 145
311 454 -91 261
598 527 530 157
312 445 -108 251
597 509 520 177
320 428 -122 248
491 337 1218 708
-818 -77 -115 312
484 326 1195 710
-805 -78 -105 299
495 334 1201 712
-797 -50 -131 322
516 315 1177 724
-799 -59 -138 314
486 184 -485 -127
-36 -294 713 -27
496 184 -470 -132
-27 -289 687 -41
521 173 -486 -123
17 -299 699 -22
520 171 -494 -127
19 -295 680 -36
-268 -33 294 192
-156 -346 172 27
-225 -63 283 208
-160 -337 166 45
-224 -55 261 202
-133 -346 149 47
-209 -53 256 213
-131 -350 132 49
225 -527 -347 -604
31 240 203 -17
234 -526 -351 -625
26 239 205 -40
250 -519 -350 -614
32 252 176 -38
268 -525 -366 -631
55 242 168 -31
325 -282 725 285
-214 83 -225 -186
334 -269 710 292
-182 87 -241 -174
333 -275 714 296
-180 84 -251 -204
361 -252 708 282
-181 99 -249 -200
38 27 -6 431
223 -430 -116 66
47 42 -8 423
248 -434 -129 67
56 30 -20 422
244 -433 -135 55
67 56 -30 406
265 -423 -148 23
-494 242 209 -561
-112 60 -30 205
-514 243 186 -569
-109 62 -37 208
-493 248 173 -582
-98 65 -42 211
-472 249 173 -577
-88 73 -68 211
-184 -342 154 -54
-514 915 384 219
-175 -347 148 -42
-514 917 350 218
-149 -353 108 -31
-499 922 330 214
-151 -350 122 -49
-464 895 320 236
574 340 -209 667
703 182 630 228
613 340 -241 683
728 184 650 259
624 346 -256 695
741 173 637 261
643 331 -279 700
763 175 617 246
-732 286 277 -668
-43 26 -328 628
-695 293 267 -656
-47 48 -340 622
-697 299 267 -643
-31 42 -335 622
-707 290 242 -659
-33 28 -353 631
-345 -425 19 144
179 184 -243 -116
-336 -430 23 141
188 181 -235 -129
-366 -408 2 122
177 175 -232 -131
-350 -422 1 115
180 185 -253 -119
-31 496 12 297
-351 630 20 102
-35 480 14 291
-360 633 28 85
-31 482 2 284
-345 635 29 110
-30 468 5 275
-369 633 14 92
86 -653 -673 163
-176 -147 188 -163
62 -644 -692 138
-172 -120 202 -166
56 -658 -676 147
-177 -123 186 -175
71 -646 -672 152
-181 -106 212 -175
378 174 -292 284
347 169 -338 465
382 190 -276 254
360 179 -304 474
347 195 -277 243
331 196 -297 463
322 194 -251 248
322 209 -272 456
-76 18 80 249
123 407 -122 -149
-105 35 92 242
98 423 -104 -141
-118 57 124 228
100 425 -98 -160
-147 47 126 225
70 423 -80 -164
227 -447 496 -82
71 750 -176 117
189 -433 483 -93
20 754 -132 102
183 -451 504 -95
-37 762 -79 78
162 -434 517 -125
-98 793 -69 57
-708 530 903 385
-1016 1707 1303 -449
-854 577 991 348
-1283 1846 1499 -554
-986 645 1107 306
-1522 1943 1690 -637
-1129 687 1162 283
-1757 2027 1859 -703
22579 -782 740 -1436
312 -2185 3908 8730
22237 -613 1060 -1573
13 -1988 4245 8556
21935 -461 1329 -1718
-309 -1854 4562 8414
21630 -330 1597 -1815
-567 -1738 4856 8287
3972 -763 -947 -2936
-582 59 -849 246
3742 -639 -692 -3069
-727 105 -674 184
3511 -562 -423 -3206
-866 159 -487 99
3270 -485 -175 -3307
-1014 176 -299 51
348 -597 2435 -1475
797 -1453 -246 -1410
288 -574 2541 -1514
754 -1452 -177 -1433
207 -566 2646 -1524
734 -1431 -104 -1445
117 -572 2762 -1568
662 -1436 -42 -1448
-909 -2440 -938 -2071
682 -808 1601 961
-921 -2430 -901 -2097
688 -828 1612 949
-963 -2409 -875 -2081
668 -783 1625 934
-974 -2406 -827 -2099
647 -771 1652 933
-1276 -151 39 -528
-287 802 -293 -1286
-1283 -165 58 -538
-293 789 -298 -1281
-1290 -165 65 -556
-277 779 -281 -1262
-1292 -135 72 -563
-275 767 -294 -1282
-1089 -810 -1449 -112
1526 174 -472 -392
-1093 -822 -1438 -111
1518 157 -447 -403
-1085 -844 -1441 -104
1518 156 -457 -387
-1107 -846 -1435 -101
1530 114 -453 -346
-1124 281 1158 -102
-664 342 -1209 -139
-1131 238 1167 -84
-675 323 -1205 -133
-1125 226 1149 -76
-703 302 -1211 -118
-1134 199 1158 -44
-707 297 -1212 -95
449 84 -65 -25
443 -152 140 -695
433 79 -61 -5
421 -169 132 -671
415 76 -48 16
416 -160 149 -653
425 47 -51 37
406 -176 176 -643
236 -109 -418 466
341 143 172 -261
226 -111 -389 465
330 156 153 -264
199 -121 -389 480
296 148 174 -263
188 -128 -362 484
295 155 181 -263
-314 111 -371 154
844 -182 245 118
-325 111 -366 171
834 -168 246 95
-318 126 -352 145
856 -171 235 93
-336 114 -349 170
842 -174 242 104
-624 -380 307 338
341 802 696 615
-611 -366 295 326
343 784 699 623
-602 -370 293 350
324 801 686 611
-623 -355 291 322
352 806 679 615
19 695 -335 47
164 640 -639 476
7 706 -346 43
166 637 -653 476
25 714 -330 43
175 625 -633 480
7 708 -330 76
169 644 -643 486
-73 -65 383 511
-1125 -32 155 211
-66 -74 381 505
-1132 -27 167 212
-81 -74 384 528
-1158 -40 148 210
-65 -81 413 514
-1150 -26 159 205
44 -110 -1250 -126
411 -569 224 -25
27 -98 -1262 -101
385 -545 225 -27
20 -91 -1245 -119
373 -525 250 -27
11 -86 -1219 -127
367 -541 272 -47
-156 -8 -189 -557
437 -205 459 200
-183 -21 -173 -576
430 -176 481 202
-162 11 -147 -576
410 -180 483 187
-180 10 -144 -608
437 -164 495 161
415 207 38 42
-517 478 62 -672
428 208 49 66
-511 487 57 -664
435 231 62 50
-494 480 75 -670
408 214 61 58
-509 456 64 -651
-185 684 265 408
110 15 -363 -109
-190 687 270 423
100 8 -388 -132
-173 657 271 429
97 -8 -374 -91
-194 653 241 440
101 -18 -374 -83
535 731 -825 873
83 164 442 -189
536 698 -815 878
87 151 450 -173
519 698 -808 862
78 154 423 -153
525 681 -806 899
74 127 436 -167
-587 -514 98 -172
545 -903 -383 -907
-596 -517 110 -176
517 -899 -397 -920
-612 -522 129 -134
532 -911 -391 -900
-606 -533 146 -129
518 -920 -365 -907
359 -400 452 -725
119 293 -221 84
330 -398 474 -715
118 295 -191 88
333 -390 497 -720
105 300 -178 91
298 -418 490 -699
93 290 -174 88
495 181 -195 792
-94 -222 221 123
490 164 -168 812
-75 -236 212 118
466 172 -160 831
-97 -231 218 146
436 178 -149 808
-106 -241 250 151
1 116 -168 -543
-49 419 107 -191
-5 104 -176 -508
-44 404 134 -181
-21 115 -162 -514
-73 412 123 -163
-14 94 -156 -510
-69 390 146 -150
537 271 641 -179
356 -190 -93 478
528 275 644 -182
333 -182 -98 483
514 272 641 -172
320 -182 -78 494
499 261 649 -145
315 -199 -61 490
157 132 -480 343
-39 936 597 -90
125 139 -472 351
-32 908 583 -75
133 117 -450 368
-57 888 584 -74
123 127 -455 363
-43 863 609 -60
-516 318 -313 118
-254 -331 948 -374
-533 312 -323 131
-227 -324 951 -348
-504 308 -326 139
-239 -363 940 -340
-519 276 -340 154
-201 -360 939 -325
-28 313 215 -188
149 -898 -456 -489
-39 303 218 -178
154 -895 -448 -472
-41 309 212 -149
127 -887 -467 -464
-30 273 180 -131
140 -886 -454 -462
-397 -109 -300 533
-193 -27 -423 -276
-425 -92 -303 543
-225 -16 -403 -260
-401 -109 -301 534
-242 -15 -409 -280
-421 -87 -312 548
-239 -24 -401 -287
551 62 273 154
-48 -397 -331 -458
551 82 270 140
-25 -395 -307 -451
526 74 288 134
-36 -388 -319 -458
532 83 292 152
-52 -361 -320 -474
257 537 192 718
-220 -233 894 65
259 526 201 710
-246 -249 899 70
267 544 199 697
-248 -266 900 84
250 546 203 729
-242 -278 887 83
515 257 334 -456
260 656 -636 158
507 225 327 -445
261 633 -635 175
490 224 333 -444
254 640 -607 194
510 198 327 -440
232 623 -596 203
-53 -315 -299 205
-743 216 -556 144
-86 -294 -281 218
-740 224 -564 170
-90 -311 -283 219
-724 226 -541 161
-94 -310 -284 229
-750 228 -538 146
-306 133 618 363
784 -36 260 597
-294 158 639 358
783 -30 251 603
-300 140 636 334
794 -31 273 608
-300 145 625 333
796 -35 267 578
95 -242 145 -418
-361 -304 52 -877
98 -223 141 -442
-357 -309 55 -873
76 -223 136 -433
-358 -292 49 -865
102 -230 151 -453
-371 -292 26 -880
-186 670 -1039 255
-1142 370 -608 407
-174 676 -1062 280
-1149 352 -593 392
-176 671 -1054 275
-1160 368 -588 401
-176 659 -1046 278
-1142 362 -591 420
-356 54 -1237 486
-317 -840 299 146
-343 45 -1249 473
-320 -850 303 140
-339 74 -1230 490
-290 -837 288 138
-333 68 -1228 475
-298 -825 305 128
515 248 -121 -815
-650 -351 663 -187
528 249 -143 -831
-658 -359 648 -169
539 257 -154 -838
-652 -355 636 -182
553 260 -172 -845
-643 -334 625 -172
121 -40 182 25
168 119 -431 95
125 -36 154 18
146 145 -452 84
134 -39 170 30
167 150 -454 79
129 -56 164 15
155 145 -447 81
-388 -150 -503 194
133 420 -982 -178
-380 -144 -502 209
110 416 -982 -166
-376 -140 -494 182
87 425 -979 -182
-397 -131 -492 188
104 425 -970 -171
143 -331 684 638
-321 -311 -289 -533
146 -311 683 621
-319 -316 -302 -539
144 -328 688 630
-330 -321 -309 -553
134 -319 704 617
-320 -321 -291 -529
90 714 287 -179
245 -301 561 -374
98 703 267 -174
237 -299 570 -385
91 690 280 -167
261 -307 559 -368
99 691 261 -137
234 -319 549 -355
-83 -158 -108 -454
14 411 -115 432
-75 -169 -120 -426
18 404 -123 445
-71 -182 -124 -443
19 384 -128 437
-49 -189 -109 -432
26 385 -141 449
33 90 -66 280
-139 18 -54 252
37 86 -69 294
-146 22 -73 253
38 87 -70 308
-110 13 -74 227
68 95 -81 290
-121 12 -81 247
48 46 828 167
447 -33 -533 265
61 47 833 162
456 -38 -541 262
57 47 823 162
464 -42 -544 261
50 49 814 160
449 -39 -543 256
-833 159 -296 -564
111 302 172 -34
-832 161 -291 -557
116 292 159 -33
-836 165 -286 -554
117 285 154 -32
-836 154 -292 -577
120 270 148 -24
-699 -716 -1053 -127
-520 695 -100 208
-672 -744 -1053 -114
-542 709 -98 207
-672 -750 -1049 -107
-515 700 -86 222
-672 -739 -1047 -74
-530 675 -92 210
90 282 -117 32
302 -163 209 -197
95 293 -100 66
312 -191 223 -205
91 291 -103 63
300 -189 220 -187
83 260 -110 69
306 -207 240 -177
-697 717 -647 244
444 500 68 379
-697 708 -668 236
433 491 61 395
-726 709 -648 265
408 486 77 405
-721 675 -643 259
415 484 95 405
368 -669 375 127
-393 548 -402 545
349 -673 384 139
-407 539 -388 557
351 -669 401 143
-418 551 -385 538
339 -677 404 152
-427 548 -377 551
-245 -335 -285 -753
-510 234 -332 -27
-282 -303 -276 -741
-554 241 -317 -62
-273 -291 -249 -744
-572 280 -303 -65
-283 -301 -247 -760
-624 301 -278 -80
-240 634 354 -152
-326 880 1305 -766
-372 701 436 -211
-555 1015 1453 -861
-480 808 526 -239
-757 1153 1619 -970
-578 856 579 -291
-940 1272 1792 -1047
18289 -4232 812 -1410
-6329 29 -2296 7820
17991 -4031 1080 -1591
-6560 232 -2022 7601
17722 -3872 1320 -1745
-6829 375 -1766 7431
17494 -3724 1547 -1893
-7084 498 -1522 7290
3431 -1126 -1505 -3978
-106 -675 -441 1701
3243 -1001 -1256 -4124
-208 -615 -290 1634
3031 -910 -1060 -4252
-336 -565 -131 1555
2861 -847 -831 -4340
-456 -522 6 1499
1092 60 1326 -2555
156 -1304 -682 -753
1035 90 1443 -2624
108 -1292 -623 -774
961 87 1520 -2626
65 -1263 -581 -773
873 115 1632 -2638
20 -1258 -501 -780
-1086 -1973 609 -1540
-99 -851 356 469
-1110 -1967 607 -1560
-113 -855 378 456
-1128 -1964 629 -1578
-127 -839 403 450
-1134 -1966 682 -1588
-148 -864 398 430
-757 855 -653 -513
22 845 -235 -912
-799 846 -641 -527
20 834 -210 -882
-791 847 -618 -499
14 803 -208 -854
-796 818 -616 -499
5 775 -202 -838
-729 -424 -217 -243
-53 506 -1160 -370
-722 -464 -196 -216
-68 456 -1135 -355
-752 -506 -194 -198
-68 448 -1125 -319
-759 -527 -171 -159
-100 411 -1146 -314
-144 -790 161 432
26 453 -364 -117
-155 -807 196 464
20 441 -351 -112
-178 -827 206 502
-16 426 -329 -105
-190 -834 200 502
-15 411 -320 -81
-64 -265 276 -288
-695 -1 -419 -98
-82 -273 281 -281
-700 -1 -414 -101
-80 -266 301 -251
-727 -2 -413 -109
-97 -280 306 -242
-718 -9 -387 -82
612 -45 -479 -180
341 -402 -125 81
589 -53 -446 -176
316 -400 -90 63
584 -68 -433 -168
287 -415 -89 79
547 -42 -404 -187
271 -420 -75 75
354 -545 -500 -619
251 351 746 -240
345 -550 -467 -615
214 351 755 -262
320 -557 -460 -624
213 338 794 -251
293 -572 -430 -613
204 326 787 -237
-1131 -326 -186 -442
755 -115 -558 -10
-1134 -325 -183 -419
738 -125 -571 8
-1146 -343 -172 -409
749 -124 -560 11
-1162 -359 -155 -399
754 -123 -549 14
-734 -183 600 -239
-223 -512 -42 -419
-736 -173 613 -208
-232 -508 -31 -415
-738 -173 589 -205
-194 -511 -59 -405
-730 -193 591 -199
-177 -526 -86 -433
151 -594 316 -426
171 538 894 399
175 -588 304 -453
195 551 866 379
196 -575 291 -452
195 555 894 363
208 -570 265 -445
224 550 869 381
-445 254 -459 505
-43 -464 -605 -372
-419 269 -455 471
-49 -471 -594 -387
-413 264 -462 473
-49 -456 -601 -392
-423 268 -484 458
-51 -446 -603 -401
202 -585 394 -793
-286 -210 129 -743
201 -590 390 -786
-299 -206 171 -743
180 -555 387 -796
-315 -183 170 -769
204 -556 399 -796
-311 -173 173 -774
769 -117 -73 1337
159 -152 -418 -364
779 -105 -63 1330
138 -142 -414 -394
752 -88 -75 1315
159 -117 -401 -409
733 -67 -46 1287
149 -107 -386 -423
-414 252 35 122
225 133 382 512
-419 281 37 98
216 148 388 518
-429 276 47 97
203 162 399 516
-450 290 76 50
175 138 396 508
392 487 -625 -40
-55 667 287 -30
377 476 -607 -25
-59 660 278 -45
359 485 -590 -13
-57 639 298 -18
355 466 -594 -31
-69 632 289 -31
-237 -424 -246 -11
420 -309 322 -130
-239 -441 -262 -1
416 -301 327 -154
-229 -430 -256 -12
416 -305 327 -163
-224 -432 -244 -3
410 -290 334 -145
-13 -429 459 119
-51 263 404 -43
-24 -438 445 112
-59 266 404 -35
-32 -439 429 136
-35 267 394 -28
-5 -422 435 125
-40 250 403 -28
-25 -52 -235 -603
-560 -404 98 -342
-16 -67 -228 -609
-560 -412 102 -323
-22 -67 -237 -590
-569 -420 116 -308
-1 -70 -241 -568
-559 -425 88 -293
817 678 -644 -479
285 -13 46 527
789 656 -663 -463
279 -20 55 529
776 639 -654 -448
269 -26 60 529
785 648 -638 -439
256 -21 81 544
-27 -549 -51 -141
-331 73 99 99
-28 -543 -60 -150
-342 65 103 98
-19 -538 -44 -161
-350 84 106 95
-60 -530 -40 -125
-352 73 133 100
-24 -65 -467 -675
-383 -28 146 -230
-42 -79 -463 -682
-386 -24 132 -222
-31 -99 -467 -675
-390 -39 130 -210
-12 -67 -445 -667
-381 -46 153 -220
-771 59 -364 253
-575 -129 -84 318
-747 48 -361 273
-557 -113 -89 321
-763 53 -375 253
-553 -130 -97 345
-730 30 -379 255
-547 -133 -126 332
-226 524 -564 -295
-222 -582 -812 -721
-227 516 -558 -289
-244 -609 -825 -722
-208 510 -596 -290
-222 -602 -807 -705
-203 506 -587 -278
-216 -626 -827 -709
-54 -107 186 525
-370 -238 -231 -250
-45 -92 183 536
-375 -259 -226 -249
-44 -110 163 565
-367 -235 -247 -238
-38 -106 177 554
-347 -229 -244 -238
-911 -401 102 -469
-248 180 -131 -29
-903 -406 81 -477
-242 176 -159 -44
-883 -413 76 -480
-226 195 -145 -34
-881 -419 70 -476
-217 198 -172 -49
286 -764 274 14
475 390 -119 -175
266 -757 280 35
465 396 -130 -186
277 -734 279 19
436 395 -129 -178
288 -743 279 14
454 402 -112 -183
-263 -179 -359 -624
-610 259 -248 888
-283 -159 -325 -629
-605 248 -281 878
-287 -171 -334 -627
-618 275 -268 884
-295 -178 -338 -628
-634 265 -254 869
-15 -526 -903 -494
-316 169 201 -388
-7 -523 -887 -491
-316 189 201 -409
-28 -532 -908 -477
-306 188 187 -394
-15 -530 -910 -475
-333 179 195 -409
-17 8 458 167
-299 -68 -345 -240
-26 6 467 156
-272 -70 -335 -260
-21 12 445 162
-296 -66 -328 -258
-21 3 443 145
-305 -63 -343 -248
-212 216 -674 530
16 -779 -708 -389
-217 216 -682 512
21 -787 -678 -361
-231 211 -665 523
-5 -778 -686 -384
-237 232 -683 528
-22 -770 -653 -395
177 439 125 -108
-135 482 256 719
158 447 149 -112
-130 485 270 685
148 448 161 -100
-145 498 260 679
159 433 168 -109
-148 493 288 679
-345 8 9 186
1119 764 519 47
-336 -15 -14 201
1115 780 523 41
-345 -11 -4 206
1123 773 511 47
-327 -10 -1 170
1125 776 512 25
410 -136 102 24
-225 79 109 944
444 -101 126 40
-235 120 115 926
441 -80 122 17
-244 128 111 919
431 -88 122 14
-243 148 134 875
75 673 807 396
725 -386 88 887
98 679 813 382
739 -348 90 841
78 713 801 352
733 -347 85 812
96 736 806 343
718 -310 91 808
447 5 202 127
-289 -29 -47 -748
417 14 213 110
-267 -51 -39 -764
423 20 201 89
-294 -35 -42 -761
413 32 221 74
-279 -28 -41 -788
466 -45 169 522
-100 162 -91 -493
470 -58 163 499
-120 162 -97 -483
444 -57 160 509
-122 158 -90 -507
454 -51 184 497
-132 155 -73 -484
388 -277 -276 -84
21 -117 404 -335
397 -275 -248 -72
24 -108 431 -337
376 -289 -250 -83
13 -122 426 -331
384 -289 -226 -69
-14 -114 464 -333
-350 -160 -195 174
-195 375 -243 186
-328 -164 -187 193
-203 403 -232 193
-333 -175 -172 174
-202 390 -234 183
-333 -177 -173 195
-208 378 -234 171
142 129 -114 -266
-564 22 -355 -114
114 125 -115 -266
-555 16 -346 -130
122 117 -124 -271
-561 18 -355 -120
139 107 -108 -277
-548 0 -343 -106
530 279 384 453
-166 69 -119 240
554 277 392 470
-179 78 -105 245
540 274 386 486
-161 61 -105 253
559 261 370 463
-184 63 -114 262
-317 112 224 -195
-30 -115 -325 108
-305 97 226 -193
-29 -128 -308 124
-289 91 237 -207
-29 -110 -321 129
-293 92 219 -180
-28 -116 -300 136
256 48 61 305
132 26 -337 -427
244 55 83 327
125 13 -316 -443
253 40 73 339
106 -11 -308 -424
248 32 94 335
110 -9 -293 -414
-544 263 96 10
-647 33 -1356 387
-541 261 111 39
-633 44 -1367 391
-559 244 111 28
-627 33 -1346 432
-570 247 102 48
-639 42 -1353 434
-271 220 47 -59
775 165 24 166
-273 211 72 -64
772 156 1 175
-260 197 55 -54
782 157 18 161
-283 207 53 -36
766 153 34 162
198 -49 -66 180
-151 236 14 -669
182 -65 -42 191
-156 205 5 -652
171 -75 -47 197
-194 208 52 -644
158 -87 -37 207
-205 205 45 -636
412 -196 -656 -337
431 -58 956 -125
386 -179 -651 -331
396 -47 969 -137
371 -212 -630 -334
356 -18 1006 -131
341 -227 -623 -312
315 -13 1027 -150
-915 839 267 271
-1143 1127 636 -1662
-1016 929 350 234
-1298 1271 747 -1777
-1102 1007 385 170
-1453 1411 889 -1884
-1187 1045 452 157
-1583 1531 1000 -1971
12869 -5654 501 -763
-10271 2437 -8698 8315
12627 -5449 675 -921
-10470 2602 -8480 8103
12470 -5307 868 -1092
-10635 2750 -8316 7965
12290 -5159 1056 -1233
-10801 2887 -8144 7819
1467 -719 -685 -3298
-94 -30 -132 4052
1324 -641 -561 -3449
-166 39 -26 3947
1186 -540 -406 -3569
-246 63 87 3884
1073 -474 -250 -3673
-311 85 180 3824
-150 -1446 -815 -4496
240 -1163 -811 -862
-209 -1405 -745 -4511
213 -1134 -777 -885
-258 -1381 -703 -4557
165 -1143 -736 -888
-335 -1373 -626 -4566
117 -1118 -704 -913
-869 -949 612 -1232
-127 72 -262 1011
-910 -929 652 -1255
-165 75 -232 1000
-940 -927 678 -1247
-180 61 -236 984
-959 -919 708 -1261
-217 82 -189 1014
-1086 377 -1122 361
420 -133 365 -1506
-1131 359 -1107 368
409 -142 388 -1508
-1152 375 -1087 357
394 -175 430 -1502
-1176 350 -1054 341
357 -160 428 -1489
-403 -878 -1516 375
-1420 385 -266 -616
-431 -869 -1509 383
-1439 366 -255 -619
-437 -858 -1480 381
-1434 378 -253 -627
-436 -875 -1472 365
-1450 372 -249 -597
-470 -621 -197 -352
-356 -143 488 1397
-475 -622 -219 -360
-371 -154 477 1383
-470 -625 -199 -360
-360 -149 486 1374
-451 -610 -201 -352
-355 -137 462 1360
332 615 -873 -150
431 -967 -143 191
307 611 -840 -184
418 -981 -146 179
311 618 -853 -179
425 -956 -143 181
315 635 -867 -183
410 -971 -139 162
-35 165 54 -370
888 -919 995 -635
-47 140 33 -390
893 -938 1017 -634
-50 160 49 -383
884 -929 1016 -635
-46 166 50 -387
880 -913 1012 -658
-467 128 169 327
-395 276 -661 -586
-456 116 151 328
-388 287 -665 -570
-433 110 159 340
-371 288 -679 -585
-452 126 147 344
-363 280 -698 -563
-73 205 291 213
180 647 301 1276
-63 199 293 219
215 634 280 1310
-43 173 266 228
212 639 284 1301
-37 176 270 215
215 613 272 1311
39 330 677 11
318 285 -305 235
32 336 653 14
330 262 -306 265
61 320 645 28
314 234 -295 256
70 319 637 55
328 224 -305 262
320 70 -29 -998
97 585 -52 387
314 41 -29 -978
79 585 -39 388
289 33 -37 -964
94 584 -45 434
296 7 -14 -957
77 557 -36 441
-686 -72 -1061 44
-39 -462 291 -118
-676 -66 -1044 39
-53 -466 288 -112
-716 -83 -1036 68
-61 -477 312 -91
-709 -102 -1021 57
-79 -473 319 -99
-159 -484 -105 -14
-537 -311 -1087 281
-171 -495 -97 10
-551 -329 -1081 274
-166 -469 -65 8
-575 -330 -1083 275
-174 -490 -54 5
-578 -324 -1085 268
-514 27 -73 -587
894 215 704 -399
-544 52 -40 -611
891 188 728 -404
-544 57 -58 -591
867 203 714 -402
-556 53 -55 -602
856 215 729 -400
-786 51 -520 896
410 711 -475 288
-820 63 -506 874
407 709 -458 268
-827 33 -494 871
384 691 -452 271
-834 50 -485 885
379 706 -422 271
126 277 -394 461
-970 634 -658 -402
118 263 -397 474
-988 612 -641 -385
100 270 -365 492
-970 603 -651 -383
109 262 -347 498
-986 586 -639 -373
560 27 33 515
-881 -518 277 -394
564 12 48 542
-874 -525 256 -413
578 6 46 537
-860 -529 278 -391
571 10 39 560
-861 -554 264 -368
185 -34 17 308
0 351 562 -712
190 -47 30 317
5 337 555 -675
187 -77 17 331
11 328 551 -683
221 -78 27 325
10 310 560 -681
902 -583 -356 -730
-550 452 -263 42
901 -584 -346 -712
-555 468 -266 39
866 -600 -358 -721
-561 455 -280 48
867 -607 -349 -702
-557 439 -262 57
-63 577 166 117
146 208 136 75
-65 564 176 138
134 210 132 70
-71 579 190 145
162 199 150 78
-74 564 199 160
147 166 148 83
177 127 -412 147
190 263 99 -29
167 139 -423 143
176 274 80 -42
150 109 -425 156
171 262 90 -26
151 104 -412 151
192 250 88 2
313 3 -34 -284
111 -72 794 375
315 11 -27 -280
116 -81 787 390
317 8 -22 -260
113 -85 785 390
313 -14 -4 -261
107 -103 788 403
24 184 184 -331
-167 -9 -51 -392
21 176 156 -329
-161 -10 -49 -377
28 178 155 -333
-153 1 -51 -395
37 183 155 -303
-139 1 -57 -385
-186 -402 -171 524
-3 318 -334 13
-175 -414 -178 500
15 305 -345 2
-165 -396 -185 517
25 317 -353 -5
-169 -388 -218 492
38 329 -358 -6
100 374 326 759
-87 -424 -228 95
99 366 307 757
-78 -421 -226 91
107 380 320 765
-75 -428 -223 103
100 354 311 756
-73 -431 -214 105
-336 -27 -701 -783
-170 33 -69 -481
-350 -15 -716 -789
-189 31 -42 -479
-377 -35 -698 -785
-174 46 -36 -464
-376 -50 -686 -787
-204 16 -36 -471
69 -118 216 576
140 -102 -380 -353
52 -115 218 570
137 -125 -365 -346
39 -134 230 565
127 -104 -378 -364
46 -119 233 577
125 -104 -353 -341
-450 -325 21 262
451 -51 231 -391
-428 -336 34 273
418 -40 223 -390
-453 -329 32 259
420 -43 236 -400
-433 -310 44 257
409 -31 229 -392
318 -98 -510 -37
202 52 1010 288
308 -103 -524 -39
194 48 1007 281
302 -85 -506 -40
192 34 1032 293
303 -89 -487 -42
184 30 1028 289
-336 203 -670 -531
863 -545 163 -62
-359 205 -662 -524
862 -532 171 -72
-368 180 -635 -509
866 -552 172 -86
-369 182 -635 -504
838 -533 198 -70
-356 349 661 102
-287 -230 54 21
-327 354 658 92
-273 -241 56 8
-328 370 659 100
-261 -244 47 19
-325 348 648 97
-242 -218 35 14
98 -387 -62 79
-314 45 105 -105
112 -386 -85 55
-292 44 75 -119
142 -378 -84 55
-269 60 38 -112
152 -367 -109 64
-239 62 33 -131
-208 152 322 364
13 29 483 184
-172 164 318 354
19 32 473 180
-178 178 295 339
25 32 458 176
-144 190 289 327
27 14 454 175
1078 422 -185 220
-317 366 226 -114
1057 422 -204 233
-303 366 245 -130
1086 417 -207 248
-306 371 243 -120
1082 408 -203 221
-319 380 260 -110
-547 95 -658 70
322 -874 299 -446
-542 84 -653 54
327 -891 292 -439
-543 59 -641 68
324 -907 293 -447
-567 61 -643 76
344 -929 300 -441
-363 -677 227 -692
187 -26 -386 -330
-359 -659 211 -692
197 -42 -378 -329
-372 -672 229 -687
207 -36 -383 -312
-350 -679 233 -683
176 -36 -398 -326
-527 -490 -157 25
-156 -550 173 -229
-524 -491 -169 40
-166 -548 180 -208
-535 -482 -151 46
-174 -555 174 -212
-543 -484 -141 29
-181 -535 166 -220
318 -777 -518 -770
-177 190 -873 90
309 -788 -517 -784
-195 190 -862 89
274 -758 -512 -777
-190 210 -844 94
287 -767 -493 -780
-200 196 -846 71
-276 444 204 287
571 -539 557 -497
-266 451 235 250
571 -531 549 -524
-293 463 239 257
575 -513 534 -526
-309 483 252 252
554 -492 571 -533
42 -716 -652 1
-256 -479 10 -358
21 -685 -648 -17
-238 -492 -5 -383
24 -685 -651 -28
-264 -465 3 -396
17 -665 -637 -44
-241 -473 12 -387
189 567 -63 77
-989 -35 473 59
186 543 -85 56
-992 -52 464 64
169 559 -78 63
-955 -68 461 76
178 555 -74 64
-962 -73 451 71
185 95 -437 -634
319 86 233 -143
191 90 -442 -618
339 81 247 -136
177 111 -438 -608
350 63 221 -111
192 96 -447 -624
356 77 206 -103
679 95 394 -20
335 -215 891 593
681 115 377 -43
348 -221 864 605
672 117 365 -31
345 -222 870 606
710 99 371 -30
348 -229 856 616
-689 -71 66 32
635 39 614 -19
-679 -67 58 28
648 57 612 -2
-668 -57 31 18
661 61 610 -13
-644 -48 44 11
669 65 577 -24
159 -44 93 183
77 132 164 140
142 -53 82 151
80 127 150 163
166 -43 86 146
83 148 138 146
177 -35 66 142
82 145 134 135
203 -151 467 -471
-272 -404 -34 56
196 -155 458 -451
-261 -420 -45 64
216 -168 445 -446
-252 -432 -46 52
210 -153 437 -462
-246 -402 -59 66
42 102 -22 -246
-622 943 153 -8
41 103 -36 -272
-627 944 168 -1
46 85 -52 -249
-644 960 155 -12
60 80 -43 -248
-648 994 163 -10
-127 393 68 -541
-194 1422 1061 -632
-196 462 105 -562
-293 1536 1141 -766
-243 536 141 -617
-430 1647 1236 -842
-283 552 163 -632
-496 1760 1311 -904
7420 -8230 1243 -1785
-8665 6342 -12172 9057
7287 -8065 1355 -1936
-8787 6466 -12014 8888
7162 -7911 1499 -2066
-8876 6565 -11926 8767
7043 -7803 1620 -2173
-8974 6667 -11801 8654
-1333 867 917 -1114
-825 1556 -610 4941
-1393 932 979 -1192
-854 1597 -559 4873
-1445 1007 1061 -1316
-867 1642 -527 4830
-1484 1088 1124 -1389
-922 1678 -473 4776
1603 -1849 -434 -2690
433 -362 589 -1038
1571 -1804 -439 -2725
397 -356 609 -1073
1558 -1780 -411 -2742
378 -345 632 -1080
1529 -1782 -372 -2768
370 -303 638 -1109
-690 1064 640 -183
-168 -355 -774 2145
-696 1073 628 -217
-187 -349 -749 2123
-726 1098 663 -227
-203 -317 -738 2093
-743 1128 667 -234
-220 -306 -711 2049
1082 -232 396 475
-1039 138 -4 -1214
1044 -228 405 451
-1043 137 -2 -1208
1047 -195 434 433
-1043 130 30 -1223
1020 -193 440 432
-1044 158 22 -1232
-555 -207 -427 359
506 211 301 -702
-561 -205 -439 361
521 205 291 -696
-551 -220 -429 344
540 206 277 -690
-554 -223 -443 359
556 201 265 -688
-250 232 -135 1053
-717 302 90 521
-260 212 -168 1075
-714 298 74 531
-229 204 -185 1068
-710 282 64 557
-218 189 -199 1092
-676 289 34 560
-2 467 854 472
221 -1083 -1062 -716
20 459 859 471
235 -1087 -1062 -712
29 460 843 498
250 -1085 -1063 -687
41 465 837 486
226 -1085 -1086 -697
-482 20 -43 -333
544 267 -10 259
-493 27 -56 -334
556 247 -7 252
-472 19 -47 -308
537 244 14 256
-470 29 -45 -315
555 244 10 270
-425 -69 -18 70
458 261 258 -555
-453 -79 -15 65
447 276 273 -550
-438 -74 -5 77
446 264 291 -547
-468 -77 -2 60
441 283 303 -552
-861 116 -130 586
236 970 -276 1080
-859 120 -114 580
202 961 -270 1074
-867 138 -128 585
199 955 -268 1064
-864 133 -117 579
214 984 -248 1083
-50 594 846 604
-374 52 -1075 331
-50 609 833 593
-391 36 -1071 313
-51 619 832 578
-380 53 -1077 316
-45 600 820 580
-386 50 -1085 312
519 317 424 -431
-458 -331 259 -106
533 314 429 -448
-467 -301 278 -118
527 345 449 -437
-484 -284 259 -118
513 341 428 -463
-462 -269 260 -126
22 -95 -630 648
67 -550 -760 576
6 -84 -627 610
50 -519 -738 561
0 -65 -627 607
28 -486 -745 541
-13 -48 -616 605
17 -453 -727 525
-388 525 -23 665
149 -386 -225 41
-360 553 -8 653
176 -401 -227 1
-378 568 -8 617
177 -381 -230 -17
-395 585 -12 581
181 -358 -233 -36
57 150 790 -105
71 -662 346 -537
53 160 793 -118
82 -663 337 -542
58 171 785 -122
78 -642 301 -550
80 185 777 -130
83 -639 308 -561
-450 -254 -898 -159
-93 -317 108 184
-438 -254 -908 -173
-95 -308 84 178
-436 -237 -913 -150
-89 -310 94 143
-435 -209 -921 -171
-88 -307 103 151
-243 -2 -103 380
240 127 157 -233
-259 1 -123 359
224 125 153 -235
-233 1 -126 342
236 122 149 -237
-233 30 -125 343
250 139 134 -280
356 -440 1035 -263
-9 274 -81 -8
362 -410 1027 -276
-7 257 -71 -17
373 -413 1028 -283
11 256 -95 -6
379 -418 1033 -276
20 284 -91 -4
-284 -375 -410 -451
138 393 -644 168
-296 -361 -424 -448
132 419 -663 159
-294 -371 -425 -448
133 428 -640 140
-280 -359 -448 -441
125 433 -650 137
-121 -208 798 122
82 -649 322 43
-122 -181 796 143
79 -627 312 30
-127 -163 796 124
122 -614 320 23
-108 -142 796 105
112 -592 327 -11
-233 204 -383 226
369 35 271 444
-243 244 -392 201
382 35 280 417
-220 250 -407 189
405 47 270 409
-208 250 -395 198
417 61 243 404
-831 199 593 -806
240 -1025 -355 -789
-806 215 577 -808
243 -1010 -371 -812
-792 228 582 -812
246 -1011 -382 -805
-786 202 545 -836
250 -1017 -392 -804
-317 17 -497 559
437 68 -91 -491
-320 34 -504 578
418 66 -107 -467
-326 21 -511 566
441 59 -101 -482
-335 42 -516 578
435 82 -88 -465
-786 171 -502 192
-1091 8 -566 447
-802 198 -507 184
-1059 3 -585 431
-796 177 -507 161
-1063 3 -584 441
-775 166 -496 175
-1066 13 -587 445
74 28 103 198
344 -239 275 538
77 21 96 199
316 -251 269 540
80 32 86 220
332 -237 281 532
90 32 73 213
339 -242 266 528
-20 -228 550 -1021
193 456 -88 -94
-24 -258 542 -1021
188 461 -88 -93
-19 -251 535 -993
199 439 -123 -78
3 -248 530 -1010
194 441 -111 -69
582 -107 -108 87
-706 544 -96 104
569 -114 -106 106
-693 513 -106 100
577 -123 -94 114
-716 502 -96 119
573 -162 -95 141
-700 490 -112 128
-113 666 -26 -161
-510 158 -717 486
-99 650 -32 -133
-519 140 -704 487
-105 628 -39 -141
-496 126 -713 487
-99 614 -71 -123
-502 121 -726 512
805 -336 879 -35
241 -612 184 -71
799 -348 864 -9
219 -612 184 -60
794 -364 861 -13
224 -603 177 -78
821 -349 890 1
201 -607 188 -55
173 337 -30 94
400 -274 708 364
153 351 -32 92
369 -275 712 367
152 343 -30 110
374 -282 752 333
134 364 -35 106
371 -278 749 335
-126 -165 -465 -537
739 -782 -132 -647
-124 -172 -447 -534
732 -777 -119 -648
-164 -149 -445 -536
711 -771 -112 -640
-162 -139 -423 -544
706 -753 -101 -680
-179 -143 160 521
-422 559 -466 130
-180 -120 190 511
-401 565 -455 124
-183 -139 177 485
-414 558 -467 113
-186 -123 207 495
-415 569 -454 111
-123 277 529 -548
298 -571 46 237
-114 261 548 -527
314 -596 54 240
-110 270 535 -557
316 -603 40 255
-105 256 518 -539
322 -591 23 279
-345 -593 211 -714
96 203 -293 -520
-366 -600 194 -721
123 191 -299 -504
-349 -638 201 -706
106 187 -316 -499
-350 -648 186 -705
123 180 -305 -485
217 263 -403 290
-438 107 14 212
231 261 -415 295
-430 125 18 212
220 257 -427 299
-438 106 15 222
222 254 -405 304
-424 97 5 230
-651 79 -339 -633
-39 -461 -456 214
-650 74 -318 -630
-23 -455 -474 224
-630 60 -341 -607
-8 -468 -478 221
-646 60 -341 -617
-20 -467 -484 232
-20 -382 133 -1
138 390 -153 -650
-12 -394 142 14
160 389 -163 -655
-22 -376 133 11
150 365 -160 -647
13 -388 129 31
165 366 -156 -653
