0 0 0 0
-17 -16 0 0
0 0 0 0
-31 -28 16 16
0 0 0 0
-60 -62 15 17
0 0 0 0
-69 -77 29 34
-97 -77 50 42
-462 -375 190 149
-180 -160 93 86
-838 -755 359 316
-241 -239 115 115
-1143 -1146 490 486
-290 -320 149 165
-1357 -1512 590 652
2156 6190 17332 16115
3072 2718 -1097 -2521
2693 6102 16286 16236
3236 2694 -1403 -2450
3210 6047 15205 16293
3410 2660 -1669 -2389
3661 6020 14090 16301
3501 2624 -1901 -2363
2292 2712 203 200
139 423 1599 1904
2351 2732 101 227
143 452 1564 1878
2350 2712 36 257
169 456 1540 1878
2385 2726 -9 274
203 502 1538 1855
-150 -2331 812 268
-623 -193 257 -99
-110 -2302 768 261
-547 -225 197 -94
-72 -2286 756 220
-509 -254 135 -92
-38 -2301 724 224
-437 -272 113 -80
11 10 -26 -20
2 1 -5 -3
20 21 -48 -49
4 4 -10 -11
27 37 -68 -83
6 8 -14 -17
33 54 -76 -118
7 11 -15 -25
0 0 -1 0
0 0 0 0
1 0 -2 -1
0 0 0 0
1 1 -2 -2
0 0 0 0
1 1 -3 -5
0 0 0 0
0 0 0 0
0 0 0 0
0 0 0 0
0 0 0 0
0 0 0 0
0 0 0 0
0 0 0 0
0 0 0 0
0 0 0 0
0 0 0 0
0 0 0 0
0 0 0 0
0 0 0 0
0 0 0 0
0 0 0 0
0 0 0 0
0 0 0 0
0 0 0 0
0 0 0 0
1 0 0 0
0 0 0 0
2 0 0 0
0 0 0 0
3 0 -1 0
4 0 -1 0
91 -1 -12 0
11 0 -4 0
133 1 -28 0
15 0 -5 0
160 3 -39 -1
21 1 -8 0
199 8 -54 -3
582 -49 -254 2
2178 -124 -1157 68
680 -17 -306 13
2355 -79 -1299 62
752 -35 -376 8
2518 -48 -1394 25
842 7 -424 11
2653 -2 -1513 7
14298 -396 -4411 212
-7356 9678 12579 14179
14501 -350 -4618 166
-7172 9776 12365 14130
14713 -280 -4827 104
-7041 9879 12214 14034
14880 -181 -4974 26
-6906 9957 12028 13951
-1097 -433 -1349 387
546 -1958 1182 1207
-989 -369 -1474 315
577 -1888 1135 1173
-898 -273 -1596 220
604 -1848 1043 1103
-813 -200 -1702 129
674 -1795 1011 1010
1989 -794 818 -175
-2987 -1547 861 -556
2008 -768 780 -225
-2971 -1560 828 -569
2036 -745 744 -250
-2961 -1569 830 -547
2070 -733 726 -273
-2930 -1583 785 -547
600 -48 -179 -1896
-88 -135 -827 609
595 -60 -195 -1879
-80 -145 -829 610
626 -74 -217 -1864
-71 -155 -835 646
628 -84 -224 -1851
-89 -201 -839 654
-923 -318 -196 -1424
814 1657 -28 -805
-919 -318 -201 -1409
827 1650 -22 -777
-924 -350 -199 -1390
810 1649 -12 -754
-931 -355 -200 -1379
792 1612 -1 -725
309 431 -1142 531
749 -267 235 241
297 411 -1132 552
759 -279 248 231
284 420 -1123 544
734 -262 266 226
268 396 -1117 566
708 -283 285 221
-235 539 622 -719
875 -231 -1160 514
-248 531 642 -732
858 -242 -1167 519
-268 557 636 -749
877 -229 -1148 497
-253 554 657 -733
864 -247 -1155 509
283 29 -402 648
-367 455 1008 -1113
309 26 -424 659
-353 431 994 -1107
336 19 -418 645
-307 440 982 -1103
330 10 -441 665
-295 418 970 -1068
-694 1037 744 224
290 -81 973 512
-686 1016 726 224
292 -68 956 543
-685 1027 713 227
303 -89 968 552
-651 1009 694 259
311 -112 956 555
-135 -1162 -864 -870
390 -183 735 -504
-137 -1173 -839 -841
399 -175 730 -496
-138 -1190 -851 -844
375 -199 729 -486
-137 -1202 -865 -817
385 -189 725 -476
-609 -32 333 -422
23 -402 -760 -497
-609 -30 313 -399
15 -389 -784 -516
-607 -61 325 -407
39 -406 -783 -502
-611 -56 306 -383
37 -392 -779 -493
-388 570 -209 177
258 -649 -260 131
-361 564 -229 163
259 -628 -263 135
-364 566 -214 177
261 -641 -269 106
-367 560 -233 163
295 -657 -278 110
-451 -50 753 207
1018 205 104 111
-459 -68 743 227
1014 187 112 127
-468 -56 737 212
1016 164 121 113
-455 -72 732 231
1015 179 134 124
148 359 -336 21
-437 839 -452 -70
139 369 -321 38
-428 849 -458 -47
127 350 -339 57
-421 826 -466 -56
152 361 -330 75
-415 839 -467 -37
-262 20 -90 695
923 -121 422 -357
-240 37 -84 687
952 -113 427 -361
-252 23 -106 682
954 -108 433 -365
-230 36 -96 675
950 -101 410 -367
-123 -286 634 -575
-871 -296 -205 -669
-116 -252 629 -575
-877 -275 -216 -698
-106 -253 622 -574
-853 -282 -232 -694
-99 -257 613 -600
-828 -259 -249 -689
-474 315 -73 -447
-139 -475 -39 608
-469 338 -83 -446
-120 -473 -49 610
-463 331 -95 -478
-128 -468 -59 616
-454 357 -102 -479
-105 -442 -71 588
108 -244 602 117
-330 -665 254 -220
91 -232 627 106
-307 -657 249 -217
107 -218 619 95
-315 -644 248 -217
120 -205 611 87
-326 -637 246 -247
560 -622 -100 -543
130 94 -432 329
545 -635 -102 -544
133 92 -420 305
567 -621 -111 -578
134 123 -440 315
556 -603 -117 -580
140 116 -432 297
-265 -254 216 -483
21 623 341 -124
-277 -253 210 -488
9 607 364 -119
-260 -254 206 -489
-7 624 361 -113
-276 -251 202 -462
-21 602 356 -137
367 293 -22 -500
18 -68 -407 85
351 298 -11 -522
2 -74 -400 77
337 303 0 -510
-10 -50 -395 68
320 274 -20 -497
-24 -54 -389 90
-483 -709 -205 -332
0 360 -234 -28
-518 -718 -184 -342
-32 370 -245 -23
-526 -696 -195 -351
-30 380 -223 -49
-529 -709 -175 -359
-32 389 -233 -42
-485 -232 -242 -145
171 -234 14 -122
-490 -240 -263 -163
181 -211 -4 -117
-497 -216 -249 -183
163 -189 11 -143
-507 -223 -235 -168
144 -197 27 -138
-328 -90 -341 190
120 297 80 209
-339 -86 -328 189
110 309 97 225
-348 -54 -319 157
99 318 85 214
-360 -48 -311 153
88 327 103 199
314 251 -492 63
179 92 -245 167
278 247 -471 62
167 89 -236 174
274 273 -449 60
154 84 -227 184
272 268 -432 60
140 112 -217 189
-719 352 -319 283
156 590 -15 500
-736 382 -317 276
152 574 2 525
-754 381 -315 271
149 587 -13 516
-738 377 -284 270
179 565 2 512
226 421 382 126
-15 60 351 -333
229 397 379 123
4 55 349 -347
232 404 378 121
-7 44 350 -360
234 415 377 149
11 40 347 -343
-257 312 -320 831
88 -195 -197 -219
-225 304 -321 832
111 -200 -202 -214
-222 295 -326 837
103 -203 -242 -210
-220 317 -328 840
129 -210 -251 -202
-466 -172 -104 -7
-317 331 226 -588
-453 -182 -114 -12
-316 312 229 -601
-438 -192 -124 -17
-317 324 202 -621
-428 -168 -132 9
-318 344 209 -606
-629 -853 249 -148
358 925 -896 477
-620 -845 241 -170
336 922 -898 474
-608 -837 235 -156
346 922 -902 473
-629 -836 231 -176
361 921 -914 474
-53 -957 400 643
-251 103 -437 -681
-41 -953 380 647
-246 115 -458 -692
-28 -953 395 654
-238 127 -451 -673
-47 -954 379 658
-233 109 -478 -683
-646 -431 181 -592
368 -45 515 -42
-656 -418 173 -610
353 -27 520 -20
-632 -437 162 -597
369 -42 492 -27
-645 -419 155 -588
357 -58 498 -30
-111 659 320 -404
60 -83 -202 -34
-125 681 319 -393
61 -71 -181 -35
-106 672 318 -382
58 -63 -193 -38
-118 661 313 -405
96 -55 -181 -41
251 -484 95 50
302 701 198 442
247 -459 91 38
317 696 202 440
246 -470 87 63
295 702 177 466
275 -483 81 58
310 701 183 466
46 285 862 -309
-245 35 -898 658
60 284 861 -299
-234 38 -901 677
43 314 864 -327
-254 36 -907 668
52 284 835 -321
-240 36 -913 653
-94 -417 -60 288
-435 973 -401 -392
-94 -421 -55 290
-456 959 -386 -368
-59 -424 -57 293
-451 977 -400 -383
-63 -395 -81 295
-441 964 -383 -389
92 19 400 451
216 -382 -362 270
88 6 385 453
206 -379 -373 284
83 24 408 453
200 -384 -353 271
77 9 398 456
193 -384 -366 287
-261 1001 -80 473
295 -27 50 404
-267 981 -63 467
271 -21 69 389
-271 994 -47 492
278 -17 55 409
-282 978 -61 486
288 -44 74 395
30 172 -92 53
381 332 25 -108
28 151 -88 45
381 344 50 -89
24 159 -84 68
382 324 42 -67
22 140 -79 58
384 336 35 -81
114 270 -137 -444
292 189 1375 74
132 252 -117 -440
295 185 1378 84
116 231 -128 -437
300 182 1383 95
128 241 -141 -430
298 175 1393 111
175 556 145 31
-370 -252 -402 474
194 537 161 31
-388 -249 -419 469
179 548 145 30
-407 -245 -409 497
168 528 162 31
-425 -245 -396 492
-64 -329 127 -92
731 28 546 251
-67 -305 125 -90
726 22 550 248
-72 -311 123 -87
724 18 587 242
-104 -320 156 -83
688 20 591 266
362 -395 -35 453
-438 -373 -861 -267
342 -406 -38 459
-429 -390 -860 -248
326 -418 -12 465
-454 -407 -862 -231
313 -424 10 467
-441 -391 -839 -250
38 -78 677 -423
67 759 529 584
9 -62 688 -435
40 751 548 593
14 -74 696 -416
42 747 535 602
17 -91 708 -426
49 742 554 611
-318 62 -548 -150
496 -410 -367 -490
-314 60 -555 -140
482 -403 -352 -468
-312 61 -530 -133
467 -399 -337 -482
-338 65 -537 -130
483 -392 -358 -496
166 -22 332 103
791 184 262 955
169 -14 311 110
815 175 270 950
171 -5 324 117
809 200 281 947
169 0 341 94
799 191 293 947
329 44 -468 213
-274 71 -98 174
339 24 -456 204
-265 81 -131 186
346 39 -480 227
-258 58 -128 170
324 49 -470 213
-252 70 -130 184
531 -293 429 -1239
-845 -264 -512 -81
517 -297 414 -1234
-828 -275 -513 -97
534 -303 401 -1232
-846 -288 -509 -77
520 -304 393 -1231
-832 -272 -511 -91
-582 29 -266 179
453 -434 -558 -857
-588 24 -274 166
476 -417 -577 -851
-598 23 -280 189
513 -432 -593 -847
-582 17 -281 184
536 -412 -572 -847
324 -474 -882 -341
2338 -236 -1560 -237
417 -455 -952 -349
2510 -238 -1720 -229
508 -483 -1011 -347
2658 -223 -1819 -289
585 -449 -1045 -330
2773 -157 -1912 -300
17600 -1255 -4847 810
-6288 10170 14165 17401
17805 -1207 -5036 783
-6134 10222 13981 17384
17978 -1173 -5219 778
-6015 10278 13844 17325
18102 -1110 -5337 723
-5936 10337 13712 17249
1526 1500 -4743 -773
3349 -320 376 448
1602 1594 -4832 -834
3361 -270 360 387
1612 1670 -4940 -900
3365 -213 333 302
1659 1731 -4972 -964
3379 -132 342 219
1000 -173 1232 2112
-3407 -2592 1522 489
1007 -137 1203 2045
-3368 -2596 1524 474
1014 -101 1220 1973
-3375 -2576 1504 429
1047 -42 1224 1931
-3362 -2527 1483 391
974 536 -1391 178
304 -318 -48 -55
992 568 -1404 191
320 -316 -71 -82
1016 567 -1426 174
338 -309 -98 -80
1048 564 -1433 139
354 -303 -119 -75
-816 1043 94 -1555
1059 307 -523 -1220
-798 1072 56 -1551
1062 354 -563 -1259
-785 1101 28 -1583
1097 367 -577 -1268
-744 1104 27 -1581
1104 380 -586 -1281
-974 131 386 1760
286 1090 295 527
-961 157 355 1738
284 1126 304 515
-949 208 364 1690
247 1162 288 476
-948 223 338 1680
242 1190 304 438
-1029 1643 588 -42
216 -551 -1201 1165
-1035 1657 604 -84
213 -528 -1190 1115
-1044 1702 620 -128
189 -479 -1153 1102
-1051 1719 636 -139
196 -466 -1147 1059
37 -523 -549 348
202 -426 1017 -296
45 -503 -528 316
211 -406 1010 -335
57 -458 -548 285
221 -389 1003 -342
41 -439 -534 261
232 -372 990 -377
-875 526 1297 615
373 123 -188 327
-890 539 1286 589
367 119 -183 333
-875 557 1277 595
359 150 -179 336
-863 539 1266 578
357 151 -175 336
1252 -162 257 297
-503 -392 -141 287
1259 -162 252 307
-494 -399 -124 285
1240 -165 279 317
-521 -407 -108 283
1257 -168 269 293
-520 -414 -124 284
-164 89 183 -371
755 496 -445 222
-170 82 178 -392
744 513 -442 217
-173 78 203 -383
768 505 -446 242
-182 79 204 -375
762 528 -444 230
73 -520 94 419
-75 -594 336 255
83 -497 88 420
-57 -612 321 259
93 -504 85 420
-41 -599 308 258
101 -481 79 418
-58 -588 297 261
-196 296 573 279
-95 -213 -301 -763
-201 274 575 270
-124 -201 -313 -763
-209 285 580 260
-119 -227 -298 -761
-181 267 579 255
-115 -215 -310 -766
-15 468 -190 240
99 684 535 -293
-29 456 -190 257
103 662 525 -299
-43 443 -192 277
109 641 515 -271
-26 427 -193 268
109 621 511 -277
353 101 -648 308
-778 99 138 -163
355 106 -657 329
-758 100 148 -163
359 75 -671 355
-777 70 132 -131
366 73 -653 345
-762 71 143 -129
448 602 411 -108
-119 41 -290 -40
447 597 408 -86
-139 49 -290 -49
445 599 407 -70
-129 58 -260 -60
445 593 410 -79
-121 70 -263 -39
438 -52 -430 423
-32 -483 -261 -248
463 -10 -447 431
-37 -486 -265 -238
457 0 -432 408
-39 -461 -272 -261
454 9 -414 386
-44 -469 -278 -280
31 283 490 -17
573 -392 681 331
28 276 503 -33
602 -368 689 340
55 303 484 -18
601 -380 671 324
52 295 499 -30
596 -389 651 338
202 581 -37 -472
114 -378 -412 544
213 587 -41 -463
134 -407 -409 546
223 563 -79 -457
149 -400 -439 545
231 575 -85 -456
135 -400 -432 546
-200 301 -144 -12
143 -571 85 719
-180 284 -159 7
123 -568 80 735
-163 298 -172 -9
137 -600 76 725
-178 283 -183 11
148 -601 71 742
276 343 -293 -332
-271 659 -73 -460
266 337 -297 -313
-256 648 -82 -441
282 329 -333 -326
-278 638 -86 -427
271 295 -335 -304
-267 634 -94 -416
92 -401 221 -250
591 512 623 -101
87 -419 222 -245
573 512 609 -107
79 -405 223 -241
560 510 627 -110
70 -423 228 -237
577 510 642 -118
-1 -393 137 890
142 -81 153 -85
-32 -372 147 885
161 -66 174 -105
-32 -385 154 886
144 -78 165 -94
-34 -371 163 883
132 -63 190 -81
-217 -256 -468 -354
555 -342 530 -288
-212 -256 -488 -355
538 -332 549 -290
-238 -255 -479 -361
550 -322 533 -293
-231 -251 -472 -332
535 -342 556 -292
256 -222 227 -732
637 -91 310 325
288 -218 194 -729
669 -88 302 300
286 -217 197 -727
670 -87 326 308
287 -214 194 -729
673 -85 315 317
474 269 392 241
-830 853 97 143
499 250 369 227
-832 841 71 127
494 263 374 246
-806 830 74 144
520 241 347 235
-815 823 52 155
1217 408 386 742
-232 537 -539 -233
1218 402 357 750
-207 531 -536 -242
1228 393 360 761
-186 526 -570 -220
1234 381 336 737
-162 519 -573 -230
-125 -263 396 -168
-448 -71 -207 -286
-121 -273 378 -172
-450 -77 -221 -252
-87 -251 360 -148
-425 -88 -234 -248
-87 -263 348 -151
-429 -92 -248 -242
201 -500 1101 -300
-165 367 -196 492
207 -488 1084 -282
-170 350 -169 475
219 -511 1103 -261
-174 335 -176 488
226 -503 1090 -274
-181 353 -182 504
-13 128 247 160
256 280 -238 190
-23 129 270 159
226 274 -220 189
-36 135 262 185
228 268 -205 185
-48 138 287 182
198 262 -188 182
-76 222 -30 421
353 -43 -775 448
-88 220 -30 425
357 -22 -752 446
-100 219 -27 429
357 -33 -763 449
-110 219 5 431
332 -14 -742 448
-361 338 97 -55
-31 -538 58 -742
-373 324 98 -76
-32 -533 55 -752
-389 314 105 -68
-32 -526 84 -765
-368 335 133 -58
-37 -518 84 -744
420 -300 424 -365
-1 -418 -760 1182
425 -315 434 -345
0 -423 -754 1182
433 -334 441 -357
4 -427 -750 1188
409 -317 454 -338
8 -437 -753 1197
751 303 415 -622
-952 121 463 -542
767 292 413 -606
-945 148 447 -546
749 312 382 -592
-937 146 463 -518
767 304 377 -579
-933 142 448 -523
-713 -226 -454 -616
-409 43 120 354
-690 -232 -459 -624
-404 51 113 359
-698 -237 -467 -634
-397 57 102 335
-675 -240 -474 -611
-423 64 100 340
592 32 415 -68
-317 -68 79 -60
576 31 413 -70
-342 -71 94 -56
566 30 412 -70
-334 -75 105 -51
555 31 407 -72
-328 -80 111 -79
20 -297 -197 -118
-452 -355 114 187
11 -306 -205 -107
-457 -359 97 183
0 -316 -214 -97
-459 -362 113 179
-5 -328 -191 -116
-460 -368 126 178
-122 215 151 -598
-240 648 123 245
-115 205 141 -589
-255 658 119 264
-142 196 133 -613
-263 667 142 254
-128 189 151 -605
-240 672 130 242
-90 410 -416 -26
-425 -306 340 -262
-81 438 -422 -23
-435 -294 329 -265
-66 434 -433 -15
-413 -285 315 -269
-54 429 -444 -9
-423 -278 303 -275
-359 -406 506 7
-802 -200 -414 -422
-364 -399 499 -17
-773 -207 -415 -427
-368 -391 494 -6
-773 -218 -419 -431
-340 -383 485 7
-775 -196 -420 -437
238 -494 97 -28
172 232 89 -592
219 -477 100 -57
156 237 111 -609
237 -492 99 -51
171 247 102 -598
223 -480 100 -42
155 222 89 -580
-404 259 -495 519
-309 -26 34 228
-392 261 -514 527
-329 -52 38 234
-412 264 -497 536
-316 -49 39 241
-400 233 -488 545
-336 -38 45 273
-723 -110 -627 26
-382 71 179 -579
-714 -124 -648 20
-380 80 199 -553
-703 -135 -638 48
-380 56 190 -560
-720 -150 -630 43
-379 66 178 -536
220 211 -634 479
206 -17 -184 -347
218 198 -630 480
187 -2 -209 -344
218 217 -627 477
200 -19 -203 -338
219 207 -626 512
215 -31 -202 -339
225 15 326 107
-230 -265 13 549
228 29 332 119
-202 -276 -7 558
231 13 340 129
-209 -251 -27 562
229 24 317 104
-181 -264 -16 574
135 74 33 -149
518 57 1021 -225
173 55 2 -136
522 51 1021 -228
179 65 0 -158
529 46 1019 -231
191 46 -1 -145
565 47 984 -207
56 -146 832 -114
620 253 260 413
48 -132 835 -102
605 252 264 444
75 -152 835 -121
618 254 236 440
61 -136 811 -114
636 255 237 437
441 25 130 425
-226 -215 117 517
468 20 128 433
-227 -204 105 521
463 13 127 408
-227 -224 94 525
463 40 127 411
-197 -213 80 531
-232 105 -188 273
-656 41 95 219
-207 115 -217 290
-592 22 57 245
-184 94 -248 272
-548 4 28 236
-158 111 -245 285
-490 22 -3 226
817 36 -675 -33
1830 538 -1264 427
929 25 -759 -22
2037 512 -1448 425
1034 26 -838 -4
2216 506 -1578 426
1129 27 -913 0
2360 517 -1691 409
18329 -1527 -5647 691
-2771 8222 16389 18322
18559 -1560 -5838 707
-2621 8203 16165 18337
18714 -1583 -6050 744
-2510 8219 16029 18378
18849 -1537 -6161 723
-2439 8206 15932 18347
3151 2455 -4118 -2554
3475 664 -1013 -702
3224 2455 -4220 -2509
3513 681 -1069 -708
3262 2473 -4273 -2507
3500 706 -1073 -710
3262 2483 -4310 -2533
3470 728 -1036 -745
1227 466 1382 2169
-2287 -2164 1319 -105
1230 505 1351 2123
-2251 -2160 1281 -136
1260 513 1368 2109
-2226 -2134 1252 -167
1256 570 1383 2084
-2175 -2114 1251 -188
-288 410 -1156 -59
409 1335 -101 -159
-255 436 -1186 -82
435 1326 -142 -191
-189 423 -1223 -99
465 1322 -187 -191
-149 441 -1245 -105
528 1316 -228 -181
-1899 812 737 -1737
261 -194 -191 260
-1849 826 703 -1751
266 -200 -219 270
-1835 810 646 -1735
309 -182 -253 248
-1795 821 621 -1722
320 -200 -281 266
-527 -52 245 484
-22 926 842 504
-543 -46 233 463
-43 924 853 469
-525 -14 222 447
-35 959 835 467
-518 -13 176 466
-59 960 854 467
-524 349 -181 -518
1107 -458 -1356 1284
-534 345 -172 -526
1100 -471 -1340 1294
-544 374 -157 -537
1063 -460 -1330 1277
-552 368 -150 -549
1065 -479 -1322 1294
-919 71 44 318
129 -142 -71 -645
-947 45 55 319
130 -154 -46 -621
-941 51 63 322
131 -167 -51 -596
-968 30 74 325
131 -209 -60 -606
212 201 1366 90
-373 -452 -425 -400
199 180 1361 114
-359 -456 -404 -387
219 159 1355 140
-381 -493 -412 -373
204 140 1353 131
-366 -496 -394 -363
453 -368 -346 -508
747 334 -343 272
428 -386 -341 -502
758 315 -340 289
437 -402 -339 -467
740 301 -334 304
417 -420 -334 -462
752 288 -335 320
-509 -246 1127 -271
-344 150 -594 502
-511 -266 1106 -257
-336 141 -579 492
-479 -287 1118 -242
-332 132 -595 516
-485 -278 1134 -234
-322 123 -582 541
-615 221 -666 -137
481 -67 -120 10
-622 217 -660 -145
479 -102 -146 21
-632 181 -654 -123
484 -102 -141 58
-642 184 -645 -104
455 -104 -130 66
-195 431 -47 58
402 826 109 979
-200 413 -29 51
421 820 121 1000
-174 396 -43 75
408 822 108 1018
-182 414 -31 97
396 784 123 1012
-126 -184 -591 -200
-565 -63 147 325
-124 -205 -574 -176
-557 -61 135 330
-127 -198 -590 -188
-547 -94 157 338
-122 -216 -580 -172
-540 -88 147 340
-200 -330 -458 223
177 612 211 -162
-208 -342 -435 222
161 586 198 -163
-187 -351 -447 220
181 595 220 -168
-198 -331 -454 218
161 571 211 -167
245 6 -228 12
-191 -394 47 -745
236 -16 -235 22
-191 -405 29 -756
227 -10 -237 0
-189 -383 46 -739
221 2 -214 6
-221 -396 27 -750
-1240 -164 -520 458
-716 771 -821 926
-1237 -138 -527 468
-728 775 -809 926
-1269 -148 -529 451
-739 783 -800 926
-1267 -155 -538 465
-718 794 -788 923
-508 -208 -1249 -176
-128 61 -64 224
-507 -222 -1256 -192
-133 91 -63 222
-537 -202 -1262 -180
-168 91 -57 219
-532 -186 -1236 -205
-179 94 -54 220
901 -419 442 142
-188 32 -808 214
908 -420 469 157
-186 66 -817 200
887 -391 466 135
-180 72 -799 187
898 -390 491 114
-209 110 -812 170
-498 -358 -359 236
-127 -74 30 318
-517 -331 -331 213
-130 -84 27 286
-512 -302 -337 188
-128 -59 60 281
-504 -303 -343 165
-130 -36 64 243
498 -1085 180 561
-565 219 540 -460
487 -1082 201 545
-586 218 535 -475
474 -1047 189 528
-605 247 564 -492
467 -1045 209 516
-592 249 554 -509
215 168 -21 384
343 -171 760 -54
209 179 -12 380
335 -181 751 -79
206 157 -7 381
330 -160 740 -73
198 168 -31 377
332 -170 760 -67
-269 303 -180 402
-441 88 103 120
-248 317 -172 389
-435 80 110 114
-256 303 -167 411
-429 105 82 103
-235 313 -197 397
-424 99 91 130
198 -340 11 -823
-14 117 125 -160
206 -327 21 -816
5 136 120 -160
211 -315 0 -809
-8 121 119 -190
222 -333 11 -802
10 108 114 -188
-71 -232 -515 48
363 418 -44 337
-77 -211 -517 64
371 423 -55 357
-57 -222 -522 51
350 424 -30 345
-67 -230 -522 66
357 426 -38 330
362 -359 -380 331
120 -148 209 -680
338 -368 -374 310
113 -166 227 -688
347 -374 -372 322
102 -156 216 -699
352 -351 -366 332
91 -171 240 -676
-77 424 77 342
-23 -583 416 -167
-95 432 59 330
-46 -589 450 -174
-79 414 72 354
-40 -562 455 -186
-92 427 86 340
-32 -570 454 -195
279 -521 333 -316
136 -247 -200 89
273 -533 344 -342
144 -236 -210 114
265 -513 359 -338
122 -228 -185 107
252 -518 345 -335
98 -220 -160 66
188 257 -387 79
-243 602 -311 377
185 258 -357 60
-232 597 -303 369
148 265 -359 74
-253 596 -294 360
148 266 -333 57
-245 593 -285 349
-43 -270 -869 317
-82 -751 -532 299
-54 -282 -873 313
-70 -767 -553 280
-68 -296 -877 310
-90 -751 -540 290
-47 -279 -849 303
-79 -765 -526 306
-767 -172 -296 -156
33 254 -404 -273
-737 -183 -303 -152
32 257 -421 -264
-742 -191 -308 -150
36 260 -408 -288
-749 -167 -310 -150
34 233 -425 -275
-139 329 -249 -57
-13 -44 6 619
-118 335 -242 -86
-24 -56 12 633
-131 343 -267 -81
-2 -36 16 648
-109 322 -263 -82
-17 -53 -7 630
-368 65 147 -202
-450 52 573 -156
-353 68 133 -213
-455 38 573 -184
-338 70 150 -223
-459 59 575 -183
-357 76 136 -204
-463 48 574 -180
657 8 51 226
-144 211 -236 49
646 16 70 229
-124 232 -222 68
674 19 83 203
-139 218 -239 56
668 27 66 206
-117 236 -231 44
-966 237 -259 -481
431 649 90 196
-946 251 -262 -483
415 658 119 201
-958 265 -264 -489
429 663 115 175
-972 277 -264 -489
414 668 113 183
496 625 212 962
-665 562 -672 405
481 640 198 968
-691 549 -672 398
468 620 219 947
-686 569 -642 388
454 632 205 957
-714 586 -645 381
-148 892 -40 -163
246 71 -117 895
-172 890 -45 -166
204 109 -105 894
-194 918 -15 -175
198 109 -95 867
-188 916 -21 -177
190 116 -79 871
-238 374 -791 217
-249 75 -561 614
-251 366 -784 214
-243 86 -549 589
-262 386 -779 209
-240 98 -568 597
-275 407 -773 172
-235 105 -557 578
284 -40 221 66
-129 -193 417 263
312 -49 249 36
-99 -194 419 270
307 -22 251 35
-99 -197 424 246
298 -29 252 39
-106 -197 429 252
115 -490 -653 225
-478 29 -385 -372
138 -499 -634 225
-477 24 -387 -393
127 -478 -648 225
-480 22 -391 -383
120 -487 -631 227
-473 23 -366 -375
-861 50 116 153
238 860 340 -153
-862 38 105 180
220 858 329 -149
-866 54 129 173
208 858 353 -142
-869 39 120 168
222 861 344 -140
429 327 -623 22
-197 276 56 612
442 337 -643 43
-199 293 81 586
429 310 -634 36
-204 314 72 591
417 315 -624 24
-211 298 63 571
-132 -88 -158 -406
241 79 -4 448
-138 -82 -187 -393
258 93 -8 449
-111 -77 -187 -416
244 104 -8 419
-115 -74 -185 -437
261 115 -14 426
15 117 550 -131
-734 343 -307 502
32 103 556 -132
-733 337 -325 525
14 121 533 -133
-732 328 -313 521
31 107 540 -132
-734 319 -332 515
-258 223 -396 -229
-45 -323 22 -304
-263 223 -407 -235
-59 -327 43 -321
-265 222 -389 -241
-70 -301 33 -306
-272 223 -397 -249
-82 -307 57 -321
365 114 -428 -357
289 102 543 228
348 130 -409 -361
292 108 540 232
329 112 -420 -363
299 116 538 237
344 129 -407 -366
271 116 540 214
-773 51 -1305 -125
-408 80 717 351
-746 72 -1303 -123
-405 93 703 319
-753 56 -1302 -149
-397 74 719 322
-753 72 -1308 -145
-389 86 703 325
-816 -118 195 -197
-66 903 -120 -95
-833 -142 197 -198
-66 913 -116 -96
-810 -136 197 -201
-64 892 -145 -94
-796 -131 166 -201
-61 901 -142 -91
-793 -359 294 -533
13 -134 -687 267
-817 -337 298 -525
51 -141 -680 282
-812 -343 273 -518
68 -117 -697 262
-803 -354 276 -509
103 -122 -719 276
336 -111 -1062 322
2626 -816 -1677 -90
484 -116 -1120 337
2834 -857 -1856 -61
551 -137 -1207 336
3043 -884 -1995 -56
650 -130 -1259 345
3166 -868 -2103 -42
19042 -1501 -5757 1047
1950 6943 18914 15689
19313 -1604 -5995 1107
2157 6829 18656 15755
19509 -1667 -6223 1156
2337 6780 18483 15841
19682 -1690 -6392 1193
2432 6709 18323 15882
2883 2766 -870 -2729
2167 2639 349 213
3004 2693 -1045 -2637
2209 2619 293 252
3053 2674 -1165 -2587
2217 2621 218 265
3123 2646 -1219 -2537
2216 2621 230 301
80 394 1723 2033
-183 -2315 841 357
119 395 1682 2008
-146 -2302 829 341
121 426 1656 1980
-108 -2271 780 328
160 452 1669 1992
-67 -2244 773 285
-672 -88 297 -185
-565 1166 -48 -863
-638 -82 274 -204
-521 1151 -71 -865
-569 -85 213 -218
-480 1137 -126 -836
-530 -83 160 -217
-436 1123 -181 -831
-1880 460 1744 -716
316 980 -1157 -618
-1878 442 1700 -731
352 997 -1169 -629
-1846 422 1664 -711
363 982 -1183 -609
-1822 400 1631 -692
375 971 -1194 -592
-514 -505 -1215 1213
-1467 718 335 538
-513 -504 -1221 1220
-1469 735 318 535
-513 -507 -1233 1228
-1471 722 338 532
-505 -478 -1218 1233
-1480 739 324 502
-38 415 231 301
292 -918 -949 936
-47 412 243 282
268 -909 -907 946
-48 416 254 287
279 -902 -907 956
-51 418 265 264
259 -898 -905 936
-418 604 125 771
654 -946 -20 -1151
-449 602 151 776
638 -959 -10 -1123
-452 607 147 776
654 -978 0 -1130
-453 580 171 754
642 -952 7 -1117
251 -12 870 564
17 -235 -138 23
246 -22 877 550
4 -246 -147 14
240 -33 889 570
23 -254 -126 34
230 -9 865 558
9 -229 -134 22
325 -109 -644 -551
-572 98 -86 -87
330 -119 -650 -558
-570 101 -76 -80
338 -126 -627 -540
-573 108 -63 -79
314 -105 -634 -550
-572 113 -54 -71
-480 356 445 899
-157 331 -501 730
-513 361 448 901
-153 311 -493 726
-514 366 483 872
-180 320 -486 724
-516 370 489 875
-173 329 -479 717
856 -18 71 565
1165 -71 673 -1090
883 -34 75 555
1181 -78 673 -1094
882 -17 75 577
1199 -82 671 -1072
879 -33 78 570
1183 -87 669 -1080
-62 -433 868 275
-12 219 375 -340
-63 -451 844 294
-24 246 371 -331
-64 -438 854 279
-5 240 364 -350
-66 -457 858 304
-13 236 359 -341
-208 486 -349 249
-824 -564 50 -321
-222 460 -346 245
-817 -585 34 -322
-239 468 -345 241
-809 -581 50 -321
-215 479 -348 262
-804 -573 37 -326
390 -453 -67 124
-202 -98 -16 -839
397 -457 -71 121
-210 -103 -1 -847
374 -461 -74 153
-186 -105 8 -829
387 -434 -78 153
-198 -138 -10 -834
-405 -427 100 525
895 343 241 -214
-394 -439 104 539
893 336 227 -208
-420 -447 113 555
898 335 242 -204
-415 -463 120 538
901 305 261 -200
802 -879 -320 -26
62 -450 415 274
806 -896 -321 -19
60 -483 415 292
810 -913 -324 -15
53 -482 420 276
781 -897 -326 -20
47 -475 420 294
-875 -1 -387 -587
-217 -356 38 811
-859 -32 -389 -570
-241 -358 49 818
-877 -29 -356 -558
-233 -363 58 830
-897 -25 -354 -580
-256 -367 73 841
-9 461 -912 -3
-503 195 -615 0
15 444 -933 -7
-496 168 -623 0
11 429 -923 21
-487 174 -635 27
11 415 -917 15
-509 146 -645 25
-732 279 -392 -128
169 498 742 163
-732 271 -399 -130
178 515 750 165
-733 228 -404 -129
187 507 727 195
-706 224 -416 -100
192 495 742 195
-5 122 -361 432
566 50 118 478
-9 115 -372 452
556 35 109 478
-15 107 -382 436
551 54 131 475
-15 102 -364 452
573 42 116 475
-35 334 341 -104
-567 115 42 496
-38 351 361 -82
-559 102 54 512
-40 337 346 -93
-554 121 35 493
-44 323 369 -104
-550 112 47 506
1009 39 176 708
-476 -317 -375 442
998 16 192 713
-474 -346 -370 437
1019 24 174 719
-473 -345 -363 432
1015 35 192 720
-471 -347 -361 429
-122 59 191 -383
475 587 294 -783
-151 55 195 -385
472 567 331 -768
-151 48 200 -385
470 546 338 -754
-152 48 206 -352
465 531 349 -741
459 69 -354 -130
281 360 302 448
439 71 -358 -133
274 367 316 484
450 42 -365 -100
264 340 334 489
431 39 -337 -104
254 306 349 501
697 -206 560 69
-73 591 -371 -437
721 -222 577 78
-80 575 -356 -426
716 -239 563 85
-61 561 -376 -416
710 -255 582 126
-68 552 -364 -377
635 277 -45 273
-55 -515 -69 272
632 297 -56 290
-46 -519 -75 289
656 284 -69 307
-40 -523 -78 308
653 276 -78 320
-34 -533 -82 295
629 -56 507 -910
70 481 783 496
648 -81 470 -924
73 481 769 480
671 -75 467 -908
107 483 757 499
690 -98 463 -890
107 453 745 488
-100 -399 442 -815
-1269 -447 -902 -687
-103 -383 437 -801
-1260 -450 -909 -667
-105 -395 435 -786
-1256 -454 -919 -682
-105 -412 433 -806
-1249 -457 -929 -665
-64 77 63 378
-70 -189 -585 -94
-66 59 63 406
-73 -186 -566 -95
-97 71 66 404
-73 -215 -581 -91
-97 52 74 405
-72 -214 -565 -93
325 -830 -254 -370
-686 811 412 -45
332 -828 -256 -357
-670 789 409 -57
339 -827 -259 -344
-658 806 411 -41
315 -858 -262 -330
-647 790 406 -57
902 -453 -79 -227
-546 128 -243 -268
909 -458 -94 -199
-515 130 -233 -249
924 -464 -79 -202
-521 128 -254 -260
905 -476 -92 -208
-491 99 -252 -237
-270 -29 480 -157
-56 -245 -47 -467
-286 -28 451 -154
-48 -233 -63 -457
-271 -27 455 -148
-37 -255 -47 -443
-255 -20 462 -151
-32 -245 -60 -465
135 -642 22 -45
-425 100 -306 45
143 -647 11 -58
-434 103 -291 25
152 -649 -1 -39
-449 112 -306 36
132 -655 22 -49
-424 116 -300 16
297 67 79 190
31 -585 -242 -141
307 71 92 187
30 -595 -228 -155
286 77 108 184
-1 -605 -217 -136
294 84 93 178
-1 -585 -204 -154
81 -394 805 87
-89 -21 91 -341
66 -406 812 80
-81 -10 117 -332
86 -385 814 101
-74 -29 111 -322
73 -394 821 98
-65 -21 101 -345
622 602 262 -210
58 708 -84 105
608 597 269 -197
52 681 -107 115
625 562 274 -214
49 686 -98 120
610 556 250 -199
80 659 -93 129
-600 -686 -357 551
331 739 430 -172
-592 -701 -363 559
340 711 412 -181
-586 -689 -371 572
351 717 396 -159
-581 -709 -375 581
358 721 382 -170
-153 67 197 142
-278 -147 -99 -341
-148 72 172 154
-264 -132 -69 -331
-142 77 178 166
-253 -118 -73 -323
-136 50 185 182
-270 -134 -74 -315
-249 -277 -540 134
-85 -32 417 -234
-243 -269 -537 144
-74 -31 418 -212
-268 -297 -534 123
-61 -31 417 -222
-254 -286 -539 130
-52 -31 385 -231
105 630 117 82
-351 210 -152 584
113 618 105 68
-350 198 -144 592
122 641 93 85
-349 186 -136 606
132 627 81 72
-351 200 -160 615
-124 188 -167 -228
275 -681 -135 -357
-120 186 -175 -233
296 -660 -144 -364
-119 183 -182 -240
286 -675 -120 -369
-114 181 -189 -211
308 -683 -131 -343
-296 188 181 -145
23 -38 371 287
-273 182 170 -160
45 -45 360 286
-282 177 192 -143
42 -48 379 286
-265 173 182 -159
29 -23 375 284
-36 -287 -294 -824
172 -410 88 140
-40 -285 -299 -818
185 -404 79 153
-11 -281 -310 -816
196 -400 73 134
-10 -280 -288 -810
211 -394 62 148
2 -4 -288 -139
14 -1 -443 161
6 -9 -289 -150
26 -1 -470 162
39 -12 -290 -160
37 3 -464 162
39 -14 -321 -171
43 35 -488 157
368 -319 313 72
477 -147 -316 55
384 -317 306 79
471 -164 -344 46
397 -316 271 53
500 -148 -340 36
407 -318 273 63
495 -129 -335 56
-402 81 638 -294
-7 -635 -23 299
-391 68 638 -302
-15 -628 -43 276
-388 83 614 -310
-23 -622 -27 291
-383 72 618 -319
-32 -617 -42 269
19 224 -614 -1047
-94 -464 -89 130
6 257 -620 -1074
-90 -453 -83 102
29 261 -599 -1073
-91 -442 -106 105
14 266 -605 -1103
-121 -436 -94 76
-74 -79 -381 407
-434 -187 -2 -39
-51 -65 -379 400
-403 -185 -6 -42
-63 -80 -375 398
-364 -210 -35 -48
-74 -67 -374 395
-342 -208 -34 -52
1748 34 -439 -65
2622 -726 -1067 -135
1872 13 -509 -23
2864 -810 -1212 -84
1953 -17 -574 -33
3068 -846 -1390 -59
2041 -26 -607 4
3233 -904 -1510 -23
17769 -2357 -5759 2086
5247 5175 19063 13524
18049 -2486 -6031 2195
5531 5054 18782 13661
18326 -2574 -6272 2268
5771 4932 18546 13786
18548 -2652 -6481 2324
5966 4828 18314 13855
1893 2432 3281 -3013
-909 2627 2033 -95
2081 2347 3063 -2855
-806 2595 1906 -18
2223 2253 2871 -2771
-777 2563 1801 30
2348 2187 2711 -2688
-703 2535 1718 95
191 148 1270 1207
69 -2325 1001 203
250 164 1195 1215
108 -2322 980 193
274 152 1150 1219
116 -2297 922 180
312 193 1135 1215
164 -2277 907 139
-204 -862 -34 -383
-225 710 240 -1122
-180 -861 -74 -378
-194 720 219 -1130
-146 -868 -88 -401
-163 703 164 -1108
-116 -872 -131 -410
-127 717 137 -1113
-1021 449 1258 -561
-1144 157 -1176 -213
-987 451 1235 -581
-1135 152 -1200 -202
-950 458 1217 -574
-1125 145 -1228 -223
-920 430 1167 -561
-1114 144 -1253 -221
-684 -339 -937 1374
-771 1064 -558 1311
-696 -330 -950 1378
-772 1079 -544 1312
-671 -322 -968 1386
-777 1100 -560 1280
-675 -288 -983 1355
-748 1118 -583 1254
-278 89 787 -939
-376 -451 -795 1064
-267 119 772 -957
-366 -422 -793 1039
-283 151 762 -983
-385 -397 -796 1018
-271 185 751 -1013
-369 -372 -806 998
-255 -628 1318 696
-335 -645 144 -686
-253 -620 1323 657
-350 -649 127 -701
-248 -573 1327 651
-361 -618 139 -720
-245 -563 1300 617
-342 -615 116 -739
446 -960 251 -343
606 -141 -387 -89
450 -958 276 -337
605 -152 -396 -118
457 -960 264 -360
605 -125 -407 -117
463 -926 256 -390
608 -100 -420 -145
-99 -969 788 -837
45 -45 -614 657
-102 -946 777 -847
59 -25 -622 642
-105 -953 771 -857
77 0 -634 625
-79 -931 760 -871
96 20 -644 611
-1115 -456 -371 7
-809 -650 156 138
-1111 -430 -357 9
-788 -628 151 115
-1110 -432 -377 -20
-798 -601 116 120
-1079 -402 -397 -23
-776 -610 119 95
-363 -606 -465 536
65 -1010 526 -700
-372 -603 -450 528
67 -993 504 -701
-351 -593 -471 516
76 -978 518 -739
-361 -584 -489 504
79 -987 497 -746
79 67 -422 298
-168 -139 143 540
97 72 -434 274
-145 -150 125 536
119 78 -448 281
-120 -160 107 532
105 87 -462 252
-124 -139 117 524
-638 616 47 194
-481 1069 17 375
-641 627 32 194
-480 1053 35 397
-611 609 16 193
-447 1037 22 386
-613 619 -3 191
-448 1056 9 403
-23 299 -783 919
-346 -558 174 12
-11 277 -802 910
-342 -571 156 25
-1 286 -822 933
-338 -588 140 40
14 261 -812 929
-304 -572 153 53
219 376 -78 -507
38 -107 260 -14
216 371 -93 -503
42 -86 233 -31
243 363 -108 -504
48 -96 238 -14
239 364 -87 -466
53 -101 242 1
-61 912 -1 304
791 -677 140 707
-59 895 0 291
785 -651 153 712
-59 914 -32 305
805 -658 133 721
-60 934 -30 283
801 -640 145 695
169 727 559 -329
166 -563 27 41
178 721 542 -337
171 -552 24 49
152 719 565 -351
141 -546 22 23
154 748 551 -359
148 -537 52 32
68 194 -130 553
328 59 -138 -392
40 197 -128 563
335 54 -149 -400
42 197 -97 547
311 51 -127 -376
47 196 -97 532
319 48 -135 -386
-68 -4 -408 -123
628 -451 -235 -242
-43 -6 -399 -119
615 -456 -210 -260
-48 -8 -392 -115
636 -432 -223 -248
-59 23 -411 -115
622 -441 -228 -261
-196 122 -123 10
182 212 829 -797
-203 117 -117 -9
172 232 828 -797
-179 144 -111 2
158 220 802 -796
-187 137 -106 -13
176 240 804 -799
-101 385 -32 779
246 529 401 663
-107 383 -32 760
239 544 419 654
-115 381 -30 744
233 560 437 648
-121 410 -29 759
227 574 425 642
-393 -176 -436 69
-92 234 -134 -370
-400 -160 -428 77
-87 246 -141 -357
-409 -178 -421 87
-118 258 -145 -379
-386 -171 -416 67
-114 242 -115 -360
618 -525 74 -929
-149 -52 -298 418
627 -508 52 -932
-140 -41 -307 420
607 -525 60 -935
-129 -31 -288 393
621 -508 69 -942
-155 -19 -296 400
497 -324 402 -156
469 -135 -98 181
482 -331 391 -183
489 -109 -102 168
497 -308 381 -178
475 -109 -101 191
479 -318 373 -205
493 -82 -106 179
338 -27 385 -643
67 -607 -533 365
321 -22 359 -645
68 -607 -522 347
337 -20 364 -686
70 -612 -511 335
321 -15 374 -690
67 -619 -532 324
-165 1141 210 -648
-485 -225 161 977
-173 1131 232 -659
-524 -231 165 964
-185 1129 223 -640
-535 -239 172 953
-195 1122 250 -652
-547 -250 182 973
804 -248 -332 500
495 256 -21 -572
812 -239 -314 522
510 225 -12 -564
791 -264 -297 518
491 223 -35 -565
771 -258 -277 543
513 199 -3 -528
542 -259 390 -306
-202 539 24 -177
540 -261 398 -295
-179 530 46 -194
538 -297 407 -281
-191 526 39 -179
535 -305 383 -269
-170 489 28 -129
-363 715 -53 314
-193 -681 374 -509
-344 695 -73 342
-196 -690 367 -506
-356 674 -60 341
-197 -707 357 -502
-341 656 -77 366
-199 -716 356 -471
-698 -287 -821 -551
6 1024 245 -65
-691 -289 -814 -556
10 1023 235 -66
-718 -295 -806 -527
-10 995 254 -32
-708 -299 -802 -531
-2 997 243 -30
298 -43 308 -2
-292 96 -53 -31
278 -25 327 -4
-292 63 -44 -24
295 -34 308 26
-299 64 -63 -21
305 -51 292 25
-304 61 -52 -16
463 -558 234 -362
-430 -237 -331 -126
479 -572 211 -342
-448 -218 -340 -127
466 -555 219 -355
-435 -230 -354 -124
484 -568 228 -333
-451 -241 -331 -124
928 -498 323 295
-51 -583 255 -171
899 -483 328 301
-70 -592 252 -182
905 -503 333 277
-58 -599 249 -194
909 -490 336 281
-44 -605 274 -172
-463 180 427 -632
111 321 -58 193
-477 200 440 -629
128 321 -54 194
-498 193 426 -625
111 322 -49 194
-485 186 441 -625
97 322 -40 192
383 -879 -108 -167
26 -273 -53 -975
381 -898 -121 -171
19 -291 -41 -957
352 -920 -102 -172
11 -310 -32 -941
355 -903 -86 -147
1 -294 -21 -959
235 661 270 115
674 126 -1008 498
245 651 287 131
646 123 -991 483
224 645 274 146
649 126 -1011 500
234 667 293 132
655 119 -998 489
-53 -279 -91 200
-257 -250 14 -166
-42 -302 -88 210
-259 -243 -2 -174
-35 -294 -83 187
-234 -238 -16 -181
-27 -285 -77 194
-241 -230 -26 -188
506 -228 47 -288
148 -459 335 -245
531 -232 30 -291
165 -472 318 -266
526 -236 17 -292
184 -486 300 -255
552 -207 0 -296
201 -470 285 -241
10 -57 549 301
-292 307 5 -691
21 -52 555 315
-299 297 -20 -680
29 -79 532 299
-274 285 -16 -669
37 -75 510 319
-282 277 -39 -660
-146 788 216 125
532 -618 163 43
-131 777 240 121
521 -628 166 54
-152 769 237 147
514 -607 169 64
-141 762 233 141
504 -622 175 43
13 559 -372 44
-20 -334 133 694
30 543 -365 25
-11 -349 106 685
14 562 -355 36
-31 -333 111 676
-2 548 -349 17
-20 -315 115 664
-895 -503 -622 -228
150 -273 -598 -484
-899 -491 -633 -236
138 -258 -587 -491
-873 -478 -649 -242
129 -244 -575 -499
-872 -462 -630 -250
151 -231 -598 -539
-546 269 -138 618
505 -197 -55 -983
-548 284 -118 595
499 -170 -78 -1011
-552 298 -128 575
528 -171 -71 -1006
-531 313 -136 558
520 -145 -58 -1038
-261 138 215 204
-302 -73 157 987
-269 176 207 185
-317 -51 155 986
-278 180 202 166
-333 -27 158 987
-284 183 224 151
-318 -9 154 959
131 160 -275 -943
-181 -413 -157 248
136 163 -263 -958
-201 -413 -153 209
111 165 -250 -976
-190 -386 -154 203
118 166 -238 -992
-210 -388 -149 200
-704 366 -758 104
125 -88 -777 -306
-703 380 -749 80
123 -83 -787 -323
-707 363 -740 93
121 -76 -767 -312
-703 378 -734 71
123 -74 -779 -331
505 199 645 479
170 175 743 281
528 173 617 482
180 190 720 305
522 178 623 484
190 176 730 299
543 182 595 490
194 159 710 295
305 305 403 -165
-279 16 -218 424
328 292 391 -136
-220 -3 -249 432
352 307 407 -144
-180 -17 -281 442
346 294 395 -151
-122 1 -316 449
832 17 269 -557
3239 -854 -910 1078
970 -26 202 -531
3495 -941 -1094 1162
1065 -44 106 -520
3755 -1019 -1287 1203
1195 -76 46 -500
3952 -1064 -1418 1216
16664 -3211 -4902 1440
3317 4188 19297 8937
16996 -3359 -5220 1543
3660 4041 18924 9085
17304 -3492 -5479 1646
4003 3929 18643 9234
17589 -3554 -5747 1737
4239 3814 18340 9333
348 159 4441 -3008
-2911 2021 3778 432
592 27 4164 -2875
-2761 1987 3602 524
830 -49 3899 -2748
-2651 1964 3413 594
1058 -99 3662 -2655
-2502 1927 3248 622
1446 -556 2062 223
491 -2109 907 -104
1492 -569 1942 238
510 -2109 846 -108
1569 -575 1818 247
565 -2114 807 -117
1665 -528 1756 271
621 -2083 747 -126
-592 -2455 658 -839
765 1674 36 -517
-536 -2452 634 -844
795 1656 5 -492
-517 -2453 582 -849
798 1647 3 -502
-493 -2457 564 -876
835 1638 -35 -505
-930 -271 1442 -698
-551 596 -1084 -671
-904 -283 1413 -700
-525 619 -1082 -674
-875 -259 1384 -671
-530 615 -1115 -676
-883 -277 1364 -678
-495 611 -1120 -651
-680 -938 -439 36
-62 -113 -225 1035
-688 -921 -431 42
-60 -99 -232 1018
-664 -909 -460 16
-60 -82 -234 1005
-668 -894 -486 16
-29 -65 -275 993
-572 -501 1056 -545
442 -422 -1008 444
-571 -490 1027 -548
440 -424 -994 439
-570 -473 1035 -555
440 -400 -982 403
-577 -462 1015 -596
437 -404 -1001 403
216 -276 -214 -335
31 -733 -151 -752
207 -264 -205 -356
30 -733 -143 -768
197 -249 -196 -343
27 -732 -132 -753
189 -263 -187 -364
20 -735 -152 -775
347 574 -197 608
-395 -602 -231 -335
372 540 -202 612
-377 -594 -237 -321
363 541 -205 613
-389 -591 -210 -340
356 540 -207 620
-373 -617 -217 -325
-36 631 -99 -564
-230 1048 -23 1371
-41 624 -99 -552
-205 1036 -16 1368
-43 613 -102 -541
-211 1062 -41 1398
-18 607 -102 -534
-220 1047 -29 1399
-539 795 9 629
39 -19 -51 -527
-534 793 17 651
15 -2 -68 -511
-532 790 -4 644
22 -26 -55 -526
-531 757 5 669
-1 -12 -39 -517
-292 22 28 -151
253 519 -876 214
-294 42 23 -173
252 523 -890 207
-298 27 19 -162
253 526 -876 198
-293 14 42 -144
257 536 -897 223
393 -367 433 -231
54 506 969 209
402 -385 416 -235
74 534 947 225
414 -369 430 -210
96 527 927 212
420 -388 412 -214
116 520 938 199
485 717 236 728
-376 257 -37 229
491 729 218 721
-368 259 -42 237
501 742 197 714
-367 258 -81 247
509 721 176 710
-362 258 -86 252
-62 276 693 185
706 -244 -65 -660
-62 262 684 181
711 -233 -66 -648
-63 246 679 178
719 -255 -71 -635
-63 232 677 177
726 -245 -74 -624
338 582 141 145
-61 -406 302 -322
329 587 152 164
-26 -428 281 -291
345 562 130 151
-24 -421 298 -294
336 572 141 172
-22 -414 279 -298
496 -115 235 189
14 -326 -276 -317
511 -103 218 185
29 -333 -263 -314
527 -122 198 186
43 -309 -285 -315
544 -109 179 186
56 -319 -304 -343
-53 221 48 53
-264 -277 431 203
-44 216 32 43
-276 -299 417 213
-35 215 17 66
-257 -286 405 223
-28 209 4 58
-274 -305 395 235
111 -295 841 -353
-652 -148 -580 27
95 -302 853 -355
-661 -171 -587 23
74 -313 840 -355
-702 -192 -560 53
90 -318 853 -361
-711 -181 -566 46
92 -172 -1133 -202
-275 -245 274 -862
91 -182 -1118 -181
-266 -234 260 -863
58 -189 -1110 -161
-255 -254 275 -866
63 -202 -1099 -169
-276 -238 263 -839
687 -172 -214 -182
84 40 441 8
703 -184 -205 -171
73 49 435 13
692 -161 -196 -165
93 61 425 18
709 -168 -224 -155
109 69 417 -13
228 -410 574 625
683 174 623 426
233 -406 541 612
697 159 607 438
239 -401 542 599
716 171 585 416
275 -402 542 587
732 158 570 428
-706 -279 -150 162
-50 454 727 104
-709 -300 -173 163
-37 463 718 108
-680 -320 -200 199
-29 439 682 113
-651 -309 -196 195
-18 418 680 120
-340 175 500 224
-652 299 -963 -353
-329 188 487 223
-629 279 -939 -320
-313 173 508 252
-638 258 -948 -323
-330 157 500 249
-645 275 -960 -298
-391 83 -416 241
131 415 171 689
-401 70 -416 258
133 417 180 708
-412 56 -417 275
140 415 193 695
-421 71 -418 292
104 381 177 723
-271 535 -926 -204
188 427 -143 141
-253 527 -926 -216
181 405 -154 123
-273 521 -922 -197
176 415 -134 134
-291 518 -891 -183
142 396 -111 146
-108 -147 -1235 530
470 350 261 -49
-90 -132 -1224 548
492 349 268 -64
-104 -156 -1213 538
483 348 276 -51
-112 -140 -1209 556
499 347 250 -66
-582 387 129 286
49 638 -9 281
-561 390 99 284
33 638 -13 274
-536 393 100 281
47 638 -19 267
-547 397 105 280
64 638 -29 261
-681 538 709 357
319 -105 -908 214
-693 531 683 331
322 -114 -923 205
-673 559 693 335
330 -93 -908 196
-656 551 670 309
337 -102 -923 188
-449 -704 -641 18
-739 -254 -42 -75
-418 -704 -646 6
-713 -252 -52 -88
-420 -708 -653 -5
-720 -250 -60 -101
-416 -709 -661 -16
-701 -245 -101 -113
-249 -180 -46 -28
314 4 81 886
-243 -168 -56 -27
308 -24 66 878
-238 -188 -68 -25
304 -13 82 899
-236 -173 -75 -27
296 -7 69 890
83 135 545 -146
163 -291 -75 -396
101 116 546 -135
169 -291 -52 -413
90 127 547 -161
173 -292 -65 -400
73 147 551 -157
148 -288 -43 -421
795 26 113 615
-19 -31 156 707
791 50 130 588
-40 1 153 709
786 46 113 592
-33 6 152 709
785 74 125 564
-24 6 178 681
1046 340 836 878
-399 49 55 442
1036 363 844 893
-413 67 79 435
1027 353 855 876
-398 60 68 456
1016 345 868 858
-413 84 92 441
87 -9 -901 -130
339 -244 738 197
81 -16 -875 -100
323 -265 741 202
67 12 -879 -111
305 -258 749 177
62 8 -855 -116
289 -245 758 180
140 202 26 -83
293 43 -234 -163
123 214 52 -73
266 53 -243 -167
136 227 79 -59
270 63 -220 -170
113 237 75 -79
247 69 -198 -171
36 -488 -497 -691
33 274 265 -428
40 -464 -485 -680
32 259 277 -436
9 -476 -470 -697
30 272 289 -446
14 -490 -461 -679
25 256 304 -420
714 143 331 228
-230 49 -74 -446
725 122 343 202
-236 35 -51 -443
708 130 357 212
-244 49 -63 -405
687 108 372 222
-251 33 -44 -405
27 393 -98 185
-47 13 -23 -125
21 402 -99 179
-65 24 -13 -122
15 378 -101 211
-83 5 -3 -118
14 384 -72 205
-97 14 5 -113
-298 -65 420 -791
0 131 -303 294
-308 -67 458 -781
-31 133 -287 303
-318 -68 464 -775
-29 128 -273 280
-327 -70 469 -765
-60 130 -289 291
38 -213 -36 36
183 713 -13 -212
12 -201 -8 40
144 722 6 -233
17 -224 20 49
136 702 26 -222
-12 -219 16 25
127 715 47 -212
411 524 -737 872
692 321 586 225
374 503 -741 851
680 324 596 226
371 517 -714 860
667 329 609 225
335 524 -686 839
658 333 648 228
-290 -450 627 -258
-75 182 -685 821
-293 -453 648 -260
-84 172 -665 812
-330 -459 643 -263
-92 162 -650 804
-329 -462 662 -266
-71 180 -668 798
-52 -171 -33 185
112 120 -482 -365
-72 -180 -33 178
95 113 -487 -379
-59 -190 -37 170
112 109 -491 -365
-80 -197 -30 199
95 108 -495 -352
-1 441 73 189
-84 268 -1 269
0 467 81 183
-72 281 -34 283
-6 464 62 177
-92 258 -31 267
-8 460 71 170
-81 271 -32 277
-376 -453 -629 656
-14 -129 282 -401
-371 -459 -649 644
-29 -130 278 -419
-364 -467 -641 664
-10 -163 273 -405
-357 -478 -633 655
8 -161 270 -391
46 288 -321 53
-242 423 147 282
63 256 -327 44
-225 430 133 274
83 257 -333 61
-210 408 119 300
101 263 -340 80
-198 411 105 293
-241 291 546 96
-158 168 54 -214
-226 295 515 96
-157 144 15 -202
-211 269 485 96
-123 152 4 -196
-195 275 488 128
-119 129 -7 -185
433 -469 394 341
-23 393 -61 -178
426 -461 404 331
36 366 -100 -162
446 -488 383 324
79 342 -101 -149
470 -478 358 346
133 351 -138 -136
731 133 313 789
2675 -344 -1081 485
860 109 254 816
2906 -470 -1277 553
926 54 175 870
3154 -544 -1447 634
1045 3 122 899
3330 -621 -1563 687
14583 -4408 -4907 2171
-1419 3797 16134 6472
14912 -4573 -5165 2337
-1107 3614 15824 6677
15222 -4721 -5432 2444
-768 3469 15508 6817
15485 -4835 -5676 2569
-494 3333 15193 6963
84 -1470 952 -4135
-3516 540 3983 -302
356 -1601 658 -3952
-3339 458 3778 -207
602 -1714 371 -3834
-3190 420 3565 -129
843 -1797 114 -3725
-3013 370 3365 -66
678 -1123 2802 -932
-133 -1729 385 -737
759 -1158 2687 -889
-94 -1764 314 -739
877 -1183 2544 -849
-23 -1761 230 -713
962 -1193 2424 -829
21 -1765 151 -726
-1904 -2831 679 -1385
1329 741 793 -663
-1851 -2853 612 -1364
1345 749 752 -626
-1837 -2880 584 -1371
1372 731 739 -617
-1788 -2875 551 -1350
1367 711 702 -603
-496 395 266 -1512
316 -178 -1283 -1261
-508 380 274 -1497
350 -163 -1291 -1280
-491 372 253 -1483
344 -152 -1299 -1265
-481 359 226 -1477
316 -171 -1268 -1258
-1171 -773 -1232 709
567 -105 -1035 -599
-1164 -753 -1250 686
586 -83 -1047 -620
-1159 -731 -1235 701
574 -62 -1023 -642
-1148 -718 -1226 682
590 -36 -1033 -632
-50 -3 1808 129
-847 -72 -1474 166
-72 26 1800 97
-830 -49 -1479 138
-61 27 1796 99
-845 -26 -1482 110
-59 52 1797 68
-832 1 -1488 114
402 -125 -502 356
343 -844 203 -76
391 -123 -490 329
366 -825 176 -88
408 -116 -516 334
392 -806 185 -104
429 -83 -505 305
381 -823 166 -111
-306 91 57 516
63 -203 414 -159
-295 89 21 520
61 -179 415 -164
-284 86 19 493
94 -186 412 -169
-273 89 11 497
92 -190 381 -177
-733 3 275 317
368 -149 168 223
-729 8 261 314
386 -137 175 221
-696 14 247 309
375 -129 181 218
-692 19 234 302
362 -152 157 219
-540 91 975 108
785 1177 43 -227
-536 86 990 90
777 1172 53 -230
-531 80 973 105
768 1168 31 -237
-527 78 986 117
769 1164 36 -242
-110 451 -171 126
-510 503 -262 620
-122 453 -186 125
-507 494 -272 636
-133 454 -171 122
-502 513 -250 621
-110 458 -195 150
-501 496 -258 608
-43 180 631 708
-364 199 176 -10
-23 165 623 684
-376 207 161 12
-35 181 618 694
-350 213 173 3
-16 166 612 706
-360 188 161 -4
-488 -36 -1570 -187
413 -179 154 -94
-461 -41 -1578 -182
407 -200 116 -91
-468 -48 -1587 -176
435 -219 107 -87
-442 -55 -1601 -171
430 -204 108 -52
-255 -281 114 -729
611 -19 137 222
-255 -307 100 -723
647 -40 113 221
-226 -301 89 -720
649 -28 95 221
-234 -330 78 -711
652 -45 105 253
240 252 142 -137
-365 -357 398 -228
255 252 124 -117
-350 -359 383 -233
233 252 110 -129
-365 -363 404 -239
249 257 122 -114
-355 -330 392 -222
240 287 -188 830
15 -538 -506 657
256 286 -181 796
-3 -532 -499 643
246 289 -178 791
13 -525 -532 627
265 294 -171 790
0 -518 -525 608
-465 753 -381 727
-108 -261 994 372
-482 774 -379 716
-122 -264 998 358
-467 768 -378 704
-106 -230 972 370
-452 795 -381 688
-87 -229 978 349
-382 -525 372 291
40 -1114 -560 -569
-376 -506 390 259
51 -1108 -580 -563
-370 -514 379 261
64 -1103 -572 -595
-364 -494 367 228
46 -1092 -594 -591
362 -678 669 -682
-166 126 140 -50
343 -683 666 -695
-169 122 116 -70
359 -659 659 -712
-141 122 92 -55
374 -661 652 -725
-139 147 98 -77
-80 633 133 587
-174 204 674 -67
-62 660 104 596
-157 220 644 -69
-45 654 107 578
-137 201 645 -70
-27 647 73 592
-151 216 620 -77
-256 -55 -5 -662
-83 106 214 -84
-254 -46 -9 -684
-68 115 202 -102
-220 -36 -19 -678
-56 121 193 -122
-215 -33 -28 -700
-44 100 181 -102
810 -239 257 277
177 -35 50 693
820 -224 225 268
197 -39 65 688
834 -243 225 264
184 -44 50 681
820 -229 227 252
202 -17 27 674
-436 399 27 69
215 482 624 -158
-428 386 -7 74
236 485 643 -192
-422 408 -11 74
225 492 630 -195
-416 394 -14 49
216 500 622 -201
-570 30 -151 663
745 -635 206 208
-598 26 -140 656
722 -627 190 223
-595 56 -131 645
735 -589 205 208
-600 57 -152 635
712 -586 228 159
642 -74 -556 -76
162 -1100 -746 246
646 -51 -541 -91
164 -1116 -756 237
650 -60 -556 -104
191 -1102 -765 228
622 -34 -539 -120
160 -1087 -743 221
-257 442 -233 -86
-231 -43 -542 -411
-232 440 -239 -78
-243 -52 -565 -408
-244 441 -237 -70
-224 -60 -557 -406
-253 438 -240 -90
-205 -42 -550 -407
630 254 -112 -34
-333 -549 65 -233
653 251 -94 -36
-316 -555 66 -210
642 248 -106 -40
-301 -566 67 -215
659 217 -116 -4
-321 -578 75 -227
126 872 186 123
458 43 681 142
122 881 183 119
465 57 661 155
114 894 183 146
474 67 675 137
107 873 181 145
447 84 659 145
857 -22 -343 -570
-227 433 -310 162
853 20 -334 -600
-197 446 -304 135
852 28 -326 -594
-199 460 -297 138
856 37 -323 -623
-203 471 -323 114
-392 -142 149 558
-1012 284 -18 -144
-403 -127 142 543
-1006 279 -33 -157
-382 -114 131 530
-1002 302 -47 -170
-362 -104 124 521
-1005 292 -55 -180
357 291 76 255
875 498 -404 308
365 294 89 255
855 517 -426 295
372 261 71 263
870 506 -418 316
349 260 92 267
854 491 -415 308
124 -203 347 -464
-52 -756 36 -551
119 -216 342 -478
-41 -779 38 -555
111 -227 344 -465
-60 -771 47 -565
137 -234 365 -451
-47 -765 52 -571
-735 404 -809 110
-1098 195 -49 712
-735 426 -817 122
-1080 196 -67 687
-733 414 -797 105
-1093 200 -83 698
-735 406 -805 123
-1072 203 -66 701
-1083 176 -1119 569
-104 -254 329 154
-1082 192 -1117 563
-111 -283 338 150
-1074 177 -1091 592
-116 -274 315 174
-1070 192 -1092 582
-122 -272 326 169
71 -199 -261 -1120
-82 -443 892 211
80 -207 -239 -1123
-102 -472 891 232
56 -216 -247 -1130
-115 -468 924 252
66 -216 -232 -1105
-139 -469 925 241
482 -28 -479 -77
-88 95 -395 27
456 -22 -448 -61
-76 95 -378 21
469 -47 -455 -73
-67 95 -395 13
451 -42 -430 -54
-82 99 -383 36
-579 76 -72 190
-833 105 -558 -286
-583 88 -81 185
-802 114 -541 -284
-556 69 -91 183
-808 92 -553 -282
-556 82 -102 177
-810 100 -570 -283
249 225 840 666
-539 -358 72 -603
243 224 818 663
-567 -363 49 -598
272 225 827 658
-561 -335 56 -597
266 223 807 659
-556 -338 60 -595
170 356 104 -358
554 -640 271 356
151 360 111 -365
568 -642 282 360
162 368 118 -374
551 -612 295 331
148 374 123 -383
564 -614 270 337
-37 -578 -51 -129
-41 392 -123 325
-42 -577 -71 -130
-50 401 -116 296
-46 -553 -61 -161
-60 381 -111 304
-52 -553 -48 -162
-69 391 -104 275
-101 137 39 416
-285 167 101 154
-109 143 47 383
-282 176 138 180
-117 154 54 379
-311 184 145 173
-122 163 61 376
-313 190 151 165
668 163 414 28
-37 298 -523 56
666 168 411 24
-41 309 -506 48
671 170 405 20
-47 318 -524 40
676 169 433 19
-50 303 -513 68
-877 -219 348 -493
325 -10 -325 168
-860 -214 344 -507
329 13 -330 177
-878 -208 347 -489
306 -2 -337 155
-860 -204 375 -508
318 21 -344 163
-1133 -613 -473 329
-332 660 -181 -358
-1148 -621 -466 310
-344 651 -171 -364
-1165 -596 -461 321
-354 643 -161 -371
-1147 -607 -459 306
-335 669 -180 -382
124 88 -434 373
445 -412 59 206
122 82 -423 360
444 -377 51 187
125 110 -413 375
444 -374 43 169
121 100 -433 365
445 -371 35 184
-830 470 -191 107
374 288 -380 680
-830 461 -190 90
366 317 -375 654
-800 482 -191 68
389 317 -369 663
-806 480 -222 78
377 312 -392 637
449 -450 385 520
-545 897 -7 -205
450 -451 353 531
-513 899 -15 -217
453 -457 356 512
-515 908 -20 -204
486 -461 354 524
-519 884 -24 -218
-284 -724 -263 -209
-427 -79 -260 -3
-280 -748 -267 -193
-394 -99 -267 26
-276 -742 -274 -213
-375 -117 -305 27
-238 -766 -283 -200
-308 -132 -311 55
561 -217 -289 315
2444 -1386 -477 795
673 -303 -317 348
2637 -1502 -616 884
739 -354 -394 410
2854 -1640 -745 963
847 -401 -451 436
3016 -1741 -872 1043
12127 -6046 -3534 2236
-8703 5412 10989 3218
12401 -6247 -3762 2406
-8419 5189 10712 3423
12658 -6426 -3994 2552
-8145 5047 10451 3576
12898 -6542 -4202 2683
-7928 4923 10195 3733
475 -2975 -2766 -3367
-2188 1102 3164 786
693 -3114 -2976 -3187
-2056 1038 2986 883
895 -3205 -3257 -3036
-1933 990 2806 940
1102 -3310 -3464 -2926
-1790 929 2657 1015
596 -1311 1914 -2333
-1281 -1456 920 195
660 -1344 1799 -2281
-1217 -1470 845 228
760 -1365 1664 -2243
-1186 -1485 802 231
825 -1373 1587 -2231
-1128 -1498 712 260
-783 -2249 1336 -1048
446 282 -359 -668
-762 -2264 1294 -1043
451 279 -371 -666
-741 -2280 1254 -1037
461 252 -389 -663
-723 -2291 1222 -1036
474 256 -407 -664
-569 755 -596 -1393
248 -218 -787 -195
-528 748 -625 -1387
270 -214 -807 -233
-521 783 -652 -1390
258 -177 -824 -239
-513 786 -650 -1398
281 -144 -812 -255
-176 -782 -310 799
-519 -207 -1295 -177
-165 -766 -330 768
-497 -190 -1310 -225
-153 -721 -349 742
-511 -176 -1320 -239
-142 -708 -334 717
-496 -131 -1333 -289
141 -330 90 885
-107 402 -410 -673
150 -307 88 842
-89 422 -437 -709
159 -283 55 833
-73 445 -459 -717
194 -268 58 801
-61 467 -447 -722
269 -353 86 56
-437 -36 -406 -197
312 -322 78 46
-427 -8 -393 -203
322 -326 75 41
-417 -12 -412 -207
330 -333 71 36
-411 -18 -429 -210
255 -196 -842 -58
21 -142 278 90
288 -170 -853 -82
40 -126 269 87
286 -175 -897 -74
58 -138 228 83
316 -179 -908 -68
73 -119 225 76
-438 -575 87 -572
379 174 905 -492
-430 -575 46 -567
408 156 884 -505
-391 -574 41 -596
400 172 870 -521
-386 -541 35 -595
427 184 850 -532
-699 -577 133 58
210 -56 -1141 -47
-663 -580 105 50
228 -47 -1130 -63
-654 -551 108 45
212 -38 -1156 -74
-653 -558 84 42
230 -33 -1149 -88
-119 -192 875 -159
126 -542 -659 -247
-113 -195 889 -191
126 -540 -647 -238
-112 -194 874 -189
90 -541 -630 -262
-111 -195 896 -189
84 -539 -614 -253
476 -602 -200 -417
1008 634 271 -191
471 -599 -207 -418
991 628 256 -192
465 -596 -182 -418
974 625 277 -190
426 -594 -153 -419
962 619 293 -189
-202 483 -547 421
-248 -483 -754 -104
-215 485 -548 424
-243 -484 -739 -78
-225 492 -518 430
-244 -490 -756 -82
-210 462 -525 435
-241 -486 -735 -64
454 -843 117 -561
111 -884 33 -469
459 -855 141 -545
127 -906 34 -458
459 -867 136 -531
112 -902 41 -448
462 -848 134 -551
120 -926 15 -431
609 754 -519 877
-372 -205 203 -502
644 742 -528 890
-366 -217 185 -495
648 734 -539 939
-360 -257 166 -457
649 694 -546 925
-325 -265 179 -461
-426 216 385 -68
492 462 -35 376
-406 209 389 -39
506 444 -38 401
-390 173 365 -14
523 429 -42 390
-404 166 379 -22
543 449 -49 411
-258 302 -327 -123
-49 167 610 242
-257 316 -336 -120
-36 143 582 263
-228 304 -347 -119
-24 152 588 246
-229 322 -358 -120
-43 157 564 233
-414 -560 -61 662
382 -374 107 -110
-413 -577 -56 653
383 -393 118 -93
-410 -562 -53 644
382 -384 96 -107
-412 -583 -83 642
382 -371 107 -93
207 -103 479 13
397 376 82 -433
221 -109 477 -10
380 370 101 -455
204 -114 479 2
362 370 88 -446
185 -117 480 14
378 372 103 -441
-11 -434 -375 -259
-42 -472 -2 -26
-22 -419 -367 -263
-51 -465 -3 -51
-35 -408 -359 -269
-28 -456 -7 -44
-46 -393 -350 -280
-37 -451 -5 -67
173 -66 -956 -418
-103 22 636 930
187 -70 -955 -452
-78 44 631 932
202 -41 -956 -457
-90 35 601 940
188 -40 -956 -462
-67 53 595 911
-347 -494 391 63
-234 228 276 -250
-311 -477 366 61
-213 233 265 -244
-308 -489 376 60
-217 243 285 -244
-308 -472 355 58
-225 256 275 -241
-365 -533 -384 -359
-173 -355 250 69
-378 -521 -385 -336
-188 -357 244 73
-356 -543 -393 -346
-170 -360 237 76
-365 -528 -399 -359
-184 -335 231 48
-564 47 -385 305
-115 212 -532 207
-583 58 -355 291
-100 203 -523 223
-573 77 -354 305
-117 228 -509 205
-596 58 -355 296
-133 219 -499 187
-209 196 -827 -412
-696 -1057 -549 106
-227 203 -824 -413
-692 -1062 -555 84
-245 212 -821 -416
-717 -1043 -527 65
-224 221 -794 -421
-717 -1051 -532 78
6 348 150 148
-444 -129 -56 -350
12 344 172 138
-440 -130 -50 -350
-11 343 164 164
-439 -130 -43 -351
-4 374 187 153
-439 -130 -38 -351
-318 -454 -48 -437
162 151 -825 -265
-317 -427 -63 -429
132 139 -817 -273
-347 -432 -43 -418
136 125 -816 -280
-345 -446 -24 -437
138 115 -811 -255
699 -360 -364 168
389 330 -300 -689
727 -366 -349 176
394 340 -281 -710
723 -374 -362 189
399 323 -291 -700
720 -382 -344 199
397 339 -303 -694
-389 -689 31 -58
-404 728 -193 539
-396 -710 34 -81
-393 721 -224 535
-379 -700 9 -74
-416 715 -217 535
-394 -692 17 -68
-402 710 -214 536
-606 -575 -821 -200
-204 -148 346 -484
-610 -577 -840 -209
-217 -165 373 -456
-579 -574 -835 -188
-199 -153 373 -463
-581 -575 -857 -201
-220 -170 344 -467
435 -26 35 323
-162 -357 -375 -24
422 -20 35 323
-162 -363 -368 -50
415 -13 41 324
-164 -367 -394 -41
436 -4 40 323
-166 -341 -387 -38
-431 428 -594 362
-533 -690 -400 -45
-413 445 -583 371
-526 -677 -416 -59
-432 425 -601 349
-516 -695 -402 -42
-412 443 -591 358
-509 -686 -418 -55
-28 270 314 -535
-15 679 344 569
6 252 307 -557
2 684 370 563
9 269 303 -554
-12 689 364 557
15 251 298 -542
0 698 325 580
-146 132 -73 266
1098 418 -125 -94
-162 106 -47 278
1111 423 -126 -94
-147 111 -58 291
1097 425 -126 -96
-166 118 -62 300
1114 430 -131 -98
113 -415 614 638
-307 570 491 606
97 -418 621 640
-325 534 505 640
109 -424 593 641
-316 529 522 641
93 -435 600 648
-308 495 503 680
669 558 344 92
617 292 -226 896
668 543 337 116
596 266 -230 897
668 526 329 141
606 240 -236 933
670 483 325 161
618 251 -243 960
278 383 436 -398
-311 -476 303 -577
268 383 425 -382
-300 -505 319 -545
291 356 444 -370
-291 -508 305 -549
279 362 436 -359
-287 -504 291 -521
378 372 -51 336
-220 -183 272 -433
373 362 -69 349
-217 -174 255 -454
399 354 -91 367
-185 -164 239 -444
397 342 -75 357
-176 -183 252 -434
-82 -279 -127 200
115 -326 635 -288
-67 -272 -127 178
133 -333 630 -286
-85 -263 -122 187
124 -308 625 -289
-73 -258 -155 162
142 -314 622 -287
-311 15 -31 148
-224 441 -294 -110
-302 -1 -30 136
-222 435 -300 -125
-293 12 -65 128
-222 433 -305 -108
-315 -4 -62 118
-219 431 -315 -126
24 -208 -195 24
-634 -290 -15 201
46 -190 -200 47
-628 -294 4 179
37 -205 -205 37
-625 -263 -9 184
29 -192 -209 25
-621 -268 8 197
635 331 -96 396
-255 169 247 284
631 344 -96 409
-288 180 240 280
631 356 -97 391
-289 190 232 276
627 342 -98 404
-291 203 255 266
51 -73 82 -122
-74 -21 -481 190
41 -81 99 -117
-83 -8 -483 187
62 -90 85 -110
-62 1 -486 184
54 -66 103 -108
-69 -18 -492 187
282 395 -35 14
-239 -143 -44 -369
277 408 -40 -5
-223 -127 -58 -387
274 423 -41 8
-209 -144 -69 -404
297 438 -46 -14
-226 -132 -46 -422
-232 152 286 1
-1270 300 -967 347
-239 175 287 2
-1263 311 -975 344
-216 166 289 -28
-1286 321 -951 309
-221 186 288 -23
-1279 330 -963 311
-174 118 -25 -125
427 161 -206 194
-156 140 -19 -121
439 161 -192 198
-167 128 -47 -147
455 158 -214 171
-148 146 -39 -142
442 155 -202 179
-227 140 536 189
-209 -284 348 -464
-195 153 559 185
-223 -279 347 -481
-198 169 553 181
-204 -276 340 -499
-199 182 539 178
-180 -267 330 -485
-443 -545 -312 177
642 -353 995 91
-436 -550 -338 164
689 -361 993 88
-396 -555 -337 152
696 -364 967 84
-388 -529 -368 137
742 -373 936 84
-100 365 325 288
1342 -1974 -915 292
-18 322 265 322
1487 -2103 -1041 394
31 250 198 356
1652 -2229 -1117 476
114 218 169 386
1763 -2319 -1235 531
9397 -6513 -3467 3151
-14411 7492 4425 2093
9593 -6700 -3660 3310
-14211 7302 4230 2286
9780 -6872 -3823 3452
-14029 7140 4042 2455
9954 -7012 -3989 3590
-13859 7026 3851 2593
433 -2747 -3857 -1767
-788 3300 1343 2063
542 -2885 -4009 -1615
-722 3262 1216 2160
679 -2982 -4192 -1484
-615 3211 1116 2221
821 -3071 -4331 -1368
-522 3144 1001 2307
-1023 -3159 90 -3460
-941 -1210 -1 -677
-947 -3219 0 -3409
-892 -1234 -31 -649
-897 -3247 -70 -3378
-845 -1263 -96 -652
-837 -3254 -140 -3341
-801 -1253 -142 -619
-376 -1412 1086 -1018
73 839 -743 154
-367 -1426 1051 -1017
117 850 -758 178
-324 -1435 1023 -1016
135 836 -774 177
-283 -1447 995 -1013
149 847 -821 201
-1176 892 -744 -237
1059 -1107 -633 -827
-1138 894 -753 -224
1063 -1098 -660 -856
-1104 902 -794 -244
1103 -1063 -684 -853
-1109 908 -832 -241
1109 -1061 -706 -856
-1102 -243 -891 463
-953 -4 -30 -1001
-1088 -265 -920 453
-920 -9 -58 -1013
-1082 -257 -941 448
-925 -14 -74 -1025
-1046 -251 -940 447
-941 -14 -82 -1005
-22 -856 -1065 222
696 1110 -382 411
-18 -851 -1070 221
688 1100 -377 406
-16 -856 -1073 227
683 1096 -370 439
-12 -861 -1043 230
674 1090 -361 440
77 636 -1287 -829
134 -195 -37 281
92 630 -1265 -826
168 -198 -40 308
102 627 -1274 -795
166 -204 -40 309
78 620 -1283 -800
162 -219 -39 313
-189 326 368 -1164
1156 -828 475 -379
-192 330 359 -1145
1160 -797 473 -373
-163 330 351 -1158
1167 -804 474 -359
-173 306 347 -1136
1171 -815 473 -379
-145 709 506 -520
-623 -67 -628 -578
-161 714 502 -525
-605 -42 -617 -580
-147 686 497 -527
-626 -49 -636 -585
-167 690 496 -525
-641 -60 -623 -586
170 127 14 295
352 1337 -9 665
178 125 30 308
351 1362 15 660
151 148 15 290
315 1357 10 660
161 144 31 305
316 1379 35 624
625 372 307 -14
136 479 -433 131
614 363 328 -26
145 511 -422 102
604 380 348 -38
155 511 -413 106
588 396 337 -50
135 540 -403 82
85 -706 142 -470
-33 383 233 465
105 -680 123 -491
-37 381 212 455
128 -658 137 -515
-37 411 190 445
115 -665 119 -530
-4 437 197 404
-1319 -248 -285 525
118 -432 87 92
-1297 -240 -283 506
109 -414 79 87
-1277 -234 -312 491
134 -400 72 85
-1286 -229 -308 478
156 -419 30 52
-27 -172 -102 -212
-1072 371 -610 -315
-17 -155 -112 -231
-1059 358 -646 -308
-6 -170 -121 -216
-1050 346 -650 -303
4 -153 -130 -237
-1040 369 -655 -296
-361 -31 -84 -881
1215 -249 -111 -231
-371 -60 -102 -867
1247 -246 -131 -238
-347 -57 -86 -858
1251 -247 -149 -243
-362 -58 -97 -875
1256 -253 -137 -243
-693 574 77 682
132 689 -814 -106
-685 570 58 697
138 677 -828 -83
-678 568 42 682
142 696 -840 -95
-671 564 53 703
148 680 -856 -105
-336 486 92 521
-1233 -2 88 -170
-326 494 57 528
-1220 -5 81 -180
-315 501 52 506
-1209 23 78 -192
-301 509 48 514
-1204 16 45 -202
275 149 -359 834
-439 -629 681 -120
261 169 -364 837
-461 -619 688 -112
284 187 -344 811
-456 -614 668 -132
273 174 -349 821
-449 -603 676 -126
348 402 -610 -132
626 -164 212 -619
347 392 -615 -136
612 -134 200 -637
346 415 -586 -140
637 -140 218 -653
314 440 -589 -146
625 -105 202 -641
432 -1057 -592 68
-728 122 492 -59
449 -1031 -580 42
-723 118 508 -52
464 -1034 -601 49
-723 146 496 -82
453 -1015 -592 26
-697 144 480 -72
108 120 -92 516
289 -221 -42 650
121 112 -86 487
289 -215 -51 658
132 110 -112 490
291 -207 -61 632
109 138 -95 487
297 -200 -41 638
-247 -117 -203 504
-34 -66 324 251
-235 -103 -184 494
-36 -64 329 244
-258 -87 -195 481
-40 -62 300 234
-243 -100 -180 469
-7 -51 300 218
-105 -482 260 267
411 24 812 492
-114 -485 266 244
409 51 824 501
-121 -483 270 251
406 48 805 477
-135 -451 247 221
404 41 818 460
133 -175 91 -190
-62 -588 -62 147
140 -187 84 -191
-92 -600 -58 133
150 -197 106 -195
-90 -580 -57 147
127 -169 97 -172
-88 -595 -57 133
-164 -92 -220 620
-302 184 -246 -274
-168 -87 -218 631
-317 179 -237 -263
-172 -80 -216 642
-299 175 -230 -253
-171 -102 -182 656
-314 175 -221 -252
169 719 310 527
-227 17 -24 71
180 737 330 540
-227 34 -18 78
163 725 323 555
-227 55 -46 80
147 709 344 536
-224 43 -48 85
-774 -317 -239 -883
-211 -433 16 -173
-781 -314 -255 -869
-199 -424 -2 -184
-789 -313 -271 -891
-217 -416 -18 -195
-764 -306 -260 -883
-203 -408 -2 -205
265 249 12 494
-177 -296 -242 -313
277 241 23 509
-163 -273 -263 -309
290 268 -1 494
-149 -285 -252 -331
276 257 9 484
-165 -298 -277 -325
-302 52 227 116
540 -141 -217 -541
-282 72 231 136
567 -155 -244 -538
-297 60 239 127
570 -137 -244 -539
-284 52 211 148
572 -149 -238 -541
-315 -62 -98 -62
736 361 869 19
-311 -60 -97 -61
739 370 876 4
-310 -62 -130 -55
744 382 851 23
-311 -61 -133 -53
780 393 859 8
-585 -187 -360 -428
552 -464 -114 236
-561 -184 -370 -440
561 -448 -131 248
-543 -179 -413 -422
564 -436 -145 231
-557 -179 -419 -435
576 -461 -131 220
95 344 937 -279
38 -154 -268 204
91 335 917 -301
42 -147 -278 217
86 360 934 -293
16 -179 -255 205
107 354 917 -285
18 -174 -228 217
112 -51 -351 -104
-155 86 107 -421
97 -73 -315 -111
-152 77 118 -394
77 -59 -315 -88
-180 65 163 -398
63 -80 -280 -93
-209 53 178 -404
206 386 -48 91
622 226 -84 34
187 388 -29 118
605 231 -72 68
167 387 -12 114
591 202 -61 75
150 390 5 143
578 202 -52 80
622 505 -532 -37
-144 78 801 51
638 530 -524 -44
-162 89 806 40
622 523 -516 -51
-151 106 810 59
639 522 -515 -26
-140 120 818 41
-737 -31 -438 329
417 -847 -126 -17
-741 -33 -459 342
419 -861 -123 -1
-745 -33 -446 323
452 -845 -123 -17
-754 -5 -462 302
455 -836 -119 -27
20 -733 259 -745
10 -168 -607 -524
38 -731 228 -757
18 -144 -605 -509
25 -729 236 -768
-3 -151 -604 -522
44 -727 239 -743
6 -157 -604 -505
-402 -175 77 30
271 -183 -282 -488
-423 -191 95 27
288 -175 -279 -497
-412 -175 78 28
305 -165 -305 -473
-409 -193 65 26
291 -188 -295 -482
66 -707 -661 -852
-855 409 -181 -536
70 -714 -652 -840
-851 400 -203 -528
72 -726 -675 -857
-850 392 -222 -516
110 -704 -674 -849
-816 382 -210 -501
-200 561 367 5
771 -744 94 -23
-209 544 354 9
779 -755 89 -12
-188 530 343 16
789 -769 84 3
-170 512 336 22
798 -787 81 14
-568 -362 -56 -109
-341 -347 320 -618
-560 -373 -82 -88
-330 -343 320 -598
-554 -384 -77 -67
-348 -370 323 -609
-548 -392 -74 -44
-337 -363 325 -591
-101 495 -41 -401
-238 36 532 273
-110 512 -49 -390
-249 40 553 289
-117 502 -60 -379
-263 47 545 273
-90 489 -41 -367
-243 52 569 285
105 -407 -1043 -366
375 -260 100 198
117 -399 -1034 -380
365 -264 105 206
93 -393 -1027 -395
359 -236 139 211
75 -380 -1017 -382
350 -239 143 186
528 -224 293 256
653 192 830 586
544 -225 296 255
633 194 833 596
529 -225 302 257
644 196 833 575
509 -232 308 227
625 165 866 590
-331 97 204 -234
1050 91 -296 -159
-344 102 187 -214
1015 86 -271 -158
-359 105 205 -228
1009 77 -280 -156
-373 83 219 -213
1013 72 -259 -160
214 133 155 31
157 317 70 -101
203 135 147 31
154 314 78 -72
191 141 174 63
147 312 88 -76
177 114 169 65
142 311 97 -85
516 -397 182 -232
-94 -173 -18 57
488 -409 176 -209
-94 -155 -38 50
492 -429 201 -213
-97 -169 -22 77
493 -415 195 -223
-97 -184 -6 78
89 -9 -259 -456
-101 476 63 -30
80 13 -259 -465
-97 464 94 -24
71 9 -227 -445
-104 432 94 -24
64 2 -226 -455
-69 424 93 -23
391 -769 -611 546
1686 -1105 -209 810
447 -825 -651 583
1784 -1195 -263 890
485 -849 -662 620
1895 -1321 -327 949
539 -902 -701 655
1948 -1396 -399 1015
6963 -8334 -1779 2733
-15028 10914 -1252 177
7093 -8485 -1911 2893
-14930 10760 -1405 339
7247 -8631 -2032 3001
-14821 10629 -1502 470
7351 -8746 -2122 3110
-14699 10529 -1616 610
-590 -656 -1226 1049
-822 4576 -803 3019
-519 -724 -1306 1170
-787 4533 -846 3060
-483 -820 -1407 1284
-763 4498 -897 3134
-413 -887 -1491 1346
-714 4442 -940 3202
482 -2290 -731 -1575
47 -644 1563 -1480
501 -2317 -744 -1544
63 -647 1556 -1453
560 -2350 -754 -1501
80 -692 1556 -1462
569 -2368 -804 -1501
89 -693 1505 -1421
-69 141 874 -245
-364 882 -971 2114
-39 114 852 -203
-341 868 -984 2119
-10 86 830 -193
-350 831 -998 2168
-14 60 811 -177
-324 810 -1019 2183
971 659 -54 -350
-609 -500 582 -1177
1013 653 -79 -318
-582 -488 590 -1172
1023 651 -106 -326
-593 -515 573 -1170
1036 619 -128 -303
-577 -498 555 -1146
-319 179 -914 350
750 -350 -405 -624
-322 198 -928 380
732 -350 -392 -638
-327 185 -909 379
712 -324 -379 -656
-337 205 -916 383
696 -324 -362 -639
-265 833 100 769
-328 775 -4 51
-308 832 104 742
-339 781 -6 37
-320 833 143 752
-350 790 28 26
-336 858 150 728
-369 790 31 17
1049 922 -211 -4
-310 -859 -1077 -338
1045 918 -198 -6
-300 -857 -1069 -354
1045 936 -187 -38
-327 -864 -1060 -329
1013 926 -170 -36
-314 -870 -1029 -338
-339 113 241 -948
398 444 -369 -34
-330 125 229 -966
411 436 -352 -32
-350 106 252 -950
426 463 -373 -33
-347 114 246 -961
411 452 -355 -25
-337 127 371 11
572 -256 -187 -427
-353 128 360 22
601 -257 -216 -437
-341 125 353 6
596 -265 -210 -447
-333 152 341 19
597 -268 -204 -421
-456 240 115 633
205 1251 -851 511
-434 254 104 628
218 1255 -870 511
-449 234 96 627
196 1262 -853 509
-431 243 84 628
203 1234 -868 514
825 636 367 654
-735 198 -950 459
848 630 353 639
-705 173 -942 473
844 625 369 656
-714 180 -963 485
833 622 362 667
-721 193 -953 495
667 -222 -22 -237
25 -604 362 435
658 -219 -38 -219
13 -633 343 456
650 -219 -20 -205
40 -632 354 476
638 -215 -33 -221
26 -635 339 471
-150 216 -796 418
-571 160 -356 205
-139 206 -793 419
-570 162 -358 248
-130 165 -822 423
-541 132 -362 261
-151 160 -818 461
-537 100 -369 273
-401 1114 322 -353
-235 1 -199 -34
-420 1079 326 -324
-247 4 -206 -7
-408 1045 333 -296
-226 -27 -182 23
-398 1016 308 -271
-237 -24 -189 45
444 302 680 -544
422 -642 53 -256
440 314 688 -545
400 -651 72 -252
408 298 703 -515
416 -659 85 -250
404 279 680 -514
396 -672 70 -245
-851 -98 -508 -459
6 77 -48 -105
-871 -132 -505 -436
13 56 -32 -113
-860 -137 -505 -444
16 63 -48 -119
-882 -142 -504 -416
-4 39 -30 -90
-189 550 -94 -242
220 140 -75 -465
-218 557 -92 -230
215 118 -87 -448
-218 533 -89 -212
212 129 -65 -434
-214 508 -91 -197
201 107 -75 -422
980 -351 551 -140
119 277 -143 -331
968 -350 560 -120
111 297 -125 -343
990 -356 568 -126
100 287 -105 -322
948 -356 580 -105
97 276 -94 -332
-362 -581 -300 -69
-507 276 -431 -47
-370 -559 -279 -72
-507 264 -447 -27
-381 -568 -260 -76
-508 252 -432 -40
-361 -582 -274 -77
-505 241 -412 -21
322 -218 745 430
455 -396 -50 92
325 -244 756 446
430 -407 -68 86
297 -242 771 462
441 -450 -59 118
295 -269 757 477
422 -457 -47 142
-299 384 -300 -284
407 458 -43 219
-312 351 -312 -279
396 472 -20 242
-324 359 -292 -251
383 455 -29 235
-310 330 -309 -251
371 444 -1 254
43 -392 510 -575
293 -1431 -1036 69
23 -400 542 -576
268 -1425 -1018 76
33 -374 544 -551
275 -1423 -1002 87
8 -379 550 -562
255 -1418 -986 94
-490 474 -191 -27
204 -242 -230 -370
-470 470 -193 -22
183 -261 -234 -391
-484 471 -189 -19
202 -244 -209 -384
-498 469 -190 -43
185 -260 -214 -376
-950 128 193 221
-972 304 -489 342
-942 129 194 217
-984 285 -497 334
-940 130 166 216
-968 299 -473 326
-935 127 165 211
-982 284 -477 350
322 260 -585 -39
473 537 -35 112
323 268 -595 -16
467 562 -7 95
296 241 -572 -17
461 555 -12 77
298 242 -583 -26
453 551 17 96
495 -510 317 -1028
241 238 -346 -225
477 -511 316 -1030
225 250 -338 -224
460 -512 317 -1035
244 256 -334 -255
474 -515 346 -1040
228 237 -328 -249
260 -84 -81 363
-652 406 474 -77
231 -76 -65 344
-667 397 470 -88
232 -66 -81 360
-653 423 471 -103
236 -27 -66 338
-670 444 473 -113
35 39 -376 212
-838 112 -394 866
7 46 -367 200
-844 129 -375 868
13 85 -361 186
-823 144 -388 843
23 88 -356 176
-835 161 -399 848
1092 -305 176 191
222 -300 373 -172
1102 -291 190 191
249 -279 359 -153
1114 -312 206 163
248 -290 347 -167
1090 -297 194 163
245 -272 361 -179
-6 470 72 -471
751 240 426 228
-11 460 83 -463
768 256 436 231
13 479 61 -490
782 237 416 243
6 468 70 -479
807 222 423 250
-328 -214 -167 -689
261 -896 -163 -359
-306 -203 -176 -675
267 -900 -164 -363
-284 -228 -184 -659
272 -908 -165 -335
-295 -221 -223 -680
307 -919 -201 -333
-211 471 690 -138
-703 685 -153 -359
-199 461 676 -146
-704 668 -176 -368
-189 454 663 -121
-706 689 -167 -349
-179 445 657 -123
-685 671 -189 -360
311 -319 190 -85
277 -222 -196 542
303 -319 189 -109
265 -224 -202 512
298 -290 187 -98
254 -225 -209 519
293 -293 224 -91
248 -194 -187 522
-16 -639 262 -738
17 -150 -481 -645
-31 -638 269 -739
2 -140 -483 -653
-45 -605 277 -745
-11 -132 -486 -659
-30 -603 280 -745
13 -120 -460 -667
-247 260 -140 348
-399 197 391 255
-272 263 -152 344
-414 203 398 254
-261 267 -135 344
-396 212 405 253
-255 264 -148 312
-417 219 387 251
-562 -503 -262 -265
-302 -260 -583 441
-550 -493 -270 -242
-284 -264 -560 434
-567 -486 -277 -252
-297 -270 -571 431
-548 -481 -256 -264
-310 -275 -581 431
37 -14 155 -246
-107 -100 -59 -728
11 5 183 -271
-118 -104 -55 -754
19 -3 176 -263
-127 -105 -51 -752
-9 -14 173 -287
-130 -75 -21 -754
