-10 -17 0 0
-77 -137 29 51
-9 -17 0 0
-71 -138 27 52
-9 -17 0 0
-65 -139 25 52
-8 -17 0 0
-68 -156 23 52
-367 -675 178 322
-1615 -3005 729 1360
-356 -719 174 343
-1551 -3182 715 1466
-342 -762 168 363
-1462 -3319 677 1536
-321 -784 153 365
-1358 -3396 631 1581
5182 6564 8667 15237
3457 2847 -2342 -2712
5293 6816 7702 14774
3343 2958 -2269 -2858
5314 7032 6782 14260
3221 3065 -2150 -3016
5291 7319 5943 13666
3058 3173 -1998 -3195
2155 2831 214 116
169 574 1652 1743
2095 2880 316 58
154 583 1711 1725
1997 2923 419 -36
106 607 1769 1742
1884 2962 549 -103
93 595 1829 1709
113 -2275 621 156
-324 -341 -71 -51
120 -2282 656 151
-310 -322 -89 -45
143 -2260 645 174
-310 -340 -92 -47
117 -2290 660 178
-330 -341 -65 -31
15 156 -49 -378
4 35 -8 -75
2 173 -17 -427
1 40 -1 -84
-15 193 23 -486
-2 44 7 -93
-26 215 48 -556
-4 51 12 -103
1 4 -2 -13
0 0 0 -1
1 5 -1 -17
0 0 0 -1
0 6 1 -19
0 0 0 -2
0 7 2 -21
0 0 0 -2
0 0 0 0
0 0 0 0
0 0 0 0
0 0 0 0
0 0 0 0
0 0 0 0
0 0 0 0
0 0 0 0
0 0 0 0
0 0 0 0
0 0 0 0
0 0 0 0
0 0 0 0
0 0 0 0
0 0 0 0
0 0 0 0
0 0 0 0
4 1 -1 0
0 0 0 0
3 1 -1 0
0 0 0 0
3 2 -1 -1
0 0 0 0
2 2 -1 -1
31 9 -12 -3
245 42 -91 -24
25 11 -9 -4
202 55 -78 -30
23 15 -8 -6
193 92 -74 -40
19 17 -7 -6
173 102 -65 -45
930 207 -489 -106
2821 400 -1637 -303
879 228 -450 -149
2748 481 -1581 -359
835 283 -428 -157
2637 569 -1502 -405
744 319 -386 -180
2485 635 -1403 -461
15078 374 -5173 -463
-6710 10520 11824 13359
14990 480 -5067 -558
-6749 10627 11919 13246
14854 591 -4962 -632
-6841 10689 12009 13172
14711 672 -4779 -727
-6991 10735 12163 13112
-611 197 -1903 -381
825 -1597 819 723
-638 265 -1868 -456
829 -1565 822 698
-694 287 -1796 -513
846 -1563 854 693
-762 279 -1711 -548
833 -1583 873 668
2219 -679 540 -422
-2816 -1592 664 -557
2266 -671 524 -402
-2803 -1618 648 -564
2296 -680 530 -408
-2795 -1607 619 -550
2319 -696 511 -421
-2773 -1606 599 -562
683 -174 -312 -1777
-81 -323 -850 780
691 -172 -328 -1788
-97 -337 -868 792
683 -192 -361 -1788
-101 -341 -856 797
716 -183 -360 -1794
-101 -348 -868 812
-1026 -491 -166 -1243
687 1496 72 -610
-1024 -510 -162 -1212
672 1487 101 -579
-1054 -565 -156 -1206
645 1466 126 -558
-1050 -570 -110 -1186
640 1431 155 -557
148 315 -1000 672
593 -302 419 292
124 324 -947 714
565 -337 430 310
93 292 -943 722
551 -355 468 344
82 280 -904 755
530 -363 474 347
-344 531 768 -717
864 -281 -1120 526
-382 500 781 -700
850 -284 -1081 537
-376 503 809 -700
830 -293 -1069 557
-409 473 819 -676
815 -298 -1067 567
386 -61 -455 711
-206 320 859 -1005
394 -77 -444 723
-179 311 856 -984
400 -99 -432 742
-163 280 860 -964
408 -90 -425 752
-163 274 843 -938
-550 897 579 354
384 -183 842 640
-522 894 557 375
385 -199 833 644
-526 891 547 383
395 -211 815 676
-513 867 543 407
419 -227 812 670
-114 -1258 -917 -750
416 -243 707 -423
-95 -1255 -919 -762
415 -235 674 -406
-91 -1266 -954 -748
431 -232 672 -405
-79 -1269 -948 -737
446 -227 668 -434
-564 -64 270 -368
71 -384 -809 -496
-562 -78 288 -346
74 -399 -817 -498
-545 -64 272 -374
81 -384 -814 -497
-556 -73 262 -354
86 -399 -823 -499
-339 567 -267 154
285 -648 -296 120
-339 582 -258 157
280 -634 -305 116
-352 586 -272 147
280 -644 -311 95
-338 581 -264 156
259 -631 -273 78
-482 -83 755 219
976 137 142 167
-486 -70 767 211
981 150 158 149
-501 -96 753 222
959 148 154 155
-502 -85 754 217
973 134 166 141
120 318 -307 107
-426 796 -436 0
95 298 -270 100
-435 792 -425 6
96 296 -279 99
-447 791 -429 3
78 322 -249 95
-439 784 -428 14
-216 5 -91 716
1006 -111 385 -350
-207 13 -118 707
1001 -115 373 -345
-228 -13 -90 705
1017 -150 375 -344
-214 0 -77 727
1013 -140 366 -316
-28 -276 539 -573
-760 -290 -351 -681
-24 -288 537 -560
-746 -306 -364 -667
8 -304 522 -530
-736 -292 -366 -676
8 -319 523 -521
-731 -295 -375 -638
-392 365 -194 -482
-54 -393 -167 545
-355 351 -200 -479
-31 -405 -175 565
-361 357 -220 -445
-11 -396 -187 549
-330 347 -222 -446
12 -385 -193 569
166 -145 548 37
-260 -562 196 -302
169 -134 519 30
-243 -551 196 -302
188 -135 518 11
-240 -548 167 -323
210 -130 491 22
-256 -537 190 -320
591 -570 -146 -619
153 134 -440 287
586 -558 -148 -625
125 123 -434 281
585 -561 -147 -652
126 116 -437 282
589 -548 -161 -659
106 138 -439 272
-311 -281 220 -476
-54 559 410 -79
-296 -280 242 -453
-46 544 415 -70
-329 -290 257 -458
-62 534 422 -57
-323 -304 249 -450
-71 520 408 -40
273 222 36 -453
-63 -108 -336 146
266 208 52 -421
-54 -124 -318 140
270 177 51 -414
-86 -131 -325 166
266 162 70 -381
-76 -132 -311 185
-550 -699 -120 -329
-34 395 -201 -52
-558 -727 -138 -325
-52 408 -211 -45
-557 -709 -135 -307
-35 410 -201 -57
-551 -714 -129 -312
-31 406 -218 -36
-512 -170 -218 -220
127 -150 41 -191
-495 -179 -251 -205
132 -162 34 -183
-496 -186 -246 -186
119 -139 18 -184
-505 -173 -233 -218
121 -149 29 -188
-420 -40 -271 129
9 305 151 191
-438 -38 -254 129
9 314 170 179
-423 -26 -258 110
7 312 198 186
-425 -42 -266 137
0 324 186 208
200 244 -364 50
112 86 -177 196
206 244 -361 49
117 92 -148 175
191 235 -355 55
92 85 -154 185
175 243 -347 79
105 84 -142 186
-746 350 -260 255
176 557 1 518
-765 350 -260 296
181 538 -19 518
-764 340 -274 296
190 555 2 539
-743 360 -260 285
215 532 -13 553
263 367 353 175
52 28 304 -314
262 348 319 171
58 19 277 -308
269 367 311 194
76 12 272 -299
292 349 318 189
62 4 293 -297
-159 293 -387 867
160 -204 -275 -189
-163 287 -383 881
155 -206 -279 -192
-165 267 -382 872
152 -212 -283 -192
-166 288 -392 883
148 -216 -288 -185
-381 -190 -147 1
-282 330 168 -620
-381 -173 -155 -5
-260 328 180 -607
-376 -184 -166 -5
-242 329 163 -605
-376 -170 -174 -8
-257 327 157 -594
-591 -848 207 -186
366 941 -943 455
-584 -821 217 -184
399 933 -939 440
-565 -828 201 -178
384 948 -939 442
-568 -830 181 -169
378 953 -954 418
-8 -958 348 641
-198 119 -521 -695
-3 -937 334 653
-192 108 -515 -703
13 -934 345 634
-185 114 -512 -683
-13 -931 335 621
-201 106 -513 -687
-600 -451 127 -582
393 -61 447 -9
-589 -468 125 -578
407 -79 429 -11
-586 -454 125 -586
439 -103 438 1
-573 -473 111 -585
456 -80 420 19
-66 641 282 -354
115 -90 -240 -22
-49 636 280 -353
127 -107 -227 7
-64 615 250 -348
130 -108 -251 -8
-42 610 246 -339
129 -129 -266 24
301 -492 47 76
343 683 145 463
301 -489 38 69
353 691 146 473
295 -525 35 84
329 671 156 484
292 -508 31 100
337 673 158 465
54 308 845 -312
-236 44 -893 643
53 305 836 -317
-260 45 -894 670
63 303 845 -312
-241 68 -884 644
60 305 841 -321
-265 53 -887 647
-93 -414 -74 281
-462 993 -400 -384
-93 -385 -69 283
-460 992 -386 -399
-95 -415 -56 282
-455 973 -372 -385
-89 -391 -53 289
-467 976 -384 -401
70 28 413 443
142 -368 -338 261
60 38 416 441
146 -387 -328 265
77 36 416 453
147 -361 -308 270
73 45 425 447
147 -357 -329 270
-325 995 -17 473
244 -78 108 425
-328 986 -5 472
224 -66 96 432
-334 985 8 472
244 -69 106 409
-351 1001 -3 479
225 -69 100 430
-6 92 -47 121
389 253 38 -12
-8 97 -52 111
406 264 53 8
-9 76 -52 109
381 243 48 -5
-11 88 -60 128
406 208 58 20
138 160 -143 -374
309 136 1374 139
153 142 -136 -335
303 119 1371 180
147 136 -136 -313
324 117 1351 186
145 138 -157 -312
309 111 1362 191
168 514 168 88
-433 -234 -382 502
165 532 149 66
-414 -237 -389 508
156 516 142 64
-423 -241 -392 505
194 516 141 88
-405 -242 -398 498
-127 -315 181 -109
678 26 641 221
-130 -290 184 -111
644 27 623 220
-132 -288 178 -112
655 67 622 197
-111 -261 177 -119
662 78 636 192
287 -419 34 445
-480 -369 -818 -273
269 -392 43 442
-484 -367 -824 -264
280 -374 48 419
-474 -353 -826 -281
287 -355 56 386
-466 -353 -801 -300
-14 -80 719 -434
15 744 535 622
6 -72 694 -438
31 747 564 591
9 -75 717 -426
39 761 554 590
13 -52 693 -463
39 756 517 580
-332 60 -520 -127
438 -386 -308 -486
-356 70 -533 -133
435 -390 -309 -500
-334 78 -530 -143
418 -376 -331 -491
-332 54 -546 -138
415 -370 -323 -490
104 31 356 65
762 224 336 901
97 41 370 76
734 235 354 878
87 64 389 53
729 235 371 875
86 66 400 64
713 258 361 883
282 39 -402 200
-298 52 -106 197
284 45 -410 196
-307 33 -60 190
277 43 -381 197
-317 27 -60 213
222 55 -365 189
-317 37 -39 200
512 -333 405 -1208
-841 -297 -505 -52
506 -329 437 -1197
-870 -311 -504 -29
519 -337 439 -1194
-881 -306 -493 -51
500 -333 448 -1179
-877 -321 -468 -24
-628 6 -240 201
516 -392 -572 -867
-623 4 -238 194
482 -397 -561 -872
-634 -4 -216 207
437 -360 -513 -857
-658 -4 -196 204
409 -364 -513 -865
563 -260 -1025 -456
2704 225 -1882 -573
479 -189 -957 -477
2587 335 -1776 -667
425 -169 -910 -505
2425 414 -1655 -727
304 -130 -861 -526
2230 525 -1507 -805
17925 -556 -5233 197
-6262 10937 14006 16674
17712 -416 -5074 88
-6445 11041 14201 16528
17512 -290 -4872 -25
-6668 11152 14417 16429
17272 -172 -4619 -140
-6916 11231 14678 16335
1306 2135 -4596 -1502
3130 143 655 -120
1165 2231 -4427 -1563
3062 194 770 -141
995 2243 -4249 -1664
2994 191 859 -180
825 2295 -4029 -1734
2897 202 981 -203
981 162 1343 1706
-3310 -2403 1491 227
952 192 1412 1674
-3301 -2393 1480 216
912 194 1455 1684
-3293 -2353 1499 177
929 184 1491 1674
-3285 -2359 1506 178
1133 622 -1527 40
446 -293 -183 -114
1126 644 -1539 35
430 -289 -174 -103
1132 660 -1555 15
444 -300 -176 -113
1127 678 -1549 -10
432 -312 -173 -126
-714 1083 -46 -1552
1108 392 -595 -1261
-718 1057 -36 -1535
1113 357 -606 -1265
-737 1047 -10 -1515
1092 338 -604 -1204
-746 1021 -20 -1497
1076 301 -558 -1183
-985 243 343 1676
222 1204 315 424
-978 200 366 1688
223 1194 348 452
-991 193 379 1722
247 1163 336 464
-1008 146 396 1773
247 1145 331 498
-1063 1801 644 -177
240 -370 -1161 991
-1070 1777 637 -183
253 -365 -1184 1002
-1055 1762 639 -162
265 -394 -1198 1018
-1037 1724 628 -138
281 -397 -1218 1018
131 -351 -597 159
326 -298 873 -423
160 -359 -622 175
362 -303 862 -442
186 -347 -646 179
372 -298 860 -426
193 -379 -670 179
389 -313 819 -437
-797 586 1185 536
374 179 -207 279
-778 596 1171 529
373 185 -224 282
-773 614 1124 518
393 200 -242 255
-766 621 1125 517
390 206 -255 261
1204 -112 302 261
-526 -354 -78 255
1205 -117 284 237
-552 -369 -72 231
1219 -93 302 252
-555 -343 -75 239
1198 -98 286 229
-541 -335 -68 210
-197 131 217 -421
756 577 -463 161
-180 139 212 -423
766 591 -435 170
-192 141 224 -448
768 623 -444 149
-200 153 230 -443
750 624 -454 133
134 -422 66 345
-11 -566 286 209
109 -398 62 331
-4 -544 273 188
119 -400 81 312
-7 -554 271 182
118 -382 62 305
-19 -536 278 166
-177 277 550 233
-85 -297 -326 -732
-165 264 537 244
-84 -282 -334 -724
-185 289 536 239
-85 -301 -351 -735
-175 265 562 229
-95 -311 -330 -726
-48 335 -197 352
107 538 526 -178
-36 328 -199 377
115 498 528 -159
-12 315 -177 367
120 498 531 -149
-14 311 -198 381
114 482 499 -114
364 -18 -667 467
-773 29 148 -47
345 -44 -688 482
-781 15 132 -27
364 -50 -689 471
-762 10 147 -24
360 -70 -685 475
-777 1 131 -12
408 590 429 -40
-172 112 -250 -59
392 582 420 -38
-185 110 -220 -84
392 588 450 -22
-207 92 -221 -65
381 582 445 -25
-186 106 -204 -68
396 58 -381 338
-57 -407 -247 -308
404 63 -382 360
-56 -435 -231 -315
387 64 -378 341
-49 -432 -230 -327
401 52 -375 337
-62 -419 -241 -311
85 307 491 -70
631 -388 653 314
66 302 487 -47
625 -395 644 332
70 291 477 -41
611 -389 650 323
72 302 476 -42
624 -417 654 336
249 560 -76 -438
139 -397 -442 546
252 555 -82 -447
111 -392 -426 539
223 572 -80 -447
110 -398 -401 550
217 568 -71 -454
80 -395 -382 546
-182 286 -176 21
129 -626 82 759
-208 275 -144 4
98 -631 93 749
-213 305 -153 8
96 -616 112 744
-239 300 -122 -12
89 -597 121 729
266 281 -304 -259
-306 596 -72 -365
261 259 -282 -274
-297 577 -51 -373
248 275 -277 -259
-299 567 -55 -377
238 251 -243 -262
-314 567 -30 -367
79 -431 255 -218
537 530 657 -88
63 -436 268 -200
535 531 675 -105
39 -431 260 -216
525 524 669 -102
62 -438 252 -207
541 544 664 -96
-46 -358 207 845
121 -63 194 -101
-69 -350 206 854
131 -55 197 -116
-59 -353 197 872
127 -56 185 -99
-54 -358 202 856
125 -42 172 -112
-214 -246 -445 -365
539 -335 536 -267
-227 -235 -454 -340
554 -326 515 -272
-225 -229 -463 -359
550 -338 541 -272
-216 -229 -477 -361
559 -326 535 -274
283 -233 193 -746
683 -106 296 318
282 -226 196 -721
681 -106 290 331
285 -219 184 -738
677 -117 280 321
276 -225 191 -739
685 -120 300 342
516 239 319 277
-793 782 41 188
514 219 328 270
-804 780 29 192
507 223 339 263
-805 776 41 205
504 204 343 257
-784 780 48 202
1261 325 312 800
-128 478 -615 -169
1275 315 334 812
-133 453 -591 -152
1261 305 331 825
-151 437 -606 -141
1239 300 345 835
-136 444 -599 -136
-39 -325 313 -84
-369 -110 -308 -199
-16 -329 302 -70
-362 -116 -310 -199
-26 -346 303 -86
-358 -141 -319 -192
-41 -354 319 -63
-357 -146 -325 -192
241 -499 1030 -256
-195 353 -196 497
236 -517 1017 -238
-176 347 -207 477
268 -512 1027 -266
-180 365 -210 466
259 -506 1023 -255
-181 396 -221 478
-80 148 281 171
140 294 -123 164
-80 159 311 153
158 292 -127 156
-64 170 300 145
146 324 -112 139
-63 179 289 135
147 323 -142 131
-175 248 61 403
315 -9 -698 404
-183 247 61 404
298 -21 -691 411
-186 257 49 385
294 -11 -691 428
-184 263 80 384
304 -13 -670 405
-394 307 135 -62
-41 -530 92 -745
-401 321 162 -66
-42 -523 86 -774
-395 309 156 -77
-56 -542 100 -761
-412 308 150 -61
-59 -556 98 -755
400 -326 470 -349
37 -446 -764 1199
408 -329 451 -358
9 -443 -765 1203
424 -314 464 -353
22 -436 -752 1205
411 -294 450 -355
26 -439 -775 1182
813 262 365 -585
-878 104 385 -494
808 265 358 -573
-858 89 369 -480
805 283 358 -570
-838 88 354 -501
813 279 363 -586
-845 76 391 -488
-632 -252 -556 -593
-367 42 38 388
-616 -253 -553 -591
-337 7 34 380
-609 -292 -575 -566
-346 14 15 387
-589 -297 -584 -565
-312 18 10 404
602 34 353 -44
-307 -88 71 -62
604 33 358 -50
-290 -90 65 -58
643 34 348 -52
-288 -85 41 -58
638 31 328 -50
-270 -87 36 -52
23 -292 -235 -112
-406 -347 80 192
67 -296 -234 -106
-386 -362 62 164
68 -292 -247 -129
-392 -374 44 184
69 -299 -265 -121
-354 -352 43 178
-69 179 92 -568
-182 625 50 300
-60 176 89 -566
-155 602 37 293
-22 169 71 -565
-158 585 41 318
-26 165 41 -558
-133 605 33 332
21 374 -500 17
-312 -314 215 -230
39 371 -518 15
-300 -344 205 -226
61 352 -548 42
-282 -336 193 -218
77 348 -565 48
-270 -368 187 -211
-268 -400 380 28
-732 -209 -503 -428
-240 -406 379 14
-711 -222 -508 -425
-217 -408 353 36
-696 -216 -539 -402
-205 -415 333 25
-676 -203 -540 -406
252 -496 49 -31
164 218 90 -603
244 -479 58 -26
177 236 93 -600
254 -504 42 -45
169 226 89 -599
282 -494 46 -26
186 238 75 -592
-418 239 -482 559
-320 -84 27 278
-412 230 -518 545
-307 -80 33 287
-393 232 -526 548
-307 -105 16 298
-411 210 -510 570
-309 -93 18 288
-708 -168 -665 78
-388 10 163 -508
-700 -178 -659 76
-364 28 160 -501
-697 -171 -647 87
-372 27 169 -501
-700 -178 -683 80
-372 27 176 -500
215 196 -635 505
193 -20 -192 -332
194 184 -627 513
206 -18 -203 -313
213 184 -608 506
208 -22 -180 -327
227 190 -621 495
192 4 -177 -351
272 31 321 111
-145 -269 -49 573
279 26 333 110
-126 -250 -69 544
269 47 310 106
-133 -247 -52 534
275 43 313 93
-127 -227 -69 554
282 53 -83 -139
626 59 915 -238
273 62 -101 -159
618 76 902 -219
277 60 -106 -146
652 83 904 -242
276 67 -93 -164
644 94 891 -223
111 -111 762 -119
667 300 195 383
115 -102 747 -149
662 335 206 380
120 -82 736 -150
664 322 188 358
142 -92 718 -146
655 335 214 346
504 91 73 362
-161 -172 66 457
509 106 60 344
-139 -132 52 465
515 110 91 350
-155 -125 46 435
509 129 81 318
-153 -126 68 423
-110 134 -303 255
-400 76 -89 204
-110 147 -314 246
-434 77 -103 194
-102 165 -305 225
-458 105 -92 176
-111 182 -325 206
-499 134 -66 157
1203 186 -989 -101
2317 814 -1704 192
1125 235 -944 -143
2164 930 -1622 100
1067 296 -902 -176
1994 1015 -1497 57
953 312 -843 -208
1768 1099 -1350 -39
18584 -1150 -6036 325
-2995 8570 16340 17947
18320 -1045 -5854 232
-3214 8682 16598 17830
18105 -911 -5606 122
-3515 8773 16869 17716
17824 -787 -5345 20
-3799 8915 17166 17593
2666 2712 -3695 -2845
3062 840 -505 -888
2459 2771 -3469 -2916
2925 853 -318 -937
2241 2827 -3224 -3012
2797 888 -177 -985
2018 2889 -2958 -3093
2665 888 -8 -1023
1128 633 1649 1990
-2114 -2081 1267 -265
1085 658 1756 1966
-2123 -2091 1284 -245
1037 629 1828 1979
-2122 -2106 1300 -238
987 594 1893 1972
-2157 -2130 1333 -224
2 363 -1377 -84
698 1184 -402 -91
11 344 -1399 -72
709 1167 -424 -42
24 330 -1380 -60
735 1113 -419 -12
19 289 -1390 -40
709 1085 -426 -2
-1632 702 464 -1597
428 -258 -425 371
-1614 636 443 -1573
460 -295 -427 386
-1605 612 426 -1543
453 -323 -442 435
-1611 574 415 -1476
457 -350 -424 469
-466 -26 93 512
-84 979 836 476
-461 -47 93 524
-62 973 801 460
-440 -51 86 532
-66 951 817 487
-437 -83 80 546
-70 960 791 499
-612 386 -87 -557
990 -469 -1267 1273
-626 379 -92 -543
997 -486 -1257 1283
-624 383 -81 -552
989 -471 -1254 1285
-630 377 -98 -549
990 -488 -1258 1301
-988 1 95 359
146 -260 -40 -529
-976 -12 115 375
169 -253 -53 -533
-963 -6 120 370
172 -263 -65 -551
-962 1 96 353
175 -249 -70 -550
232 85 1325 192
-389 -533 -406 -287
225 89 1343 200
-377 -549 -433 -294
231 95 1324 214
-381 -544 -418 -302
244 96 1303 193
-373 -528 -437 -317
414 -444 -312 -423
753 292 -315 344
402 -449 -310 -440
745 282 -300 322
404 -447 -326 -420
736 296 -320 322
397 -426 -323 -435
739 291 -314 312
-493 -306 1121 -215
-341 99 -588 563
-498 -304 1143 -190
-337 106 -611 541
-498 -284 1142 -206
-323 100 -591 538
-496 -289 1140 -213
-351 129 -591 516
-643 165 -655 -78
442 -128 -112 71
-660 172 -643 -106
421 -129 -102 75
-646 166 -641 -102
430 -122 -86 60
-660 185 -641 -96
417 -116 -79 55
-237 370 2 100
385 785 146 1045
-246 369 11 117
379 792 160 1027
-229 395 24 122
338 772 167 1026
-234 379 28 111
347 796 179 1036
-145 -202 -566 -167
-563 -83 158 332
-156 -213 -534 -160
-561 -73 143 327
-153 -194 -543 -175
-553 -67 171 332
-148 -195 -550 -180
-563 -73 177 299
-187 -367 -437 226
166 566 236 -144
-201 -344 -442 220
149 584 232 -155
-210 -326 -451 215
166 576 219 -158
-185 -332 -434 217
151 573 226 -176
227 -8 -236 17
-218 -376 43 -767
229 6 -223 21
-217 -382 52 -753
218 -1 -227 17
-213 -357 67 -761
233 -9 -219 10
-216 -360 49 -766
-1263 -112 -523 426
-764 823 -763 895
-1260 -101 -499 412
-777 834 -779 877
-1272 -98 -498 411
-768 840 -766 866
-1281 -97 -496 401
-757 821 -782 862
-567 -124 -1205 -233
-224 175 9 132
-581 -140 -1193 -256
-206 211 0 120
-578 -121 -1218 -259
-219 218 14 122
-593 -117 -1195 -272
-226 214 14 84
854 -284 521 7
-233 230 -769 45
836 -269 532 -3
-240 236 -740 43
829 -246 536 -26
-260 256 -742 11
822 -238 538 -42
-262 257 -722 16
-536 -176 -298 47
-145 77 52 138
-537 -152 -310 21
-151 92 64 111
-529 -139 -293 13
-151 102 73 90
-560 -128 -301 -5
-146 128 72 94
487 -959 192 420
-572 315 519 -567
497 -950 203 395
-554 322 504 -579
500 -948 184 376
-523 329 490 -590
502 -916 165 347
-508 319 478 -614
251 204 -60 321
405 -146 682 -108
279 220 -96 313
408 -129 678 -107
286 233 -86 307
416 -139 663 -101
315 250 -123 303
452 -139 654 -122
-198 316 -239 394
-387 95 29 102
-175 317 -248 395
-389 94 44 134
-169 328 -262 382
-365 86 11 136
-165 306 -288 395
-363 81 31 126
224 -350 -17 -812
-13 102 113 -164
212 -331 -4 -790
-23 89 102 -156
211 -355 -8 -787
-36 116 109 -132
214 -376 -26 -787
-30 106 111 -132
-120 -222 -468 70
302 422 0 351
-137 -242 -475 62
288 424 26 340
-148 -227 -483 83
284 427 23 338
-158 -249 -450 77
269 428 49 329
301 -365 -322 301
58 -150 260 -693
276 -336 -323 308
51 -142 280 -706
257 -353 -282 299
43 -119 298 -704
249 -327 -262 308
45 -139 309 -711
-120 471 101 315
-50 -542 452 -219
-104 458 109 315
-44 -520 461 -240
-109 471 118 309
-45 -540 430 -240
-109 458 97 303
-48 -507 448 -239
230 -452 390 -381
59 -197 -131 29
221 -450 378 -398
52 -192 -117 37
215 -459 366 -391
28 -160 -129 27
220 -454 380 -410
24 -171 -122 11
76 290 -262 32
-339 625 -220 346
64 294 -274 16
-356 632 -173 331
43 307 -254 35
-378 638 -169 315
33 310 -246 25
-369 646 -177 304
-124 -238 -779 278
-124 -709 -497 248
-133 -221 -762 265
-133 -700 -459 238
-160 -234 -743 258
-150 -694 -458 220
-163 -222 -717 249
-170 -692 -444 215
-777 -168 -271 -189
37 255 -429 -295
-773 -150 -275 -216
10 269 -396 -289
-775 -113 -248 -221
15 275 -414 -316
-800 -125 -241 -241
23 270 -397 -320
-94 351 -266 -73
26 -43 -48 629
-99 335 -270 -75
52 -36 -54 613
-95 336 -293 -75
46 -28 -36 640
-104 325 -286 -91
69 -46 -39 628
-307 95 101 -230
-419 59 550 -197
-301 65 92 -230
-406 49 533 -200
-269 75 71 -209
-402 35 531 -197
-270 79 68 -228
-394 43 522 -196
687 23 41 229
-119 217 -248 45
691 7 28 211
-119 204 -250 77
697 7 18 219
-119 190 -253 75
706 0 6 241
-115 166 -260 79
-963 239 -249 -471
394 642 93 193
-955 229 -256 -450
407 636 97 198
-954 229 -262 -459
394 644 111 241
-944 217 -273 -439
400 614 91 250
416 643 232 949
-766 555 -588 387
416 613 251 982
-762 554 -574 411
422 602 258 980
-779 556 -562 417
393 603 258 994
-788 531 -585 427
-254 904 49 -181
148 145 -23 853
-283 897 58 -195
124 135 -15 874
-276 901 48 -169
132 109 -5 868
-264 878 82 -151
115 124 9 870
-309 428 -720 146
-266 147 -513 550
-301 417 -712 151
-262 150 -512 532
-332 431 -716 153
-255 150 -520 526
-320 436 -715 166
-276 179 -516 548
284 31 232 -28
-111 -126 420 196
269 57 242 -31
-116 -135 433 184
282 43 248 -53
-119 -116 457 160
279 53 246 -38
-135 -126 445 184
110 -462 -623 198
-477 16 -375 -394
120 -457 -620 176
-475 13 -389 -380
113 -452 -641 165
-470 3 -368 -392
123 -459 -637 173
-476 20 -378 -404
-864 15 136 184
191 826 338 -94
-865 12 109 210
210 816 344 -104
-859 -5 110 214
207 797 354 -106
-849 11 112 200
215 801 336 -103
412 305 -608 79
-202 310 57 608
408 301 -610 56
-199 282 73 607
416 279 -630 65
-173 298 81 614
436 293 -611 108
-187 269 68 613
-117 -69 -200 -419
287 84 -34 426
-92 -72 -206 -410
299 93 -32 441
-104 -72 -190 -400
280 78 -30 436
-109 -78 -185 -395
295 84 -36 454
65 79 500 -130
-727 292 -353 547
63 87 493 -130
-729 282 -332 557
57 77 504 -92
-736 269 -357 557
55 83 500 -92
-712 255 -343 574
-260 178 -382 -191
-120 -339 63 -284
-267 174 -393 -201
-87 -352 77 -263
-272 160 -402 -184
-100 -350 75 -264
-283 173 -399 -173
-110 -354 73 -253
320 110 -378 -353
312 129 528 225
325 102 -397 -325
292 132 544 229
322 108 -394 -332
307 107 539 254
319 93 -392 -335
304 93 538 238
-668 69 -1360 -149
-306 49 616 352
-665 51 -1356 -140
-277 56 608 357
-662 68 -1349 -150
-289 47 585 347
-673 43 -1380 -134
-265 27 588 360
-725 -186 106 -153
7 875 -204 -57
-714 -190 89 -146
14 861 -236 -51
-686 -200 65 -133
25 822 -225 -36
-651 -206 49 -138
57 833 -246 -8
-796 -381 252 -502
136 -99 -754 267
-775 -382 227 -475
112 -81 -751 251
-769 -382 232 -464
101 -93 -765 241
-755 -399 223 -471
80 -64 -760 257
712 -27 -1318 248
3185 -685 -2169 -201
649 18 -1246 241
3052 -611 -2067 -277
572 65 -1199 226
2868 -529 -1953 -332
442 75 -1167 194
2656 -434 -1787 -396
19518 -1487 -6334 965
2045 6881 18594 15705
19277 -1379 -6142 886
1831 7005 18842 15598
19033 -1273 -5917 778
1550 7129 19125 15468
18753 -1118 -5642 661
1235 7228 19438 15330
2683 2748 -792 -2700
1945 2692 573 213
2493 2807 -577 -2754
1856 2744 748 158
2276 2885 -347 -2871
1782 2776 879 101
2059 2973 -62 -2968
1651 2813 1024 21
151 530 1782 1897
120 -2236 641 229
136 559 1835 1846
122 -2247 648 237
108 547 1901 1845
137 -2262 676 230
57 569 1959 1849
155 -2249 668 259
-287 -147 -52 -195
-222 957 -406 -724
-273 -175 -77 -176
-203 932 -445 -691
-234 -174 -113 -162
-172 910 -474 -651
-221 -223 -117 -151
-164 864 -459 -618
-1679 276 1470 -522
444 904 -1306 -480
-1643 243 1421 -492
462 878 -1333 -453
-1654 185 1408 -460
463 858 -1360 -442
-1601 173 1402 -426
457 856 -1363 -406
-451 -508 -1278 1258
-1490 796 304 479
-468 -494 -1274 1269
-1477 815 291 455
-447 -494 -1293 1283
-1452 814 290 467
-458 -487 -1305 1290
-1452 826 284 450
-72 495 280 221
249 -857 -885 878
-74 493 242 198
250 -839 -908 868
-46 511 250 182
263 -826 -895 852
-28 524 245 183
277 -791 -933 837
-452 640 162 695
642 -928 4 -1173
-457 664 149 675
636 -901 6 -1183
-445 687 156 661
624 -903 -22 -1193
-427 713 135 658
615 -872 -4 -1214
179 7 907 507
-38 -206 -93 12
205 29 911 500
-52 -211 -95 4
184 32 899 489
-57 -178 -77 -25
178 39 912 461
-54 -185 -67 -28
278 -77 -592 -589
-610 147 -28 -109
272 -68 -582 -586
-617 156 -25 -117
289 -71 -557 -602
-591 165 -37 -122
265 -57 -554 -603
-571 179 -31 -136
-505 411 463 837
-162 350 -491 703
-507 424 476 841
-171 351 -492 668
-522 415 476 824
-154 358 -497 667
-500 434 449 802
-157 364 -519 679
869 -36 68 537
1200 -108 656 -1082
885 -18 48 532
1199 -101 643 -1074
896 -28 39 531
1187 -91 637 -1081
874 -12 43 528
1198 -110 643 -1074
-49 -463 839 296
-1 194 356 -308
-41 -467 817 295
19 189 364 -292
-50 -452 826 316
0 184 338 -311
-32 -480 826 308
19 189 345 -313
-201 448 -375 256
-783 -569 28 -300
-179 442 -380 277
-757 -596 19 -310
-183 451 -389 270
-762 -582 5 -287
-162 457 -398 287
-738 -584 -3 -307
411 -457 -113 148
-199 -110 -9 -841
433 -457 -115 147
-192 -103 -30 -838
429 -446 -119 127
-190 -91 -36 -824
433 -445 -140 139
-192 -110 -24 -849
-451 -425 104 524
835 352 279 -244
-460 -426 129 541
825 374 301 -265
-430 -416 125 532
826 368 303 -264
-444 -399 105 510
805 398 302 -274
741 -842 -267 -45
-5 -411 496 224
735 -825 -265 -57
-10 -373 492 208
689 -801 -241 -82
-34 -371 513 170
703 -803 -219 -118
-35 -337 504 162
-921 27 -323 -638
-253 -371 71 816
-927 45 -319 -639
-240 -355 94 799
-913 56 -308 -677
-269 -342 95 787
-916 79 -308 -681
-265 -319 95 768
-5 402 -926 3
-486 104 -630 79
7 415 -931 22
-486 119 -646 56
6 409 -913 21
-491 113 -648 69
16 401 -917 -12
-477 102 -638 54
-691 185 -414 -47
196 469 729 229
-712 183 -408 -53
197 461 726 226
-699 192 -425 -48
204 468 732 243
-692 194 -425 -71
188 468 723 235
-11 103 -386 452
572 85 99 464
-6 126 -374 462
579 75 109 476
-5 128 -394 467
578 98 92 467
1 120 -380 450
587 103 101 438
-13 383 326 -136
-542 149 42 467
-7 395 338 -134
-549 169 27 436
-19 386 329 -149
-566 173 19 441
-10 419 338 -141
-552 177 0 429
1010 62 195 685
-511 -362 -337 430
1014 61 179 668
-518 -335 -340 428
989 91 176 630
-512 -354 -331 417
992 99 175 645
-525 -326 -335 410
-210 -10 231 -326
400 444 374 -684
-190 -12 242 -321
402 444 395 -654
-195 -33 252 -318
416 417 401 -664
-200 -31 270 -317
386 426 389 -646
407 -62 -291 -1
213 227 360 584
403 -93 -278 26
232 242 366 612
387 -90 -298 33
221 218 379 629
387 -114 -302 55
207 200 389 634
676 -326 607 200
-78 500 -344 -343
662 -344 612 212
-97 486 -327 -319
651 -350 608 212
-111 491 -318 -333
655 -358 627 209
-132 516 -310 -326
638 237 -50 370
-8 -569 -105 334
643 241 -29 361
-18 -583 -105 324
630 235 -33 368
-21 -583 -74 343
609 237 -10 366
-36 -597 -85 335
700 -126 428 -864
150 408 708 546
708 -149 438 -853
135 397 716 564
720 -134 444 -859
151 395 717 563
703 -151 463 -853
145 393 715 579
-51 -460 378 -740
-1242 -476 -953 -630
-50 -466 383 -749
-1210 -478 -946 -622
-61 -465 374 -716
-1218 -483 -958 -615
-43 -467 346 -733
-1233 -485 -958 -608
-76 48 29 418
-88 -206 -554 -72
-66 62 46 419
-86 -197 -578 -74
-70 49 36 429
-71 -186 -574 -88
-80 61 30 434
-87 -200 -561 -85
350 -850 -247 -334
-627 777 392 -25
332 -861 -252 -348
-642 773 369 -41
340 -842 -265 -342
-647 777 384 -16
343 -849 -263 -370
-621 785 376 -35
948 -521 -134 -153
-470 80 -301 -196
953 -533 -116 -163
-450 75 -311 -206
974 -539 -132 -149
-465 62 -301 -189
969 -526 -132 -168
-453 54 -307 -184
-226 -56 407 -108
-36 -263 -77 -435
-231 -78 405 -100
-62 -243 -77 -442
-236 -69 398 -113
-63 -256 -81 -435
-245 -92 405 -100
-62 -243 -83 -444
132 -622 30 -53
-447 137 -281 -17
114 -603 16 -64
-455 168 -279 -32
136 -617 32 -74
-457 193 -272 -29
121 -592 26 -54
-439 199 -278 -38
287 147 102 127
13 -557 -224 -210
288 158 109 130
25 -545 -237 -227
304 156 85 93
31 -529 -235 -213
304 170 104 87
36 -526 -247 -227
99 -389 801 63
-37 -63 58 -312
111 -393 779 42
-29 -76 52 -291
116 -404 763 52
-30 -72 52 -318
135 -400 772 64
-29 -89 47 -300
639 501 244 -147
102 622 -145 196
654 513 218 -151
103 628 -135 192
655 489 225 -136
108 631 -141 207
656 494 230 -114
105 619 -147 187
-564 -725 -401 616
372 698 379 -125
-546 -725 -408 639
370 682 389 -130
-552 -733 -416 618
365 692 361 -139
-553 -737 -393 630
368 696 361 -123
-107 57 150 183
-229 -134 -122 -319
-103 66 162 183
-242 -152 -121 -310
-111 49 149 198
-228 -135 -121 -320
-105 61 158 188
-214 -152 -126 -313
-216 -307 -587 142
-16 -65 351 -207
-209 -298 -601 150
-7 -69 358 -214
-200 -312 -606 145
-11 -66 343 -188
-199 -303 -609 151
-2 -65 356 -199
189 586 52 91
-303 162 -185 642
175 588 44 104
-311 145 -214 625
179 590 39 115
-313 157 -203 631
188 576 28 103
-289 146 -199 649
-99 170 -205 -197
320 -708 -178 -344
-76 168 -212 -209
316 -691 -146 -322
-75 154 -218 -183
309 -714 -153 -335
-76 169 -210 -177
327 -695 -163 -321
-249 184 173 -131
71 -35 353 297
-269 173 167 -135
65 -33 348 301
-263 177 157 -122
82 -38 351 305
-262 166 163 -125
55 -35 340 310
3 -252 -299 -834
192 -397 46 116
1 -245 -314 -846
198 -374 40 103
-7 -259 -316 -825
202 -365 38 109
-21 -253 -321 -839
194 -374 66 106
29 10 -312 -194
23 48 -468 120
22 29 -305 -195
18 51 -455 130
12 26 -294 -207
8 53 -439 129
7 31 -302 -216
-26 76 -421 94
382 -283 281 29
479 -107 -343 12
383 -291 297 9
461 -95 -330 3
349 -288 325 14
443 -104 -301 -5
352 -278 333 7
424 -91 -287 2
-429 111 645 -353
-51 -589 7 235
-441 138 671 -339
-66 -568 3 226
-432 132 646 -360
-81 -574 12 216
-455 145 679 -372
-81 -564 36 219
-30 318 -560 -1119
-141 -390 -58 70
-33 301 -543 -1112
-145 -406 -52 47
-48 314 -554 -1122
-170 -409 -38 59
-43 296 -548 -1111
-167 -387 -36 58
-90 -49 -361 361
-344 -170 -31 -83
-103 -42 -325 373
-357 -185 -9 -84
-114 -46 -332 360
-381 -175 -14 -84
-139 -55 -324 362
-422 -163 17 -83
2140 15 -679 -51
3369 -791 -1639 -116
2074 53 -612 -88
3279 -738 -1559 -154
2016 111 -565 -94
3102 -662 -1448 -235
1891 138 -547 -125
2918 -556 -1312 -301
18678 -2567 -6632 2206
5973 4907 18229 13790
18496 -2450 -6475 2133
5815 5035 18435 13662
18276 -2326 -6291 2024
5578 5156 18641 13527
17999 -2183 -6032 1877
5309 5342 18941 13372
2329 2236 2727 -2763
-663 2623 1730 24
2193 2322 2876 -2854
-730 2668 1835 -57
2041 2441 3078 -2978
-764 2720 1939 -121
1830 2551 3285 -3124
-885 2777 2046 -236
458 281 1040 1115
349 -2215 743 68
466 310 1061 1079
378 -2209 730 40
452 317 1084 1052
393 -2202 723 40
440 353 1129 1004
407 -2221 712 36
68 -869 -328 -452
65 641 -45 -1079
119 -871 -368 -456
67 628 -76 -1078
143 -879 -374 -455
85 611 -92 -1048
154 -885 -403 -448
118 608 -101 -1054
-790 413 1014 -513
-1002 186 -1378 -192
-756 383 999 -484
-1000 181 -1389 -209
-763 385 965 -480
-968 193 -1411 -197
-742 387 975 -463
-969 183 -1416 -204
-602 -211 -1059 1315
-685 1252 -655 1152
-583 -203 -1077 1309
-684 1286 -639 1139
-587 -184 -1077 1271
-665 1290 -663 1125
-561 -164 -1095 1272
-652 1274 -675 1118
-172 289 692 -1134
-258 -242 -907 856
-155 329 652 -1157
-238 -224 -934 830
-145 346 635 -1145
-216 -195 -960 820
-107 348 616 -1171
-169 -204 -981 827
-147 -456 1189 473
-274 -521 39 -859
-117 -434 1169 472
-256 -497 20 -870
-83 -428 1153 448
-250 -472 -26 -879
-48 -412 1126 444
-216 -473 -29 -885
497 -845 203 -481
641 -7 -441 -248
513 -833 192 -494
629 4 -435 -237
489 -818 164 -506
642 31 -444 -252
511 -806 167 -528
643 29 -473 -261
-63 -818 748 -972
139 134 -675 477
-41 -799 735 -1004
130 150 -683 445
-61 -791 744 -1017
132 201 -669 445
-52 -742 754 -1022
118 201 -667 439
-1042 -277 -426 -164
-712 -462 55 -44
-1027 -255 -447 -195
-676 -444 40 -64
-1003 -237 -445 -214
-669 -404 32 -85
-1028 -207 -454 -211
-661 -391 19 -100
-268 -438 -574 373
176 -860 410 -871
-257 -405 -581 338
185 -837 402 -882
-241 -398 -598 325
191 -800 398 -933
-218 -370 -620 298
211 -782 363 -942
199 162 -529 162
-56 -78 31 465
223 203 -557 131
-40 -91 17 443
217 213 -579 124
-33 -62 -1 408
220 246 -583 99
-42 -47 32 414
-544 612 -51 187
-410 1043 -34 398
-544 626 -79 146
-425 1026 -49 388
-567 611 -68 163
-405 1030 -51 388
-558 633 -77 158
-427 1037 -62 396
36 239 -832 955
-284 -598 110 60
44 248 -857 980
-292 -614 107 81
32 230 -842 971
-286 -609 118 55
52 231 -843 961
-304 -598 121 70
248 377 -110 -479
53 -92 219 0
266 377 -123 -463
58 -75 235 -37
264 383 -138 -464
47 -85 217 -23
266 367 -117 -465
49 -60 222 -32
-73 945 -12 258
766 -616 148 662
-64 926 -37 253
757 -605 177 675
-69 956 -29 256
743 -614 163 671
-77 944 -24 248
745 -624 173 663
102 772 591 -380
91 -513 80 -3
102 775 613 -389
78 -520 111 8
107 752 633 -387
70 -523 113 5
68 758 631 -393
65 -510 131 10
-40 222 -20 528
273 62 -63 -409
-36 216 -31 529
244 66 -64 -394
-57 215 6 528
232 62 -52 -409
-55 204 -11 547
222 68 -33 -395
-102 4 -340 -117
586 -424 -178 -272
-142 -2 -327 -114
589 -434 -169 -254
-137 -1 -304 -110
596 -432 -158 -266
-152 -7 -304 -106
567 -446 -132 -247
-201 170 -87 -4
168 229 836 -815
-216 168 -83 -17
174 242 820 -827
-209 149 -85 -7
148 235 826 -804
-217 135 -65 -14
168 229 836 -786
-122 405 -39 755
217 556 424 659
-130 412 -32 760
216 522 411 652
-112 389 -41 761
229 523 435 659
-115 363 -40 767
233 502 420 672
-419 -193 -410 103
-135 234 -111 -352
-421 -203 -413 90
-137 221 -117 -328
-396 -229 -428 114
-144 220 -112 -322
-398 -225 -437 119
-146 213 -119 -306
579 -504 84 -929
-172 4 -277 377
569 -521 95 -910
-193 12 -263 388
562 -505 108 -905
-188 3 -259 387
560 -522 116 -893
-186 15 -256 401
448 -282 429 -229
444 -59 -81 128
453 -265 420 -225
431 -65 -45 133
432 -251 428 -215
411 -51 -48 138
406 -271 441 -231
408 -70 -28 116
283 1 405 -697
-1 -618 -481 336
265 2 420 -712
15 -608 -456 338
245 9 436 -686
-17 -632 -449 349
259 -18 441 -694
-22 -621 -438 341
-246 1112 293 -643
-588 -271 245 988
-233 1125 286 -631
-583 -270 237 984
-244 1112 308 -624
-596 -282 250 1000
-271 1095 319 -636
-583 -278 260 987
744 -309 -238 555
480 160 24 -482
729 -308 -244 567
466 141 24 -484
731 -306 -241 565
466 144 39 -467
739 -316 -231 553
456 136 28 -474
536 -386 419 -197
-179 414 22 -64
534 -375 426 -171
-162 412 43 -59
512 -401 432 -175
-175 391 26 -59
507 -400 440 -184
-184 370 51 -47
-339 581 -93 434
-154 -795 339 -377
-322 552 -75 461
-161 -810 316 -393
-321 555 -92 470
-157 -820 326 -374
-299 561 -89 477
-135 -824 298 -361
-660 -392 -845 -437
60 918 193 30
-652 -408 -849 -436
69 906 185 62
-636 -405 -862 -415
63 891 152 61
-647 -419 -881 -419
67 891 155 87
328 -113 285 86
-281 37 -81 3
341 -125 268 105
-283 30 -71 32
332 -131 261 119
-276 31 -102 32
345 -132 247 129
-278 35 -91 30
461 -566 232 -310
-455 -187 -317 -141
455 -552 210 -340
-452 -192 -336 -136
448 -559 237 -322
-471 -170 -324 -147
464 -540 211 -311
-457 -169 -309 -143
903 -450 329 252
-41 -576 256 -228
918 -441 337 224
-41 -555 252 -240
908 -425 337 236
-43 -559 260 -248
914 -392 318 203
-43 -542 258 -245
-475 199 407 -636
90 310 -66 218
-464 199 432 -638
116 312 -65 213
-456 204 410 -651
100 293 -84 212
-462 207 413 -650
119 294 -79 210
342 -931 -81 -125
-82 -335 16 -913
315 -958 -92 -118
-66 -317 16 -911
327 -958 -89 -128
-85 -326 29 -896
315 -942 -74 -103
-95 -342 25 -912
143 652 370 136
603 149 -915 496
115 653 381 153
583 158 -915 506
123 665 407 158
553 149 -880 489
97 659 408 141
552 158 -864 503
-47 -248 -59 178
-217 -225 -23 -217
-40 -247 -27 154
-214 -219 -21 -222
-74 -238 -31 162
-223 -211 3 -230
-69 -240 -7 143
-234 -207 12 -233
604 -216 -47 -318
251 -502 226 -247
588 -218 -40 -320
249 -488 221 -242
600 -218 -52 -323
257 -523 250 -252
595 -219 -13 -326
251 -509 243 -247
64 -122 444 345
-247 228 -49 -611
96 -121 464 342
-272 221 -52 -608
90 -139 461 371
-270 215 -67 -597
73 -135 468 369
-257 214 -55 -600
-148 728 213 186
492 -630 203 80
-146 709 216 208
489 -615 210 74
-145 731 230 201
497 -602 215 72
-140 717 240 219
467 -614 200 68
-13 603 -347 -2
-35 -243 125 619
-17 627 -321 6
-52 -234 130 619
-1 622 -333 -8
-43 -229 145 583
-13 613 -347 -30
-60 -224 154 577
-894 -403 -623 -311
117 -179 -560 -581
-893 -386 -614 -317
106 -186 -582 -616
-917 -362 -614 -350
103 -167 -567 -609
-922 -351 -604 -354
110 -161 -565 -616
-550 352 -117 505
499 -111 -40 -1083
-569 362 -119 504
504 -119 -34 -1084
-569 333 -100 531
506 -120 -61 -1066
-561 327 -111 509
516 -133 -44 -1062
-302 216 204 132
-331 7 162 930
-276 226 217 124
-318 3 167 939
-286 220 210 146
-321 -24 142 944
-278 195 200 152
-330 -32 159 954
97 179 -256 -994
-224 -395 -117 213
110 180 -249 -979
-218 -413 -116 225
97 191 -232 -985
-226 -408 -124 232
104 172 -264 -972
-241 -402 -118 228
-702 358 -743 98
156 -124 -793 -308
-695 340 -706 87
160 -121 -782 -305
-687 358 -713 112
159 -116 -800 -296
-688 334 -717 117
161 -139 -788 -288
578 140 579 525
249 157 686 318
575 145 589 534
276 149 663 313
580 132 575 522
261 173 666 336
573 140 592 520
254 168 654 330
414 289 315 -119
4 -8 -398 446
427 288 318 -139
-7 13 -404 416
415 317 319 -128
-22 17 -424 428
424 308 315 -149
-31 23 -405 432
1448 -39 -125 -511
4372 -1068 -1790 1213
1431 -33 -109 -519
4318 -1013 -1741 1173
1395 11 -82 -552
4222 -931 -1652 1135
1316 18 -74 -580
4052 -856 -1560 1078
18138 -3555 -6260 1726
4815 3841 17748 9318
18049 -3476 -6165 1640
4759 3967 17860 9212
17910 -3374 -6032 1546
4608 4081 17984 9085
17698 -3230 -5816 1425
4401 4260 18222 8920
1560 -27 3093 -2732
-2084 2064 2770 524
1527 79 3152 -2818
-2062 2134 2803 429
1421 189 3264 -2968
-2094 2236 2834 318
1320 313 3434 -3116
-2127 2319 2904 204
1970 -379 1365 87
839 -1959 480 -271
2027 -333 1361 40
874 -1952 454 -313
2039 -313 1355 -15
879 -1930 419 -349
2042 -279 1359 -65
895 -1890 406 -367
-335 -2410 388 -935
945 1600 -172 -498
-307 -2426 359 -968
986 1591 -173 -496
-315 -2412 325 -961
984 1613 -201 -484
-304 -2408 308 -984
977 1607 -212 -498
-780 -365 1264 -603
-425 578 -1226 -621
-752 -372 1234 -606
-405 575 -1249 -582
-726 -389 1232 -572
-401 573 -1241 -586
-737 -388 1213 -580
-384 566 -1272 -574
-584 -858 -562 18
9 21 -323 915
-579 -853 -575 6
0 59 -314 885
-546 -827 -580 -8
15 65 -345 879
-572 -834 -581 -11
8 96 -346 862
-574 -344 1007 -709
403 -298 -987 279
-564 -305 1003 -720
387 -287 -977 266
-568 -303 990 -761
380 -281 -990 250
-560 -269 993 -769
373 -278 -984 250
133 -215 -150 -412
-48 -735 -78 -779
122 -199 -152 -427
-63 -730 -62 -795
121 -216 -112 -430
-70 -731 -50 -794
113 -206 -120 -439
-83 -712 -33 -785
334 514 -158 620
-403 -650 -205 -305
304 519 -124 645
-386 -641 -193 -299
297 522 -124 630
-415 -634 -189 -295
298 515 -96 631
-404 -633 -167 -288
-18 554 -123 -515
-201 1009 -42 1413
-28 549 -113 -513
-207 993 -32 1424
-36 546 -108 -514
-207 981 -24 1435
-42 558 -95 -489
-226 972 -38 1442
-537 720 7 696
-5 -79 -31 -464
-528 724 12 716
4 -88 -54 -427
-537 695 -7 709
26 -104 -46 -431
-528 710 2 720
36 -124 -70 -428
-275 -18 33 -107
277 495 -915 246
-271 -38 28 -94
294 487 -922 271
-266 -55 21 -81
305 462 -929 273
-263 -77 17 -66
298 481 -935 290
487 -408 374 -178
176 511 880 214
488 -401 359 -195
164 525 854 208
494 -395 374 -182
164 523 853 233
492 -426 351 -182
185 513 854 224
562 715 119 726
-311 228 -127 263
577 715 138 737
-320 192 -129 287
577 696 128 737
-318 187 -104 287
555 703 137 735
-299 174 -124 304
-46 192 647 250
727 -309 -91 -574
-22 174 654 248
737 -324 -92 -536
-41 132 639 258
729 -345 -99 -543
-39 134 636 288
738 -363 -95 -544
366 533 104 220
-10 -443 256 -267
349 525 118 234
-14 -431 276 -256
372 526 107 246
-7 -431 272 -275
360 508 119 234
-29 -425 268 -263
556 -115 191 169
86 -321 -319 -344
535 -103 185 172
68 -306 -308 -344
537 -95 191 181
76 -312 -293 -340
512 -110 193 194
55 -313 -283 -350
-13 206 -17 36
-233 -319 393 228
-2 212 -5 63
-231 -299 388 230
-11 217 -5 49
-235 -297 393 210
-3 216 8 36
-233 -304 393 221
59 -341 863 -323
-724 -206 -533 82
73 -318 860 -335
-728 -202 -544 85
83 -325 865 -336
-715 -213 -531 82
58 -321 847 -358
-719 -197 -552 69
52 -214 -1071 -146
-262 -257 286 -837
33 -209 -1075 -126
-247 -229 294 -833
54 -207 -1094 -149
-252 -242 290 -849
56 -212 -1082 -158
-234 -238 291 -842
741 -138 -239 -201
150 126 376 -71
742 -116 -239 -198
163 139 364 -65
742 -120 -232 -193
168 154 354 -70
771 -90 -239 -203
163 151 360 -88
333 -314 472 533
807 212 494 370
351 -332 454 505
827 200 490 358
332 -311 446 498
818 214 485 349
351 -289 464 498
829 217 486 316
-574 -330 -285 168
70 391 602 134
-570 -316 -305 158
61 386 595 133
-551 -304 -315 156
85 411 578 127
-542 -312 -308 136
95 402 572 134
-283 113 422 312
-643 219 -961 -269
-267 110 421 296
-650 227 -976 -264
-265 106 405 289
-633 214 -993 -283
-260 117 423 296
-622 224 -986 -288
-422 24 -394 326
56 356 244 746
-431 32 -398 301
32 353 231 750
-449 21 -385 313
43 351 247 742
-431 40 -398 310
15 351 252 743
-377 494 -812 -166
76 402 -21 171
-396 498 -826 -159
40 384 -22 180
-403 480 -807 -153
53 372 -7 174
-411 494 -797 -154
35 386 14 171
-158 -150 -1147 549
490 350 266 -49
-161 -134 -1129 565
483 345 277 -63
-175 -163 -1135 560
500 356 289 -62
-199 -168 -1123 563
495 348 288 -72
-503 407 57 269
120 653 -73 234
-487 401 57 274
116 658 -98 261
-486 402 75 269
119 649 -89 259
-481 396 81 273
121 615 -80 265
-648 581 626 311
356 -80 -955 160
-615 579 623 317
368 -71 -966 153
-622 566 631 329
366 -76 -955 179
-624 566 638 326
353 -70 -970 171
-368 -661 -698 -51
-691 -212 -95 -127
-375 -674 -705 -44
-692 -198 -118 -141
-369 -657 -700 -57
-686 -191 -115 -143
-369 -653 -692 -50
-688 -187 -108 -140
-224 -118 -94 -60
313 39 50 822
-236 -113 -113 -97
330 75 36 817
-210 -93 -111 -108
320 75 35 789
-217 -75 -98 -118
331 116 48 782
62 211 538 -231
145 -195 -48 -483
72 219 552 -228
152 -190 -27 -522
90 255 554 -240
132 -152 -34 -531
67 248 531 -262
145 -141 -28 -543
771 177 154 490
-84 101 188 598
751 200 170 462
-77 122 202 577
754 216 140 449
-94 144 201 557
737 231 150 425
-108 157 214 543
970 436 888 775
-470 119 142 381
972 458 904 767
-493 142 135 370
969 472 929 732
-502 149 153 337
961 490 907 730
-510 148 169 331
-1 27 -790 -179
234 -249 841 151
-31 62 -772 -164
222 -242 845 162
-24 54 -772 -166
242 -236 849 168
-21 61 -774 -191
228 -238 863 143
30 228 141 -73
187 20 -148 -142
26 199 158 -82
181 10 -143 -117
31 216 153 -73
166 -12 -120 -112
30 195 166 -81
141 -7 -114 -122
-59 -545 -402 -636
-32 196 376 -348
-80 -555 -404 -631
-30 170 382 -352
-90 -573 -379 -622
-29 163 385 -330
-59 -596 -387 -599
-47 151 372 -306
663 50 431 290
-269 -36 -8 -354
646 23 414 309
-272 -46 3 -326
652 31 419 317
-281 -72 -22 -317
652 9 432 332
-276 -73 -22 -296
-11 318 -66 277
-106 -51 -10 -53
3 289 -48 279
-90 -56 -14 -24
4 302 -54 305
-94 -77 -12 -13
8 283 -65 302
-80 -87 -15 -17
-318 -110 471 -720
-99 115 -259 328
-323 -142 485 -721
-83 116 -262 335
-312 -136 457 -700
-74 111 -251 352
-312 -137 472 -710
-88 90 -281 348
-70 -228 76 45
23 719 110 -201
-93 -220 70 53
33 691 115 -216
-79 -241 89 68
9 711 136 -226
-69 -242 64 84
25 698 145 -215
266 535 -619 842
620 332 711 203
249 547 -612 853
618 337 708 206
251 514 -595 852
596 318 704 206
267 526 -601 859
589 328 714 204
-346 -455 714 -296
-93 188 -646 802
-354 -427 708 -277
-93 196 -640 782
-359 -443 689 -292
-86 191 -642 787
-332 -433 705 -301
-109 190 -626 780
-78 -175 -5 155
89 108 -468 -363
-92 -178 -5 157
72 108 -479 -389
-85 -154 -9 137
64 119 -452 -383
-93 -163 -24 141
50 133 -468 -389
-16 469 75 180
-90 268 -4 256
-23 470 87 170
-108 283 4 261
-26 477 96 154
-97 285 6 237
-32 477 108 140
-111 276 14 246
-363 -477 -627 654
35 -183 240 -396
-358 -465 -629 652
51 -172 242 -384
-356 -455 -621 657
67 -180 248 -395
-347 -484 -630 627
66 -162 229 -397
183 220 -399 103
-82 347 28 343
174 220 -403 87
-75 368 11 360
190 208 -411 106
-77 353 10 341
176 211 -407 85
-78 377 -1 353
-132 239 395 155
-32 139 -74 -158
-101 219 376 154
-48 121 -92 -161
-105 244 371 161
-24 110 -99 -162
-86 226 362 160
-9 139 -89 -153
545 -491 299 343
214 322 -231 -124
561 -479 283 361
203 325 -242 -123
569 -471 278 347
200 345 -225 -152
554 -475 280 345
183 357 -245 -152
1301 -28 -47 901
3765 -699 -1908 735
1260 6 -20 888
3739 -647 -1870 713
1234 45 7 886
3640 -570 -1806 654
1165 72 27 843
3486 -501 -1708 588
16092 -4906 -6219 2648
210 3330 14540 7001
16025 -4830 -6134 2559
175 3442 14595 6872
15928 -4711 -6042 2462
83 3575 14698 6755
15757 -4548 -5875 2340
-118 3762 14895 6596
1512 -1752 -623 -3727
-2430 456 2727 -115
1524 -1655 -589 -3853
-2395 540 2732 -203
1461 -1528 -512 -3980
-2391 618 2745 -327
1346 -1373 -375 -4154
-2438 718 2787 -422
1418 -1110 1890 -945
330 -1725 -231 -791
1479 -1078 1859 -998
381 -1690 -269 -831
1514 -1026 1847 -1044
428 -1683 -303 -848
1519 -990 1832 -1102
460 -1636 -322 -891
-1618 -2887 297 -1386
1459 655 576 -574
-1552 -2878 261 -1389
1474 645 543 -581
-1556 -2864 215 -1398
1474 654 550 -586
-1518 -2846 198 -1427
1482 634 538 -567
-499 295 217 -1422
257 -201 -1245 -1198
-506 267 209 -1380
241 -210 -1220 -1198
-536 258 189 -1374
230 -211 -1210 -1159
-535 238 210 -1380
193 -244 -1188 -1157
-1219 -699 -1158 700
531 11 -977 -682
-1256 -702 -1146 699
516 24 -961 -696
-1280 -712 -1109 707
506 29 -951 -705
-1280 -722 -1092 707
501 14 -901 -710
-71 151 1851 -13
-849 95 -1463 29
-81 162 1846 -30
-846 103 -1473 19
-102 153 1854 -9
-860 83 -1453 4
-102 162 1885 -31
-876 82 -1468 3
412 -12 -514 232
432 -743 142 -195
427 9 -498 219
423 -713 163 -196
423 5 -493 202
418 -705 173 -206
402 18 -511 198
413 -685 186 -201
-228 155 -28 429
149 -143 352 -234
-226 182 -30 422
168 -120 329 -242
-227 175 -34 384
165 -88 313 -265
-211 194 -36 387
186 -93 337 -266
-632 55 170 267
434 -141 104 209
-607 60 167 268
453 -137 81 208
-594 59 127 240
471 -142 63 183
-575 69 127 231
493 -132 41 177
-502 64 913 103
807 1128 -16 -189
-480 61 908 121
826 1118 -14 -174
-458 48 903 116
836 1093 -38 -182
-455 33 877 106
859 1088 -32 -170
-92 419 -216 177
-465 501 -269 650
-85 426 -222 187
-470 473 -285 651
-79 398 -227 205
-472 463 -304 665
-75 405 -235 209
-441 453 -300 666
5 143 582 707
-296 186 121 24
20 154 582 724
-302 161 116 26
31 151 556 709
-298 174 85 50
42 129 571 747
-305 155 83 39
-431 -124 -1631 -133
449 -270 77 -24
-427 -129 -1631 -134
467 -282 72 -19
-432 -137 -1616 -127
452 -302 82 -8
-430 -138 -1622 -135
440 -284 87 -11
-225 -381 61 -646
624 -56 117 279
-249 -373 74 -657
620 -41 107 281
-239 -381 102 -637
624 -50 132 275
-265 -375 109 -640
612 -35 128 280
237 298 133 -129
-372 -263 403 -288
207 282 128 -143
-378 -261 403 -314
216 309 141 -149
-390 -223 411 -317
189 298 168 -163
-404 -200 438 -350
238 419 -148 706
8 -417 -481 498
234 448 -135 670
4 -385 -489 490
232 453 -120 648
-2 -342 -498 439
219 468 -150 634
12 -330 -486 443
-404 914 -395 587
-13 -132 907 219
-423 945 -401 546
-1 -104 885 197
-403 967 -387 525
10 -83 876 179
-393 984 -403 524
40 -55 867 143
-294 -414 281 140
148 -1007 -667 -681
-251 -378 264 116
157 -1001 -693 -664
-253 -368 231 101
187 -1006 -706 -681
-217 -356 232 85
193 -987 -731 -705
455 -624 561 -755
-65 158 2 -103
469 -607 562 -771
-38 156 6 -83
475 -609 534 -781
-49 179 -9 -108
493 -593 537 -784
-32 171 -31 -111
45 646 -8 577
-42 195 558 -59
61 653 -2 586
-34 206 540 -71
66 642 -30 585
-24 188 527 -73
86 654 -45 573
-31 180 538 -36
-151 -24 -90 -676
12 121 140 -111
-145 -52 -94 -660
7 128 105 -98
-131 -53 -126 -660
9 106 113 -70
-135 -73 -123 -661
13 97 107 -84
876 -208 162 244
228 31 -5 657
865 -210 170 248
221 13 1 642
886 -187 170 238
241 29 9 663
880 -194 173 249
235 35 11 650
-401 463 -43 27
236 554 616 -259
-407 450 -46 2
231 573 618 -248
-389 481 -43 2
226 585 610 -262
-405 470 -42 -13
213 591 620 -279
-638 157 -113 563
635 -499 262 75
-629 152 -137 561
652 -476 292 61
-643 152 -112 536
627 -481 293 69
-644 162 -109 541
616 -469 284 76
538 46 -449 -209
76 -1038 -647 183
520 39 -436 -211
67 -1048 -634 154
485 54 -400 -253
46 -1039 -608 137
466 67 -400 -252
0 -1019 -563 145
-310 456 -146 -113
-259 -82 -529 -394
-343 431 -124 -123
-284 -72 -503 -387
-359 433 -91 -122
-311 -86 -483 -391
-391 441 -96 -127
-302 -92 -439 -401
637 186 -83 18
-336 -592 78 -174
621 189 -87 7
-340 -616 88 -175
621 173 -66 36
-340 -599 91 -171
614 169 -34 33
-372 -612 106 -145
96 882 220 173
447 66 708 151
103 867 233 174
414 79 720 156
74 853 224 182
414 65 717 165
85 846 224 179
405 76 726 165
832 37 -314 -607
-199 467 -321 104
851 35 -296 -600
-197 466 -293 122
837 36 -296 -608
-205 467 -301 140
833 8 -268 -597
-201 425 -286 129
-351 -138 114 524
-957 242 -85 -149
-345 -151 113 538
-977 235 -75 -120
-335 -162 115 553
-984 220 -93 -120
-332 -181 115 564
-983 209 -83 -90
340 206 69 303
802 444 -370 364
324 196 66 311
802 417 -386 392
323 192 78 319
805 409 -361 388
329 173 86 356
775 416 -359 392
92 -261 407 -409
-61 -767 91 -560
78 -260 403 -418
-50 -751 97 -547
74 -261 424 -416
-57 -762 103 -554
73 -249 436 -398
-67 -748 111 -547
-723 433 -824 103
-1046 212 -123 678
-720 457 -806 82
-1030 231 -134 662
-724 457 -829 105
-1020 239 -136 663
-717 478 -827 86
-1010 236 -143 656
-1052 181 -1153 558
-122 -285 296 167
-1019 193 -1165 565
-93 -276 282 165
-1016 213 -1168 552
-93 -260 270 157
-1010 212 -1175 524
-58 -279 249 165
59 -231 -248 -1104
-124 -464 922 245
66 -219 -266 -1099
-112 -465 928 236
70 -218 -268 -1124
-127 -470 894 235
82 -223 -289 -1133
-111 -444 903 207
438 -28 -434 -65
-44 113 -374 16
445 -21 -423 -80
-48 112 -381 9
446 -15 -452 -92
-57 113 -387 1
467 -12 -450 -94
-33 112 -406 -4
-501 91 -129 187
-748 81 -624 -265
-501 78 -145 186
-735 85 -643 -276
-488 83 -133 184
-714 72 -671 -246
-476 73 -137 184
-698 79 -646 -262
345 223 728 670
-496 -354 9 -597
344 198 725 684
-498 -351 -20 -612
363 199 694 683
-477 -343 -42 -593
385 203 694 693
-465 -340 -37 -601
176 410 62 -391
540 -547 293 296
176 397 65 -406
559 -529 255 265
177 420 55 -401
557 -513 269 273
192 432 25 -419
546 -512 252 262
-98 -471 -49 -246
-102 440 -91 229
-98 -460 -40 -264
-99 469 -93 213
-96 -441 -44 -255
-102 472 -93 201
-95 -440 -46 -262
-107 476 -92 195
-138 164 81 344
-313 167 140 170
-124 167 51 358
-315 166 158 169
-118 175 50 360
-301 171 129 163
-120 164 51 340
-300 146 131 170
673 153 414 26
-34 308 -512 62
693 157 404 56
-25 300 -519 86
682 156 416 54
-19 283 -536 87
700 127 409 48
-27 286 -515 96
-852 -174 358 -483
322 37 -348 136
-856 -194 336 -478
342 59 -358 136
-855 -185 344 -477
342 35 -363 129
-846 -178 337 -483
345 49 -374 142
-1138 -561 -472 280
-321 693 -203 -424
-1129 -554 -471 276
-308 689 -216 -428
-1119 -555 -484 272
-322 705 -220 -408
-1107 -554 -500 274
-305 711 -232 -414
132 124 -461 326
457 -314 22 135
139 152 -453 337
460 -321 11 131
153 144 -457 321
462 -307 0 116
138 156 -468 305
440 -298 32 116
-795 541 -205 7
388 346 -403 591
-827 531 -220 -9
375 374 -388 594
-824 560 -212 7
367 360 -366 586
-826 550 -190 6
392 372 -369 564
490 -439 345 493
-499 875 -42 -197
459 -455 355 494
-495 868 -25 -218
465 -454 358 487
-484 873 -30 -202
464 -451 373 494
-501 867 -24 -211
-236 -788 -317 -170
-244 -154 -380 61
-211 -778 -328 -172
-251 -150 -362 56
-219 -770 -315 -180
-236 -144 -355 52
-220 -762 -315 -187
-260 -104 -370 39
1077 -451 -582 459
3426 -1832 -1204 1127
1054 -430 -589 444
3442 -1767 -1201 1061
1053 -379 -555 422
3357 -1676 -1163 1025
982 -339 -558 388
3275 -1573 -1076 949
13504 -6668 -4736 2777
-7266 4877 9543 3796
13457 -6558 -4704 2712
-7273 4996 9583 3688
13401 -6431 -4636 2599
-7338 5135 9660 3543
13271 -6249 -4520 2447
-7492 5323 9788 3368
1709 -3265 -4103 -2952
-1305 1024 2095 949
1706 -3161 -4109 -3036
-1270 1114 2091 854
1665 -3028 -4044 -3192
-1254 1184 2091 757
1578 -2874 -3942 -3362
-1294 1266 2160 620
1210 -1291 1144 -2303
-863 -1447 406 185
1276 -1279 1114 -2386
-832 -1425 349 128
1287 -1234 1107 -2438
-798 -1394 320 110
1287 -1177 1079 -2508
-748 -1346 300 61
-528 -2256 1009 -1058
580 288 -548 -688
-486 -2230 963 -1091
558 287 -570 -677
-485 -2223 929 -1118
582 313 -580 -708
-459 -2198 911 -1136
589 336 -603 -724
-542 825 -687 -1420
240 -75 -789 -306
-544 836 -690 -1439
197 -55 -767 -335
-547 838 -692 -1442
183 -60 -746 -325
-551 843 -686 -1446
166 -66 -724 -313
-186 -561 -281 618
-518 -23 -1284 -408
-212 -565 -265 602
-549 -23 -1264 -395
-240 -555 -235 606
-577 -13 -1244 -415
-274 -571 -201 595
-594 -1 -1199 -397
175 -191 82 730
-112 489 -443 -778
138 -175 107 688
-115 480 -432 -769
131 -186 130 699
-120 475 -411 -771
120 -198 152 715
-155 464 -380 -771
303 -329 80 25
-420 -21 -415 -201
265 -320 103 22
-426 -36 -395 -186
254 -336 125 23
-455 -16 -362 -189
221 -343 143 52
-459 -22 -347 -189
346 -171 -890 -79
136 -127 185 87
317 -180 -862 -66
116 -112 183 84
312 -207 -879 -67
116 -124 193 93
310 -189 -858 -60
107 -114 205 103
-304 -543 -59 -618
513 218 777 -550
-286 -550 -65 -609
491 213 763 -536
-278 -545 -55 -616
483 224 757 -555
-302 -553 -31 -604
498 223 763 -540
-643 -526 39 1
215 -9 -1158 -120
-626 -512 21 -7
196 -11 -1145 -119
-632 -534 48 9
182 -10 -1147 -124
-620 -525 39 4
166 -13 -1135 -115
-197 -177 934 -207
-20 -555 -500 -254
-239 -183 946 -201
-46 -556 -493 -243
-238 -181 979 -198
-44 -568 -490 -258
-255 -186 990 -189
-67 -568 -479 -248
319 -632 -56 -401
852 593 424 -161
291 -638 -39 -398
850 606 430 -138
285 -643 -18 -392
812 583 456 -136
263 -642 -6 -393
791 592 461 -142
-305 448 -436 472
-301 -516 -681 -56
-326 428 -412 473
-326 -508 -631 -47
-347 458 -373 483
-326 -513 -635 -61
-357 445 -371 487
-370 -496 -612 -58
406 -858 194 -535
100 -939 69 -421
398 -860 192 -530
80 -929 87 -422
388 -857 204 -523
77 -932 104 -450
365 -842 238 -553
56 -901 109 -442
658 683 -507 954
-318 -284 169 -441
633 693 -520 938
-336 -271 159 -437
611 706 -492 929
-345 -252 174 -442
600 726 -481 928
-330 -246 181 -473
-337 167 347 -2
578 429 -104 419
-344 177 348 5
574 459 -98 428
-350 153 347 -12
596 455 -97 405
-361 170 362 -7
575 451 -112 388
-192 320 -400 -125
-3 198 538 195
-200 350 -419 -107
0 216 524 206
-181 343 -404 -121
6 228 552 211
-181 342 -394 -137
9 226 539 192
-357 -535 -94 627
379 -340 79 -134
-373 -510 -111 595
384 -331 91 -135
-371 -507 -105 598
384 -325 69 -146
-365 -498 -125 605
390 -327 92 -185
178 -92 489 -32
333 406 134 -469
160 -68 494 -53
332 418 142 -466
174 -59 492 -44
316 431 134 -477
181 -64 492 -56
310 424 154 -481
-76 -365 -294 -296
-44 -394 38 -104
-85 -359 -298 -306
-47 -375 40 -117
-98 -343 -297 -291
-59 -385 47 -123
-96 -345 -277 -311
-68 -379 47 -101
229 36 -942 -528
-13 92 574 859
214 22 -953 -516
1 115 576 871
209 17 -938 -517
-11 123 582 859
207 45 -927 -530
-1 115 586 835
-252 -453 301 36
-138 287 200 -281
-232 -450 289 9
-159 279 180 -276
-213 -434 268 11
-138 262 181 -300
-221 -436 266 -2
-126 288 147 -301
-326 -490 -434 -391
-195 -297 223 10
-332 -473 -443 -390
-174 -297 210 16
-316 -474 -450 -386
-184 -280 218 -19
-295 -474 -458 -403
-183 -258 198 -9
-640 119 -327 236
-175 267 -457 166
-634 133 -328 218
-184 266 -445 151
-625 140 -339 217
-186 255 -436 144
-646 146 -327 217
-182 293 -439 154
-265 260 -770 -473
-725 -1003 -488 28
-290 274 -751 -492
-711 -1012 -488 24
-280 269 -741 -477
-738 -1002 -500 30
-269 278 -737 -488
-726 -1023 -491 35
-19 380 190 106
-466 -134 -46 -354
-10 379 180 117
-463 -138 -42 -358
7 371 164 98
-470 -141 -65 -361
19 363 159 119
-446 -155 -63 -336
-385 -465 -11 -410
70 81 -734 -246
-388 -479 -21 -395
48 75 -733 -224
-392 -488 -26 -382
26 62 -731 -229
-386 -493 4 -386
47 67 -716 -214
630 -411 -261 214
358 328 -226 -671
636 -416 -257 226
356 325 -210 -677
614 -394 -248 235
330 326 -200 -673
587 -416 -230 223
319 342 -164 -654
-406 -717 40 -69
-405 710 -212 526
-410 -721 62 -65
-405 714 -188 532
-431 -697 74 -68
-406 702 -205 530
-437 -700 83 -69
-430 740 -174 531
-578 -571 -842 -218
-230 -152 354 -480
-588 -561 -828 -210
-219 -139 362 -495
-605 -556 -841 -197
-227 -153 352 -504
-587 -568 -846 -201
-222 -125 377 -490
406 3 30 303
-177 -338 -383 -49
432 13 28 308
-181 -311 -375 -51
427 30 41 303
-163 -326 -355 -74
432 27 47 281
-161 -303 -361 -71
-381 451 -619 338
-464 -691 -464 -44
-395 441 -606 324
-453 -686 -455 -63
-375 474 -606 324
-464 -688 -458 -76
-385 460 -596 317
-472 -672 -473 -73
60 255 248 -532
38 672 320 584
53 245 223 -526
37 650 292 580
72 235 232 -519
19 677 309 593
52 257 222 -526
24 655 313 600
-147 111 -89 315
1108 413 -120 -63
-168 99 -82 318
1105 425 -134 -85
-162 94 -95 296
1118 401 -115 -84
-142 101 -73 296
1094 421 -120 -70
113 -463 614 666
-304 474 520 698
95 -449 619 674
-309 483 511 708
104 -459 614 676
-294 459 506 683
112 -448 600 680
-308 481 510 687
651 453 321 218
614 188 -225 1017
656 457 321 222
612 174 -213 1016
662 471 334 207
590 193 -225 1002
669 473 334 172
594 211 -219 992
310 298 436 -325
-287 -524 286 -504
296 307 423 -311
-289 -519 279 -501
282 306 445 -318
-285 -510 298 -501
292 305 426 -327
-271 -528 302 -496
426 342 -104 364
-136 -160 197 -447
422 349 -119 382
-139 -145 186 -455
455 366 -116 373
-131 -168 207 -439
445 367 -114 354
-115 -155 195 -446
-11 -230 -191 160
189 -303 569 -312
5 -235 -194 148
198 -289 543 -310
-2 -227 -223 157
185 -296 561 -308
4 -234 -209 150
183 -281 548 -307
-278 31 -85 115
-178 443 -321 -121
-282 8 -105 125
-178 450 -324 -116
-271 19 -113 115
-176 467 -333 -108
-265 25 -104 120
-176 435 -337 -113
33 -171 -200 19
-633 -240 -17 155
49 -181 -207 37
-635 -236 14 158
45 -169 -211 19
-643 -226 6 146
42 -168 -217 24
-628 -211 -6 117
618 383 -101 352
-275 243 261 226
599 397 -102 329
-286 229 244 224
612 403 -107 326
-296 237 236 222
619 410 -97 321
-270 245 252 220
57 -56 83 -157
-68 -2 -457 143
58 -37 101 -166
-79 -6 -469 156
49 -48 94 -159
-85 1 -480 157
33 -60 100 -150
-79 -1 -466 161
283 440 -63 -22
-204 -120 -78 -416
288 428 -40 -1
-193 -136 -65 -407
289 434 -46 -14
-187 -136 -79 -388
286 424 -53 6
-175 -154 -63 -381
-189 144 259 -21
-1233 295 -997 349
-189 161 269 -21
-1234 285 -1014 336
-173 138 254 4
-1218 286 -1021 344
-192 142 248 8
-1210 257 -1011 370
-103 116 -73 -116
512 172 -247 178
-108 124 -89 -104
535 165 -286 198
-101 107 -86 -92
538 162 -277 206
-78 94 -106 -91
558 157 -304 213
-114 192 442 146
-77 -216 215 -536
-89 210 434 144
-63 -222 188 -552
-70 221 416 142
-45 -218 194 -540
-51 207 415 147
-15 -205 172 -544
-274 -493 -473 105
881 -378 800 59
-257 -475 -500 101
894 -357 799 33
-229 -466 -505 100
908 -345 799 39
-250 -468 -508 72
873 -356 780 30
311 157 29 404
2073 -2447 -1487 632
295 190 26 406
2081 -2375 -1481 603
291 227 24 362
2003 -2325 -1444 544
264 281 36 353
1940 -2187 -1391 471
10388 -7110 -4366 3712
-13420 6967 3397 2686
10350 -7010 -4338 3643
-13412 7058 3445 2580
10308 -6901 -4293 3529
-13459 7217 3488 2451
10209 -6739 -4170 3394
-13539 7386 3575 2268
1247 -3082 -4761 -1348
-207 3166 622 2309
1221 -2982 -4784 -1423
-189 3225 640 2216
1210 -2863 -4729 -1564
-170 3266 638 2129
1160 -2735 -4670 -1716
-191 3346 665 2054
-569 -3233 -438 -3380
-603 -1235 -348 -626
-540 -3215 -456 -3420
-602 -1221 -382 -633
-539 -3180 -493 -3439
-577 -1213 -399 -668
-524 -3150 -483 -3481
-559 -1191 -410 -679
-152 -1462 843 -1003
227 869 -909 185
-133 -1446 823 -1010
227 849 -946 162
-143 -1448 803 -1031
236 852 -947 169
-136 -1401 790 -1048
215 870 -927 157
-1056 882 -872 -240
1108 -1089 -728 -854
-1062 887 -861 -224
1083 -1092 -696 -841
-1091 886 -848 -238
1059 -1104 -698 -825
-1102 883 -844 -236
1039 -1116 -658 -807
-1122 -234 -933 461
-1027 -26 -22 -1021
-1139 -244 -893 448
-1036 -30 -3 -1005
-1175 -245 -877 472
-1088 -44 39 -994
-1199 -261 -836 473
-1104 -39 71 -984
-130 -886 -958 255
580 1030 -265 470
-146 -913 -941 278
539 1003 -238 483
-173 -920 -899 253
519 1006 -203 505
-210 -918 -874 268
489 978 -191 504
4 507 -1168 -712
114 -340 32 425
-9 496 -1132 -682
92 -359 44 427
-47 468 -1102 -669
88 -378 69 465
-61 444 -1073 -669
77 -391 108 502
-182 194 371 -1032
1131 -909 490 -255
-213 167 392 -1013
1134 -936 498 -231
-220 157 404 -972
1114 -967 520 -211
-230 104 423 -953
1097 -980 545 -176
-213 641 523 -450
-672 -105 -575 -543
-197 616 552 -441
-666 -118 -564 -520
-218 605 548 -406
-677 -135 -564 -501
-215 562 538 -399
-699 -142 -548 -499
105 98 65 346
253 1337 83 671
87 91 93 347
259 1323 94 696
89 64 77 382
238 1291 120 712
89 50 85 386
246 1279 91 741
562 394 396 -22
144 558 -364 109
539 375 414 3
135 513 -379 101
551 360 415 7
121 507 -386 112
542 330 405 32
140 512 -366 152
155 -623 119 -548
60 463 153 399
141 -641 100 -534
56 475 134 371
162 -644 103 -517
45 489 128 387
151 -648 126 -502
78 463 130 388
-1210 -168 -374 419
212 -385 -25 10
-1216 -152 -392 421
197 -380 -43 27
-1190 -162 -387 428
223 -392 -28 9
-1204 -147 -393 425
235 -362 -43 23
43 -186 -188 -229
-1014 292 -685 -282
30 -183 -200 -239
-1014 280 -698 -266
44 -195 -209 -213
-1020 276 -700 -265
53 -197 -211 -208
-1033 247 -697 -245
-330 -108 -130 -815
1275 -306 -160 -181
-327 -129 -132 -780
1262 -311 -142 -159
-322 -145 -129 -750
1241 -315 -148 -139
-347 -164 -116 -762
1247 -336 -147 -144
-657 533 40 750
181 687 -850 -86
-656 523 48 751
178 688 -863 -74
-668 512 63 754
162 685 -842 -64
-683 505 42 762
156 666 -846 -77
-238 517 17 537
-1148 39 11 -209
-244 519 27 515
-1151 21 28 -212
-236 527 21 520
-1145 42 12 -199
-242 510 36 535
-1142 24 5 -217
293 218 -401 799
-440 -579 653 -186
318 220 -415 791
-449 -554 648 -169
316 222 -407 793
-451 -565 633 -176
337 225 -403 787
-458 -560 634 -183
293 450 -589 -174
596 -68 231 -675
303 452 -570 -165
595 -80 245 -700
305 442 -584 -186
597 -76 262 -697
286 436 -593 -164
565 -99 247 -693
455 -963 -586 -10
-710 209 494 -155
450 -953 -560 9
-700 244 521 -149
412 -955 -559 -1
-722 245 515 -159
419 -956 -553 -22
-727 263 516 -172
118 227 -103 378
294 -89 -59 532
123 261 -79 375
280 -57 -34 509
128 285 -93 339
285 -26 -40 488
100 296 -85 347
290 -5 -57 429
-228 28 -202 331
20 63 295 107
-205 57 -206 321
19 96 270 56
-236 87 -212 287
22 106 273 57
-219 96 -203 261
41 131 250 15
-88 -370 230 115
405 117 772 387
-75 -350 201 98
431 147 761 372
-52 -330 195 69
434 178 751 357
-48 -315 183 58
461 165 746 329
161 -120 80 -272
-89 -529 -37 93
144 -118 77 -280
-80 -514 -49 68
152 -89 56 -294
-109 -506 -42 56
161 -81 48 -312
-104 -486 -43 26
-204 -54 -182 603
-313 188 -202 -283
-203 -45 -183 591
-319 194 -199 -288
-211 -36 -163 585
-318 208 -215 -299
-206 -8 -166 541
-296 200 -220 -318
186 729 346 524
-171 43 -73 70
210 731 324 529
-128 38 -85 66
212 721 303 509
-127 25 -128 68
230 743 296 517
-115 28 -131 104
-709 -324 -342 -874
-144 -414 -72 -204
-692 -326 -356 -874
-150 -414 -104 -175
-665 -310 -351 -852
-113 -423 -116 -177
-656 -331 -371 -855
-115 -435 -114 -185
328 243 -41 499
-145 -288 -298 -311
305 233 -50 501
-163 -296 -292 -311
311 248 -56 505
-153 -313 -281 -298
308 242 -40 512
-141 -294 -289 -306
-291 34 216 147
604 -150 -262 -530
-278 28 220 138
590 -157 -258 -540
-283 54 214 154
594 -160 -249 -513
-275 45 231 159
609 -172 -251 -521
-277 -44 -155 -27
786 387 801 23
-258 -58 -172 -51
803 369 801 19
-261 -67 -146 -48
806 358 794 43
-254 -69 -150 -44
800 362 807 35
-521 -177 -445 -416
550 -435 -148 240
-542 -186 -407 -434
557 -441 -135 242
-542 -208 -419 -426
523 -446 -131 230
-550 -218 -423 -403
527 -447 -103 263
34 351 956 -293
-64 -183 -178 242
59 352 978 -282
-66 -190 -182 229
36 351 979 -271
-83 -187 -162 242
12 331 989 -258
-86 -218 -149 221
2 -122 -243 -40
-273 4 241 -344
-5 -119 -213 -41
-299 2 255 -318
-31 -137 -196 -42
-279 -15 272 -330
-34 -153 -219 -53
-264 -6 269 -325
77 309 97 194
554 185 0 115
72 308 103 188
528 159 0 125
67 289 112 219
544 174 18 140
77 290 92 208
541 149 28 149
596 515 -478 -3
-148 112 808 33
599 509 -472 -17
-143 119 817 51
601 520 -465 -4
-144 96 831 38
574 491 -444 -15
-163 112 837 40
-720 7 -449 287
427 -808 -134 -49
-744 6 -455 308
429 -803 -127 -60
-733 23 -439 289
432 -804 -111 -53
-749 8 -460 288
424 -806 -133 -55
33 -685 239 -797
-10 -142 -580 -540
24 -691 248 -802
-10 -145 -589 -524
8 -692 261 -805
-17 -156 -570 -534
-2 -700 275 -806
-36 -152 -578 -518
-409 -199 89 49
286 -216 -297 -445
-410 -214 120 50
307 -240 -290 -457
-422 -209 111 54
293 -253 -271 -427
-438 -219 107 57
286 -272 -253 -439
112 -777 -693 -770
-807 315 -254 -432
111 -792 -686 -762
-797 307 -231 -422
105 -806 -661 -757
-818 279 -248 -408
81 -818 -660 -753
-811 275 -237 -398
-144 458 290 105
820 -849 34 78
-135 458 305 135
847 -839 25 84
-141 426 290 131
842 -855 30 84
-136 429 312 162
865 -831 25 114
-516 -438 -114 -11
-297 -396 259 -555
-496 -444 -146 -10
-301 -389 254 -577
-496 -449 -155 -19
-265 -369 258 -578
-498 -434 -152 -23
-265 -374 245 -562
-101 507 -85 -365
-277 93 552 280
-85 509 -93 -362
-265 70 558 265
-96 511 -89 -363
-270 79 557 274
-73 525 -102 -381
-266 81 537 255
46 -339 -1000 -411
314 -178 179 139
50 -335 -976 -437
313 -166 172 122
51 -324 -996 -429
308 -176 167 110
36 -334 -998 -438
309 -151 192 125
461 -197 357 183
581 200 884 542
471 -174 355 193
557 203 902 534
453 -162 359 165
541 200 907 534
450 -155 387 149
568 199 925 536
-442 62 277 -199
926 56 -191 -119
-457 69 293 -221
918 47 -182 -119
-445 87 297 -217
912 37 -166 -121
-458 60 312 -232
914 23 -167 -104
116 99 232 99
101 255 176 -42
110 72 242 106
71 272 187 -32
104 85 248 133
58 242 195 -33
102 67 247 120
54 261 200 -30
422 -435 273 -184
-162 -164 57 70
427 -430 256 -198
-162 -153 73 77
411 -442 283 -185
-189 -163 79 75
386 -426 282 -175
-185 -149 80 78
25 24 -178 -460
-94 439 116 -49
10 12 -176 -463
-116 445 131 -30
15 51 -165 -465
-131 459 137 -35
-20 44 -162 -471
-124 456 130 -42
600 -931 -695 641
2115 -1469 -508 1082
563 -883 -674 596
2115 -1413 -487 1036
556 -855 -664 598
2059 -1325 -473 971
508 -807 -637 564
1980 -1239 -405 898
7607 -8841 -2351 3177
-14447 10455 -1889 687
7568 -8750 -2303 3139
-14434 10537 -1869 602
7529 -8650 -2246 3029
-14456 10605 -1835 500
7443 -8518 -2168 2916
-14507 10750 -1773 365
-143 -990 -1762 1444
-533 4324 -1158 3313
-129 -941 -1752 1392
-509 4353 -1191 3270
-107 -888 -1753 1325
-474 4349 -1200 3237
-133 -831 -1731 1223
-455 4370 -1215 3199
727 -2482 -971 -1360
218 -784 1399 -1304
757 -2498 -993 -1355
241 -802 1363 -1278
769 -2514 -1042 -1345
251 -797 1352 -1313
780 -2519 -1051 -1354
272 -809 1325 -1308
107 -13 690 -84
-275 757 -1097 2230
85 -10 672 -90
-257 743 -1090 2237
101 -7 682 -84
-279 761 -1102 2239
108 -2 664 -98
-276 761 -1113 2247
1027 586 -150 -250
-657 -542 610 -1118
1010 557 -132 -247
-668 -538 609 -1104
1017 566 -123 -247
-674 -522 648 -1119
980 587 -119 -266
-722 -535 665 -1134
-426 197 -838 373
603 -334 -259 -657
-437 189 -805 372
589 -345 -245 -647
-491 175 -792 395
576 -334 -212 -642
-498 163 -768 403
544 -349 -198 -635
-432 830 245 755
-460 754 134 82
-444 815 282 752
-478 716 140 83
-459 788 272 767
-473 684 142 114
-463 768 290 772
-492 681 147 138
958 865 -89 55
-389 -950 -976 -242
953 817 -87 64
-404 -970 -964 -213
917 786 -65 95
-401 -997 -944 -189
940 751 -45 139
-409 -1028 -950 -164
-361 41 292 -855
419 392 -375 60
-368 4 292 -853
406 374 -356 75
-377 -21 289 -825
399 332 -338 92
-381 -50 288 -795
401 329 -351 128
-316 105 355 73
576 -289 -217 -407
-322 97 353 95
567 -303 -204 -380
-328 76 348 104
570 -296 -195 -404
-343 71 367 120
567 -312 -181 -382
-462 223 107 640
154 1221 -799 554
-483 198 142 657
131 1209 -785 548
-491 194 144 684
101 1196 -756 553
-526 195 155 697
74 1186 -739 556
762 576 452 698
-800 190 -875 506
719 577 455 700
-816 180 -843 516
716 588 483 695
-836 189 -807 489
698 589 508 694
-857 179 -815 499
608 -210 33 -212
20 -652 380 456
594 -194 60 -218
5 -631 405 446
565 -195 91 -238
-13 -612 388 442
541 -183 98 -249
-23 -618 416 437
-128 124 -812 450
-534 6 -370 354
-132 127 -788 461
-510 23 -385 350
-149 114 -790 451
-520 7 -388 356
-148 158 -795 437
-524 12 -350 331
-388 904 286 -165
-213 -158 -231 140
-362 903 278 -161
-203 -152 -226 147
-366 915 272 -143
-218 -157 -226 177
-368 896 264 -138
-204 -169 -234 170
406 194 688 -428
389 -736 84 -172
409 183 678 -403
411 -747 53 -138
449 163 678 -394
416 -758 62 -150
447 162 673 -389
422 -767 63 -121
-858 -213 -488 -374
5 -17 -32 -10
-855 -211 -490 -354
7 -43 -38 -10
-878 -227 -502 -357
-10 -58 -51 21
-865 -222 -495 -340
8 -87 -37 24
-244 437 -83 -123
166 47 -33 -340
-249 424 -76 -115
165 26 -13 -334
-241 411 -87 -110
154 19 -25 -305
-243 397 -89 -77
155 15 -8 -327
892 -400 637 -74
46 271 -49 -287
898 -403 641 -51
50 252 -48 -293
900 -408 650 -33
20 259 -40 -278
880 -422 661 -41
37 245 -29 -283
-392 -589 -228 -56
-494 229 -415 -19
-403 -600 -242 -23
-509 230 -427 -8
-404 -588 -239 -31
-508 223 -420 -12
-406 -608 -233 -25
-507 216 -416 -24
298 -306 773 492
406 -496 -39 145
295 -295 772 499
402 -465 -35 161
303 -295 763 482
411 -467 -65 155
329 -277 753 488
404 -438 -50 137
-388 313 -261 -231
308 434 58 256
-367 312 -262 -212
291 449 58 251
-387 333 -241 -235
286 460 79 260
-392 333 -238 -245
271 466 69 229
-73 -370 625 -568
195 -1392 -924 55
-64 -357 633 -572
185 -1378 -918 34
-85 -351 644 -573
190 -1364 -901 46
-99 -339 656 -577
169 -1359 -912 32
-496 517 -149 -71
210 -237 -220 -413
-513 526 -150 -87
197 -219 -228 -420
-518 550 -130 -76
231 -227 -220 -429
-506 562 -152 -89
217 -211 -214 -439
-938 119 165 205
-982 280 -492 353
-906 143 160 203
-984 259 -515 362
-921 145 146 193
-974 266 -515 356
-901 140 148 201
-971 247 -504 357
259 215 -543 15
394 502 35 137
257 209 -549 8
360 503 69 158
245 170 -556 16
355 482 52 175
267 186 -543 28
358 471 70 166
392 -540 386 -994
198 225 -293 -237
386 -545 407 -974
172 224 -268 -225
364 -554 413 -969
171 231 -245 -185
368 -593 438 -943
162 208 -255 -178
220 -30 -29 331
-675 481 471 -134
229 -43 -36 337
-665 464 478 -133
206 -39 -25 366
-665 482 480 -147
208 -31 -17 359
-667 483 496 -110
17 149 -347 111
-831 202 -382 796
24 155 -370 129
-830 208 -389 781
16 142 -360 133
-808 203 -391 777
37 160 -359 118
-827 223 -402 781
1112 -262 173 127
263 -292 369 -178
1112 -267 196 109
253 -313 348 -174
1103 -258 187 117
260 -303 351 -181
1120 -274 167 119
254 -323 370 -174
29 422 65 -443
804 160 419 304
20 390 79 -438
815 149 401 302
23 385 57 -428
795 135 406 313
4 376 75 -429
791 131 422 352
-270 -300 -240 -589
345 -973 -236 -263
-253 -319 -213 -584
348 -994 -231 -260
-276 -334 -217 -580
347 -995 -232 -261
-258 -341 -209 -553
341 -1002 -222 -239
-134 392 643 -60
-673 663 -182 -306
-146 389 620 -62
-690 664 -188 -301
-146 356 627 -43
-685 645 -203 -303
-148 361 636 -52
-679 654 -218 -304
275 -298 220 -101
224 -164 -164 497
265 -310 197 -95
229 -179 -153 489
271 -277 211 -86
223 -171 -173 487
260 -292 202 -79
233 -192 -167 489
-62 -579 311 -783
-11 -117 -447 -692
-62 -581 311 -785
17 -118 -473 -698
-73 -593 319 -771
24 -106 -465 -675
-52 -599 316 -772
-9 -132 -465 -676
-237 294 -151 295
-371 264 378 221
-239 291 -160 305
-368 271 369 221
-222 291 -158 314
-361 282 355 220
-204 296 -163 313
-357 254 343 200
-531 -477 -297 -313
-277 -235 -568 392
-545 -447 -297 -297
-289 -221 -589 409
-528 -451 -304 -307
-295 -210 -602 391
-514 -459 -309 -321
-262 -237 -596 385
18 17 164 -307
-120 -73 -36 -774
19 19 180 -295
-85 -73 -63 -787
34 35 167 -311
-85 -81 -68 -782
47 40 162 -306
-85 -61 -71 -776
