0 0 0 0
27 70 -15 -33
0 0 0 0
19 51 -7 -16
0 0 0 0
6 16 0 0
0 0 0 0
0 0 0 0
128 348 -68 -174
643 1724 -254 -699
77 226 -37 -105
377 1104 -150 -454
34 105 -17 -51
167 534 -70 -226
0 0 0 0
0 0 0 0
381 -2756 7691 16772
3021 1164 19 1586
636 -2690 7030 16668
3018 1167 -68 1564
850 -2596 6381 16504
3002 1202 -98 1486
992 -2464 5760 16224
2944 1280 -128 1408
3258 3198 -168 1136
904 1040 -44 437
3244 3208 -138 1096
937 1035 -28 395
3221 3246 -104 1066
932 1061 -17 368
3168 3264 -32 1024
928 1056 32 384
320 -1476 17 -1519
-10 -980 -494 421
355 -1456 9 -1510
43 -1026 -542 458
386 -1479 -28 -1508
54 -1043 -561 468
416 -1472 -64 -1536
64 -1056 -608 480
8 -47 -18 104
2 -11 -4 24
9 -35 -17 75
1 -8 -4 16
5 -18 -10 39
1 -3 -2 9
0 0 0 0
0 0 0 0
0 -1 0 4
0 0 0 0
0 -1 0 2
0 0 0 0
0 0 0 1
0 0 0 0
0 0 0 0
0 0 0 0
0 0 0 0
0 0 0 0
0 0 0 0
0 0 0 0
0 0 0 0
0 0 0 0
0 0 0 0
0 0 0 0
0 0 0 0
0 0 0 0
0 0 0 0
0 0 0 0
0 0 0 0
0 0 0 0
0 0 0 0
0 0 0 0
0 0 0 0
-1 -1 0 0
0 0 0 0
0 -1 0 0
0 0 0 0
0 0 0 0
0 0 0 0
0 0 0 0
-6 -8 2 3
-40 -16 17 20
-3 -6 1 2
0 -2 7 14
0 -2 0 1
-1 19 0 6
0 0 0 0
0 32 0 0
-112 80 69 -4
-325 736 209 -289
-54 156 49 -46
-252 833 139 -347
-36 183 24 -66
-212 901 98 -432
-32 224 0 -96
-224 992 96 -512
21443 6843 464 -1739
-4464 4124 -1730 14812
21542 6941 385 -1859
-4379 4221 -1808 14694
21586 7051 354 -1966
-4372 4337 -1862 14582
21568 7168 352 -2080
-4352 4448 -1856 14464
22 1389 -1040 -1283
285 -1144 1207 -848
80 1452 -1108 -1384
347 -1106 1185 -878
110 1524 -1140 -1491
357 -1064 1148 -949
128 1600 -1152 -1568
416 -1056 1120 -992
2064 -811 1495 -267
-2188 -2213 -1494 -739
2102 -813 1449 -282
-2167 -2230 -1524 -739
2123 -823 1413 -310
-2153 -2218 -1560 -737
2176 -800 1376 -320
-2112 -2240 -1568 -736
-315 357 934 -859
139 -1153 -619 562
-311 321 913 -852
132 -1181 -612 598
-282 322 903 -840
129 -1213 -611 634
-288 288 896 -832
128 -1248 -608 640
-712 -694 -687 -755
-237 1601 801 340
-747 -718 -684 -719
-242 1555 840 362
-754 -741 -677 -712
-280 1545 848 389
-768 -768 -672 -672
-288 1536 864 416
597 609 -732 64
882 -546 307 -114
575 595 -700 88
867 -530 311 -120
527 555 -670 106
850 -554 349 -92
512 544 -640 128
800 -576 384 -96
-1016 953 324 -303
661 190 -171 -115
-1045 945 329 -310
675 183 -179 -108
-1047 935 338 -314
655 171 -155 -101
-1056 928 384 -288
672 160 -160 -96
1322 -870 -697 686
389 455 -69 -348
1327 -896 -718 709
386 451 -89 -327
1332 -894 -740 704
417 417 -107 -310
1376 -928 -736 736
448 416 -128 -288
-151 1015 -2 529
-640 -427 1163 163
-130 984 -22 543
-619 -445 1169 162
-113 988 -43 561
-597 -462 1143 193
-96 960 -64 576
-608 -480 1120 192
360 -967 -574 -1121
305 -438 652 -108
366 -966 -605 -1096
309 -430 659 -113
374 -994 -606 -1076
314 -455 665 -89
384 -992 -608 -1088
320 -448 640 -96
-939 -274 -11 -121
59 -109 -345 -564
-923 -257 -18 -134
70 -126 -347 -570
-939 -273 -26 -115
51 -112 -350 -539
-928 -256 -32 -128
64 -96 -352 -544
-250 501 -428 398
743 -288 -180 -438
-251 512 -455 416
749 -290 -194 -438
-254 495 -450 400
758 -289 -176 -442
-256 512 -448 384
736 -288 -192 -416
-517 -209 182 287
341 -77 901 360
-532 -210 161 265
326 -74 893 390
-520 -217 176 277
338 -101 925 386
-544 -192 160 288
320 -96 928 384
81 52 -278 386
-81 961 -719 340
64 35 -259 373
-65 957 -710 345
80 17 -273 394
-81 959 -708 349
64 32 -256 384
-64 960 -704 352
60 -222 -280 307
944 -265 742 -267
71 -210 -271 301
959 -246 716 -277
53 -232 -297 325
974 -267 727 -251
64 -224 -288 320
992 -256 704 -256
-98 -322 141 -553
-459 -176 -680 -671
-87 -340 125 -532
-443 -201 -697 -684
-44 -329 113 -538
-429 -196 -716 -663
-32 -352 96 -544
-416 -192 -736 -672
-371 875 -208 -377
210 -202 -44 -113
-346 889 -200 -367
224 -222 -81 -109
-317 875 -228 -359
207 -206 -89 -133
-320 896 -256 -384
224 -192 -96 -128
58 -278 518 48
-454 -653 125 -403
60 -272 493 22
-449 -618 104 -425
63 -231 471 28
-447 -613 115 -421
96 -224 480 0
-448 -608 96 -448
138 -204 414 -635
510 -290 -458 440
148 -199 412 -669
497 -295 -443 407
153 -195 414 -670
489 -307 -461 410
160 -192 384 -672
480 -288 -448 416
60 -234 -239 -398
-245 160 327 321
62 -241 -243 -374
-249 161 344 328
31 -247 -218 -380
-252 129 364 338
32 -256 -224 -384
-256 128 352 352
-104 491 387 -395
-4 -33 -257 -202
-110 486 373 -381
-4 -33 -234 -188
-119 483 394 -366
-35 -33 -213 -174
-128 480 416 -352
-32 -32 -224 -160
-447 -445 -397 -664
-114 190 -44 278
-456 -432 -382 -677
-143 180 -19 288
-469 -424 -365 -658
-136 202 -25 272
-480 -416 -352 -672
-128 192 -32 288
-333 -60 -382 -351
-103 66 239 -293
-348 -33 -403 -348
-123 89 264 -323
-335 -32 -392 -350
-110 108 261 -320
-352 -32 -384 -384
-128 96 256 -320
-224 27 -375 8
-366 164 308 333
-245 51 -366 15
-383 174 343 327
-234 42 -359 -9
-398 183 346 323
-256 64 -352 0
-416 160 352 320
56 284 -33 115
130 183 -131 81
69 287 -21 108
108 176 -110 86
50 287 -11 102
117 199 -117 91
32 288 0 96
96 192 -96 64
-432 436 -704 325
233 313 183 608
-429 430 -679 323
230 329 174 608
-422 424 -691 320
227 308 166 607
-416 416 -672 320
224 320 192 608
253 129 352 247
-211 614 242 -398
253 117 352 269
-194 610 246 -401
254 106 352 262
-176 577 220 -409
256 96 320 288
-192 576 224 -384
-179 -49 -325 705
228 -107 -174 -223
-170 -31 -335 694
237 -113 -160 -225
-165 -48 -344 715
245 -121 -176 -224
-128 -64 -352 704
224 -128 -192 -224
4 -505 -514 19
-107 403 -53 -217
12 -515 -502 22
-93 416 -35 -217
23 -497 -522 28
-110 398 -50 -222
0 -512 -512 0
-96 416 -64 -224
-1111 -248 56 -820
536 908 -238 850
-1094 -263 81 -822
568 912 -253 832
-1106 -243 71 -825
572 920 -270 848
-1088 -256 64 -800
576 928 -256 832
-215 -1203 130 -64
169 -241 -548 -30
-195 -1205 108 -75
186 -245 -557 -33
-210 -1209 118 -85
204 -249 -565 -33
-192 -1216 96 -64
192 -224 -576 -32
-213 -171 -340 -662
167 -324 707 54
-219 -188 -342 -663
175 -308 674 56
-221 -175 -347 -635
184 -329 672 58
-192 -192 -352 -640
192 -320 672 64
-322 585 270 71
76 231 17 -345
-310 569 244 97
86 216 0 -334
-331 555 250 97
90 204 -15 -358
-320 576 224 96
96 192 0 -352
304 -153 127 -337
704 110 76 865
307 -154 149 -340
712 117 73 852
314 -156 138 -346
726 122 68 872
320 -160 128 -320
704 96 64 864
-549 713 596 -191
-9 160 -705 283
-545 698 588 -212
17 150 -725 275
-576 717 611 -201
8 140 -713 297
-576 704 608 -192
0 160 -704 288
-120 -688 -133 92
2 968 -597 376
-142 -681 -135 83
0 953 -589 356
-136 -708 -130 104
1 971 -582 371
-128 -704 -128 96
0 960 -608 352
-301 261 413 13
148 -144 -77 -73
-316 281 422 3
150 -167 -61 -84
-301 266 435 17
155 -163 -47 -89
-320 288 448 0
128 -160 -64 -96
-178 712 -230 955
64 -76 303 173
-193 696 -217 967
43 -83 297 161
-208 715 -204 979
53 -88 325 175
-224 704 -192 960
32 -96 320 160
-3 -76 -25 221
263 -64 236 220
-2 -68 -25 222
250 -73 221 241
-1 -99 -29 254
235 -84 238 232
0 -96 -32 256
256 -96 224 256
911 330 -308 -241
-56 157 1043 52
924 327 -308 -224
-46 128 1046 54
940 291 -312 -209
-70 128 1018 59
928 288 -288 -192
-64 128 1024 64
-194 714 369 167
-160 -237 -453 44
-204 706 362 187
-151 -213 -445 45
-215 704 357 206
-173 -220 -446 39
-192 704 384 192
-160 -224 -448 64
10 -146 156 -147
112 129 1008 279
-14 -129 136 -172
108 115 1001 282
-6 -115 148 -164
103 137 1027 254
-32 -128 160 -160
96 128 1024 256
-214 -646 269 281
292 -634 -968 -55
-209 -644 287 275
311 -625 -971 -56
-234 -642 303 266
297 -617 -947 -60
-224 -640 320 256
288 -608 -960 -64
88 155 433 -178
-517 251 599 926
69 132 457 -161
-495 253 615 915
83 148 454 -177
-503 222 626 936
64 128 448 -160
-512 224 608 928
-461 -61 -322 -97
546 20 48 -698
-454 -72 -332 -108
545 3 53 -699
-452 -53 -309 -116
545 16 58 -700
-448 -64 -320 -96
512 32 64 -704
156 512 186 -80
235 26 653 735
148 509 197 -72
244 28 667 724
140 510 209 -100
219 30 684 713
128 544 192 -96
192 32 704 704
463 -56 -354 279
185 -714 -525 385
468 -57 -343 280
188 -731 -510 414
441 -59 -332 252
159 -717 -527 415
448 -64 -320 256
160 -736 -512 416
166 72 517 -969
-494 -37 -952 -296
166 55 512 -963
-489 -55 -932 -315
162 75 512 -961
-483 -43 -945 -301
160 64 544 -960
-512 -64 -928 -288
-791 -479 -338 241
-83 -295 62 -773
-789 -478 -324 243
-80 -283 54 -761
-791 -477 -307 248
-56 -233 89 -780
-800 -480 -320 256
-96 -224 96 -768
-317 -260 -581 -495
-605 1154 50 -632
-305 -223 -596 -500
-568 1243 -14 -686
-305 -170 -588 -515
-605 1309 -15 -774
-352 -128 -576 -576
-672 1408 64 -832
24506 7472 1783 -1966
-6046 2145 -312 18217
24510 7576 1741 -2042
-6077 2270 -289 18113
24451 7706 1765 -2182
-6143 2375 -229 17982
24352 7840 1856 -2304
-6272 2496 -96 17856
1885 1988 -1870 -69
3412 1786 1090 -1174
1837 2072 -1831 -182
3385 1866 1174 -1225
1755 2136 -1746 -270
3311 1920 1207 -1295
1664 2208 -1664 -384
3296 1952 1280 -1344
2263 470 22 573
-3323 -1872 -1147 -1159
2267 518 26 548
-3300 -1852 -1157 -1187
2284 560 65 506
-3262 -1803 -1170 -1217
2272 576 64 448
-3264 -1792 -1152 -1248
576 -170 398 1177
575 -1317 -156 206
599 -161 388 1141
618 -1321 -175 199
587 -158 381 1143
627 -1329 -199 192
608 -160 352 1120
608 -1344 -224 192
-692 533 -626 -285
1330 2021 71 -1549
-690 548 -638 -289
1311 2050 75 -1550
-662 530 -670 -290
1325 2049 53 -1558
-672 544 -672 -256
1312 2016 64 -1536
-355 340 -748 566
340 688 457 840
-376 362 -751 565
320 709 464 807
-364 344 -759 566
337 724 472 816
-384 352 -736 576
320 704 480 800
-1779 2290 190 254
-157 186 -133 -369
-1757 2306 184 219
-148 192 -132 -374
-1775 2318 203 222
-108 224 -160 -410
-1760 2336 192 224
-96 224 -160 -416
842 -350 -550 -201
869 114 449 -478
841 -348 -543 -211
865 121 408 -508
883 -316 -573 -251
897 124 397 -512
896 -320 -576 -256
928 128 384 -544
-1079 413 439 685
-4 231 530 218
-1088 422 410 680
8 259 534 189
-1071 435 411 675
-12 257 537 191
-1056 416 384 672
0 256 512 192
728 -1 983 93
-101 -632 -601 110
710 -8 973 71
-134 -623 -579 127
721 12 968 53
-130 -615 -593 111
704 32 992 64
-128 -608 -576 96
-521 115 181 -57
697 648 166 343
-535 116 163 -48
688 651 153 327
-523 155 176 -72
710 660 140 339
-544 160 192 -64
704 704 160 320
450 -124 -230 -176
327 -471 -48 -47
467 -115 -225 -211
335 -461 -64 -52
458 -106 -257 -216
344 -454 -80 -58
480 -96 -256 -224
352 -448 -64 -64
-438 -437 310 693
-175 35 -129 -562
-429 -427 302 684
-169 14 -140 -546
-422 -453 295 676
-164 -9 -150 -560
-416 -448 288 672
-160 0 -128 -544
246 -19 -144 509
-448 647 514 127
229 -65 -150 539
-447 611 523 138
243 -80 -155 541
-446 609 532 149
256 -96 -160 576
-448 576 512 192
599 -90 -305 164
-283 -73 -562 35
600 -122 -310 184
-293 -103 -555 66
602 -125 -282 204
-274 -99 -548 65
608 -160 -288 224
-288 -128 -544 96
-66 411 702 293
-382 447 -151 -241
-77 432 732 305
-371 469 -152 -245
-84 424 731 279
-392 458 -126 -251
-96 416 736 288
-384 480 -128 -256
285 -30 -8 94
457 -213 -474 -533
278 -18 -8 104
460 -195 -440 -525
265 -9 29 84
436 -208 -444 -552
256 0 32 64
448 -192 -448 -544
288 430 198 93
212 -624 804 19
300 426 185 82
207 -616 799 13
311 419 173 105
200 -612 797 7
320 416 192 96
224 -640 800 0
29 772 38 44
278 -346 -403 28
54 770 25 39
282 -358 -387 30
43 767 12 36
285 -372 -401 32
32 768 32 64
288 -352 -384 32
111 537 -442 220
-35 -939 54 307
99 514 -466 242
-20 -945 55 325
114 529 -458 235
-41 -952 58 338
96 512 -448 224
-32 -960 64 320
333 -282 -178 397
71 433 -425 114
340 -282 -163 401
80 425 -410 141
346 -284 -177 408
55 387 -398 133
320 -320 -160 416
64 384 -416 160
257 -186 159 -577
252 948 792 53
236 -167 168 -562
261 959 827 68
245 -180 181 -584
242 975 829 51
256 -192 192 -576
224 960 832 64
-76 -454 137 251
-265 -327 357 110
-85 -461 146 231
-240 -314 359 105
-91 -439 154 244
-248 -299 355 100
-96 -448 160 224
-256 -320 352 96
171 -295 -454 -272
341 -558 679 -255
178 -293 -461 -276
325 -543 674 -254
152 -291 -439 -250
338 -559 674 -256
160 -288 -448 -256
352 -544 672 -256
317 190 206 -626
637 -22 457 108
317 202 202 -641
650 -36 443 125
320 213 195 -623
628 -50 461 142
320 192 192 -640
640 -32 448 128
543 54 270 413
-400 868 -614 544
555 56 265 414
-401 868 -612 522
565 29 261 414
-407 834 -611 532
576 32 256 416
-384 832 -608 544
506 -17 1072 625
476 369 -857 126
510 -30 1062 637
486 353 -867 135
511 -47 1057 655
498 336 -880 147
512 -64 1056 672
480 320 -896 160
13 -204 -44 -388
413 -99 -634 -223
21 -209 -62 -374
424 -101 -656 -190
27 -217 -79 -362
435 -99 -647 -190
32 -224 -96 -352
448 -96 -672 -192
-214 -89 916 -487
-47 94 -121 667
-226 -92 905 -503
-65 105 -123 668
-209 -95 901 -490
-80 117 -126 638
-192 -96 896 -480
-64 96 -128 640
-368 84 349 238
19 360 165 246
-362 87 363 234
22 356 185 239
-388 91 373 228
-6 384 204 265
-384 96 352 224
0 384 192 256
-577 308 82 337
505 -206 -279 313
-586 331 86 345
506 -232 -281 291
-597 327 92 315
475 -226 -284 304
-608 320 96 320
480 -224 -256 288
-133 -150 -293 278
80 -227 74 -908
-151 -141 -302 260
67 -238 79 -913
-140 -135 -309 273
83 -249 56 -888
-160 -160 -288 256
64 -224 64 -896
-260 532 683 -599
388 -1086 -591 759
-280 531 709 -587
404 -1073 -582 751
-267 537 704 -580
393 -1095 -580 774
-288 544 704 -576
384 -1088 -576 768
929 -228 460 207
-768 -70 -422 -248
937 -225 445 198
-745 -77 -439 -240
947 -224 432 195
-725 -88 -458 -232
960 -224 416 192
-736 -96 -480 -224
-353 275 -583 -750
-263 -34 -3 177
-343 277 -580 -722
-249 -33 -22 192
-332 284 -609 -729
-236 -64 -43 206
-320 256 -608 -704
-224 -64 -32 192
222 -6 780 -27
-393 -65 -55 -98
240 -5 796 -29
-388 -66 -79 -97
233 -4 781 3
-387 -34 -70 -94
256 0 768 0
-384 -64 -96 -96
94 -76 -57 -247
-278 -703 -173 75
91 -92 -37 -271
-261 -691 -186 93
124 -78 -48 -263
-243 -712 -205 77
128 -64 -64 -256
-224 -704 -192 96
-131 237 158 -179
-469 391 92 482
-130 234 157 -174
-454 378 95 500
-96 229 127 -168
-436 366 95 489
-96 224 128 -160
-416 352 64 512
270 302 -285 64
-31 22 -117 -570
293 288 -304 51
10 3 -128 -561
322 304 -327 74
21 18 -143 -552
320 288 -352 96
32 0 -192 -544
-551 -446 271 -213
-508 -72 -557 -336
-537 -477 254 -229
-500 -82 -551 -339
-525 -477 239 -211
-489 -89 -579 -314
-512 -480 224 -224
-480 -96 -576 -320
1 -691 415 -174
-172 519 250 -205
14 -682 403 -189
-181 502 271 -201
23 -710 393 -175
-185 522 262 -195
32 -704 384 -192
-192 512 256 -224
-112 204 -598 408
-517 -144 -65 185
-131 200 -600 390
-504 -149 -84 197
-114 195 -570 403
-524 -154 -74 179
-128 192 -576 416
-512 -160 -64 192
-292 -526 -778 142
-776 304 142 -262
-290 -541 -774 147
-793 286 157 -248
-290 -526 -769 154
-779 271 143 -237
-288 -544 -768 160
-800 288 128 -224
79 -156 -95 487
432 139 -152 -220
95 -169 -95 496
425 134 -134 -231
80 -181 -97 504
421 131 -147 -242
64 -160 -96 512
416 128 -128 -224
226 350 216 -13
-29 -476 -235 299
234 327 220 -7
2 -478 -260 297
245 339 222 -2
0 -477 -259 292
224 352 192 -32
32 -448 -288 288
738 -205 -63 163
687 36 769 -53
749 -190 -106 152
715 45 747 -66
757 -207 -116 171
709 20 725 -48
768 -192 -128 160
736 32 736 -64
-33 173 517 -221
379 348 571 385
-30 188 502 -220
371 351 549 351
-30 206 490 -252
394 350 561 352
0 192 480 -256
384 384 544 352
502 259 177 203
-74 -161 -249 263
516 245 162 210
-68 -174 -274 252
497 265 175 186
-66 -151 -264 239
512 288 160 192
-64 -128 -288 224
117 -11 -407 418
-695 -195 -379 333
144 -6 -410 388
-657 -173 -398 330
168 -4 -413 385
-629 -147 -410 292
160 0 -448 384
-640 -128 -416 288
143 152 -66 103
-1309 1372 -109 316
212 179 -106 90
-1286 1435 -155 299
194 221 -120 69
-1317 1484 -167 216
192 288 -128 32
-1376 1600 -128 160
26060 7632 1443 -2190
-3890 -1227 2863 18585
26027 7658 1425 -2261
-3944 -1177 2918 18542
25964 7744 1475 -2337
-4065 -1092 3015 18470
25824 7872 1568 -2432
-4224 -1024 3168 18368
2406 1312 -979 700
4174 2372 -328 -1086
2337 1359 -922 663
4122 2430 -229 -1096
2198 1396 -782 582
4047 2441 -149 -1134
2048 1440 -608 544
3968 2464 -32 -1184
2467 639 -128 886
-1894 -1369 -1048 -1583
2451 656 -108 850
-1881 -1376 -1073 -1569
2442 663 -53 833
-1851 -1357 -1064 -1585
2432 672 0 832
-1824 -1376 -1088 -1600
70 -246 -687 643
1250 -99 -275 884
95 -251 -740 658
1277 -126 -309 891
143 -265 -755 644
1309 -157 -347 904
160 -288 -800 672
1344 -160 -384 960
-1252 1460 -938 -1200
381 479 223 -638
-1226 1449 -988 -1172
392 503 187 -625
-1203 1411 -1005 -1145
403 491 157 -615
-1152 1376 -1056 -1120
416 448 160 -576
75 154 -292 107
-492 321 778 859
61 140 -332 97
-517 341 771 870
78 151 -340 95
-513 330 769 849
96 160 -352 96
-512 352 768 864
-1446 1338 98 -592
1001 -352 -70 308
-1473 1358 106 -615
993 -348 -55 311
-1471 1349 116 -610
990 -349 -42 317
-1504 1344 128 -608
992 -352 -32 320
-507 -578 -795 580
733 -153 45 -284
-512 -587 -780 586
721 -168 39 -262
-513 -597 -773 595
713 -181 37 -242
-512 -608 -768 608
736 -192 32 -256
-464 -241 1145 383
-552 -600 -236 -370
-466 -255 1146 383
-582 -606 -212 -330
-441 -273 1149 417
-578 -608 -219 -323
-448 -288 1152 416
-576 -608 -224 -320
72 -215 216 -386
1344 -92 -91 584
69 -211 221 -350
1349 -105 -91 581
66 -234 221 -350
1362 -85 -93 580
64 -224 224 -352
1344 -96 -64 576
-742 19 273 -263
-483 -260 -354 606
-770 21 265 -258
-470 -279 -363 615
-768 -6 293 -257
-490 -268 -375 629
-768 0 288 -256
-480 -256 -352 640
-429 47 -708 165
314 -108 248 17
-443 51 -706 187
294 -148 259 23
-462 56 -705 174
307 -123 274 28
-448 64 -704 192
288 -128 288 32
-84 638 -225 315
-64 214 379 1173
-99 616 -214 308
-64 216 400 1177
-113 628 -203 298
-64 219 392 1180
-96 608 -192 320
-64 192 416 1184
239 88 -606 -289
-593 -66 -243 212
252 67 -582 -287
-596 -44 -248 231
237 80 -595 -286
-602 -55 -251 212
224 64 -576 -288
-608 -64 -224 224
-23 -572 -298 141
-111 312 322 446
-36 -573 -307 158
-126 304 319 445
-18 -573 -313 142
-110 296 318 446
-32 -576 -288 160
-128 288 320 448
276 -272 -45 -22
-273 256 -160 -869
245 -277 -33 -24
-270 254 -148 -875
250 -284 -16 -27
-262 254 -168 -884
256 -288 -32 0
-256 288 -160 -896
-1163 228 -949 123
-1112 163 -538 1195
-1179 227 -953 115
-1122 172 -540 1189
-1196 225 -956 106
-1137 183 -542 1153
-1184 224 -928 96
-1152 192 -544 1152
-189 48 -963 -296
-55 197 -66 145
-215 74 -950 -302
-48 206 -54 140
-236 68 -939 -310
-70 215 -43 102
-224 96 -928 -320
-64 256 -32 96
20 -105 1011 -247
6 230 -782 126
13 -80 1020 -269
0 238 -765 114
8 -57 1038 -263
0 278 -749 74
0 -32 1056 -288
0 288 -736 64
-154 26 -648 -176
-64 327 -27 60
-143 47 -664 -201
-76 345 -20 31
-168 71 -652 -228
-87 364 -10 0
-160 96 -640 -224
-64 384 0 0
580 -1167 419 -134
-605 308 54 78
576 -1138 408 -152
-587 310 61 71
574 -1111 398 -172
-597 315 31 67
576 -1088 416 -192
-576 320 32 32
343 26 307 350
-51 120 762 -194
366 40 291 320
-24 100 765 -196
359 51 273 320
-29 115 766 -193
384 64 256 320
0 128 736 -192
-41 137 -273 473
-350 -349 -140 198
-20 145 -275 475
-328 -349 -156 194
-26 154 -281 477
-341 -349 -142 192
0 160 -288 448
-320 -352 -160 192
112 -71 253 -758
-305 265 120 -145
120 -78 241 -772
-317 261 119 -149
124 -88 233 -754
-302 258 124 -155
128 -96 224 -768
-320 256 128 -128
-13 33 -385 -204
70 372 154 489
-18 43 -364 -220
59 375 175 484
-24 22 -375 -207
47 380 166 483
-32 32 -352 -192
32 384 192 480
527 -685 -239 68
178 134 -5 -449
521 -669 -223 57
172 123 8 -472
516 -687 -208 75
165 140 20 -458
512 -672 -192 64
160 128 32 -480
196 217 -96 439
-54 -398 326 -545
170 209 -85 430
-69 -376 315 -530
180 232 -74 424
-51 -379 334 -553
160 224 -96 448
-64 -352 320 -544
-170 -205 569 -493
-195 -210 89 10
-157 -190 573 -518
-181 -181 80 -14
-174 -174 573 -514
-203 -186 104 -9
-192 -160 576 -512
-224 -192 96 -32
14 250 -94 260
-551 568 -276 523
-12 251 -76 245
-568 580 -270 508
-37 252 -86 266
-587 593 -264 495
-32 256 -64 256
-608 576 -256 480
-122 24 -551 -118
67 -762 -521 -96
-114 32 -538 -97
68 -740 -530 -125
-136 48 -525 -111
65 -753 -504 -127
-160 32 -512 -128
32 -736 -512 -128
-598 -452 -706 119
-32 115 -181 105
-610 -437 -686 110
-23 97 -164 111
-623 -459 -695 102
-41 112 -179 89
-608 -448 -672 96
-32 128 -160 96
39 645 -337 9
202 -245 -121 314
68 630 -340 -4
197 -235 -125 305
64 652 -313 -17
226 -229 -124 328
64 640 -320 0
224 -224 -128 320
127 5 -241 -61
-614 247 288 -174
126 14 -254 -42
-589 240 289 -180
126 -9 -239 -54
-596 264 255 -185
160 0 -256 -64
-576 256 256 -192
175 11 703 67
-39 -102 -301 207
147 8 698 76
-8 -109 -300 201
153 6 701 85
-5 -117 -309 195
160 0 704 96
-32 -128 -288 192
-595 453 -722 -287
169 1042 513 187
-599 453 -726 -308
177 1027 501 176
-570 450 -730 -299
154 1041 520 200
-576 448 -736 -288
160 1024 512 192
-36 530 477 721
-349 243 -896 462
-35 537 466 735
-351 241 -884 454
-67 510 489 717
-352 264 -871 483
-64 512 480 736
-384 256 -832 480
-361 1326 55 70
-386 205 316 260
-367 1322 68 68
-387 203 337 259
-375 1315 82 65
-416 229 327 258
-384 1312 96 64
-416 224 352 256
-279 626 -591 180
125 76 -591 313
-303 619 -608 173
104 82 -596 296
-296 646 -590 165
115 88 -569 307
-320 640 -576 160
96 96 -576 288
412 176 217 -57
-541 4 265 -2
400 202 219 -89
-518 25 251 -22
425 197 221 -93
-530 11 267 -10
416 224 224 -96
-544 32 256 -32
79 -674 -299 0
14 49 -694 -82
96 -670 -297 -13
-13 42 -686 -66
78 -638 -291 -21
-7 38 -709 -50
96 -640 -288 -32
0 32 -704 -64
-551 -246 -372 239
-524 629 742 424
-557 -237 -364 246
-553 621 768 419
-566 -262 -358 250
-547 614 767 417
-544 -256 -384 256
-544 608 768 448
410 651 -73 -85
-125 29 -188 414
418 670 -77 -87
-125 21 -209 422
400 654 -55 -91
-127 11 -199 402
416 640 -64 -64
-128 0 -192 416
-23 352 -219 -492
509 -15 28 247
5 364 -220 -497
530 -41 18 258
2 373 -222 -504
521 -36 9 240
0 352 -224 -512
544 -32 0 256
-134 344 308 -86
-638 -52 -586 550
-119 357 289 -88
-648 -63 -574 555
-140 339 273 -93
-627 -80 -589 565
-128 320 288 -64
-640 -96 -576 576
-187 56 -280 -25
-422 -284 147 -430
-169 37 -248 -7
-409 -285 151 -423
-180 51 -253 -19
-427 -286 153 -420
-192 32 -256 0
-416 -288 160 -416
497 308 -50 -219
-438 47 541 111
491 302 -47 -231
-439 52 539 116
486 327 -39 -211
-445 58 542 121
512 320 -32 -224
-416 32 544 128
370 296 -1539 -151
-181 -76 120 219
381 315 -1523 -154
-164 -70 125 230
397 302 -1542 -157
-147 -98 95 209
384 320 -1568 -160
-128 -96 64 224
-762 -249 -171 -138
17 441 133 488
-744 -249 -178 -136
10 423 119 481
-724 -250 -184 -133
37 402 109 511
-704 -256 -224 -128
32 416 96 512
-1165 210 5 -869
-578 49 -65 -12
-1157 213 3 -864
-568 73 -74 4
-1152 218 1 -863
-537 72 -71 -15
-1152 224 -32 -832
-544 96 -64 0
-414 -133 -561 222
-672 483 70 -658
-339 -109 -557 200
-602 503 11 -660
-320 -100 -568 204
-624 537 7 -691
-352 -64 -576 160
-704 576 32 -736
28035 5650 1143 -1086
1347 -2241 6128 16701
28030 5653 1085 -1098
1311 -2223 6141 16678
27989 5686 1094 -1147
1214 -2193 6209 16644
27872 5760 1216 -1216
1088 -2144 6336 16608
3299 1314 -520 1280
3305 3229 -350 1000
3275 1340 -505 1244
3284 3263 -264 1005
3180 1352 -411 1227
3227 3255 -199 956
3072 1376 -256 1184
3200 3296 -128 928
872 1021 42 482
273 -1555 88 -1394
873 1041 28 480
314 -1561 47 -1418
901 1033 43 427
346 -1546 39 -1413
896 1056 64 416
384 -1568 0 -1408
-116 -967 -399 442
965 328 -729 406
-75 -965 -458 440
992 287 -761 403
-8 -1008 -515 470
1025 271 -828 439
32 -1024 -544 480
1088 224 -864 480
-2398 193 259 -409
-404 1774 166 -338
-2393 150 234 -371
-396 1742 116 -308
-2360 138 211 -329
-391 1749 105 -281
-2336 96 160 -320
-384 1728 96 -256
359 -183 -1293 77
-1004 472 -654 844
349 -152 -1283 89
-1031 495 -679 858
349 -157 -1310 92
-1026 518 -674 846
352 -160 -1312 96
-1024 512 -672 832
-984 916 756 192
334 -562 -210 40
-976 924 758 186
336 -543 -223 9
-967 939 762 174
341 -527 -206 6
-960 960 768 160
320 -512 -224 0
-379 -538 -155 1347
832 -181 387 -1241
-390 -529 -167 1333
820 -169 394 -1247
-371 -489 -178 1322
811 -180 372 -1263
-384 -480 -160 1312
800 -160 384 -1280
-125 -241 664 535
-415 -572 76 128
-148 -234 688 517
-425 -581 72 94
-168 -229 678 531
-437 -563 100 95
-160 -224 672 512
-448 -544 96 96
394 -48 -231 -319
-37 587 -555 -135
398 -45 -226 -307
-47 591 -559 -140
373 -38 -224 -329
-55 597 -565 -117
384 -32 -224 -320
-32 608 -544 -128
-845 441 252 692
-256 304 -113 646
-839 433 255 673
-254 297 -128 654
-866 456 254 657
-256 294 -112 630
-864 448 256 672
-256 288 -128 640
796 -767 579 569
1289 338 796 -732
807 -785 578 549
1291 320 808 -730
786 -776 576 562
1301 335 789 -732
800 -768 576 544
1312 320 800 -736
112 -560 219 -88
-273 229 324 22
129 -563 191 -89
-286 224 299 35
145 -570 192 -61
-271 225 309 17
128 -576 192 -64
-256 224 288 32
-8 183 -330 408
-713 -172 -337 -646
14 173 -333 400
-698 -169 -341 -662
6 199 -343 424
-685 -196 -345 -652
0 192 -352 416
-672 -192 -352 -640
171 -851 389 37
-27 325 -144 -532
186 -831 397 25
-40 330 -169 -524
174 -848 374 45
-52 339 -164 -517
192 -832 384 32
-32 320 -160 -544
-381 -638 -65 196
164 234 902 243
-369 -640 -74 195
175 249 907 216
-391 -640 -54 194
152 236 915 220
-384 -640 -64 192
160 256 928 224
917 -445 71 -555
-14 -852 66 244
920 -448 67 -559
-40 -833 84 227
889 -449 99 -565
-37 -818 77 243
864 -416 96 -576
-64 -800 96 224
-496 458 -783 -270
-853 -585 227 433
-502 461 -754 -263
-855 -592 236 438
-505 470 -761 -290
-858 -599 244 443
-512 480 -736 -288
-864 -576 256 448
-135 82 -435 538
-206 -56 -821 205
-113 64 -438 549
-181 -79 -823 202
-121 47 -443 562
-187 -73 -826 198
-128 64 -448 544
-192 -96 -832 224
-1 194 -820 91
-360 544 782 345
7 190 -802 116
-332 542 765 339
21 192 -815 106
-343 542 781 361
0 160 -832 128
-352 512 768 352
-1 259 -141 251
583 -197 344 416
-1 247 -129 233
591 -181 357 395
31 267 -143 245
599 -172 339 405
32 256 -128 256
576 -160 352 384
78 515 57 127
-414 405 -258 258
72 510 71 139
-433 416 -269 240
68 541 51 118
-423 400 -278 215
64 544 64 96
-416 416 -288 224
468 68 868 484
-3 -718 -733 314
449 87 864 473
-2 -709 -751 305
464 77 863 461
-33 -705 -744 328
448 96 864 448
-32 -704 -736 320
-98 -529 67 113
-116 477 682 -140
-118 -532 86 127
-118 456 679 -146
-106 -569 108 142
-123 435 705 -121
-128 -576 96 160
-128 416 704 -96
516 345 -23 -288
395 133 200 495
512 347 -14 -275
413 101 209 508
511 316 25 -232
400 98 216 527
512 288 32 -224
384 64 224 544
219 -586 748 75
43 494 -432 189
225 -615 740 93
40 498 -406 192
192 -611 768 110
37 472 -410 223
192 -640 768 128
32 480 -416 224
573 337 193 242
442 -928 -424 -26
567 333 170 247
455 -949 -420 2
587 325 180 253
435 -969 -419 0
576 320 192 256
448 -960 -416 0
944 232 401 -506
255 -216 316 696
938 206 393 -497
275 -239 307 697
964 184 389 -489
266 -232 297 733
960 192 384 -480
288 -256 288 736
-506 -363 284 -738
-671 69 -1254 -769
-507 -392 262 -748
-681 35 -1270 -768
-479 -389 276 -725
-659 33 -1290 -767
-480 -416 256 -736
-672 32 -1280 -768
-544 -109 283 344
-154 -301 -291 -73
-520 -139 285 356
-147 -300 -281 -67
-531 -133 284 371
-137 -294 -268 -65
-544 -128 288 352
-160 -288 -288 -64
595 -696 -102 -565
-633 350 -175 638
616 -718 -87 -579
-610 350 -201 637
612 -711 -75 -560
-623 352 -198 638
608 -704 -96 -576
-608 352 -192 672
571 -378 579 -487
170 -17 -797 -8
584 -393 562 -473
195 -10 -783 -17
594 -403 585 -461
193 -37 -806 7
576 -416 576 -448
192 -32 -800 0
-302 -200 116 -89
-125 -4 37 -496
-273 -217 109 -94
-124 -18 32 -468
-280 -205 102 -93
-126 7 32 -472
-288 -224 96 -96
-128 0 32 -480
-74 -425 178 -381
-270 79 -405 221
-95 -412 203 -389
-252 84 -426 209
-111 -429 197 -404
-270 90 -421 201
-96 -416 192 -416
-256 96 -416 192
33 23 352 177
499 -254 -266 -484
21 34 371 172
500 -242 -270 -503
10 49 361 167
504 -234 -245 -490
32 64 352 160
512 -224 -256 -512
-73 -573 573 -17
-83 -238 125 -34
-68 -570 563 -2
-86 -265 124 -14
-66 -572 554 -17
-59 -260 126 -24
-64 -576 544 -32
-64 -288 96 0
292 413 605 263
84 885 -162 261
290 391 615 271
64 872 -171 284
290 371 595 279
80 868 -182 271
288 384 576 288
96 864 -160 288
-24 -744 -769 -88
270 454 445 510
6 -728 -785 -98
276 473 443 509
3 -747 -777 -82
282 461 445 510
0 -736 -800 -64
256 448 448 512
-163 -104 37 88
-429 135 -98 -370
-160 -91 13 92
-446 122 -99 -375
-160 -109 23 93
-431 109 -97 -347
-160 -96 0 96
-416 128 -128 -352
186 -343 -506 -54
-64 -50 221 -82
196 -341 -515 -67
-63 -55 200 -56
210 -348 -529 -49
-63 -60 211 -60
192 -352 -544 -64
-64 -64 192 -64
22 684 182 368
-246 -136 -331 463
37 676 173 385
-249 -120 -328 448
51 675 167 368
-252 -140 -324 463
32 672 160 384
-224 -128 -352 480
-107 50 -146 -22
437 -449 18 -688
-103 65 -151 -5
442 -438 0 -669
-100 49 -155 -18
444 -460 -16 -654
-96 32 -160 0
448 -448 0 -672
38 233 -213 93
-234 -475 357 235
15 232 -197 81
-252 -474 365 240
23 260 -210 74
-237 -477 342 247
32 256 -224 96
-256 -480 352 256
36 141 -160 -743
13 -333 147 -184
35 125 -170 -731
-1 -340 139 -164
34 143 -182 -748
17 -345 133 -179
64 160 -160 -736
0 -320 128 -192
-43 102 -258 -39
397 62 -511 92
-27 98 -268 -47
385 59 -525 94
-44 98 -280 -56
400 62 -502 96
-32 96 -256 -64
384 64 -512 64
162 -228 253 -128
977 -327 -257 95
154 -207 250 -146
958 -311 -248 61
173 -216 253 -137
943 -331 -268 62
160 -192 256 -160
960 -320 -256 64
-327 302 -40 -171
-407 -1031 155 -107
-312 328 -25 -156
-417 -1036 153 -116
-330 324 -45 -173
-431 -1012 155 -122
-352 320 -32 -192
-448 -992 160 -128
68 561 -332 -555
-207 94 -112 -480
34 596 -319 -571
-235 94 -106 -491
32 601 -303 -558
-229 96 -100 -501
32 608 -320 -576
-256 96 -96 -512
59 -163 -309 240
-683 -275 -219 -33
84 -162 -309 221
-649 -239 -206 -31
75 -160 -315 238
-624 -231 -218 -31
64 -160 -288 224
-640 -224 -192 -32
690 -24 719 104
-518 992 248 -728
740 -8 683 100
-424 987 168 -717
765 -2 675 91
-426 1002 133 -733
768 32 672 96
-448 1056 160 -768
27248 3462 381 -412
6501 -3739 7436 15016
27314 3439 273 -382
6559 -3752 7355 15060
27341 3474 222 -418
6568 -3742 7330 15021
27296 3520 288 -480
6528 -3680 7392 14976
3908 339 186 1688
548 2447 -771 1413
3946 332 119 1692
583 2481 -750 1401
3946 353 129 1677
602 2480 -747 1394
3904 384 192 1664
608 2496 -736 1344
516 786 734 53
-66 -1590 719 -1458
543 804 702 56
-29 -1553 661 -1490
590 802 695 10
-1 -1559 632 -1496
608 832 672 0
32 -1536 608 -1504
230 -1518 -253 -140
784 156 -313 68
268 -1526 -275 -131
807 135 -346 64
309 -1512 -329 -148
867 147 -379 94
352 -1536 -352 -160
896 128 -416 96
-1418 489 305 -321
-1080 1200 -1097 -560
-1390 504 265 -318
-1039 1212 -1115 -563
-1364 490 227 -318
-1030 1228 -1166 -567
-1344 480 224 -288
-1024 1216 -1184 -576
-489 127 -871 466
8 -90 -843 1750
-488 152 -890 460
25 -57 -869 1726
-452 174 -908 421
44 -28 -865 1708
-448 192 -928 416
64 0 -896 1696
-808 1186 576 -927
589 181 -720 1
-806 1191 563 -947
600 217 -742 -17
-772 1233 554 -968
618 253 -769 -40
-736 1248 544 -992
640 256 -768 -64
-417 -852 805 168
-393 -424 181 -655
-417 -804 784 165
-369 -388 155 -703
-383 -784 761 129
-376 -386 156 -720
-352 -768 736 96
-352 -352 128 -736
-156 -658 732 -703
980 -433 -73 46
-144 -639 710 -725
970 -429 -81 28
-136 -623 691 -745
997 -390 -89 14
-128 -608 704 -736
992 -384 -64 0
-418 -32 302 -1198
207 -78 -427 457
-396 -14 298 -1232
221 -32 -456 433
-404 9 292 -1239
238 -16 -451 409
-384 32 288 -1280
256 0 -448 384
-391 -118 -1102 -250
-833 -121 -169 -288
-367 -91 -1135 -285
-830 -113 -211 -310
-345 -62 -1141 -317
-798 -74 -218 -328
-352 -32 -1152 -352
-800 -32 -224 -352
-7 -901 -344 229
-352 -462 541 -844
3 -879 -357 219
-319 -458 509 -880
19 -823 -371 174
-319 -421 509 -888
32 -800 -384 160
-288 -416 480 -928
331 175 -260 366
136 -248 -202 375
337 201 -293 364
134 -248 -232 355
376 228 -289 358
163 -251 -227 336
384 224 -320 320
160 -224 -256 352
-325 413 -446 607
-794 1153 -64 708
-312 391 -457 616
-802 1119 -89 685
-298 403 -469 627
-784 1119 -77 694
-288 384 -480 608
-768 1120 -96 704
267 117 -482 595
-237 -798 -174 -198
263 90 -482 589
-245 -797 -158 -172
291 92 -480 615
-249 -797 -176 -182
288 96 -480 608
-224 -800 -192 -160
320 275 68 65
27 94 107 -167
318 289 56 67
31 116 82 -163
320 271 44 64
31 106 89 -193
320 288 64 64
32 96 96 -192
-9 1074 -72 550
827 -756 475 -41
-15 1075 -72 557
794 -724 485 -57
-24 1081 -68 534
798 -729 466 -77
-32 1088 -64 544
800 -736 480 -64
40 664 323 258
-8 24 155 -552
38 656 313 242
-34 15 154 -556
4 647 331 232
-34 40 190 -565
0 672 352 256
-64 32 192 -576
-127 -231 -8 612
5 46 161 -206
-126 -235 28 586
-5 51 180 -191
-159 -245 29 595
-18 57 170 -207
-160 -224 64 576
-32 64 192 -192
-65 10 -367 -148
550 -211 104 -507
-96 18 -342 -152
569 -190 113 -498
-95 27 -347 -156
556 -206 120 -490
-96 32 -320 -160
544 -192 128 -512
477 -296 -547 150
-51 873 600 -640
466 -291 -535 171
-75 878 589 -639
488 -290 -521 165
-70 885 614 -639
480 -288 -544 160
-64 864 608 -640
53 585 -41 424
-235 351 565 621
34 573 -37 409
-241 361 569 625
48 592 -34 396
-217 342 573 630
32 576 -32 416
-224 352 576 640
-289 -336 -444 -67
-142 -177 -36 -35
-300 -358 -443 -90
-146 -172 -34 -23
-310 -354 -446 -77
-153 -167 -33 -12
-288 -352 -416 -64
-160 -160 -32 0
234 204 472 -1127
200 -82 -450 178
230 229 484 -1131
208 -76 -447 159
228 227 465 -1141
184 -69 -448 175
224 224 480 -1120
192 -64 -416 160
205 -52 512 -329
586 -455 42 144
194 -34 508 -358
583 -430 59 148
178 -49 509 -356
579 -437 77 122
160 -32 512 -352
576 -416 64 128
-4 398 301 -510
402 -879 -480 -101
-10 416 305 -531
382 -902 -459 -102
-22 399 312 -522
368 -899 -469 -99
-32 416 320 -512
384 -896 -448 -96
0 1446 -74 178
-778 37 7 172
-21 1437 -79 183
-781 35 5 161
-43 1437 -56 187
-791 33 34 178
-32 1440 -64 192
-800 32 32 192
398 -799 499 457
574 -68 108 42
394 -817 522 450
575 -88 125 50
388 -807 517 481
576 -78 111 90
352 -832 544 480
576 -96 128 96
469 -352 364 -245
20 386 -285 304
451 -394 389 -237
10 352 -273 318
466 -405 387 -231
5 353 -265 335
448 -416 384 -224
32 320 -288 352
6 168 -323 591
-627 -624 280 -758
15 164 -341 619
-629 -640 260 -738
23 130 -329 645
-604 -656 274 -720
32 128 -352 672
-608 -672 256 -704
-206 -312 -871 -357
44 660 246 605
-203 -321 -877 -356
40 650 249 635
-198 -337 -886 -322
37 613 221 636
-192 -352 -896 -320
64 608 224 672
116 21 433 -190
-113 -65 -214 -1
127 12 428 -179
-127 -54 -239 0
112 7 421 -168
-112 -75 -229 32
128 0 416 -160
-128 -64 -224 32
111 -341 511 -572
-117 11 -531 -164
107 -325 500 -560
-139 26 -557 -162
102 -340 489 -551
-134 12 -550 -159
96 -320 512 -544
-128 32 -544 -160
700 -533 739 34
284 -857 -100 -179
689 -536 746 22
293 -850 -84 -172
712 -507 757 13
274 -872 -74 -168
704 -512 736 0
288 -864 -96 -192
-510 252 66 -128
-156 193 249 232
-518 254 65 -161
-148 201 274 261
-531 255 65 -160
-170 181 264 259
-512 256 64 -160
-160 192 256 256
226 -1087 209 -570
123 -85 -117 -612
207 -1084 191 -572
103 -99 -78 -601
215 -1085 208 -573
84 -115 -72 -589
192 -1088 192 -544
64 -128 -64 -576
-564 656 489 436
684 195 -327 258
-585 659 493 451
668 192 -315 267
-579 664 501 434
686 192 -302 246
-608 672 512 448
672 192 -288 256
281 -319 -437 -41
-41 -304 -326 -154
272 -288 -427 -26
-14 -298 -345 -156
265 -287 -423 -45
-23 -294 -333 -158
256 -288 -416 -32
0 -288 -352 -160
672 -189 158 -277
579 -161 -39 -421
685 -193 134 -279
598 -161 -37 -439
694 -160 115 -283
587 -192 -67 -428
704 -160 128 -288
608 -192 -64 -416
59 -671 175 436
-38 213 -256 -131
96 -677 159 415
-24 214 -246 -99
95 -690 144 431
-11 220 -267 -97
96 -704 160 448
-32 192 -256 -96
-193 614 150 410
5 -355 585 -493
-201 630 162 425
1 -344 602 -497
-213 619 176 436
1 -364 588 -473
-224 608 160 448
0 -352 608 -480
178 769 -284 322
-246 -365 47 174
172 768 -296 297
-258 -361 51 171
166 798 -275 311
-241 -356 58 133
160 800 -288 288
-256 -352 32 128
-764 -512 -901 -284
177 229 -223 -504
-775 -499 -888 -318
180 240 -211 -517
-787 -489 -876 -319
155 248 -234 -530
-768 -480 -896 -352
160 256 -224 -544
-396 -376 -440 603
485 392 317 -932
-382 -355 -451 602
460 377 293 -964
-399 -368 -434 571
470 397 308 -961
-384 -352 -448 576
480 416 320 -960
-107 799 -122 -111
-512 -680 80 604
-95 801 -131 -138
-509 -675 62 601
-112 801 -113 -133
-511 -672 80 603
-96 800 -128 -160
-512 -672 64 576
-59 529 75 -588
-472 -196 -98 -273
-51 554 92 -594
-483 -181 -99 -277
-72 549 78 -601
-497 -203 -97 -282
-64 544 96 -608
-480 -192 -96 -256
-721 65 -762 345
591 298 -486 -376
-745 55 -764 333
606 305 -482 -376
-741 76 -766 326
622 279 -480 -380
-736 64 -768 352
608 288 -480 -384
758 115 441 404
231 -136 432 405
747 109 442 418
261 -124 417 410
773 103 445 401
260 -141 399 411
768 96 448 416
288 -128 384 416
76 423 432 84
103 -332 -455 292
107 422 426 66
163 -341 -499 302
134 418 421 82
211 -348 -509 310
128 416 416 64
192 -320 -512 288
74 795 508 -459
531 108 729 118
178 778 482 -466
683 80 596 154
262 792 415 -447
752 73 506 165
288 800 384 -480
800 96 480 128
27013 349 -16 -487
6363 -3183 6226 11521
27187 333 -230 -457
6535 -3185 6063 11553
27289 306 -331 -458
6634 -3192 5920 11531
27360 352 -352 -480
6688 -3136 5888 11488
4006 -735 -97 32
-930 1119 -511 2062
4148 -749 -288 71
-830 1145 -612 2041
4254 -733 -377 55
-757 1176 -697 2001
4320 -672 -448 0
-672 1216 -768 1984
862 12 2584 -487
709 -1581 678 -1301
936 31 2513 -506
760 -1550 625 -1331
967 63 2412 -540
776 -1527 598 -1335
1024 96 2368 -576
832 -1504 544 -1376
-383 -2300 -27 -1374
1451 455 311 1375
-349 -2317 -72 -1355
1466 441 271 1380
-318 -2306 -116 -1367
1485 429 230 1390
-288 -2304 -128 -1408
1504 416 224 1408
-1344 -381 343 -702
-377 824 -764 -265
-1319 -375 314 -679
-368 831 -799 -241
-1297 -395 284 -691
-328 815 -799 -247
-1280 -416 256 -672
-320 832 -832 -224
-393 128 -673 -914
630 -545 -296 791
-368 126 -701 -935
619 -544 -306 748
-377 157 -703 -929
647 -511 -312 742
-352 160 -736 -928
640 -480 -320 736
-1274 56 514 -588
232 -536 -135 108
-1250 68 501 -636
217 -525 -127 93
-1263 114 521 -653
237 -518 -111 78
-1280 128 512 -672
224 -480 -128 64
184 -442 -140 -222
-35 -84 -170 -936
188 -456 -144 -235
-32 -96 -169 -964
157 -436 -121 -246
-30 -79 -164 -961
160 -448 -128 -256
-64 -96 -160 -960
279 11 -23 858
-152 -731 -545 -450
293 8 -6 890
-165 -734 -535 -436
274 3 12 892
-147 -735 -522 -458
256 0 0 896
-160 -736 -512 -448
37 1118 -128 -24
-68 706 -182 1362
36 1118 -129 -26
-77 686 -175 1373
33 1086 -128 -30
-87 664 -199 1357
64 1088 -128 0
-64 672 -192 1376
-467 137 -218 843
-102 106 173 -482
-483 112 -199 868
-132 106 168 -489
-464 121 -210 866
-131 100 196 -469
-480 96 -224 864
-128 64 192 -448
-789 168 79 -236
580 291 -413 371
-793 189 87 -199
607 280 -421 394
-764 174 60 -196
607 267 -435 389
-768 160 64 -192
608 288 -448 384
881 -59 198 -514
55 633 504 375
897 -49 164 -500
60 624 493 398
913 -73 162 -522
64 648 485 392
928 -64 160 -512
96 640 448 384
381 506 371 766
240 238 -483 178
403 518 354 767
235 234 -501 181
392 500 368 765
260 231 -489 187
416 512 352 768
256 192 -512 192
-339 -196 505 276
506 -3 449 -594
-329 -203 496 279
529 -21 448 -599
-356 -214 486 314
521 -44 415 -571
-352 -224 480 320
512 -64 416 -576
513 244 56 446
90 -60 -8 -570
512 235 48 468
115 -50 -26 -591
512 229 40 458
106 -41 -14 -582
512 224 32 480
96 -32 -32 -576
233 -282 390 99
289 -159 -383 -348
265 -272 375 108
323 -171 -394 -350
261 -264 362 118
320 -181 -405 -352
256 -256 384 96
320 -160 -416 -352
412 227 -269 178
188 -453 -21 12
391 226 -267 172
177 -451 -24 29
402 223 -293 199
201 -450 -27 16
416 224 -288 192
192 -448 -32 32
-586 -215 855 -286
-1146 -352 -416 104
-592 -232 846 -255
-1158 -353 -415 114
-566 -211 838 -254
-1138 -384 -384 120
-576 -224 832 -256
-1152 -384 -384 128
344 -654 -551 39
-361 -99 10 -603
334 -661 -556 36
-355 -98 -3 -625
327 -665 -535 34
-354 -98 14 -615
352 -672 -544 32
-352 -96 0 -608
827 3 236 -278
453 493 35 -109
805 1 229 -281
471 507 17 -114
818 31 227 -282
460 526 -9 -153
832 32 224 -288
480 544 0 -160
396 -158 335 70
464 23 684 504
426 -148 307 69
502 26 668 506
453 -138 314 67
505 27 653 509
448 -128 288 32
512 32 640 480
162 -383 -806 85
101 204 420 520
149 -394 -825 100
121 177 409 538
170 -372 -843 83
141 184 396 556
192 -384 -864 96
160 160 384 544
-885 -242 359 375
-521 364 -789 -41
-888 -226 344 382
-530 356 -802 -26
-858 -241 332 382
-537 353 -785 -12
-864 -256 320 384
-512 352 -800 -32
-215 300 -396 121
-538 -128 435 800
-207 308 -390 105
-571 -137 434 808
-231 282 -386 116
-572 -148 441 819
-224 288 -384 128
-576 -160 448 832
-213 413 -668 203
-543 634 173 146
-229 423 -647 211
-561 627 167 140
-241 402 -627 217
-585 616 194 135
-256 416 -608 224
-576 640 224 160
376 -247 -965 177
546 339 235 205
355 -249 -963 204
555 316 232 188
369 -251 -960 197
564 317 229 205
352 -224 -928 192
576 320 224 192
-238 370 -452 302
479 609 -52 391
-225 341 -461 329
492 619 -89 379
-208 346 -470 324
502 630 -92 364
-192 352 -480 320
512 608 -96 384
-1171 607 196 281
45 114 -167 -195
-1183 620 202 271
51 107 -188 -184
-1165 597 180 263
58 133 -207 -202
-1152 608 192 256
64 128 -192 -192
75 -488 -905 -459
-378 -220 -586 -33
91 -476 -909 -462
-370 -223 -593 -63
109 -462 -917 -471
-360 -225 -600 -64
96 -448 -928 -448
-352 -192 -608 -64
-201 249 -82 -65
407 -440 253 773
-176 249 -108 -95
432 -420 242 761
-184 283 -103 -94
424 -402 234 748
-192 288 -96 -96
416 -384 256 736
-146 -131 437 205
55 287 152 -569
-139 -131 450 179
28 327 142 -576
-164 -97 432 153
30 338 167 -591
-160 -96 448 160
32 352 160 -608
656 390 483 293
366 281 -143 404
637 409 494 271
361 294 -157 386
621 428 502 248
357 307 -142 369
640 448 512 224
352 352 -128 352
556 202 1163 847
-734 -173 -191 442
556 206 1156 852
-756 -158 -169 414
518 216 1152 826
-779 -144 -149 415
512 224 1184 800
-800 -160 -128 384
514 107 -511 -35
-6 -310 668 25
512 134 -497 -42
-2 -278 691 7
511 131 -487 -53
-34 -283 712 19
480 128 -480 -64
-32 -288 704 0
-214 30 249 164
-127 -217 133 -50
-239 10 280 179
-137 -229 154 -55
-231 22 285 170
-150 -242 173 -60
-256 0 288 192
-160 -256 192 -32
279 -385 -388 -741
48 376 173 -152
258 -395 -363 -739
31 373 191 -167
241 -404 -373 -738
16 330 207 -149
256 -416 -352 -704
0 320 224 -128
312 -157 735 156
-204 174 -217 -303
304 -179 724 197
-210 156 -207 -276
295 -201 746 210
-218 142 -198 -249
288 -192 736 224
-224 128 -192 -256
-1 130 9 347
158 -355 -78 -33
-4 141 39 350
166 -363 -69 -35
-2 119 36 351
147 -373 -67 -34
-32 96 32 384
160 -384 -64 0
-578 313 275 -654
-151 130 26 159
-577 326 270 -637
-153 100 17 168
-577 307 296 -622
-157 97 41 180
-608 288 288 -608
-160 96 32 192
-176 -322 147 -97
-490 946 320 188
-181 -321 184 -85
-499 971 352 190
-187 -320 189 -75
-506 966 351 190
-224 -320 192 -64
-544 960 384 192
624 385 -229 639
692 168 655 206
605 397 -226 648
683 184 662 233
589 374 -225 659
676 171 668 229
576 384 -192 640
672 192 672 224
-740 264 313 -637
-61 -41 -293 703
-760 251 315 -657
-61 -35 -311 693
-747 267 318 -646
-63 -34 -300 682
-768 256 320 -640
-64 -32 -288 672
-330 -487 -3 205
234 123 -298 -67
-314 -505 -1 209
229 123 -286 -53
-334 -492 -1 184
228 125 -303 -75
-320 -480 0 192
224 128 -288 -64
40 456 -51 327
-310 594 -40 125
38 462 -45 315
-324 607 -39 127
35 471 -38 301
-337 591 -36 128
32 448 -64 320
-320 608 -32 128
65 -700 -683 169
-217 -171 207 -133
76 -698 -688 177
-195 -180 211 -109
53 -701 -696 185
-177 -186 186 -119
64 -704 -704 160
-160 -192 192 -128
337 167 -253 304
281 164 -276 489
337 164 -244 301
325 142 -297 484
346 131 -267 293
338 150 -292 515
384 128 -288 320
352 128 -320 512
-161 20 140 239
89 383 -54 -133
-126 32 124 268
82 372 -61 -140
-127 16 109 262
106 391 -94 -116
-96 0 96 288
128 384 -96 -128
239 -515 516 -58
289 590 -257 217
269 -525 503 -58
314 569 -273 200
263 -502 490 -61
365 554 -283 211
288 -512 480 -32
384 576 -320 224
-79 91 486 655
180 779 365 212
17 63 436 659
335 726 246 247
67 34 376 690
420 732 144 262
96 64 352 672
480 736 128 256
24016 -2154 -609 -247
1518 -3683 2506 10226
24208 -2219 -825 -181
1722 -3707 2319 10256
24330 -2231 -930 -176
1845 -3696 2178 10292
24416 -2208 -992 -192
1952 -3680 2080 10240
4529 -1925 -1857 -1557
-572 -623 -1121 1191
4703 -1951 -2059 -1515
-450 -613 -1242 1171
4850 -1909 -2189 -1534
-341 -597 -1379 1166
4928 -1888 -2304 -1568
-256 -576 -1504 1120
73 -948 2604 -987
497 -1658 64 -1170
155 -931 2497 -989
563 -1642 3 -1170
257 -930 2408 -1006
630 -1653 -63 -1173
320 -896 2304 -1056
672 -1632 -128 -1184
-1078 -2511 -702 -1922
658 -763 1719 968
-1047 -2512 -732 -1930
677 -774 1673 999
-1016 -2515 -798 -1941
692 -784 1664 1009
-992 -2528 -832 -1952
704 -800 1632 992
-1143 -24 -25 -632
-66 896 -481 -1398
-1143 -41 -10 -636
-84 882 -473 -1390
-1143 -53 -22 -606
-106 905 -461 -1379
-1152 -64 -32 -608
-128 896 -448 -1376
-882 -760 -1634 -199
1645 189 -622 -409
-898 -760 -1619 -208
1647 188 -628 -435
-913 -763 -1610 -185
1656 223 -600 -457
-928 -736 -1600 -192
1632 224 -576 -448
-1071 244 1075 -82
-612 305 -1276 -123
-1050 280 1076 -117
-621 333 -1271 -159
-1067 284 1081 -124
-628 358 -1291 -159
-1056 320 1088 -160
-608 352 -1280 -192
521 18 -133 9
480 -268 85 -608
530 53 -130 16
488 -243 77 -617
504 59 -130 -8
499 -217 71 -627
512 64 -128 -32
512 -224 64 -640
224 -219 -416 597
229 31 200 -136
234 -229 -437 565
260 16 178 -143
246 -211 -458 570
255 40 185 -151
256 -192 -448 544
288 64 160 -192
-451 43 -238 273
685 -202 429 157
-440 38 -243 249
699 -175 416 140
-428 35 -280 252
684 -183 400 149
-416 32 -288 224
704 -192 384 128
-745 -299 476 323
223 898 819 527
-751 -311 456 318
233 896 810 542
-758 -331 436 318
245 864 805 525
-736 -320 416 320
256 864 800 544
-53 811 -261 -54
82 714 -571 380
-47 796 -267 -56
72 731 -560 393
-43 812 -244 -27
101 718 -582 403
-32 800 -256 -32
96 704 -576 384
-159 -9 488 446
-1151 38 209 144
-125 -1 476 434
-1159 14 209 167
-125 -2 461 457
-1137 23 183 164
-128 -32 448 448
-1120 0 192 160
86 -45 -1283 -166
521 -518 124 -60
99 -52 -1290 -162
532 -538 114 -51
114 -58 -1269 -161
505 -524 135 -41
96 -64 -1280 -160
512 -544 128 -32
-16 -27 -305 -587
533 -248 366 261
-33 -21 -292 -590
549 -269 349 236
-47 -43 -306 -568
530 -263 366 247
-32 -32 -288 -576
544 -256 352 256
520 89 -36 156
-423 315 3 -507
506 107 -36 171
-428 346 1 -535
492 101 -33 149
-437 347 0 -538
512 128 -32 128
-448 384 0 -544
-147 480 205 622
54 -209 -358 77
-151 512 220 597
67 -173 -374 74
-154 510 205 570
48 -166 -363 37
-160 544 224 544
64 -128 -352 0
399 512 -751 1092
-76 17 581 -14
413 544 -744 1066
-83 40 578 -8
429 575 -737 1045
-58 36 578 -36
448 576 -768 992
-32 64 544 -64
-739 -613 287 -42
411 -1005 -253 -831
-749 -598 266 -60
434 -980 -283 -817
-726 -587 244 -77
456 -986 -285 -840
-704 -576 224 -96
480 -960 -320 -864
266 -468 547 -623
64 260 -126 126
283 -451 546 -626
63 280 -159 115
302 -433 513 -633
96 269 -160 136
320 -448 512 -672
96 288 -192 128
400 242 -89 788
-171 -120 296 33
417 238 -122 775
-166 -123 282 52
432 232 -125 803
-163 -124 269 42
448 224 -128 800
-128 -128 256 32
-71 229 -97 -649
-63 448 186 -284
-49 229 -95 -666
-60 468 155 -283
-55 226 -128 -653
-61 458 156 -286
-32 224 -128 -640
-32 480 128 -288
545 259 629 -192
370 -237 -137 512
576 258 631 -203
375 -231 -145 500
576 256 635 -181
378 -226 -152 489
576 288 608 -192
384 -224 -128 480
151 70 -506 416
-30 864 596 -36
173 99 -484 395
-16 895 577 -66
167 97 -497 404
-41 894 592 -64
160 128 -512 384
-32 928 576 -64
-453 256 -348 148
-89 -392 848 -315
-481 289 -330 130
-109 -365 860 -329
-479 320 -341 114
-133 -374 875 -341
-480 320 -320 96
-128 -352 896 -352
176 243 9 -99
392 -938 -716 -418
180 237 37 -110
391 -933 -702 -404
156 261 33 -118
355 -929 -655 -426
128 256 64 -160
352 -928 -640 -448
-184 -98 -559 554
-34 10 -607 -284
-184 -99 -545 559
-41 7 -610 -295
-188 -96 -528 566
-51 2 -610 -275
-224 -96 -512 544
-64 -32 -576 -288
668 131 124 113
43 -338 -417 -504
679 111 135 105
51 -363 -426 -485
658 87 147 101
26 -356 -437 -498
672 96 160 128
32 -352 -416 -480
326 598 131 684
-152 -165 811 26
337 591 139 689
-185 -174 813 28
313 585 148 695
-187 -150 820 30
320 576 128 704
-192 -160 832 32
589 368 259 -549
305 799 -674 17
592 365 248 -569
321 790 -702 10
567 359 267 -558
303 810 -701 38
576 352 288 -576
320 800 -672 32
-49 -177 -320 71
-723 341 -559 26
-63 -179 -332 67
-726 333 -552 48
-48 -185 -340 65
-697 327 -580 39
-32 -192 -352 64
-704 320 -576 64
-252 212 615 266
861 7 193 525
-248 207 598 273
838 4 211 550
-252 200 617 279
851 -28 201 546
-288 192 608 288
832 -32 224 576
172 -219 55 -461
-332 -328 20 -865
135 -241 67 -467
-339 -326 23 -850
131 -234 82 -440
-344 -324 -5 -840
128 -224 96 -448
-352 -320 0 -864
-217 598 -1021 323
-1233 290 -511 469
-242 591 -1021 310
-1227 276 -509 482
-234 613 -1020 332
-1221 298 -509 466
-224 608 -1024 320
-1216 288 -544 480
-478 -11 -1111 545
-481 -902 452 165
-492 -8 -1112 555
-474 -899 463 175
-472 -2 -1114 533
-461 -897 441 183
-448 0 -1152 544
-448 -896 448 192
404 213 10 -802
-761 -414 772 -109
403 224 -2 -798
-738 -424 770 -114
410 207 -16 -798
-752 -403 768 -120
416 224 0 -800
-736 -416 768 -128
56 -101 248 78
121 100 -406 111
57 -100 268 72
120 99 -385 106
61 -97 262 99
124 96 -399 134
64 -96 256 96
128 96 -416 128
-459 -136 -454 221
-13 450 -884 -193
-456 -153 -471 220
2 427 -907 -172
-453 -141 -459 222
16 439 -900 -181
-416 -128 -480 224
32 416 -928 -192
19 -311 804 595
-432 -334 -169 -543
32 -312 812 610
-417 -330 -186 -522
49 -316 790 624
-433 -325 -173 -533
32 -320 768 608
-416 -320 -192 -544
27 665 374 -140
225 -351 585 -312
30 664 365 -135
243 -362 604 -345
31 668 360 -163
234 -341 589 -348
32 704 352 -160
224 -320 576 -352
-63 -225 -98 -378
-15 369 -101 479
-65 -213 -97 -400
11 375 -96 467
-65 -202 -96 -392
5 378 -95 457
-64 -192 -96 -416
0 384 -96 448
-34 95 -21 305
-196 50 20 226
-45 95 -14 309
-215 57 3 224
-23 96 -6 283
-203 61 17 224
-32 96 0 288
-192 64 0 224
-10 88 881 107
401 -17 -490 219
1 91 896 135
415 9 -505 243
-14 94 879 131
398 4 -492 233
0 64 896 128
416 0 -512 224
-886 167 -255 -583
41 292 215 -50
-898 186 -246 -590
35 279 217 -45
-880 173 -233 -599
33 299 220 -37
-896 192 -256 -608
32 288 224 -64
-771 -732 -968 -89
-572 694 -34 220
-771 -730 -971 -123
-563 706 -34 209
-737 -732 -979 -127
-552 689 -35 200
-736 -704 -992 -128
-544 704 -32 192
107 259 -89 75
359 -228 177 -175
113 260 -114 51
379 -206 159 -158
122 289 -106 59
365 -214 176 -177
128 288 -96 64
352 -192 160 -192
-627 678 -713 282
512 472 -21 420
-638 674 -723 262
513 496 -17 400
-622 672 -729 275
512 487 -9 407
-640 704 -736 256
512 480 0 384
407 -660 330 127
-390 530 -441 542
389 -661 324 125
-368 536 -421 530
402 -665 322 126
-374 537 -434 553
416 -672 320 128
-384 544 -448 544
-235 -391 -283 -742
-401 19 -383 82
-228 -391 -285 -714
-340 -6 -384 89
-226 -389 -286 -724
-317 -24 -419 93
-224 -384 -288 -704
-320 0 -416 96
176 89 118 206
496 -183 680 52
259 54 82 212
642 -245 563 80
313 31 9 246
733 -280 472 115
352 32 0 224
800 -256 416 96
19299 -5742 -144 -108
-5456 -1542 -3292 9411
19481 -5788 -298 -26
-5287 -1557 -3485 9458
19601 -5822 -437 -3
-5143 -1584 -3616 9478
19680 -5792 -480 -32
-5056 -1536 -3712 9440
3824 -2319 -2150 -2532
-104 -1388 -667 2663
3984 -2369 -2308 -2523
10 -1400 -769 2676
4092 -2327 -2429 -2513
95 -1372 -884 2653
4192 -2304 -2528 -2560
192 -1344 -960 2624
870 -345 1497 -2049
-133 -1571 -418 -438
932 -343 1406 -2054
-70 -1550 -465 -447
1031 -318 1309 -2080
-36 -1557 -521 -459
1088 -288 1248 -2080
32 -1536 -576 -480
-1294 -2179 862 -1328
-115 -938 476 599
-1239 -2156 806 -1319
-97 -919 452 574
-1224 -2162 753 -1349
-80 -907 432 590
-1184 -2144 736 -1344
-64 -896 416 576
-631 872 -715 -503
256 869 -421 -922
-622 874 -723 -498
269 896 -423 -921
-612 885 -730 -521
249 896 -421 -955
-640 896 -736 -512
224 928 -416 -960
-474 -452 -455 -238
155 468 -1395 -358
-472 -426 -457 -256
157 504 -1380 -367
-507 -404 -454 -272
160 510 -1393 -409
-512 -384 -416 -288
128 544 -1376 -416
56 -745 -48 425
232 537 -562 -185
72 -717 -45 419
220 549 -572 -201
53 -725 -41 416
209 531 -575 -213
64 -704 -32 384
192 544 -544 -192
139 -169 68 -367
-521 69 -622 -182
129 -174 62 -384
-536 67 -620 -187
145 -184 95 -367
-523 66 -615 -190
128 -192 96 -384
-544 64 -608 -160
706 -31 -595 -213
352 -403 -183 45
704 -11 -599 -205
383 -385 -205 50
735 -21 -603 -199
383 -400 -232 57
736 -32 -608 -224
416 -384 -224 64
347 -552 -525 -631
247 371 736 -273
370 -515 -544 -633
264 374 712 -270
395 -514 -559 -636
276 379 723 -294
416 -512 -544 -640
288 384 704 -288
-1052 -304 -223 -447
864 -84 -642 -21
-1061 -288 -237 -457
863 -77 -651 -28
-1042 -303 -247 -469
832 -70 -662 -30
-1056 -288 -256 -480
832 -64 -640 -32
-600 -158 476 -258
-90 -522 -182 -424
-621 -161 487 -257
-93 -496 -165 -440
-646 -160 499 -256
-125 -505 -148 -427
-672 -160 512 -256
-160 -512 -96 -416
306 -598 153 -445
324 560 749 372
300 -579 176 -435
336 531 763 371
262 -592 200 -458
312 538 781 378
256 -608 224 -448
288 544 800 384
-276 239 -639 482
134 -511 -788 -365
-268 253 -608 482
111 -511 -761 -350
-294 239 -608 481
90 -546 -765 -333
-320 224 -576 512
96 -544 -736 -352
364 -686 230 -711
-156 -364 -5 -607
372 -706 228 -695
-134 -362 -5 -612
346 -691 256 -712
-146 -356 -3 -626
352 -704 256 -704
-160 -352 0 -608
868 -270 -210 1475
220 -243 -491 -249
877 -254 -217 1472
222 -251 -497 -229
885 -272 -187 1503
223 -254 -504 -241
864 -288 -192 1504
224 -256 -512 -224
-396 178 14 182
214 91 369 591
-398 201 6 210
217 113 372 587
-375 197 3 202
253 105 345 580
-384 192 -32 192
256 96 352 576
375 433 -627 23
-103 563 290 26
374 436 -628 5
-69 578 282 -2
379 440 -634 19
-65 591 268 1
384 448 -640 0
-64 608 288 0
-277 -542 -222 76
395 -399 353 -42
-259 -520 -243 83
390 -404 341 -40
-273 -532 -235 58
386 -409 363 -68
-256 -512 -256 64
384 -384 352 -64
-9 -480 450 207
-1 279 348 -20
-3 -490 427 201
-10 267 367 -25
-2 -469 438 196
-20 294 359 -28
0 -480 448 192
-32 288 384 -32
49 -63 -303 -591
-514 -431 25 -319
43 -43 -275 -613
-511 -393 27 -340
38 -21 -282 -610
-511 -389 28 -331
32 -32 -288 -608
-512 -384 64 -352
816 605 -685 -433
235 -70 55 562
829 637 -690 -449
251 -68 48 553
813 638 -697 -464
269 -65 42 548
832 640 -704 -480
256 -64 32 544
-117 -606 6 -72
-423 -14 201 169
-101 -605 -7 -92
-411 9 177 179
-81 -607 -20 -78
-430 4 183 154
-64 -608 -32 -96
-416 0 160 160
-106 -174 -370 -584
-432 -109 187 -127
-91 -160 -406 -610
-427 -126 198 -150
-79 -145 -408 -608
-420 -111 179 -139
-64 -160 -416 -608
-416 -96 192 -160
-756 -7 -346 347
-552 -155 -88 381
-761 -4 -337 316
-558 -157 -103 369
-763 -2 -329 317
-567 -126 -83 361
-768 0 -320 320
-576 -128 -64 352
-208 499 -585 -271
-286 -583 -773 -731
-239 503 -571 -297
-288 -590 -789 -721
-232 506 -556 -292
-289 -566 -777 -744
-256 512 -544 -320
-288 -576 -768 -736
-133 -79 237 510
-403 -181 -168 -296
-134 -53 243 531
-417 -173 -187 -304
-131 -57 250 519
-433 -199 -173 -312
-128 -64 256 512
-416 -192 -160 -288
-850 -354 98 -528
-103 217 -231 -105
-863 -363 106 -525
-120 206 -230 -80
-876 -341 84 -516
-139 232 -197 -88
-896 -352 96 -512
-160 224 -192 -64
464 -740 125 -1
639 382 -309 -180
427 -726 122 -10
635 393 -291 -185
422 -747 157 10
605 403 -274 -187
416 -736 160 0
608 384 -288 -192
-152 -192 -489 -623
-552 255 -349 895
-165 -205 -497 -596
-536 254 -371 882
-145 -181 -503 -601
-556 255 -363 904
-160 -192 -480 -608
-544 256 -352 896
14 -573 -948 -451
-331 139 190 -348
8 -573 -952 -470
-336 126 178 -361
4 -543 -955 -458
-311 142 201 -339
0 -544 -928 -448
-320 128 192 -352
8 -75 438 229
-269 -133 -358 -183
3 -72 449 239
-255 -154 -365 -177
3 -68 463 215
-272 -141 -342 -167
0 -64 448 224
-256 -128 -352 -192
-225 167 -685 599
-16 -795 -685 -347
-195 155 -689 591
21 -797 -711 -325
-194 173 -695 584
26 -797 -707 -339
-192 160 -704 576
32 -800 -704 -352
155 448 169 -111
-138 507 259 682
149 436 140 -106
-136 520 268 680
170 427 151 -102
-131 499 245 707
160 448 128 -96
-128 512 256 704
-334 10 -4 175
1141 744 486 43
-325 -13 -35 178
1151 728 505 63
-323 -8 -34 187
1134 747 492 49
-320 0 -32 192
1120 736 512 64
410 -169 126 62
-257 21 129 1014
421 -177 119 78
-244 4 129 1016
434 -186 109 87
-232 -14 128 1019
416 -192 128 96
-256 -32 128 1024
84 597 816 481
754 -455 60 955
92 574 798 505
758 -462 61 947
93 558 812 525
762 -471 63 970
96 544 800 512
768 -480 64 992
460 -27 170 182
-272 -70 -65 -712
456 -30 178 186
-276 -68 -75 -705
451 -32 185 189
-250 -67 -85 -704
480 -32 160 192
-256 -64 -64 -704
453 -57 188 521
-134 165 -65 -482
464 -58 167 515
-133 153 -53 -493
472 -61 147 513
-131 171 -75 -501
480 -64 160 544
-128 160 -96 -480
350 -290 -209 -77
-33 -116 476 -325
359 -290 -213 -61
-20 -100 455 -321
372 -289 -250 -78
-9 -112 435 -354
384 -288 -256 -64
0 -96 448 -352
-361 -183 -172 184
-200 370 -238 195
-358 -176 -169 186
-195 386 -244 172
-323 -167 -164 189
-193 368 -250 182
-320 -160 -192 192
-192 384 -256 192
134 73 -136 -249
-560 -75 -328 -45
130 89 -112 -238
-575 -59 -335 -61
128 77 -120 -262
-559 -46 -343 -46
128 96 -128 -256
-576 -32 -352 -64
506 230 399 528
-186 20 -87 297
518 239 404 521
-199 35 -69 294
530 215 410 515
-179 49 -82 292
512 224 416 512
-192 64 -64 288
-285 118 228 -180
0 -67 -342 78
-294 112 224 -185
1 -64 -324 83
-306 136 223 -188
0 -63 -338 88
-288 128 224 -192
0 -64 -320 96
290 142 37 241
119 121 -343 -528
265 169 55 257
129 146 -333 -532
276 165 43 239
147 138 -358 -539
288 160 32 256
128 128 -352 -544
-564 383 120 -93
-716 159 -1313 275
-567 376 101 -98
-690 139 -1329 277
-571 364 114 -98
-697 150 -1320 282
-544 384 96 -96
-672 128 -1344 288
-357 275 136 -147
659 190 127 119
-342 267 131 -151
658 194 126 89
-332 261 130 -124
697 193 96 92
-352 256 96 -128
704 192 96 96
54 -47 79 175
-278 201 147 -645
78 -52 66 167
-259 219 119 -652
103 -58 50 163
-242 236 91 -660
96 -32 32 160
-224 224 96 -672
304 -229 -557 -325
449 -226 998 -38
328 -249 -561 -334
490 -251 961 -56
356 -236 -600 -343
528 -242 925 -43
384 -224 -608 -352
544 -224 928 -64
-599 365 114 570
-472 93 118 -916
-510 304 59 578
-359 32 37 -836
-472 284 29 621
-296 3 -8 -823
-448 288 0 608
-256 32 -64 -832
13638 -7092 -256 523
-9700 996 -9405 9810
13748 -7156 -373 583
-9588 949 -9517 9871
13853 -7193 -437 619
-9484 931 -9618 9875
13888 -7168 -512 608
-9440 960 -9696 9856
1683 -1733 -1113 -2043
-76 -544 -234 4769
1781 -1765 -1237 -2001
-41 -543 -294 4774
1858 -1766 -1317 -1997
23 -511 -358 4789
1920 -1728 -1376 -2048
96 -512 -416 4768
-258 -1620 -744 -4185
124 -1292 -717 -738
-208 -1624 -817 -4146
169 -1297 -765 -713
-178 -1647 -870 -4166
213 -1304 -813 -721
-128 -1632 -928 -4160
224 -1280 -832 -736
-933 -1036 712 -1104
-47 51 -276 1060
-893 -1055 671 -1118
-41 64 -297 1085
-860 -1037 638 -1137
-1 50 -342 1086
-832 -1024 608 -1120
0 64 -352 1056
-857 438 -1280 332
720 -73 116 -1590
-865 427 -1303 315
718 -68 80 -1601
-846 453 -1293 334
712 -66 86 -1582
-864 448 -1312 320
704 -64 96 -1600
-118 -784 -1833 272
-1158 435 -557 -675
-110 -785 -1808 295
-1190 415 -550 -674
-134 -792 -1814 291
-1199 398 -532 -673
-128 -800 -1792 288
-1216 416 -512 -672
-196 -559 -477 -400
-105 3 208 1288
-224 -573 -440 -382
-112 -27 243 1288
-254 -589 -431 -398
-150 -27 248 1297
-288 -576 -416 -384
-160 -64 288 1312
578 850 -1120 -362
611 -728 -383 -66
566 841 -1120 -336
621 -736 -371 -36
554 805 -1087 -313
597 -750 -361 -2
512 768 -1056 -288
576 -800 -320 0
83 402 -89 -630
970 -738 927 -869
88 375 -93 -604
958 -723 900 -833
93 347 -95 -575
975 -744 914 -832
64 320 -96 -544
960 -768 928 -800
-412 306 81 136
-368 460 -694 -782
-403 313 109 160
-359 466 -685 -754
-425 285 102 159
-388 440 -678 -761
-416 288 128 192
-384 448 -672 -736
-34 361 256 42
234 829 274 1123
-64 372 285 58
198 810 299 1125
-65 348 287 44
196 822 293 1136
-64 352 288 64
192 800 320 1152
88 531 636 -164
355 423 -330 64
58 537 657 -173
350 423 -313 52
62 541 648 -151
350 420 -301 41
64 512 672 -160
352 416 -320 64
321 124 -32 -1128
66 615 -43 350
322 149 -64 -1144
73 613 -38 347
320 168 -63 -1131
85 643 -67 317
320 160 -64 -1152
96 640 -64 320
-743 -103 -995 60
-119 -433 352 -105
-718 -80 -1022 52
-100 -434 338 -126
-727 -87 -1023 41
-81 -441 329 -111
-704 -64 -1024 32
-64 -416 320 -128
-200 -364 -59 -59
-576 -177 -1068 160
-178 -388 -71 -64
-542 -202 -1083 168
-185 -385 -83 -64
-542 -196 -1101 179
-160 -384 -96 -64
-544 -224 -1088 160
-478 174 -83 -743
971 282 636 -522
-474 168 -82 -728
976 275 644 -507
-475 132 -75 -717
985 265 657 -492
-480 128 -96 -704
992 256 640 -480
-686 124 -622 810
479 788 -577 206
-679 118 -628 813
478 759 -579 210
-676 108 -602 821
511 763 -576 217
-672 96 -608 832
512 768 -576 224
114 314 -432 414
-1018 637 -608 -437
129 338 -445 417
-1039 636 -632 -440
143 328 -462 416
-1030 669 -652 -442
160 352 -448 416
-992 672 -640 -448
483 32 106 512
-893 -510 311 -396
501 44 115 502
-880 -488 314 -413
491 55 89 490
-902 -498 316 -432
512 32 96 512
-896 -480 320 -416
241 -29 6 301
99 345 495 -711
246 -17 33 272
109 366 510 -727
219 -9 32 280
87 358 495 -747
224 0 32 288
96 384 512 -736
996 -656 -450 -689
-468 323 -343 143
981 -647 -450 -715
-490 320 -356 126
969 -612 -448 -708
-484 352 -369 110
960 -608 -448 -736
-480 352 -352 96
-21 369 146 316
140 -6 135 276
-14 393 139 288
157 15 123 259
-5 419 132 289
141 39 141 242
0 448 128 256
160 64 128 224
118 -83 -390 375
83 86 163 180
129 -77 -386 346
108 88 143 143
113 -39 -416 318
101 123 152 135
128 0 -416 288
96 128 160 96
210 -160 98 -105
14 -254 906 540
215 -152 76 -121
30 -232 913 510
218 -139 87 -141
15 -213 888 511
224 -96 64 -160
32 -192 896 480
-29 13 246 -161
-171 -179 -31 -224
-20 5 239 -170
-167 -153 -30 -229
-10 33 232 -180
-196 -157 -31 -242
0 32 224 -192
-192 -160 -32 -256
-225 -560 -162 688
-69 242 -266 133
-224 -542 -161 672
-90 233 -263 141
-226 -559 -159 655
-76 230 -291 118
-224 -544 -160 672
-64 224 -288 128
-44 376 449 803
-219 -352 -87 69
-63 369 448 790
-214 -350 -87 66
-47 361 448 810
-204 -351 -91 65
-32 384 448 800
-192 -352 -128 64
-456 61 -577 -878
-226 76 33 -528
-443 49 -594 -862
-223 73 0 -542
-429 41 -616 -879
-191 67 0 -526
-416 32 -608 -864
-192 64 0 -512
64 -120 240 549
141 -114 -376 -353
54 -102 221 556
158 -129 -377 -354
75 -114 238 533
143 -113 -381 -352
64 -128 224 544
160 -128 -384 -352
-422 -319 11 250
436 -18 224 -412
-418 -329 27 252
460 -23 224 -423
-417 -307 14 254
454 -27 191 -405
-416 -320 0 256
448 -32 192 -416
340 -22 -537 -101
260 113 966 231
366 -25 -527 -100
241 107 957 216
360 -27 -551 -98
248 102 958 235
384 -32 -544 -96
256 96 960 224
-274 254 -723 -597
956 -496 89 -113
-257 265 -714 -599
938 -498 99 -120
-273 244 -742 -603
949 -504 82 -124
-256 256 -736 -576
928 -512 96 -128
-241 379 569 62
-208 -206 -20 -18
-266 380 601 71
-235 -210 7 -2
-292 381 603 84
-261 -185 4 -15
-288 384 608 64
-256 -192 32 0
130 -307 -114 -7
-313 87 66 -166
117 -334 -83 26
-325 79 88 -172
105 -326 -56 28
-339 72 109 -151
96 -352 -64 32
-352 64 128 -128
-181 206 325 298
43 74 456 134
-206 215 354 294
49 51 465 160
-198 187 353 322
25 57 470 161
-224 192 352 320
32 64 480 160
1127 467 -246 185
-271 415 175 -159
1111 449 -250 197
-266 400 183 -157
1130 465 -219 178
-261 393 187 -160
1120 448 -224 192
-256 416 192 -160
-513 69 -680 57
367 -925 247 -433
-499 99 -698 41
374 -892 258 -437
-521 97 -686 53
379 -894 241 -442
-512 96 -704 32
384 -896 256 -448
-287 -694 174 -660
282 -40 -460 -313
-297 -697 177 -666
271 -17 -445 -325
-308 -668 184 -668
264 -25 -462 -307
-320 -672 160 -704
256 -32 -448 -320
-435 -409 -225 8
-71 -433 67 -297
-436 -433 -235 11
-69 -448 73 -306
-439 -421 -247 -10
-66 -462 83 -282
-448 -416 -224 0
-64 -480 96 -288
400 -627 -597 -911
-155 307 -919 -30
405 -641 -621 -905
-135 310 -920 -21
409 -656 -613 -869
-147 283 -924 -11
384 -672 -608 -864
-128 256 -928 0
-280 526 205 188
538 -547 579 -530
-279 498 185 176
537 -547 576 -521
-284 471 204 201
539 -544 544 -514
-256 480 192 224
544 -576 544 -512
-43 -761 -588 24
-334 -527 71 -320
-42 -750 -602 38
-307 -523 59 -298
-6 -775 -618 50
-313 -549 44 -310
0 -768 -640 64
-320 -544 64 -320
129 515 0 99
-990 -52 506 84
106 524 -1 97
-988 -67 498 86
117 534 0 98
-1020 -49 487 91
128 544 -32 96
-1024 -32 512 64
200 54 -429 -605
361 8 201 -69
196 65 -434 -603
358 25 200 -86
193 81 -409 -605
353 11 228 -75
160 96 -416 -608
352 32 224 -96
724 39 357 57
365 -248 824 680
706 47 354 38
373 -259 838 653
689 56 353 20
346 -241 850 663
672 64 384 0
320 -256 864 640
-622 -57 19 40
698 73 569 -49
-657 -79 43 25
688 68 593 -20
-665 -72 70 45
679 66 584 -26
-672 -96 64 32
640 64 608 -32
207 -14 43 125
153 152 79 96
201 -9 54 127
145 163 84 117
197 -36 58 126
137 146 121 107
192 -32 64 160
128 160 128 128
290 -164 397 -483
-186 -426 -93 74
269 -154 391 -469
-221 -408 -84 49
245 -173 419 -458
-222 -396 -73 57
256 -160 416 -448
-224 -416 -64 64
82 82 -86 -260
-479 795 67 87
78 84 -88 -250
-482 776 75 71
71 58 -60 -270
-459 764 84 54
64 64 -64 -256
-480 800 96 64
229 -115 -148 -233
408 459 599 72
245 -131 -170 -232
466 425 535 126
258 -138 -195 -229
514 408 534 121
288 -128 -192 -224
512 416 512 128
7999 -9391 604 -691
-8383 5390 -12637 10165
8094 -9454 543 -625
-8300 5318 -12694 10227
8148 -9473 500 -614
-8238 5306 -12751 10241
8160 -9440 480 -608
-8192 5312 -12800 10208
-1398 409 797 -388
-1055 1500 -433 5159
-1326 358 727 -335
-1031 1482 -470 5178
-1279 336 659 -321
-999 1465 -511 5213
-1248 352 640 -320
-960 1440 -544 5216
1374 -1753 -209 -2719
302 -367 775 -1120
1408 -1766 -253 -2688
319 -359 751 -1093
1427 -1817 -280 -2657
369 -391 729 -1072
1472 -1824 -320 -2656
384 -416 704 -1056
-713 1013 695 -147
-89 -453 -805 2203
-697 990 673 -136
-56 -469 -835 2208
-650 973 654 -133
-59 -457 -836 2225
-640 960 640 -96
-64 -480 -864 2240
1270 -260 235 544
-794 164 -220 -1192
1274 -293 228 562
-822 160 -236 -1170
1246 -290 225 553
-826 160 -214 -1191
1248 -288 224 576
-864 128 -192 -1184
-392 -143 -652 328
657 316 142 -788
-397 -146 -629 305
627 341 179 -791
-406 -153 -603 310
600 331 186 -796
-448 -160 -608 320
576 320 224 -800
-181 413 -217 896
-642 584 27 317
-206 404 -218 922
-683 573 48 292
-231 396 -189 923
-692 560 72 304
-256 384 -160 928
-704 544 64 320
83 757 797 189
313 -794 -1135 -1004
86 752 787 198
314 -801 -1148 -1000
59 745 808 211
315 -848 -1131 -966
64 704 832 224
288 -864 -1120 -960
-414 278 -112 -576
614 403 -54 43
-410 242 -119 -571
610 406 -49 72
-411 234 -124 -558
608 410 -41 100
-416 224 -96 -544
608 384 -64 96
-373 26 -77 -73
577 339 176 -651
-374 40 -85 -71
556 334 177 -647
-378 20 -90 -67
565 326 185 -642
-384 0 -64 -32
544 320 192 -640
-663 159 -266 516
428 1002 -468 1036
-684 151 -274 535
416 986 -464 1040
-677 172 -282 523
435 973 -457 1045
-704 160 -256 544
384 960 -448 1056
175 602 601 567
-209 -12 -1304 355
163 604 621 571
-215 -29 -1263 364
145 572 644 573
-218 -15 -1255 344
128 576 672 608
-256 -32 -1248 352
667 238 261 -355
-369 -435 149 6
670 207 278 -349
-372 -439 160 -12
639 213 298 -350
-378 -444 144 -5
640 224 288 -352
-384 -448 160 0
81 -181 -701 743
64 -553 -770 623
83 -186 -692 752
64 -570 -787 628
91 -188 -713 759
64 -589 -777 665
64 -224 -704 768
64 -608 -800 672
-429 557 -13 641
88 -315 -162 -59
-403 552 -18 661
89 -336 -162 -19
-410 515 7 682
92 -361 -160 -9
-416 512 0 704
96 -384 -192 32
-24 234 884 -199
32 -558 376 -618
-4 208 886 -154
30 -574 388 -590
-17 215 859 -139
30 -591 402 -599
0 192 864 -128
32 -608 384 -576
-489 -161 -876 -255
-107 -200 132 88
-487 -173 -857 -223
-102 -228 131 89
-483 -181 -875 -224
-99 -257 129 91
-480 -192 -864 -192
-96 -256 128 128
-234 115 -112 251
271 228 144 -352
-243 110 -106 261
256 195 137 -333
-249 72 -102 274
240 193 164 -309
-256 64 -96 288
224 192 160 -320
410 -336 997 -368
40 300 -115 -78
411 -372 1014 -353
16 306 -120 -61
383 -378 1002 -336
23 312 -90 -78
384 -384 1024 -352
0 288 -96 -64
-317 -351 -439 -483
104 352 -631 179
-317 -375 -428 -460
91 338 -622 174
-320 -364 -421 -469
109 361 -614 168
-320 -384 -416 -448
96 352 -608 192
-143 -309 822 207
124 -763 315 139
-158 -292 833 206
113 -764 327 156
-142 -307 848 231
103 -766 339 174
-160 -320 832 224
96 -768 320 160
-172 133 -437 334
461 -20 206 524
-191 108 -428 339
448 -46 201 508
-175 118 -420 345
432 -41 227 527
-192 128 -416 352
416 -32 256 512
-738 121 510 -716
290 -1124 -424 -705
-766 98 528 -719
266 -1133 -401 -711
-767 111 552 -725
276 -1109 -407 -722
-800 128 544 -736
256 -1088 -384 -704
-321 -50 -524 692
390 9 -87 -391
-332 -44 -507 663
384 23 -69 -396
-342 -38 -525 666
417 11 -81 -405
-320 -32 -512 672
416 32 -96 -416
-848 181 -471 217
-1089 70 -560 410
-832 177 -460 186
-1098 81 -545 410
-848 201 -454 190
-1107 57 -560 411
-832 192 -480 192
-1088 64 -544 416
100 155 91 115
421 -82 226 393
108 127 94 136
390 -97 211 410
86 130 94 132
387 -111 234 427
96 128 96 128
384 -128 256 416
61 -81 448 -1154
270 571 -179 -229
52 -96 477 -1162
243 565 -163 -239
42 -111 478 -1141
250 554 -177 -216
32 -96 480 -1152
256 544 -160 -224
622 -39 -145 15
-739 546 -130 60
605 -37 -148 30
-714 555 -117 39
589 -33 -123 14
-725 565 -105 51
608 -32 -128 0
-736 576 -96 32
-141 653 -16 -138
-544 123 -692 513
-157 659 -3 -166
-545 126 -670 500
-144 664 -16 -162
-544 127 -688 490
-160 672 0 -192
-544 160 -672 480
813 -341 907 -42
274 -531 183 -106
807 -312 901 -26
248 -522 153 -104
804 -315 897 -46
251 -548 157 -102
800 -320 896 -32
256 -544 160 -96
231 475 -75 23
442 -166 651 239
221 445 -73 22
444 -173 668 243
240 446 -100 27
447 -182 651 250
224 416 -96 32
448 -224 640 288
-87 -71 -521 -656
750 -703 -179 -733
-59 -79 -515 -630
767 -733 -195 -702
-61 -88 -515 -602
781 -733 -176 -703
-64 -96 -544 -608
800 -736 -192 -672
-155 -85 169 437
-422 602 -443 77
-157 -86 165 449
-419 590 -454 103
-158 -91 130 463
-449 583 -468 99
-160 -128 128 480
-448 608 -448 96
-120 288 560 -580
296 -541 78 217
-132 288 553 -567
261 -552 61 239
-146 288 548 -554
257 -530 79 232
-160 288 576 -576
256 -544 96 224
-369 -588 224 -750
46 239 -266 -557
-386 -553 235 -751
50 256 -282 -574
-368 -547 214 -761
56 240 -269 -560
-384 -544 224 -768
64 256 -256 -576
164 282 -363 251
-506 109 84 201
170 316 -357 251
-510 124 78 196
180 318 -353 254
-477 110 72 194
160 320 -384 256
-480 128 64 192
-722 35 -238 -605
-120 -499 -381 256
-717 66 -264 -625
-104 -487 -389 242
-741 64 -262 -615
-118 -483 -370 233
-736 64 -256 -640
-96 -480 -384 224
-113 -384 251 20
32 401 -29 -664
-107 -384 220 31
20 413 -32 -654
-103 -383 224 15
42 399 -62 -678
-96 -384 224 0
32 416 -64 -672
