-7 -17 0 0
-63 -156 21 52
-7 -16 0 0
-57 -155 19 51
0 0 0 0
-46 -136 19 49
0 0 0 0
-42 -134 17 48
-301 -802 140 365
-1254 -3439 583 1603
-275 -801 128 364
-1137 -3424 539 1621
-245 -779 121 361
-1024 -3377 492 1603
-223 -771 110 356
-912 -3277 437 1556
5194 7623 5172 12996
2897 3307 -1845 -3411
5041 7924 4469 12282
2727 3444 -1649 -3599
4843 8242 3833 11526
2575 3556 -1420 -3796
4591 8512 3266 10711
2393 3682 -1230 -3986
1794 2996 702 -151
41 595 1874 1722
1714 3005 828 -248
18 544 1935 1703
1641 3049 944 -321
-25 532 1992 1700
1575 3070 1051 -385
-37 539 2045 1724
97 -2315 669 187
-368 -326 -55 -41
85 -2316 717 208
-390 -318 -47 -8
45 -2339 735 250
-429 -299 0 -18
7 -2363 747 240
-490 -283 33 -1
-41 229 82 -609
-7 54 19 -111
-61 249 137 -683
-12 58 29 -121
-76 257 173 -740
-15 62 35 -126
-92 265 221 -786
-19 63 44 -129
0 7 3 -23
0 0 0 -2
-1 8 4 -25
0 0 0 -2
-1 9 6 -27
0 0 0 -2
-2 10 7 -30
0 0 0 -3
0 0 0 0
0 0 0 0
0 0 0 0
0 0 0 0
0 0 0 0
0 0 0 0
0 0 0 0
0 0 0 0
0 0 0 0
0 0 0 0
0 0 0 0
0 0 0 0
0 0 0 0
0 0 0 0
0 0 0 0
0 0 0 0
0 0 0 0
2 2 -1 -1
0 0 0 0
1 3 0 -1
0 0 0 0
0 2 0 -1
0 0 0 0
0 2 0 -1
15 18 -6 -6
150 107 -55 -47
10 20 -4 -8
123 121 -43 -54
1 18 0 -7
71 135 -3 -48
-2 19 1 -7
49 138 6 -49
675 342 -326 -191
2334 688 -1271 -519
576 366 -256 -229
2169 734 -1129 -544
484 387 -190 -223
1977 751 -980 -562
371 396 -142 -227
1757 740 -842 -586
14489 727 -4612 -795
-7129 10782 12372 13050
14298 758 -4391 -820
-7312 10777 12569 13035
14061 764 -4176 -848
-7514 10784 12796 13014
13825 752 -3956 -872
-7697 10755 13016 13036
-833 303 -1585 -545
823 -1594 903 682
-919 277 -1440 -552
834 -1618 946 714
-1002 239 -1311 -533
783 -1652 1005 746
-1115 184 -1172 -485
777 -1700 1071 800
2314 -677 500 -373
-2757 -1617 573 -554
2320 -696 503 -361
-2760 -1618 569 -561
2316 -725 496 -335
-2764 -1599 557 -567
2317 -714 535 -305
-2755 -1609 581 -543
707 -178 -368 -1777
-101 -362 -864 782
696 -186 -367 -1786
-103 -358 -860 777
711 -174 -374 -1789
-108 -347 -844 789
701 -169 -351 -1806
-101 -348 -842 761
-1052 -575 -111 -1171
606 1420 163 -542
-1081 -572 -105 -1165
619 1391 173 -526
-1084 -581 -100 -1186
590 1384 182 -516
-1087 -568 -102 -1195
590 1395 182 -525
55 245 -907 760
518 -385 507 386
56 242 -886 762
499 -391 507 384
33 208 -873 788
508 -395 507 395
30 204 -857 802
492 -433 529 400
-404 492 849 -655
818 -311 -1038 586
-433 466 859 -634
810 -324 -1045 600
-441 451 860 -642
797 -328 -1013 605
-416 453 857 -623
792 -338 -1024 613
409 -105 -422 772
-159 256 858 -929
379 -114 -407 790
-180 266 869 -931
355 -117 -416 782
-180 247 875 -910
365 -120 -390 800
-196 265 906 -928
-502 875 542 403
406 -199 795 689
-494 860 531 417
437 -212 795 674
-495 867 539 407
441 -212 785 698
-508 865 560 414
422 -213 790 680
-57 -1274 -959 -740
449 -237 639 -410
-60 -1249 -980 -739
462 -226 642 -427
-55 -1255 -972 -732
473 -223 643 -430
-36 -1251 -988 -759
472 -211 623 -440
-538 -69 251 -355
71 -380 -840 -519
-527 -66 238 -366
78 -400 -836 -505
-543 -59 235 -375
63 -365 -841 -506
-538 -51 232 -385
65 -360 -836 -503
-343 582 -246 146
255 -629 -281 82
-362 603 -256 149
250 -621 -285 78
-365 585 -259 141
263 -617 -275 67
-369 577 -244 143
237 -601 -278 96
-483 -73 764 217
954 143 171 124
-509 -81 762 196
932 173 170 133
-496 -70 774 199
961 161 190 121
-522 -34 758 190
949 175 183 118
74 321 -260 108
-457 787 -403 7
66 311 -248 93
-448 792 -406 0
60 320 -251 86
-467 791 -379 -15
59 330 -247 69
-459 796 -386 -9
-222 -22 -95 726
1022 -162 384 -320
-212 -23 -77 719
1014 -177 379 -309
-249 -33 -87 742
1029 -178 379 -299
-243 -33 -69 739
1019 -184 378 -293
12 -323 520 -525
-700 -310 -388 -628
7 -345 525 -480
-701 -349 -392 -625
26 -354 519 -490
-705 -354 -376 -590
14 -383 531 -472
-714 -365 -374 -595
-347 337 -221 -446
27 -395 -202 569
-314 341 -217 -438
27 -405 -225 590
-314 326 -226 -418
13 -414 -209 571
-335 308 -226 -417
24 -414 -213 602
229 -121 492 38
-230 -542 159 -338
225 -119 480 7
-237 -521 143 -363
220 -97 453 20
-225 -521 149 -336
255 -112 456 17
-233 -537 146 -340
588 -542 -146 -660
106 133 -443 271
584 -556 -141 -665
100 101 -421 260
590 -554 -144 -665
70 98 -420 263
570 -551 -160 -660
67 117 -397 264
-336 -318 265 -455
-90 486 431 -23
-339 -314 258 -433
-77 481 443 -16
-351 -327 285 -442
-63 455 434 -1
-352 -341 277 -435
-74 454 428 7
282 159 63 -371
-67 -154 -333 181
271 149 49 -349
-57 -155 -322 197
277 145 54 -348
-60 -157 -316 213
293 141 63 -334
-59 -156 -337 228
-537 -725 -149 -284
-32 409 -214 -59
-539 -735 -140 -285
-30 402 -204 -34
-524 -722 -156 -269
-19 400 -228 -40
-517 -737 -149 -270
-14 398 -245 -13
-482 -185 -228 -199
128 -159 23 -180
-500 -160 -261 -208
133 -169 32 -185
-478 -172 -261 -186
146 -158 25 -178
-480 -200 -252 -205
139 -175 9 -164
-435 -61 -254 118
-7 304 176 208
-440 -47 -264 140
8 302 182 218
-427 -72 -259 142
2 305 187 217
-427 -57 -271 144
2 285 170 233
170 241 -346 66
107 80 -159 192
184 233 -356 72
95 76 -133 201
184 228 -361 76
104 93 -155 204
181 231 -368 60
104 69 -151 190
-768 353 -257 282
214 514 -30 555
-746 349 -256 279
211 516 -37 552
-750 337 -258 295
203 501 -35 555
-734 330 -263 297
225 502 -23 554
302 327 310 184
65 10 266 -273
305 328 307 213
78 10 265 -282
312 314 303 204
75 -24 244 -280
297 313 275 232
67 -7 253 -273
-168 290 -386 895
166 -194 -296 -198
-180 294 -379 883
168 -205 -271 -185
-189 298 -368 883
159 -203 -273 -198
-174 285 -387 875
118 -201 -246 -208
-384 -181 -164 6
-252 338 153 -600
-377 -190 -147 10
-232 343 166 -606
-389 -175 -148 6
-254 325 171 -594
-398 -201 -138 -14
-245 326 145 -596
-584 -836 182 -189
385 957 -945 443
-546 -843 191 -180
405 957 -959 423
-553 -836 178 -189
394 971 -978 439
-548 -834 177 -157
408 970 -962 420
8 -912 337 633
-186 108 -516 -697
1 -914 340 623
-185 106 -505 -703
-5 -918 355 615
-177 104 -520 -707
-9 -904 343 631
-198 130 -507 -726
-566 -464 85 -594
437 -103 434 33
-560 -477 92 -598
440 -102 400 29
-565 -453 101 -587
449 -118 392 39
-547 -465 90 -577
461 -109 404 32
-21 589 232 -337
146 -116 -258 29
-21 581 211 -298
137 -123 -262 34
-21 570 216 -305
141 -149 -292 21
-28 571 198 -299
155 -171 -279 52
297 -518 19 109
326 682 136 481
310 -517 41 100
331 681 134 471
304 -529 36 101
321 693 141 487
299 -520 31 117
300 670 151 483
47 327 849 -314
-273 68 -864 640
42 304 849 -318
-277 59 -872 630
27 314 886 -309
-276 57 -879 661
21 319 878 -318
-278 72 -869 638
-87 -394 -53 290
-463 991 -373 -386
-116 -389 -24 275
-461 971 -372 -392
-112 -392 -27 286
-460 993 -364 -404
-102 -394 -30 290
-483 977 -371 -411
47 29 411 446
132 -348 -317 257
40 34 419 430
146 -373 -319 270
57 36 424 450
154 -368 -305 255
53 40 440 434
130 -372 -324 263
-328 979 -12 465
240 -61 121 437
-328 987 -5 460
227 -64 108 410
-331 1006 6 463
256 -63 111 429
-326 993 -3 454
249 -71 93 412
6 68 -37 124
410 215 42 23
10 70 -51 118
392 212 35 44
6 77 -51 134
395 201 51 17
11 80 -70 127
390 207 41 33
131 125 -144 -327
327 108 1350 199
144 124 -152 -317
340 80 1355 211
159 106 -170 -304
311 80 1346 198
159 116 -135 -305
324 80 1339 198
189 501 135 87
-412 -248 -404 499
187 513 128 89
-386 -221 -421 482
188 520 111 103
-389 -223 -431 476
229 500 118 101
-375 -216 -436 500
-114 -258 168 -119
661 112 635 170
-128 -255 150 -132
663 118 612 176
-106 -224 133 -142
679 130 621 148
-102 -223 140 -146
689 145 591 131
272 -321 20 390
-468 -327 -819 -326
292 -304 20 360
-458 -310 -826 -345
291 -293 22 354
-440 -289 -832 -362
317 -277 15 325
-449 -274 -844 -381
29 -45 672 -485
40 763 526 598
35 -36 699 -478
79 764 506 570
52 -34 673 -497
87 760 514 591
50 -24 662 -493
85 763 484 565
-337 82 -536 -126
417 -376 -337 -508
-335 61 -545 -127
415 -393 -330 -504
-311 75 -543 -157
417 -385 -332 -493
-310 79 -565 -144
405 -377 -327 -507
78 54 411 56
689 260 381 873
71 63 425 53
690 262 393 859
63 47 436 44
671 266 411 851
43 69 408 53
658 258 427 866
223 61 -356 188
-333 22 -38 196
214 60 -333 188
-337 28 -10 213
195 49 -325 165
-375 41 -22 207
196 52 -329 167
-384 35 3 203
486 -344 461 -1177
-904 -305 -465 -21
467 -347 473 -1186
-899 -332 -444 -36
461 -339 466 -1180
-913 -326 -448 -15
466 -347 501 -1190
-922 -332 -431 -8
-671 -5 -216 213
371 -364 -495 -874
-675 -12 -199 214
312 -356 -474 -858
-684 -14 -174 227
293 -327 -414 -863
-699 -13 -198 222
242 -315 -392 -856
175 -96 -781 -563
2005 589 -1336 -860
39 -71 -719 -574
1793 662 -1193 -923
-62 -23 -610 -554
1551 703 -1002 -942
-197 -33 -551 -579
1332 728 -841 -957
17007 -86 -4366 -238
-7163 11294 14952 16225
16718 26 -4086 -281
-7432 11360 15223 16162
16411 64 -3849 -363
-7649 11382 15500 16108
16166 101 -3598 -425
-7872 11398 15771 16089
671 2339 -3833 -1759
2841 188 1091 -217
513 2341 -3613 -1798
2800 168 1205 -192
379 2328 -3408 -1791
2692 140 1293 -168
229 2263 -3284 -1794
2676 101 1389 -127
881 172 1556 1683
-3302 -2351 1506 185
863 164 1580 1724
-3309 -2346 1516 195
878 150 1604 1753
-3305 -2342 1532 214
835 106 1654 1790
-3314 -2364 1555 234
1134 684 -1558 -11
414 -311 -171 -109
1139 680 -1546 -33
414 -322 -171 -115
1114 684 -1511 -5
401 -333 -183 -119
1104 678 -1522 -9
356 -344 -159 -119
-765 973 -1 -1482
1057 264 -558 -1157
-801 958 42 -1474
1028 242 -524 -1120
-816 925 38 -1461
1002 195 -503 -1097
-849 930 51 -1443
978 153 -478 -1048
-1006 109 410 1780
240 1120 344 548
-1022 83 409 1834
248 1080 335 578
-1032 31 431 1883
266 1059 345 612
-1037 8 453 1902
278 992 334 645
-1016 1726 620 -97
304 -415 -1242 1038
-990 1675 580 -64
316 -448 -1244 1082
-966 1654 590 -22
350 -470 -1298 1093
-946 1629 556 8
363 -510 -1303 1139
215 -378 -701 211
411 -289 820 -418
233 -395 -701 230
397 -305 787 -430
240 -424 -708 252
408 -322 802 -387
252 -450 -710 280
429 -352 794 -390
-739 605 1125 507
385 205 -253 275
-750 617 1098 507
410 213 -268 253
-731 620 1113 512
414 219 -266 259
-733 599 1106 531
407 223 -280 251
1228 -63 283 227
-544 -325 -78 194
1209 -86 278 233
-548 -305 -73 198
1228 -72 245 210
-553 -301 -80 192
1236 -43 269 206
-539 -303 -87 187
-192 149 242 -460
759 623 -427 122
-210 166 213 -459
741 629 -436 102
-193 175 224 -477
742 637 -439 133
-202 190 234 -472
749 657 -434 114
94 -369 89 302
-28 -523 297 156
106 -375 92 274
-36 -511 300 152
68 -366 99 271
-44 -501 298 145
73 -369 97 293
-40 -495 327 144
-161 288 538 238
-91 -289 -341 -722
-160 290 539 227
-93 -300 -344 -704
-160 280 543 221
-94 -311 -347 -733
-166 288 548 215
-75 -295 -330 -728
-6 299 -203 379
115 482 511 -109
-23 285 -199 394
122 467 508 -124
-20 284 -202 378
121 474 524 -131
-6 291 -212 401
106 481 519 -116
352 -61 -682 487
-780 -2 139 -14
346 -75 -683 485
-789 0 151 -10
363 -60 -665 493
-773 6 150 -18
358 -66 -665 482
-781 14 161 -24
376 571 437 -10
-206 117 -207 -71
390 594 451 -26
-199 115 -222 -60
376 566 463 -34
-205 98 -200 -54
379 573 457 -53
-198 106 -215 -65
387 40 -376 338
-68 -450 -239 -309
369 38 -361 368
-48 -440 -217 -293
384 26 -349 358
-63 -480 -225 -286
377 4 -341 369
-66 -478 -229 -263
59 285 502 -43
612 -399 647 353
57 271 496 -36
600 -399 658 348
55 279 477 -17
589 -397 670 339
64 262 499 -3
593 -427 679 347
211 567 -49 -458
61 -367 -386 535
207 560 -55 -453
55 -373 -347 536
185 558 -56 -453
34 -371 -348 534
172 584 -17 -452
32 -348 -332 520
-241 311 -98 -21
59 -605 148 737
-281 322 -94 -16
51 -581 160 716
-286 339 -69 -43
25 -565 190 720
-306 334 -46 -47
19 -568 197 690
205 268 -246 -291
-321 579 -46 -381
201 276 -214 -305
-317 587 -26 -367
184 290 -221 -320
-332 564 3 -375
169 280 -190 -325
-341 588 -20 -388
50 -452 270 -178
535 516 653 -103
39 -435 288 -177
573 531 656 -83
57 -450 280 -209
568 527 656 -99
68 -457 293 -210
563 528 663 -95
-47 -352 192 859
143 -54 181 -122
-33 -365 187 851
169 -42 159 -133
-21 -345 174 867
166 -41 148 -127
-7 -360 157 848
173 -50 131 -133
-204 -250 -499 -371
571 -339 527 -286
-203 -249 -497 -373
555 -326 533 -289
-200 -235 -487 -348
570 -337 509 -289
-192 -226 -508 -369
579 -324 508 -293
296 -227 190 -732
675 -109 310 311
297 -233 180 -733
669 -108 305 332
285 -217 186 -731
658 -106 330 349
279 -238 192 -732
651 -99 325 327
502 222 356 284
-806 790 40 204
492 237 369 270
-818 775 61 189
491 221 359 263
-833 761 79 183
484 221 372 272
-831 766 94 189
1245 301 348 817
-148 423 -575 -106
1229 291 353 834
-159 410 -567 -99
1217 294 358 823
-175 406 -560 -101
1200 293 386 832
-211 404 -547 -104
-31 -356 320 -53
-363 -149 -317 -193
-47 -360 328 -47
-371 -127 -317 -176
-69 -358 344 -47
-365 -124 -297 -182
-86 -354 340 -50
-379 -125 -299 -186
274 -498 1019 -245
-165 390 -222 471
262 -501 1024 -265
-164 406 -234 463
274 -485 1024 -260
-172 405 -230 432
283 -480 1033 -250
-150 401 -232 431
-74 190 299 113
146 320 -144 121
-49 197 282 108
168 321 -143 114
-51 199 276 110
176 362 -157 122
-47 209 257 86
179 361 -171 112
-181 263 61 385
300 0 -677 408
-182 291 58 378
299 -28 -684 407
-174 266 34 370
285 -21 -695 418
-181 273 40 369
302 -24 -685 398
-390 320 166 -51
-42 -543 101 -758
-414 313 167 -75
-53 -556 104 -751
-400 318 139 -63
-57 -551 90 -726
-402 292 156 -66
-60 -540 83 -746
408 -330 452 -355
5 -436 -751 1185
410 -312 465 -356
27 -421 -762 1164
407 -303 476 -363
13 -410 -744 1175
396 -293 465 -348
11 -401 -754 1169
827 275 377 -582
-828 77 374 -501
820 272 379 -586
-827 66 369 -491
818 281 367 -615
-823 65 364 -487
813 282 355 -620
-854 59 373 -482
-586 -297 -602 -572
-300 3 -10 399
-571 -287 -590 -552
-291 8 -29 413
-577 -298 -597 -558
-290 -16 -40 440
-569 -299 -597 -544
-262 -23 -35 414
629 3 316 -38
-251 -81 30 -63
664 2 321 -38
-259 -77 13 -62
657 28 313 -36
-237 -50 5 -74
678 23 295 -34
-246 -72 -6 -65
72 -276 -282 -123
-363 -371 26 168
92 -301 -272 -138
-350 -351 1 169
122 -287 -299 -121
-340 -374 -5 169
116 -267 -307 -137
-316 -357 2 182
-10 124 27 -578
-129 580 0 318
-3 120 30 -569
-104 575 -11 336
4 122 12 -575
-89 553 5 329
16 119 15 -569
-88 551 -24 345
81 334 -548 74
-253 -361 164 -204
97 306 -566 70
-226 -375 158 -192
104 320 -578 83
-226 -376 162 -172
93 317 -582 94
-245 -383 132 -171
-187 -412 310 48
-670 -214 -565 -407
-186 -442 314 38
-651 -215 -562 -425
-174 -446 304 68
-651 -210 -582 -404
-175 -453 305 52
-637 -213 -579 -406
267 -482 39 -20
184 228 56 -586
271 -483 28 -40
193 225 75 -577
275 -486 20 -35
181 248 73 -599
283 -487 9 -52
176 221 71 -611
-397 218 -518 570
-294 -81 27 287
-400 210 -529 548
-293 -74 -2 291
-374 221 -516 559
-297 -78 10 268
-384 228 -523 565
-277 -68 4 268
-688 -173 -680 71
-365 38 153 -532
-687 -176 -671 67
-365 41 162 -535
-671 -158 -688 62
-359 39 143 -522
-664 -156 -686 53
-378 71 135 -540
212 204 -612 503
201 8 -192 -325
222 208 -628 492
201 3 -167 -343
209 215 -619 483
186 0 -177 -364
200 235 -629 487
199 15 -177 -347
269 58 336 89
-131 -250 -53 554
279 53 334 90
-123 -237 -69 529
279 68 341 86
-130 -240 -50 528
249 69 322 56
-137 -217 -74 526
305 77 -105 -169
652 103 888 -254
284 92 -110 -191
655 103 885 -261
281 94 -110 -177
636 113 883 -265
264 99 -85 -175
656 109 902 -267
139 -75 722 -149
661 368 199 342
131 -60 731 -147
643 348 192 330
120 -59 728 -193
655 353 203 340
129 -72 732 -182
632 377 214 328
503 141 86 304
-153 -107 67 412
498 144 77 313
-177 -99 70 385
480 154 109 289
-178 -84 75 380
477 174 101 305
-202 -75 81 375
-138 194 -291 205
-511 160 -60 142
-140 195 -276 163
-557 183 -31 131
-142 208 -271 165
-610 207 29 103
-187 217 -269 171
-657 230 53 91
820 364 -766 -238
1537 1167 -1176 -88
685 390 -697 -260
1298 1270 -976 -150
555 451 -581 -276
1047 1322 -786 -194
433 492 -515 -302
788 1384 -611 -224
17480 -648 -5088 -113
-4097 8999 17514 17469
17169 -554 -4776 -192
-4382 9098 17807 17364
16849 -461 -4500 -276
-4647 9215 18130 17258
16557 -373 -4224 -346
-4903 9263 18413 17204
1811 2938 -2709 -3166
2576 885 151 -1038
1614 3015 -2464 -3256
2481 903 305 -1053
1449 3036 -2223 -3319
2372 885 417 -1055
1286 3066 -2032 -3370
2320 876 525 -1089
922 605 1984 1988
-2156 -2162 1378 -195
863 552 2048 2010
-2203 -2181 1403 -145
828 535 2118 2020
-2218 -2194 1451 -129
812 525 2181 2065
-2262 -2246 1470 -101
23 268 -1362 -16
714 1059 -411 44
-15 259 -1354 3
698 1022 -399 62
-28 222 -1314 25
665 985 -366 87
-83 212 -1278 53
642 1004 -336 116
-1608 534 442 -1463
471 -383 -437 506
-1626 518 438 -1434
460 -388 -435 530
-1637 484 469 -1404
446 -408 -433 540
-1667 448 485 -1375
438 -430 -379 571
-423 -74 89 580
-40 924 805 503
-448 -113 71 617
-50 937 791 515
-437 -124 70 627
-35 897 786 531
-428 -132 73 616
-27 900 788 559
-613 371 -108 -530
988 -491 -1249 1271
-614 363 -127 -530
998 -492 -1264 1292
-595 349 -132 -512
1008 -488 -1266 1293
-597 334 -134 -485
1033 -487 -1293 1298
-950 4 97 356
201 -240 -86 -547
-938 8 93 358
199 -223 -93 -549
-928 15 92 356
202 -208 -105 -554
-918 29 85 356
220 -204 -119 -585
252 111 1300 198
-372 -537 -450 -331
254 110 1287 176
-369 -507 -442 -326
288 138 1268 171
-363 -483 -443 -354
294 149 1278 151
-358 -462 -462 -379
405 -430 -297 -459
720 312 -310 307
414 -389 -320 -460
724 316 -313 290
412 -386 -320 -476
721 345 -317 256
409 -365 -322 -497
728 349 -296 249
-494 -267 1125 -236
-331 133 -574 511
-519 -249 1131 -253
-328 135 -596 510
-506 -254 1160 -252
-348 175 -599 484
-508 -235 1144 -272
-328 200 -588 477
-642 171 -644 -123
415 -108 -91 38
-658 197 -632 -134
405 -119 -84 35
-669 210 -637 -156
422 -86 -90 27
-661 234 -635 -154
417 -84 -69 23
-258 410 26 111
336 808 174 1029
-265 407 27 79
344 821 182 1009
-269 414 39 74
340 833 168 1010
-255 422 32 78
343 830 195 994
-171 -177 -545 -186
-567 -62 170 306
-150 -181 -533 -190
-575 -27 174 293
-170 -159 -535 -198
-577 -34 168 278
-176 -160 -517 -225
-568 -20 181 267
-195 -329 -440 189
167 610 214 -162
-210 -313 -441 197
151 608 212 -169
-201 -314 -453 175
155 608 219 -173
-191 -293 -444 167
154 610 206 -183
221 5 -221 10
-233 -377 70 -751
209 0 -212 2
-219 -381 57 -756
221 -3 -197 -5
-229 -384 42 -763
217 19 -222 3
-224 -369 54 -785
-1268 -89 -512 422
-754 848 -756 872
-1279 -90 -515 417
-762 856 -768 864
-1293 -90 -507 410
-769 846 -778 836
-1266 -102 -489 428
-775 853 -776 837
-577 -93 -1200 -285
-238 243 22 83
-579 -77 -1199 -291
-220 244 10 93
-584 -84 -1200 -286
-226 227 1 69
-562 -71 -1210 -294
-214 245 5 78
825 -229 535 -44
-276 265 -732 -4
822 -229 546 -54
-271 263 -722 8
828 -208 538 -42
-269 264 -713 -10
832 -223 551 -26
-266 247 -712 16
-545 -125 -288 -1
-141 125 53 85
-554 -118 -300 -16
-143 125 71 74
-568 -124 -283 -4
-135 120 63 71
-559 -114 -276 13
-120 135 72 85
534 -905 186 362
-508 350 485 -634
537 -890 167 351
-472 358 469 -628
544 -883 144 349
-483 360 443 -617
561 -875 166 341
-454 343 428 -627
335 237 -129 316
447 -122 613 -135
356 231 -148 290
475 -135 612 -122
350 242 -171 287
481 -123 602 -120
372 253 -190 291
489 -109 586 -120
-165 312 -295 397
-375 72 11 132
-143 322 -297 386
-366 66 3 133
-146 324 -309 392
-356 55 5 141
-131 309 -302 379
-354 47 3 154
232 -358 -18 -768
-38 87 111 -118
225 -377 -13 -769
-56 80 122 -117
232 -380 -37 -748
-41 66 121 -119
224 -407 -27 -748
-57 73 133 -96
-169 -240 -462 93
248 446 48 352
-170 -241 -448 83
241 448 68 356
-186 -252 -443 100
215 449 72 342
-183 -236 -436 106
216 454 86 342
230 -342 -267 297
24 -114 304 -713
225 -334 -253 285
19 -137 317 -714
220 -333 -237 301
19 -111 329 -725
222 -330 -233 292
21 -142 336 -724
-99 469 108 299
-42 -527 461 -236
-102 456 115 295
-41 -496 432 -238
-86 466 116 292
-13 -520 439 -232
-109 475 101 310
-21 -497 419 -236
215 -443 367 -405
24 -169 -116 20
241 -442 346 -419
26 -162 -124 8
232 -436 348 -409
34 -167 -123 25
236 -426 337 -397
25 -185 -147 21
42 307 -242 10
-377 670 -139 313
27 301 -216 19
-390 671 -143 305
7 322 -239 25
-405 679 -147 286
29 318 -245 18
-419 661 -139 282
-186 -207 -704 234
-164 -663 -428 207
-181 -176 -700 245
-188 -655 -417 174
-200 -172 -692 238
-181 -657 -406 182
-212 -185 -687 220
-214 -633 -412 162
-793 -114 -249 -252
12 283 -393 -315
-804 -108 -218 -253
25 278 -384 -304
-827 -109 -217 -273
-10 286 -385 -344
-810 -99 -215 -278
0 300 -363 -339
-113 348 -274 -75
50 -45 -60 626
-102 337 -273 -94
41 -48 -40 614
-91 335 -257 -97
58 -36 -46 645
-103 339 -250 -78
55 -34 -43 628
-272 69 58 -227
-388 45 514 -164
-274 81 46 -207
-363 30 504 -160
-261 58 69 -206
-379 39 476 -174
-247 53 53 -209
-368 21 492 -164
719 -19 -8 224
-113 184 -267 104
707 -20 0 232
-82 170 -298 102
723 -26 -11 258
-78 152 -308 109
726 -27 1 268
-77 135 -290 110
-949 208 -277 -413
391 611 105 250
-948 184 -269 -419
397 578 90 265
-935 175 -275 -403
384 589 122 289
-929 170 -305 -394
393 560 104 295
407 584 258 1000
-805 507 -576 444
401 584 253 1016
-797 484 -568 456
401 539 253 1030
-780 506 -589 474
391 541 252 1045
-776 483 -561 482
-279 879 75 -138
133 105 -1 897
-274 858 79 -122
149 90 2 909
-264 838 77 -98
126 95 -11 916
-248 820 55 -88
148 76 -11 931
-306 422 -709 173
-276 173 -517 537
-334 410 -720 178
-294 173 -523 522
-319 405 -725 200
-274 170 -506 558
-324 390 -721 207
-289 159 -525 551
262 52 261 -32
-140 -110 461 159
260 56 256 -54
-135 -109 444 159
267 44 260 -44
-142 -102 476 164
264 60 253 -40
-159 -103 467 165
108 -456 -632 166
-464 9 -379 -418
108 -462 -613 170
-484 19 -355 -408
104 -439 -613 144
-491 25 -381 -383
117 -446 -619 152
-478 17 -370 -394
-839 -10 110 206
225 803 317 -87
-835 3 100 197
235 791 324 -84
-832 -6 107 196
241 786 310 -99
-828 -2 87 195
248 790 320 -74
414 274 -613 109
-184 282 69 620
433 272 -649 110
-197 266 56 650
434 255 -632 111
-190 244 49 640
440 254 -644 128
-191 237 64 646
-116 -104 -183 -377
279 76 -37 436
-99 -111 -183 -375
283 59 -26 463
-105 -114 -185 -375
268 44 -28 465
-112 -143 -183 -376
269 46 -32 473
75 65 506 -83
-726 273 -352 569
63 73 510 -98
-731 259 -328 586
44 50 499 -87
-721 259 -352 586
51 52 530 -62
-722 256 -335 581
-291 144 -405 -168
-120 -363 68 -246
-253 138 -400 -156
-108 -361 69 -252
-266 139 -390 -177
-117 -370 68 -235
-265 142 -403 -175
-97 -368 56 -246
321 87 -396 -311
326 88 530 245
314 69 -382 -314
313 91 533 252
315 89 -390 -299
313 89 531 274
337 69 -390 -302
325 71 546 287
-647 39 -1381 -101
-263 28 584 364
-634 44 -1366 -97
-245 29 588 386
-635 28 -1381 -87
-250 -5 579 377
-666 36 -1370 -104
-251 -1 560 399
-668 -218 27 -103
64 835 -269 -25
-645 -225 19 -93
66 807 -279 -16
-627 -234 18 -97
88 803 -292 11
-636 -238 5 -91
91 800 -292 13
-738 -403 202 -454
58 -77 -755 252
-729 -406 184 -450
9 -48 -742 265
-724 -406 185 -457
-10 -52 -706 269
-734 -397 152 -421
-31 -26 -696 281
316 149 -1106 171
2398 -367 -1615 -473
213 170 -1041 146
2165 -270 -1428 -528
108 225 -930 137
1908 -171 -1191 -579
-33 237 -868 121
1602 -129 -1028 -618
18422 -998 -5363 551
927 7375 19790 15189
18070 -848 -5018 451
595 7511 20126 15033
17703 -739 -4727 344
287 7654 20484 14890
17406 -621 -4423 221
-6 7788 20798 14791
1841 3059 231 -3083
1537 2851 1187 -29
1625 3153 490 -3221
1450 2881 1365 -62
1432 3244 755 -3323
1345 2879 1516 -132
1250 3309 991 -3447
1280 2924 1638 -203
47 555 2027 1836
138 -2283 685 273
-7 548 2071 1847
117 -2316 694 283
-29 503 2123 1814
108 -2322 740 308
-67 500 2211 1837
68 -2355 759 350
-209 -245 -102 -121
-142 865 -490 -608
-231 -254 -98 -118
-146 815 -477 -594
-237 -274 -99 -72
-182 824 -464 -594
-257 -281 -57 -66
-173 822 -445 -572
-1622 155 1385 -418
500 842 -1352 -396
-1622 129 1380 -391
483 829 -1386 -382
-1617 137 1393 -369
483 837 -1380 -364
-1645 110 1411 -390
477 831 -1359 -365
-446 -506 -1317 1285
-1436 811 292 448
-437 -484 -1310 1276
-1452 837 263 472
-450 -489 -1327 1292
-1434 846 258 461
-443 -495 -1323 1290
-1419 832 253 457
-35 538 237 171
298 -782 -942 830
-5 556 208 166
307 -770 -965 797
18 562 195 170
338 -746 -967 792
41 573 184 157
321 -729 -984 791
-415 709 138 626
647 -843 -18 -1248
-426 722 127 610
646 -817 -16 -1268
-406 756 104 590
627 -831 -25 -1263
-393 773 95 580
642 -812 -39 -1285
186 64 903 459
-66 -156 -63 -44
191 71 909 439
-68 -178 -85 -67
169 98 904 430
-55 -151 -79 -82
181 101 880 420
-63 -135 -81 -86
269 -57 -553 -620
-581 164 -31 -164
279 -42 -560 -620
-584 172 -34 -172
269 -50 -569 -627
-587 196 -55 -157
278 -40 -578 -617
-554 194 -41 -163
-472 444 460 815
-138 385 -521 644
-455 433 445 805
-137 396 -539 641
-463 448 440 784
-115 380 -553 635
-451 451 444 801
-117 397 -571 627
887 4 30 541
1186 -99 635 -1072
896 -16 26 518
1200 -107 648 -1082
891 5 16 521
1196 -100 620 -1085
900 8 10 494
1204 -109 634 -1083
-46 -488 841 312
41 193 342 -302
-49 -489 820 298
17 203 341 -296
-43 -475 828 324
32 191 357 -317
-55 -478 838 314
32 202 333 -314
-169 442 -398 282
-746 -576 -13 -296
-149 437 -414 271
-733 -577 -13 -316
-155 460 -413 288
-716 -595 -28 -290
-163 451 -405 280
-706 -579 -38 -289
435 -443 -147 152
-167 -90 -39 -859
461 -435 -144 140
-181 -76 -57 -848
441 -426 -156 138
-183 -55 -58 -866
467 -417 -151 123
-159 -81 -58 -871
-446 -387 122 498
794 426 294 -285
-436 -372 102 490
802 434 301 -316
-433 -367 106 484
793 438 290 -321
-432 -359 100 470
804 467 298 -333
700 -764 -227 -134
-25 -340 524 147
687 -755 -217 -139
-45 -323 553 118
690 -744 -211 -162
-42 -281 523 108
664 -718 -202 -175
-51 -275 531 104
-921 94 -309 -722
-264 -321 98 734
-905 113 -304 -721
-254 -309 92 725
-915 115 -305 -750
-252 -299 97 723
-898 136 -308 -748
-241 -262 94 711
1 424 -916 -18
-488 119 -637 72
15 433 -927 -26
-482 110 -626 50
4 451 -932 -38
-488 129 -627 21
-2 455 -939 -54
-498 130 -631 45
-714 178 -431 -50
200 485 720 232
-697 202 -403 -55
206 489 707 216
-700 198 -414 -65
216 504 725 231
-725 202 -419 -71
202 489 711 200
5 146 -406 447
589 98 83 450
9 134 -380 431
599 98 90 426
32 160 -410 430
592 121 93 435
39 175 -406 413
587 125 102 403
-4 414 326 -169
-542 205 33 428
0 427 337 -156
-558 218 24 400
-14 442 334 -175
-558 193 19 404
-1 429 325 -183
-558 216 2 408
1010 100 201 630
-518 -333 -322 388
1001 119 190 616
-528 -328 -346 380
1004 111 195 599
-549 -304 -322 381
993 126 205 587
-539 -302 -328 379
-221 -40 261 -349
396 414 400 -622
-221 -31 278 -342
398 394 380 -628
-197 -44 272 -335
408 395 399 -633
-212 -33 261 -329
411 402 383 -627
364 -130 -295 58
205 213 381 627
370 -125 -295 58
220 196 382 643
392 -116 -276 72
207 216 386 625
399 -126 -280 64
203 212 390 619
649 -340 618 210
-151 499 -300 -326
630 -337 630 201
-151 514 -266 -351
623 -322 649 201
-162 521 -280 -334
620 -313 641 183
-184 543 -275 -369
611 245 10 353
-36 -582 -61 320
576 240 8 356
-40 -578 -44 336
579 249 24 333
-72 -589 -12 328
563 258 47 330
-77 -578 -3 315
694 -140 449 -845
146 392 733 581
676 -146 468 -852
155 378 729 568
679 -156 466 -858
131 406 748 571
660 -144 486 -855
133 396 750 580
-44 -460 373 -706
-1202 -483 -954 -606
-59 -488 371 -719
-1214 -507 -964 -608
-26 -473 374 -707
-1215 -510 -966 -607
-50 -494 385 -724
-1216 -503 -953 -626
-81 59 29 415
-86 -194 -586 -82
-62 56 18 408
-74 -176 -570 -107
-73 70 34 411
-64 -166 -570 -111
-67 68 27 396
-82 -157 -593 -109
321 -830 -267 -362
-627 756 383 -31
349 -844 -261 -377
-631 759 374 -46
347 -822 -246 -370
-644 759 380 -51
333 -829 -271 -383
-637 784 383 -27
967 -531 -144 -167
-470 41 -309 -168
955 -528 -132 -161
-448 39 -290 -182
976 -534 -125 -150
-469 40 -296 -171
947 -527 -111 -151
-470 42 -293 -191
-251 -64 403 -94
-56 -250 -89 -445
-242 -89 410 -84
-65 -238 -72 -432
-252 -74 413 -109
-65 -226 -76 -433
-261 -89 412 -102
-60 -231 -82 -446
131 -580 15 -71
-443 201 -267 -43
139 -567 32 -94
-440 203 -304 -47
128 -590 27 -84
-442 206 -309 -63
142 -586 15 -97
-424 206 -306 -61
321 184 79 80
39 -519 -246 -242
325 195 102 74
48 -524 -263 -252
317 202 84 70
74 -504 -258 -241
328 213 78 67
73 -510 -255 -249
139 -401 760 51
-21 -89 43 -312
140 -397 748 68
-22 -94 45 -297
147 -399 733 56
4 -94 36 -308
149 -415 728 56
-14 -93 16 -291
671 499 204 -105
102 615 -135 213
676 494 209 -115
85 630 -140 210
659 487 209 -106
79 619 -139 190
643 508 200 -128
98 627 -122 204
-573 -736 -390 639
367 688 367 -134
-564 -724 -411 613
366 700 388 -131
-572 -726 -385 626
366 694 391 -143
-599 -706 -385 626
352 691 406 -140
-99 52 170 185
-203 -141 -128 -326
-115 58 161 196
-213 -156 -122 -317
-109 42 171 194
-198 -147 -125 -306
-113 59 141 183
-209 -136 -145 -308
-175 -299 -592 172
17 -73 334 -205
-166 -313 -612 160
6 -61 326 -184
-171 -297 -614 158
9 -59 345 -197
-194 -313 -605 163
-2 -68 328 -197
193 577 37 115
-310 143 -207 658
193 591 35 117
-315 144 -193 637
196 577 28 102
-318 140 -179 651
185 585 28 110
-317 157 -210 655
-84 152 -205 -193
333 -719 -144 -334
-86 165 -207 -173
314 -703 -145 -317
-86 145 -210 -190
306 -703 -152 -312
-101 148 -188 -174
313 -708 -131 -336
-262 183 154 -118
64 -18 351 277
-274 170 180 -117
63 -25 345 286
-273 186 174 -145
58 -24 334 306
-283 193 170 -118
47 -20 354 310
-16 -255 -296 -835
192 -369 62 107
-19 -266 -316 -818
173 -360 62 112
-32 -266 -309 -831
171 -378 64 120
1 -245 -312 -831
146 -372 82 117
-12 57 -262 -185
-34 72 -424 108
-20 56 -268 -197
-73 84 -402 103
-58 47 -247 -201
-64 83 -381 105
-47 41 -233 -187
-99 70 -367 86
320 -275 361 15
424 -73 -265 -11
291 -259 379 -11
405 -85 -241 -23
289 -259 398 -4
366 -92 -225 -29
265 -258 413 -17
368 -86 -211 -14
-467 131 704 -379
-70 -577 28 217
-454 152 709 -360
-88 -590 41 227
-487 143 706 -385
-99 -586 42 223
-503 129 737 -388
-102 -580 37 220
-50 281 -523 -1117
-154 -399 -6 63
-68 290 -510 -1128
-164 -413 -19 85
-57 287 -508 -1097
-156 -431 -21 92
-68 269 -530 -1089
-178 -447 -8 103
-138 -47 -300 378
-459 -147 14 -90
-130 -55 -320 373
-487 -111 56 -96
-147 -47 -317 391
-528 -83 92 -97
-142 -62 -311 393
-548 -78 109 -94
1807 180 -469 -157
2688 -460 -1151 -368
1658 216 -401 -169
2457 -356 -990 -428
1556 273 -281 -198
2200 -239 -762 -492
1439 330 -225 -204
1922 -152 -577 -556
17688 -2023 -5768 1751
5011 5492 19273 13180
17359 -1844 -5446 1641
4678 5693 19603 13009
16998 -1681 -5171 1491
4357 5867 19951 12821
16677 -1539 -4861 1355
4042 6050 20300 12653
1648 2682 3570 -3285
-969 2858 2196 -335
1417 2833 3841 -3470
-1047 2919 2363 -447
1216 2969 4135 -3629
-1139 2976 2541 -529
983 3107 4410 -3775
-1234 3030 2689 -649
420 357 1164 973
444 -2229 707 55
395 374 1202 965
426 -2238 693 43
387 356 1278 906
417 -2245 723 48
347 386 1359 884
403 -2247 754 63
157 -896 -412 -436
105 599 -122 -1034
167 -906 -400 -401
103 582 -119 -1038
155 -910 -410 -412
111 602 -115 -1009
153 -939 -391 -392
90 587 -97 -1009
-742 367 963 -464
-974 186 -1410 -205
-746 374 950 -471
-959 184 -1410 -189
-758 358 965 -459
-988 191 -1419 -193
-758 364 998 -445
-1000 171 -1410 -201
-571 -169 -1101 1276
-628 1294 -674 1092
-580 -158 -1091 1284
-625 1295 -692 1091
-573 -173 -1091 1273
-611 1296 -671 1100
-580 -169 -1094 1267
-615 1296 -686 1108
-97 352 601 -1192
-151 -206 -1011 813
-92 338 597 -1177
-133 -197 -1039 808
-62 340 590 -1167
-125 -199 -1050 825
-48 318 595 -1154
-103 -221 -1038 838
-43 -418 1098 443
-204 -452 -39 -887
-31 -382 1071 454
-181 -458 -79 -898
-11 -403 1053 461
-171 -471 -71 -885
10 -420 1033 457
-170 -471 -82 -877
531 -794 156 -534
630 36 -473 -295
530 -799 144 -525
618 31 -468 -294
535 -800 115 -536
624 44 -474 -297
545 -789 133 -503
637 42 -457 -294
-70 -746 756 -1027
124 205 -658 430
-58 -744 749 -1050
113 227 -660 419
-83 -740 771 -1030
118 224 -652 415
-79 -754 764 -1050
115 216 -628 422
-1010 -186 -450 -236
-636 -368 15 -140
-1015 -186 -461 -236
-657 -369 5 -140
-1010 -182 -452 -252
-641 -342 13 -145
-1032 -187 -431 -260
-644 -332 13 -142
-214 -360 -619 270
209 -757 368 -972
-201 -335 -629 253
219 -760 343 -999
-205 -318 -620 232
217 -737 354 -977
-193 -308 -636 248
222 -751 336 -994
228 234 -580 78
-36 -43 13 388
208 264 -578 63
-62 -49 10 379
231 287 -581 69
-52 -56 36 376
208 269 -576 48
-82 -19 38 374
-560 635 -66 133
-406 1036 -49 410
-562 635 -67 137
-434 1008 -50 384
-572 655 -52 137
-419 1013 -31 390
-576 634 -49 130
-428 1029 -30 379
32 250 -855 976
-295 -620 108 62
24 231 -850 957
-289 -597 118 57
40 257 -843 966
-309 -596 128 44
34 258 -825 956
-311 -581 120 55
250 378 -107 -482
47 -72 234 -21
247 392 -120 -493
30 -59 220 -14
234 386 -122 -495
30 -80 232 -42
235 399 -86 -504
30 -94 240 -27
-85 944 -17 257
748 -616 182 675
-96 947 -4 277
734 -609 194 662
-98 936 1 261
718 -630 179 663
-106 939 6 267
726 -636 184 681
79 766 645 -404
68 -522 128 21
74 743 619 -386
42 -530 134 19
55 729 645 -385
72 -525 133 11
65 758 658 -378
53 -536 132 19
-83 226 -2 548
221 36 -26 -390
-66 204 8 533
213 45 -12 -378
-80 201 4 556
203 36 -36 -393
-55 198 4 543
206 43 -27 -367
-163 -2 -309 -116
548 -450 -113 -258
-177 -7 -287 -114
557 -448 -120 -240
-189 -16 -291 -104
541 -463 -101 -218
-176 -16 -284 -101
535 -476 -93 -223
-235 120 -75 -1
172 202 825 -790
-243 121 -47 34
150 198 821 -778
-231 112 -40 30
168 192 849 -767
-254 90 -53 53
164 157 847 -745
-97 373 -40 796
232 503 422 690
-98 347 -51 804
239 509 405 695
-78 334 -57 810
264 484 403 725
-86 328 -50 826
270 491 391 724
-407 -222 -441 139
-134 170 -101 -305
-406 -261 -454 141
-134 175 -109 -301
-411 -258 -446 147
-130 177 -118 -287
-370 -258 -445 164
-133 177 -114 -271
560 -533 119 -894
-209 5 -249 391
563 -522 124 -894
-207 -6 -250 400
549 -546 107 -885
-230 -4 -240 421
553 -542 114 -859
-208 -16 -226 417
431 -263 453 -219
386 -82 -25 132
407 -272 467 -229
382 -67 -7 147
391 -283 465 -217
382 -93 3 130
379 -278 470 -205
365 -84 -10 146
236 -5 461 -686
-33 -621 -410 348
219 -17 474 -684
-37 -647 -388 371
209 -26 484 -671
-64 -643 -389 366
197 -17 499 -649
-42 -649 -381 382
-244 1084 325 -621
-582 -267 251 998
-258 1090 312 -625
-584 -268 236 980
-260 1086 330 -619
-559 -258 236 990
-260 1086 332 -611
-573 -247 245 1001
725 -308 -239 565
436 130 49 -487
733 -317 -225 557
436 128 61 -499
736 -283 -247 564
426 171 47 -487
732 -290 -232 555
444 181 29 -509
519 -386 423 -172
-178 398 42 -28
511 -403 451 -180
-174 391 43 -40
507 -398 456 -185
-186 401 69 -45
497 -390 452 -204
-183 399 44 -48
-309 530 -84 470
-129 -829 315 -357
-310 546 -104 463
-143 -828 306 -351
-300 538 -96 480
-112 -824 313 -359
-315 564 -86 467
-129 -820 318 -360
-614 -411 -899 -404
92 882 161 80
-611 -421 -906 -410
99 891 161 99
-607 -410 -903 -400
82 865 144 91
-607 -417 -910 -412
106 888 143 103
351 -136 249 139
-266 20 -80 32
368 -135 233 141
-286 26 -92 27
356 -139 229 132
-264 27 -100 50
359 -136 238 128
-277 34 -84 42
465 -549 235 -337
-448 -158 -308 -180
457 -530 221 -327
-481 -139 -319 -177
447 -529 220 -336
-475 -135 -315 -191
463 -513 224 -327
-461 -118 -325 -185
913 -387 327 194
-34 -539 234 -276
910 -388 329 187
-15 -515 233 -286
927 -367 335 157
-23 -523 255 -271
914 -367 322 156
-23 -525 236 -297
-440 206 409 -647
99 274 -78 213
-444 190 408 -670
127 293 -76 234
-441 197 395 -690
116 281 -95 230
-426 201 398 -689
123 285 -97 228
331 -965 -75 -108
-115 -322 38 -920
302 -970 -84 -109
-109 -328 58 -906
325 -967 -93 -121
-115 -325 63 -899
302 -958 -97 -94
-121 -325 57 -896
86 649 437 157
531 182 -851 465
67 661 432 159
515 188 -842 471
73 662 425 132
517 177 -825 459
59 677 422 129
511 180 -828 468
-91 -250 10 143
-245 -203 34 -232
-102 -217 19 142
-251 -200 27 -223
-128 -227 53 133
-264 -196 51 -224
-138 -219 59 137
-282 -189 47 -230
584 -221 -21 -327
242 -497 239 -242
558 -217 -3 -330
245 -498 263 -263
540 -200 -5 -336
207 -515 270 -233
528 -202 39 -336
198 -505 296 -227
59 -131 478 371
-280 198 -60 -605
62 -149 483 357
-275 221 -28 -587
49 -136 483 345
-285 226 -34 -603
41 -128 522 349
-291 215 -19 -616
-153 699 219 193
472 -607 209 60
-153 720 237 195
486 -602 210 63
-150 710 256 209
479 -601 189 78
-161 720 233 197
499 -595 190 60
-6 640 -333 -20
-41 -199 149 581
-19 623 -344 -22
-56 -194 157 578
-14 660 -330 -38
-44 -217 154 568
-17 643 -348 -42
-66 -215 137 573
-923 -349 -610 -338
101 -167 -537 -616
-927 -359 -603 -360
113 -175 -538 -612
-934 -356 -580 -351
75 -182 -548 -612
-939 -373 -597 -368
80 -194 -524 -606
-570 328 -87 519
526 -135 -44 -1039
-563 331 -98 529
499 -173 -45 -1033
-566 292 -91 528
513 -177 -50 -1021
-570 295 -95 546
528 -178 -33 -1005
-279 208 218 173
-316 -43 154 977
-266 181 194 167
-323 -50 146 990
-265 166 208 196
-302 -58 136 1003
-259 136 198 205
-313 -91 134 1007
97 150 -254 -958
-206 -430 -113 236
113 156 -245 -954
-219 -433 -110 251
96 138 -263 -944
-221 -453 -121 258
120 112 -257 -929
-206 -442 -125 284
-692 328 -714 136
145 -119 -775 -272
-714 308 -715 146
154 -116 -782 -274
-709 317 -724 131
159 -136 -776 -258
-717 322 -714 157
140 -133 -763 -270
570 146 566 526
250 159 687 325
564 154 581 538
262 179 671 314
574 144 594 514
243 169 682 315
571 153 596 527
243 191 670 302
408 324 317 -152
-47 40 -396 400
414 311 330 -159
-95 49 -386 405
417 321 335 -160
-118 71 -328 405
391 318 362 -172
-166 84 -308 383
1200 77 -23 -578
3867 -780 -1416 1006
1098 99 64 -611
3661 -668 -1271 941
995 170 158 -635
3400 -558 -1036 893
874 185 205 -649
3130 -484 -865 824
17424 -3083 -5592 1321
4158 4447 18487 8758
17112 -2896 -5320 1183
3870 4637 18813 8585
16767 -2748 -5027 1045
3538 4817 19134 8367
16446 -2573 -4716 912
3204 5011 19516 8190
1150 466 3664 -3315
-2186 2407 3005 100
936 635 3898 -3468
-2279 2482 3140 -33
748 783 4183 -3651
-2382 2558 3323 -162
486 917 4452 -3827
-2496 2654 3502 -248
2045 -220 1380 -116
900 -1899 403 -378
2035 -194 1424 -161
904 -1898 407 -403
1959 -171 1479 -215
893 -1873 437 -399
1928 -137 1599 -260
874 -1874 469 -418
-290 -2387 327 -1010
1004 1594 -202 -495
-293 -2379 327 -986
990 1597 -202 -510
-295 -2372 311 -993
971 1602 -207 -510
-304 -2392 352 -1007
976 1610 -185 -494
-723 -397 1235 -565
-383 562 -1259 -584
-723 -380 1224 -565
-395 577 -1266 -561
-733 -402 1224 -581
-378 556 -1250 -566
-742 -405 1226 -581
-396 575 -1254 -569
-551 -806 -582 2
25 117 -347 862
-552 -817 -596 -5
16 103 -333 836
-567 -796 -566 -8
26 120 -344 845
-577 -801 -574 7
13 134 -323 846
-576 -264 991 -767
356 -274 -969 240
-566 -277 972 -798
350 -277 -947 238
-565 -261 1001 -797
368 -284 -950 256
-576 -265 994 -790
354 -270 -975 255
89 -199 -94 -446
-94 -721 -10 -771
82 -213 -104 -447
-106 -746 4 -791
67 -205 -71 -452
-112 -734 -5 -780
61 -228 -81 -428
-140 -742 12 -782
275 514 -114 621
-429 -647 -178 -282
277 531 -89 636
-444 -632 -151 -288
263 539 -64 641
-429 -639 -150 -306
237 547 -78 632
-435 -635 -143 -308
-46 563 -93 -512
-198 988 -39 1445
-53 563 -92 -518
-203 975 -30 1459
-56 544 -80 -516
-219 958 -46 1430
-38 568 -89 -510
-204 979 -25 1431
-513 679 -9 727
36 -124 -70 -410
-504 677 -4 738
24 -139 -88 -427
-496 680 -20 723
54 -138 -69 -401
-513 654 -14 728
62 -150 -85 -395
-269 -91 22 -58
300 460 -916 289
-254 -72 -1 -27
321 452 -935 323
-243 -85 -33 -20
302 440 -921 319
-239 -85 -33 -38
294 447 -934 309
500 -415 348 -173
183 497 856 224
482 -408 345 -167
173 503 871 249
480 -435 355 -177
157 512 887 233
490 -434 355 -155
147 497 874 239
559 685 128 738
-319 173 -120 303
561 694 122 730
-336 167 -116 315
557 672 147 751
-310 159 -116 316
548 676 166 752
-336 133 -103 334
-24 121 652 293
726 -348 -92 -522
-22 111 645 298
739 -370 -90 -520
-41 119 654 324
714 -367 -121 -508
-46 120 656 307
707 -385 -114 -514
345 503 118 259
-43 -432 291 -255
336 512 128 267
-42 -438 283 -276
320 504 130 245
-50 -432 304 -272
311 516 125 251
-83 -417 305 -277
508 -107 214 161
45 -294 -283 -352
504 -100 227 174
38 -301 -260 -346
486 -92 226 186
24 -313 -255 -341
484 -100 250 175
4 -301 -253 -336
-12 216 -5 37
-241 -303 402 205
-36 213 35 26
-239 -292 393 213
-47 237 24 32
-225 -288 396 188
-46 231 39 41
-233 -272 406 197
77 -325 852 -359
-714 -187 -569 61
80 -307 830 -345
-710 -168 -584 42
93 -289 829 -355
-679 -180 -556 54
95 -289 819 -364
-671 -160 -573 41
51 -199 -1099 -143
-239 -226 273 -844
48 -195 -1117 -157
-246 -239 258 -864
55 -190 -1096 -182
-232 -227 261 -866
79 -190 -1127 -193
-245 -219 266 -869
766 -108 -233 -231
176 166 378 -91
746 -114 -224 -226
180 174 356 -94
749 -90 -226 -236
146 157 361 -102
745 -93 -220 -239
152 167 381 -107
329 -290 460 474
820 228 484 317
327 -280 457 477
823 238 496 316
341 -274 465 492
809 257 509 314
308 -287 471 479
798 244 514 303
-534 -293 -314 134
86 415 573 100
-558 -281 -294 134
99 425 559 93
-558 -264 -297 107
106 450 560 103
-563 -251 -300 113
109 446 571 75
-257 111 402 294
-629 229 -1001 -287
-260 139 396 262
-634 243 -1017 -280
-250 137 393 257
-628 254 -990 -285
-255 149 400 231
-613 251 -1012 -319
-446 32 -399 314
30 352 263 733
-433 32 -407 291
7 352 268 742
-439 27 -415 294
16 360 249 729
-428 42 -406 294
19 365 254 734
-443 478 -777 -151
22 394 20 183
-437 492 -781 -156
-2 377 10 188
-438 488 -771 -161
-1 373 23 172
-437 505 -765 -174
18 408 29 185
-189 -171 -1098 550
478 356 326 -60
-208 -160 -1093 567
476 321 322 -65
-203 -165 -1105 559
468 334 334 -54
-202 -151 -1078 560
468 319 326 -44
-496 389 72 273
135 622 -92 290
-491 386 75 287
115 621 -102 266
-496 385 84 283
116 609 -90 266
-507 373 93 292
109 597 -73 294
-622 560 619 332
348 -93 -942 175
-629 547 639 343
339 -98 -960 202
-632 518 629 360
323 -95 -957 184
-624 510 649 350
328 -107 -937 212
-393 -666 -681 -48
-687 -153 -113 -158
-391 -651 -677 -59
-686 -158 -106 -180
-396 -653 -668 -43
-695 -154 -89 -171
-419 -630 -661 -28
-705 -129 -89 -173
-219 -61 -89 -117
326 115 33 759
-213 -61 -105 -146
335 135 38 738
-217 -23 -87 -163
330 154 27 731
-228 -15 -68 -153
343 163 37 717
88 290 529 -279
146 -149 -39 -570
98 284 548 -295
121 -118 -39 -585
75 296 535 -311
142 -120 -38 -574
99 305 528 -302
144 -116 -53 -591
746 240 158 410
-108 171 236 531
746 242 152 413
-114 176 214 527
742 245 155 404
-107 181 214 523
757 247 158 395
-111 203 234 518
974 494 923 705
-505 170 152 327
962 518 921 705
-508 180 168 292
935 516 920 689
-502 198 163 290
950 508 938 696
-499 174 168 278
-40 57 -756 -197
211 -227 837 146
-29 80 -763 -207
224 -224 845 142
-18 74 -778 -211
227 -213 852 144
-17 74 -795 -229
238 -230 817 131
19 192 153 -94
147 -20 -115 -85
22 180 173 -57
154 -34 -121 -96
42 183 144 -74
163 -53 -112 -86
32 178 142 -55
177 -48 -122 -79
-77 -596 -399 -571
-49 146 378 -293
-74 -605 -392 -571
-40 117 374 -295
-90 -623 -407 -564
-39 91 376 -273
-61 -612 -413 -553
-33 100 387 -270
659 -7 436 341
-269 -97 -25 -302
651 -9 415 381
-269 -88 -24 -295
665 -17 414 372
-260 -81 -31 -291
661 -2 393 370
-255 -106 -35 -286
12 271 -77 331
-82 -85 -15 2
37 278 -67 318
-57 -103 -27 13
41 264 -80 310
-64 -114 -27 7
28 263 -89 334
-39 -102 -53 15
-300 -148 443 -697
-68 98 -275 346
-289 -142 428 -682
-68 71 -290 371
-260 -153 423 -667
-38 76 -295 372
-271 -157 417 -667
-30 82 -332 369
-85 -254 56 68
-1 689 125 -205
-63 -243 70 60
22 703 129 -205
-45 -241 50 69
30 689 111 -197
-59 -237 45 74
37 687 104 -197
273 518 -593 844
611 306 724 219
272 518 -603 870
616 329 714 245
268 504 -612 885
624 321 701 235
297 497 -633 871
637 319 679 244
-336 -412 693 -295
-100 210 -630 793
-337 -430 683 -300
-104 210 -660 778
-321 -406 671 -304
-97 217 -649 770
-327 -413 664 -280
-81 219 -663 757
-109 -138 -24 132
50 124 -460 -404
-103 -142 -26 135
46 143 -436 -414
-113 -136 -27 111
32 135 -456 -424
-101 -122 -35 111
39 141 -440 -416
-33 491 113 156
-100 290 15 246
-39 493 121 140
-113 300 22 250
-45 487 131 134
-125 288 30 260
-65 489 116 147
-117 312 37 236
-352 -473 -620 632
55 -166 245 -411
-352 -469 -627 641
61 -147 258 -404
-369 -453 -633 633
57 -146 230 -421
-376 -466 -623 621
67 -153 246 -429
192 230 -428 93
-87 365 3 342
198 237 -406 72
-71 351 -15 335
175 216 -398 63
-68 387 5 325
178 241 -400 69
-91 376 23 313
-91 216 362 144
-6 131 -116 -167
-89 248 378 144
-20 121 -90 -171
-97 238 381 136
-28 157 -109 -172
-97 253 393 134
-24 149 -87 -196
555 -475 286 335
163 389 -220 -158
557 -471 277 324
119 391 -190 -184
530 -456 296 324
99 408 -154 -170
533 -437 306 335
48 456 -145 -190
1064 117 83 837
3327 -383 -1592 531
963 157 127 794
3154 -273 -1452 448
850 226 218 764
2911 -125 -1270 344
730 282 296 729
2683 -24 -1104 284
15523 -4384 -5675 2197
-328 3939 15121 6415
15242 -4190 -5435 2056
-597 4139 15411 6192
14926 -4018 -5161 1901
-892 4379 15724 5994
14626 -3828 -4888 1738
-1221 4560 16054 5786
1201 -1222 -177 -4343
-2472 816 2903 -562
1006 -1043 60 -4523
-2563 898 3046 -714
821 -877 314 -4723
-2687 991 3220 -819
536 -723 594 -4920
-2842 1089 3396 -968
1511 -934 1865 -1162
451 -1630 -349 -907
1484 -882 1911 -1222
465 -1597 -347 -932
1460 -851 1989 -1292
462 -1577 -311 -964
1379 -809 2091 -1375
427 -1549 -268 -977
-1508 -2834 159 -1437
1494 636 535 -603
-1489 -2825 162 -1456
1481 655 516 -593
-1510 -2813 164 -1494
1486 659 523 -608
-1513 -2804 176 -1510
1482 658 513 -641
-545 253 206 -1365
184 -243 -1167 -1132
-545 234 230 -1376
157 -262 -1151 -1116
-561 238 231 -1366
137 -260 -1131 -1112
-578 228 237 -1380
122 -276 -1118 -1109
-1308 -723 -1057 720
464 21 -888 -675
-1321 -740 -1044 722
454 3 -884 -678
-1344 -745 -1032 766
459 -5 -865 -683
-1364 -752 -1025 770
451 -15 -843 -644
-116 147 1883 -6
-861 97 -1462 12
-118 145 1894 -23
-874 80 -1434 21
-133 123 1909 13
-900 87 -1445 34
-125 111 1906 1
-893 43 -1432 58
391 10 -492 195
398 -705 200 -227
388 30 -486 222
391 -690 209 -218
360 13 -472 230
387 -681 200 -218
354 -9 -452 232
373 -690 217 -214
-206 220 -10 379
172 -71 328 -276
-216 199 -8 372
176 -65 322 -291
-235 219 -1 384
179 -50 344 -297
-236 230 25 358
178 -53 340 -320
-561 97 120 231
526 -132 46 192
-549 99 130 194
544 -119 30 163
-556 103 102 205
537 -110 24 162
-555 88 121 201
553 -122 13 146
-412 58 868 117
847 1082 -37 -151
-412 38 848 132
860 1083 -56 -141
-412 32 817 124
874 1046 -77 -154
-399 41 803 115
885 1054 -78 -138
-63 379 -257 220
-447 445 -317 680
-61 358 -264 227
-438 459 -310 688
-33 377 -254 236
-425 445 -336 712
-33 360 -260 237
-422 415 -327 704
45 129 553 734
-280 150 77 41
64 113 528 742
-290 144 96 72
57 127 530 752
-297 149 81 65
53 97 518 753
-282 135 82 52
-449 -138 -1639 -97
424 -283 102 19
-449 -137 -1646 -110
403 -284 115 18
-448 -143 -1607 -104
384 -273 153 20
-473 -140 -1601 -117
375 -271 150 20
-278 -373 117 -633
591 -17 166 263
-292 -360 151 -656
583 -44 156 252
-322 -361 141 -632
571 -23 175 237
-314 -351 165 -657
558 -5 180 242
203 320 165 -158
-393 -197 445 -342
183 354 187 -168
-403 -184 445 -365
172 341 185 -182
-409 -179 440 -367
173 347 204 -198
-429 -160 463 -360
213 508 -120 626
30 -325 -477 415
219 517 -110 621
26 -291 -493 420
201 513 -120 602
15 -298 -477 391
207 521 -107 602
39 -294 -477 382
-383 1010 -423 497
54 -40 839 129
-371 1021 -407 490
55 -15 842 143
-351 1036 -417 470
81 -32 838 140
-353 1005 -433 463
80 -28 829 126
-208 -352 221 80
189 -998 -720 -716
-209 -352 194 73
195 -968 -755 -711
-200 -346 184 57
213 -980 -748 -720
-197 -347 185 62
204 -971 -760 -732
493 -600 504 -792
-11 165 -22 -131
504 -582 512 -795
-28 176 -33 -136
492 -576 501 -803
-16 175 -17 -112
499 -607 521 -810
-46 187 -18 -126
104 646 -36 560
-16 158 499 -36
95 627 -53 570
-22 159 502 -15
97 640 -32 577
-25 143 505 -24
103 631 -26 586
-12 124 505 -28
-133 -87 -132 -632
38 78 115 -71
-108 -109 -135 -634
21 81 104 -60
-133 -120 -150 -611
19 57 108 -46
-117 -124 -133 -593
17 62 99 -41
860 -198 169 242
210 32 -4 640
875 -209 175 255
194 36 16 632
874 -200 178 274
187 30 17 625
840 -197 192 285
195 21 47 644
-421 467 -34 1
234 588 624 -272
-394 481 -14 -17
225 584 621 -274
-414 480 -10 -4
224 581 632 -270
-430 482 -12 -14
220 590 623 -247
-644 158 -122 531
595 -468 300 44
-654 157 -97 546
586 -470 294 61
-652 161 -125 537
577 -490 304 83
-639 136 -109 560
592 -487 308 85
448 83 -376 -247
-30 -1021 -570 136
457 67 -366 -232
-49 -1003 -544 137
419 83 -371 -243
-63 -1012 -504 134
412 54 -346 -247
-72 -1018 -503 122
-410 442 -61 -122
-328 -86 -418 -386
-427 455 -30 -127
-355 -92 -396 -399
-434 461 -26 -122
-384 -80 -378 -390
-473 452 7 -137
-386 -111 -358 -391
568 193 -30 44
-365 -612 128 -157
569 166 -11 45
-375 -620 136 -147
548 155 13 37
-408 -623 135 -170
553 181 22 32
-398 -611 162 -162
70 855 239 189
408 52 719 190
73 851 258 181
385 40 736 193
60 842 262 194
381 43 731 197
45 840 254 203
374 32 751 200
820 19 -270 -578
-200 421 -269 148
817 -10 -292 -580
-219 394 -277 163
802 -29 -272 -540
-232 410 -282 189
809 -59 -256 -547
-212 385 -256 203
-334 -197 122 585
-985 194 -68 -88
-364 -214 142 593
-980 196 -67 -65
-354 -229 127 612
-982 180 -77 -64
-362 -250 135 624
-992 184 -54 -44
336 173 94 362
793 412 -347 386
325 169 80 366
779 421 -323 402
331 163 112 372
777 392 -335 403
300 162 111 374
782 415 -340 414
58 -246 429 -401
-51 -756 118 -556
35 -271 438 -402
-57 -745 107 -557
37 -248 456 -400
-83 -737 91 -548
44 -242 450 -416
-86 -754 94 -555
-691 470 -814 81
-1005 249 -127 633
-709 458 -811 75
-993 256 -146 638
-708 494 -807 79
-982 268 -143 625
-696 477 -814 84
-991 272 -160 635
-987 205 -1182 538
-58 -278 251 126
-982 224 -1189 527
-21 -263 229 120
-952 216 -1203 520
-9 -253 207 126
-957 235 -1225 510
9 -236 222 120
117 -215 -305 -1132
-101 -436 878 229
134 -199 -331 -1138
-79 -443 859 227
142 -204 -349 -1140
-75 -432 849 208
174 -187 -349 -1152
-47 -441 827 212
473 -3 -471 -113
-37 115 -414 -14
485 2 -451 -126
-24 112 -404 -20
493 17 -476 -99
-36 134 -412 -9
501 22 -486 -112
-37 137 -425 -19
-480 90 -148 176
-689 85 -665 -268
-485 73 -164 180
-689 81 -679 -257
-479 92 -148 166
-670 80 -676 -262
-470 105 -159 160
-684 63 -667 -263
395 189 673 685
-455 -350 -53 -601
420 194 679 680
-440 -338 -73 -588
421 200 665 696
-433 -339 -59 -599
402 193 670 675
-422 -347 -88 -606
206 427 44 -404
544 -494 261 260
210 429 38 -398
574 -519 264 241
224 407 11 -406
567 -515 246 251
229 426 4 -399
560 -513 233 275
-80 -441 -29 -273
-91 474 -74 192
-76 -443 -25 -290
-69 471 -80 192
-70 -432 -33 -270
-68 474 -83 187
-66 -448 -43 -267
-68 468 -86 194
-114 171 43 344
-267 152 121 165
-113 176 58 349
-280 152 101 163
-88 164 51 332
-259 155 111 164
-79 168 48 340
-253 158 84 159
687 127 390 47
-12 271 -539 97
716 140 380 70
-12 299 -552 108
694 138 372 69
-11 284 -550 108
723 119 379 72
-7 280 -565 88
-836 -193 319 -481
368 50 -368 119
-839 -194 336 -471
373 41 -377 142
-812 -216 323 -466
382 55 -377 144
-838 -213 323 -474
391 24 -380 149
-1105 -559 -497 285
-296 709 -237 -416
-1098 -575 -513 257
-280 710 -247 -418
-1076 -584 -531 271
-277 689 -232 -416
-1077 -572 -544 270
-269 683 -234 -401
149 154 -461 322
442 -310 22 106
143 131 -476 319
434 -285 19 120
143 154 -463 316
429 -311 40 133
153 153 -456 336
406 -307 40 121
-822 560 -182 -13
367 366 -369 589
-851 550 -162 -14
360 371 -356 571
-851 550 -170 0
352 372 -334 576
-877 554 -170 0
353 345 -332 591
462 -450 383 488
-522 878 -16 -197
436 -452 393 502
-498 871 -10 -205
436 -451 396 495
-519 893 -1 -199
438 -453 399 497
-545 894 9 -211
-229 -781 -310 -191
-282 -89 -354 20
-237 -760 -298 -174
-282 -67 -343 9
-240 -757 -294 -186
-323 -45 -329 -1
-249 -736 -290 -173
-350 -2 -310 -17
919 -266 -519 354
3144 -1440 -990 859
848 -203 -459 293
3009 -1318 -881 743
752 -124 -417 251
2817 -1164 -745 641
681 -67 -372 211
2615 -1020 -631 531
13083 -6094 -4367 2290
-7641 5532 9971 3165
12884 -5858 -4156 2123
-7879 5762 10173 2945
12613 -5658 -3966 1930
-8095 5979 10434 2708
12383 -5452 -3712 1743
-8368 6202 10694 2490
1460 -2687 -3794 -3567
-1344 1372 2217 492
1325 -2552 -3599 -3762
-1409 1463 2333 358
1154 -2351 -3379 -3977
-1515 1570 2461 224
950 -2205 -3164 -4169
-1616 1671 2646 88
1303 -1128 1108 -2566
-756 -1333 287 26
1278 -1070 1161 -2651
-726 -1294 286 -20
1247 -1029 1206 -2728
-750 -1277 331 -45
1189 -955 1316 -2782
-760 -1246 356 -80
-441 -2176 901 -1162
594 337 -621 -739
-425 -2131 881 -1179
592 337 -614 -758
-437 -2130 869 -1226
594 366 -626 -770
-425 -2093 903 -1238
594 371 -614 -786
-584 829 -674 -1470
133 -77 -713 -317
-591 820 -667 -1446
118 -77 -693 -299
-603 804 -658 -1458
81 -119 -670 -293
-634 806 -644 -1446
53 -124 -665 -280
-294 -575 -188 613
-621 -21 -1185 -403
-327 -587 -157 633
-637 -13 -1145 -384
-368 -599 -139 646
-668 -56 -1148 -376
-371 -623 -109 677
-701 -54 -1119 -351
69 -200 160 694
-161 456 -367 -758
56 -193 185 714
-199 445 -336 -745
18 -214 220 736
-235 414 -321 -743
6 -240 227 752
-251 421 -273 -702
213 -343 167 54
-490 -39 -336 -167
177 -369 186 64
-520 -50 -315 -160
188 -373 218 76
-528 -61 -288 -162
159 -404 229 86
-557 -48 -270 -137
274 -194 -820 -46
100 -138 233 83
257 -179 -811 -40
94 -128 230 96
251 -191 -788 -28
53 -135 257 99
228 -216 -782 -42
52 -123 284 103
-311 -552 -59 -607
488 207 767 -553
-317 -538 -37 -601
473 201 775 -523
-331 -537 -24 -611
478 181 808 -533
-329 -548 20 -600
461 183 821 -520
-644 -523 50 5
173 -12 -1114 -106
-664 -523 59 5
164 -16 -1118 -94
-662 -551 63 15
127 -18 -1101 -97
-693 -557 81 17
137 -26 -1090 -81
-244 -206 990 -204
-94 -569 -456 -232
-255 -204 1001 -198
-83 -560 -458 -252
-264 -208 999 -190
-93 -552 -458 -243
-277 -215 1012 -178
-78 -551 -445 -231
238 -641 5 -393
792 602 486 -153
245 -625 18 -376
792 586 495 -137
235 -643 15 -398
788 593 484 -145
255 -643 -6 -399
780 603 491 -157
-381 437 -374 487
-375 -501 -616 -78
-380 449 -337 469
-389 -494 -578 -62
-405 437 -341 471
-425 -491 -574 -61
-410 453 -329 490
-406 -496 -573 -90
349 -843 253 -545
28 -886 134 -449
343 -830 249 -545
26 -860 149 -487
327 -808 275 -593
3 -854 152 -501
318 -805 285 -589
-24 -819 176 -514
586 736 -469 886
-342 -220 196 -486
567 762 -442 860
-361 -198 215 -482
575 793 -416 865
-374 -182 226 -525
545 806 -407 848
-386 -150 224 -550
-350 167 364 -29
572 456 -91 403
-368 215 377 -36
571 474 -83 396
-356 219 380 -57
568 465 -84 386
-398 226 374 -87
563 466 -68 373
-198 352 -412 -132
0 224 539 194
-195 346 -411 -133
24 217 524 179
-209 358 -380 -129
11 232 529 177
-220 350 -374 -148
26 240 548 183
-366 -477 -114 565
388 -294 71 -188
-364 -457 -116 575
383 -290 73 -182
-371 -471 -100 562
401 -299 75 -210
-370 -452 -119 574
393 -276 78 -206
172 -42 495 -63
303 413 131 -498
161 -45 477 -76
300 411 153 -508
177 -28 468 -91
292 419 143 -503
185 -37 472 -82
303 411 155 -509
-108 -362 -281 -280
-99 -389 58 -115
-101 -361 -267 -304
-102 -382 57 -117
-111 -360 -274 -280
-110 -383 64 -88
-122 -369 -287 -276
-94 -399 88 -101
217 35 -937 -531
-9 116 565 830
216 42 -932 -516
-5 113 573 846
191 27 -923 -516
-2 110 567 847
190 11 -927 -514
-26 110 586 851
-216 -424 270 5
-111 292 159 -301
-206 -428 270 -9
-105 323 144 -306
-209 -412 275 -3
-111 311 164 -329
-204 -424 265 -14
-116 315 159 -325
-306 -449 -457 -413
-186 -252 193 -29
-312 -449 -479 -429
-171 -270 205 -34
-291 -437 -506 -432
-172 -252 187 -23
-285 -437 -503 -437
-157 -250 199 -53
-631 150 -345 223
-170 285 -438 148
-619 141 -347 192
-182 280 -456 143
-614 147 -344 195
-172 294 -451 132
-606 152 -344 204
-161 290 -449 126
-274 285 -759 -481
-721 -1010 -478 15
-281 264 -751 -494
-721 -1014 -510 33
-264 267 -755 -473
-713 -1014 -506 20
-265 247 -756 -487
-698 -1023 -522 39
3 349 162 124
-436 -157 -76 -339
17 380 158 130
-448 -164 -96 -334
29 363 153 142
-437 -187 -96 -333
43 350 148 138
-410 -169 -100 -319
-384 -501 -8 -374
25 52 -720 -219
-383 -512 -15 -359
10 62 -725 -206
-403 -488 -44 -372
9 66 -707 -204
-401 -497 -38 -366
6 81 -723 -195
585 -422 -204 240
289 325 -159 -663
544 -415 -197 219
286 320 -149 -656
548 -421 -183 254
263 330 -130 -673
545 -418 -194 237
235 312 -130 -666
-453 -701 126 -83
-422 735 -166 515
-476 -691 134 -55
-434 736 -178 496
-482 -685 123 -55
-456 746 -143 522
-499 -693 164 -68
-456 743 -131 512
-593 -557 -839 -193
-225 -113 364 -506
-603 -566 -823 -208
-235 -131 358 -509
-613 -538 -826 -207
-210 -104 366 -487
-602 -533 -797 -201
-214 -117 355 -497
419 42 31 289
-185 -292 -357 -98
426 52 38 286
-179 -293 -369 -95
424 44 58 273
-181 -271 -348 -92
418 64 42 266
-182 -271 -355 -116
-396 477 -597 307
-468 -671 -463 -80
-379 469 -595 285
-465 -654 -462 -81
-387 486 -604 275
-465 -662 -452 -81
-404 479 -590 276
-467 -664 -438 -101
78 237 224 -546
15 661 302 593
48 239 239 -549
28 665 307 582
70 229 246 -541
18 671 303 596
43 251 245 -550
24 675 309 602
-163 108 -65 306
1091 409 -138 -76
-176 87 -88 324
1109 414 -118 -74
-173 108 -80 308
1091 423 -122 -88
-177 107 -79 321
1088 425 -103 -72
104 -445 630 650
-320 506 501 669
109 -427 627 639
-309 514 504 650
113 -419 612 653
-305 520 512 636
115 -404 618 645
-311 534 497 618
656 480 337 182
596 205 -230 989
647 505 331 168
591 215 -218 948
655 527 348 152
589 246 -215 929
657 533 320 113
596 276 -215 914
287 333 438 -332
-284 -517 298 -507
282 341 452 -346
-294 -509 294 -511
282 356 464 -368
-282 -503 284 -518
271 372 454 -393
-290 -504 330 -525
456 364 -103 348
-125 -144 184 -453
443 357 -113 347
-121 -164 202 -453
431 356 -106 343
-131 -156 200 -463
443 366 -97 368
-147 -154 196 -450
8 -248 -207 149
203 -295 558 -297
18 -238 -211 155
197 -278 548 -302
3 -248 -230 158
188 -309 547 -314
0 -236 -226 157
204 -296 564 -319
-274 10 -124 118
-179 457 -337 -121
-272 21 -113 123
-186 453 -338 -134
-247 24 -106 124
-192 447 -321 -120
-263 27 -119 134
-196 462 -319 -112
29 -169 -216 9
-628 -216 14 140
40 -151 -197 23
-638 -213 5 134
38 -172 -200 1
-629 -193 -5 137
32 -155 -200 9
-649 -197 -5 134
613 421 -104 303
-274 235 227 220
624 424 -111 305
-272 242 244 220
640 409 -105 308
-267 258 237 199
634 413 -108 315
-255 263 233 200
52 -36 86 -167
-90 -17 -466 153
41 -49 78 -158
-88 -18 -454 158
32 -38 91 -157
-97 -21 -469 179
47 -53 73 -147
-88 -23 -450 185
281 398 -55 9
-207 -178 -62 -368
271 418 -34 20
-188 -180 -70 -352
268 395 -40 18
-207 -204 -74 -340
261 395 -45 35
-217 -222 -54 -339
-163 123 251 19
-1223 259 -1014 377
-175 96 242 50
-1213 237 -1032 391
-180 76 273 62
-1208 233 -1025 399
-168 76 250 66
-1210 209 -1025 431
-69 76 -115 -78
563 154 -300 221
-65 70 -104 -84
568 131 -292 206
-46 70 -119 -49
579 126 -318 210
-87 58 -113 -55
582 122 -321 216
-31 218 398 147
-11 -205 157 -531
-17 200 382 158
-15 -204 148 -531
-12 189 394 162
-17 -204 147 -534
-32 195 392 164
-5 -230 149 -513
-249 -465 -528 77
875 -319 796 35
-230 -484 -521 88
859 -321 788 10
-240 -486 -534 99
817 -284 809 12
-234 -481 -531 93
813 -270 835 0
208 334 53 317
1844 -2086 -1336 384
159 366 75 275
1741 -1932 -1220 288
87 450 137 256
1596 -1787 -1115 177
16 508 166 228
1438 -1639 -1039 78
10090 -6549 -4065 3224
-13666 7569 3728 2078
9910 -6348 -3902 3043
-13818 7780 3871 1873
9746 -6140 -3753 2869
-13973 7980 4064 1628
9542 -5935 -3577 2697
-14186 8201 4244 1421
1101 -2594 -4580 -1898
-202 3420 698 1926
997 -2433 -4454 -2084
-255 3483 773 1811
883 -2288 -4307 -2274
-323 3604 861 1689
763 -2142 -4165 -2481
-378 3677 975 1584
-543 -3129 -448 -3548
-588 -1194 -398 -700
-553 -3083 -443 -3577
-592 -1169 -391 -709
-592 -3079 -397 -3626
-605 -1153 -391 -746
-651 -3022 -334 -3679
-635 -1127 -343 -775
-137 -1393 800 -1048
226 858 -934 136
-144 -1398 806 -1076
201 895 -911 135
-151 -1387 816 -1113
175 883 -909 138
-164 -1352 822 -1104
152 882 -882 111
-1125 880 -827 -227
993 -1122 -609 -812
-1165 859 -815 -234
935 -1142 -600 -811
-1183 881 -759 -235
899 -1141 -557 -780
-1232 863 -746 -233
872 -1161 -529 -786
-1245 -275 -804 476
-1117 -35 89 -978
-1260 -277 -754 507
-1165 -51 130 -972
-1311 -290 -728 513
-1179 -60 153 -967
-1320 -304 -692 527
-1199 -52 190 -966
-228 -924 -856 288
448 988 -138 523
-243 -922 -826 290
448 965 -120 522
-275 -938 -809 271
405 963 -111 518
-303 -927 -791 289
405 942 -90 539
-90 440 -1065 -644
22 -441 115 515
-120 438 -1050 -636
15 -452 137 543
-129 413 -1027 -611
-11 -452 158 555
-163 405 -994 -612
-13 -489 178 543
-246 104 459 -931
1115 -1013 541 -157
-255 79 477 -899
1080 -1002 545 -138
-264 67 477 -878
1090 -1026 561 -138
-296 60 477 -874
1085 -1032 564 -123
-235 557 544 -369
-683 -187 -555 -479
-217 551 560 -330
-680 -187 -548 -444
-239 519 573 -324
-685 -219 -551 -442
-213 530 579 -311
-673 -217 -553 -417
90 28 80 407
255 1277 108 747
82 26 108 436
248 1249 110 776
98 -13 82 434
251 1243 95 786
102 -18 79 460
268 1219 107 815
555 306 415 51
125 477 -373 175
550 286 409 54
137 444 -381 194
543 278 400 94
134 412 -364 214
565 231 401 99
117 405 -378 235
170 -681 131 -487
61 476 132 396
145 -695 113 -477
67 461 142 428
138 -689 120 -450
47 446 131 431
126 -730 134 -443
48 435 144 451
-1186 -158 -381 436
217 -370 -39 6
-1183 -147 -399 431
222 -388 -33 8
-1194 -174 -380 460
230 -383 -47 21
-1185 -165 -372 458
234 -381 -39 21
40 -202 -221 -209
-1015 258 -691 -206
49 -228 -223 -203
-1009 239 -692 -204
35 -226 -218 -212
-1023 240 -700 -193
36 -227 -212 -195
-1021 205 -674 -194
-331 -175 -149 -742
1222 -341 -137 -128
-340 -179 -118 -739
1219 -346 -119 -113
-347 -207 -106 -713
1215 -348 -106 -115
-363 -209 -121 -712
1203 -354 -110 -104
-702 518 62 761
136 657 -820 -53
-717 507 72 769
120 634 -799 -41
-712 501 104 774
132 634 -791 -37
-735 495 121 780
111 637 -769 -38
-271 490 42 551
-1119 18 6 -210
-278 501 42 540
-1147 9 9 -192
-290 488 58 551
-1154 22 13 -195
-282 491 86 557
-1130 -2 31 -170
326 218 -426 785
-438 -568 618 -157
353 218 -436 781
-426 -563 617 -163
331 206 -445 800
-433 -592 615 -155
350 194 -424 836
-421 -573 622 -157
285 437 -595 -160
568 -85 264 -671
302 421 -573 -161
574 -88 276 -669
292 424 -590 -153
548 -113 255 -667
295 428 -595 -136
558 -96 268 -651
416 -947 -534 -8
-727 287 549 -190
395 -964 -516 -4
-755 282 546 -191
384 -937 -518 1
-765 289 539 -184
365 -962 -504 6
-759 280 554 -180
107 308 -56 329
282 12 -35 421
111 320 -68 301
285 29 -41 414
100 339 -60 317
282 46 -15 408
98 342 -58 296
281 55 -16 409
-207 137 -210 260
42 164 260 11
-193 138 -200 243
54 157 244 -19
-221 153 -223 227
59 180 245 -10
-221 166 -206 214
64 163 261 -12
-30 -306 179 49
459 193 743 322
-33 -291 174 29
485 202 740 293
-10 -291 166 30
474 227 714 290
-12 -266 143 14
500 222 713 291
169 -54 53 -326
-88 -483 -67 19
179 -50 44 -329
-83 -447 -68 -10
189 -25 23 -340
-95 -444 -65 -12
198 -30 15 -333
-88 -445 -67 -27
-199 6 -173 535
-276 242 -226 -341
-197 19 -174 519
-283 253 -223 -334
-179 18 -199 495
-283 245 -254 -368
-173 52 -202 489
-266 264 -259 -375
247 732 290 510
-102 24 -134 104
246 723 275 492
-82 14 -158 102
260 734 275 497
-70 14 -160 92
280 751 272 471
-86 0 -178 108
-650 -336 -390 -857
-111 -441 -112 -151
-641 -341 -412 -836
-126 -454 -130 -162
-641 -366 -426 -838
-108 -451 -126 -148
-630 -376 -412 -818
-106 -450 -120 -136
315 235 -56 520
-157 -301 -275 -310
296 250 -60 524
-151 -313 -279 -299
313 231 -33 507
-163 -298 -266 -307
301 228 -42 517
-153 -303 -277 -316
-281 36 216 152
597 -168 -242 -509
-274 33 238 144
607 -178 -241 -522
-276 43 222 151
580 -178 -255 -494
-293 44 226 140
568 -186 -243 -511
-274 -77 -162 -43
794 359 810 54
-263 -81 -137 -40
760 341 835 50
-291 -91 -141 -37
762 341 840 68
-279 -95 -137 -35
756 320 864 67
-561 -214 -403 -404
527 -453 -122 266
-554 -215 -400 -401
505 -467 -91 275
-585 -236 -402 -398
496 -474 -102 267
-587 -217 -386 -378
485 -483 -74 272
20 318 994 -271
-86 -215 -150 238
17 318 1014 -258
-83 -215 -147 252
-2 332 1029 -257
-96 -204 -162 234
8 318 1021 -270
-68 -202 -151 252
-26 -153 -198 -56
-298 -34 252 -296
-8 -146 -204 -37
-287 -35 247 -323
11 -146 -209 -21
-266 -35 238 -299
10 -159 -222 -21
-249 -15 236 -307
81 289 91 213
530 154 17 131
90 284 96 207
543 141 -1 166
102 287 71 222
525 154 9 142
98 295 51 205
542 150 -11 143
588 498 -457 1
-181 116 831 53
569 490 -449 5
-177 113 831 48
594 478 -444 -3
-181 88 847 71
580 469 -444 18
-177 101 850 62
-744 5 -437 317
404 -811 -111 -56
-752 17 -444 294
406 -796 -88 -47
-761 18 -423 306
398 -797 -112 -51
-775 -3 -428 315
409 -799 -91 -47
16 -684 266 -787
-25 -160 -555 -536
3 -688 278 -773
-27 -151 -543 -549
-3 -672 289 -781
-46 -146 -556 -524
-33 -694 285 -802
-54 -157 -542 -528
-438 -210 139 56
263 -256 -262 -418
-454 -227 132 78
260 -274 -247 -432
-476 -238 133 56
253 -282 -230 -400
-476 -226 150 58
250 -300 -220 -400
94 -844 -639 -733
-832 263 -208 -360
70 -853 -642 -732
-829 269 -194 -358
60 -847 -621 -711
-853 250 -176 -358
37 -858 -602 -713
-847 237 -188 -354
-147 443 302 166
858 -845 30 120
-165 415 312 169
857 -835 35 110
-154 414 323 171
846 -822 7 93
-153 436 329 169
840 -837 33 97
-482 -430 -139 -35
-267 -367 228 -593
-482 -412 -151 -36
-251 -345 214 -584
-468 -411 -163 -32
-264 -358 228 -611
-485 -380 -167 -53
-250 -350 245 -629
-57 503 -113 -377
-252 94 547 249
-64 506 -101 -379
-243 80 516 262
-50 516 -109 -401
-266 89 516 269
-55 528 -142 -406
-247 78 534 258
49 -325 -984 -430
286 -147 185 114
49 -311 -995 -437
284 -139 180 102
69 -313 -999 -423
304 -140 188 124
52 -312 -1015 -407
303 -141 162 123
472 -137 362 163
544 224 913 531
459 -133 364 155
554 206 911 516
449 -130 356 129
550 229 910 517
459 -135 373 130
554 210 901 510
-462 80 296 -219
906 20 -148 -110
-472 57 316 -232
921 39 -157 -106
-445 79 309 -220
916 35 -178 -112
-446 64 279 -237
914 33 -169 -132
92 71 278 118
54 239 185 -30
95 75 271 110
50 257 187 -15
88 56 273 113
61 237 213 -32
100 79 245 129
64 259 207 -24
406 -451 295 -189
-187 -158 91 80
383 -433 293 -180
-202 -167 93 67
386 -439 305 -176
-195 -151 82 58
393 -430 293 -165
-190 -166 92 77
-16 36 -139 -492
-141 487 137 -30
-21 43 -160 -468
-160 487 146 -42
-8 13 -146 -469
-167 502 156 -78
-15 25 -150 -471
-182 538 166 -76
483 -764 -625 561
1923 -1129 -343 810
431 -710 -604 518
1831 -1007 -279 733
358 -645 -567 469
1736 -874 -198 632
327 -588 -557 465
1608 -742 -116 562
7342 -8367 -2077 2748
-14609 10891 -1686 195
7234 -8203 -1963 2613
-14684 11039 -1578 45
7108 -8028 -1854 2465
-14772 11195 -1447 -139
6977 -7833 -1715 2301
-14894 11344 -1340 -318
-142 -737 -1674 1119
-443 4389 -1221 3148
-176 -629 -1603 979
-436 4417 -1205 3080
-230 -549 -1544 857
-457 4473 -1178 3019
-273 -434 -1440 721
-461 4510 -1137 2946
800 -2513 -1074 -1358
276 -822 1318 -1297
818 -2503 -1091 -1381
276 -799 1318 -1297
818 -2501 -1091 -1386
298 -786 1300 -1317
817 -2491 -1098 -1427
286 -789 1307 -1312
102 23 659 -94
-291 774 -1091 2219
100 29 654 -94
-297 780 -1098 2201
106 41 670 -129
-325 824 -1052 2172
95 75 677 -129
-360 840 -1053 2153
960 604 -107 -273
-731 -529 696 -1125
936 604 -73 -279
-782 -511 713 -1142
894 616 -54 -301
-782 -527 726 -1154
878 645 -36 -325
-808 -538 764 -1158
-524 178 -735 405
548 -371 -210 -615
-527 156 -717 385
549 -371 -182 -607
-524 147 -696 400
528 -393 -179 -601
-563 151 -708 389
541 -411 -172 -603
-443 744 310 780
-490 655 162 164
-456 739 292 827
-493 616 162 162
-452 719 298 836
-480 592 155 182
-435 701 292 845
-482 574 119 200
919 725 -29 167
-408 -1063 -940 -137
924 699 -68 193
-422 -1096 -944 -112
918 672 -63 218
-412 -1128 -951 -63
936 639 -60 238
-431 -1150 -935 -65
-378 -58 313 -744
397 290 -340 140
-394 -104 322 -711
389 297 -321 154
-407 -116 326 -712
383 302 -308 179
-393 -131 330 -696
358 262 -319 194
-347 47 363 127
549 -315 -195 -380
-361 44 366 137
526 -329 -179 -358
-374 23 370 156
532 -330 -173 -356
-376 21 400 181
512 -339 -163 -363
-524 184 191 683
51 1202 -716 555
-554 186 186 700
28 1197 -705 555
-565 191 194 687
22 1185 -684 576
-577 192 210 701
-13 1181 -683 575
659 590 514 705
-899 196 -787 506
637 592 541 698
-894 189 -751 515
619 582 584 696
-911 197 -739 477
622 607 584 705
-937 196 -737 478
537 -172 110 -246
-34 -599 439 431
533 -171 131 -258
-45 -588 461 383
513 -161 157 -255
-64 -571 441 381
500 -145 138 -274
-76 -557 470 379
-147 152 -778 424
-514 13 -361 327
-147 178 -763 405
-528 23 -366 306
-172 200 -764 386
-538 51 -336 306
-192 209 -747 372
-553 72 -357 262
-379 894 277 -160
-192 -175 -240 153
-363 904 271 -168
-184 -176 -229 178
-350 910 292 -185
-167 -173 -244 150
-354 938 294 -209
-176 -156 -272 160
453 152 664 -387
423 -757 34 -141
474 154 657 -366
430 -755 45 -139
457 174 631 -381
451 -772 40 -141
481 170 629 -394
444 -769 31 -139
-864 -263 -511 -324
12 -67 -41 31
-846 -249 -508 -315
18 -85 -49 26
-846 -256 -529 -322
22 -107 -51 27
-834 -241 -524 -316
29 -77 -55 32
-240 389 -88 -67
145 12 -19 -305
-236 383 -87 -70
135 -14 -28 -280
-238 362 -83 -70
146 -2 -18 -287
-234 373 -81 -73
138 -9 -31 -302
893 -430 664 -21
40 228 -32 -264
905 -452 666 -15
17 237 -32 -269
881 -444 645 -7
42 232 -31 -285
901 -472 643 -7
24 213 -36 -261
-399 -602 -222 -45
-496 227 -440 -4
-397 -600 -226 -26
-500 233 -433 -28
-392 -598 -221 -26
-481 243 -435 -30
-388 -599 -231 -20
-479 267 -434 -35
306 -268 747 463
401 -448 -44 104
307 -242 746 435
407 -426 -51 108
327 -229 757 460
412 -395 -40 92
318 -218 736 432
400 -384 -65 54
-402 357 -236 -271
275 485 81 233
-403 359 -241 -280
260 469 69 204
-389 383 -247 -302
264 494 92 204
-398 414 -249 -320
281 500 97 186
-88 -326 659 -585
179 -1361 -892 23
-103 -333 671 -605
173 -1352 -886 -5
-81 -317 668 -619
179 -1338 -901 -13
-104 -314 651 -625
185 -1312 -905 3
-508 568 -134 -97
212 -205 -227 -421
-509 570 -134 -135
221 -185 -219 -433
-529 580 -136 -126
229 -193 -233 -439
-501 597 -149 -119
222 -182 -231 -452
-914 145 128 186
-978 258 -528 347
-894 124 122 173
-967 256 -518 351
-901 145 149 160
-973 238 -539 365
-907 142 135 170
-948 250 -525 358
251 173 -548 31
369 448 72 196
266 155 -564 65
331 439 73 200
256 146 -571 52
349 422 69 225
266 143 -568 50
363 400 83 226
355 -581 437 -919
170 205 -240 -170
358 -609 450 -920
156 174 -227 -162
355 -626 443 -896
139 170 -236 -141
346 -635 440 -902
150 142 -231 -118
218 -53 -17 373
-679 464 489 -105
203 -52 -27 395
-658 452 486 -109
199 -74 6 391
-650 450 483 -83
199 -95 8 396
-661 433 510 -81
43 159 -377 139
-837 221 -406 777
36 140 -354 137
-816 211 -409 783
49 137 -379 154
-823 205 -414 783
51 112 -371 156
-806 207 -423 793
1123 -282 190 108
258 -321 369 -173
1121 -254 181 115
217 -319 355 -160
1116 -270 180 107
225 -335 355 -153
1118 -272 172 143
225 -330 354 -153
16 388 80 -397
773 124 427 357
1 362 84 -382
776 113 439 352
-8 366 69 -397
749 103 455 359
-21 342 79 -385
741 105 445 373
-288 -352 -211 -554
312 -1003 -214 -242
-272 -355 -206 -533
302 -1009 -200 -220
-291 -345 -182 -516
318 -1010 -182 -227
-323 -351 -187 -550
305 -994 -177 -214
-129 359 630 -40
-668 638 -191 -302
-136 361 646 -47
-667 637 -201 -279
-162 363 637 -39
-692 621 -198 -280
-181 357 665 -31
-685 642 -181 -313
291 -304 211 -88
239 -186 -153 487
285 -306 205 -78
211 -185 -169 506
282 -304 183 -68
234 -181 -177 502
297 -328 196 -64
254 -203 -187 514
-57 -605 320 -760
10 -132 -466 -682
-51 -582 306 -777
9 -139 -492 -671
-48 -601 278 -758
16 -154 -473 -642
-47 -607 275 -761
37 -163 -483 -644
-205 273 -188 306
-356 254 340 210
-193 289 -184 321
-350 259 332 228
-182 285 -182 319
-333 241 326 236
-211 278 -196 341
-333 247 313 240
-497 -460 -314 -298
-268 -215 -610 395
-493 -452 -345 -304
-248 -227 -626 408
-510 -446 -322 -302
-230 -225 -633 396
-492 -467 -328 -302
-216 -228 -653 397
66 34 145 -322
-54 -64 -85 -789
58 36 126 -302
-58 -52 -82 -782
86 25 100 -311
-46 -83 -120 -789
94 12 107 -313
-49 -73 -121 -782
