27 34 0 0
206 253 -78 -97
25 34 0 0
180 242 -73 -99
12 17 0 0
146 215 -58 -85
11 17 0 0
126 203 -43 -68
875 1075 -438 -538
5364 6662 -1808 -2229
757 1032 -372 -505
4491 6129 -1544 -2113
640 967 -317 -473
3681 5541 -1309 -1988
535 894 -263 -434
2984 4954 -1071 -1807
-2411 -1969 12280 15764
2024 1530 1715 1011
-2083 -2141 11875 15968
2219 1450 1475 1133
-1698 -2294 11405 16195
2389 1364 1214 1251
-1332 -2474 10872 16415
2537 1300 965 1357
2979 3198 382 968
703 849 191 569
3055 3182 259 1008
711 849 126 541
3113 3157 121 1028
741 883 102 547
3178 3160 24 1071
772 884 68 521
30 -1510 290 -1359
-386 -601 -133 348
42 -1516 264 -1383
-326 -658 -161 345
65 -1494 226 -1381
-290 -719 -208 373
115 -1511 198 -1411
-226 -780 -253 383
-45 -94 96 195
-10 -18 21 41
-34 -95 73 198
-8 -19 16 43
-26 -95 55 199
-6 -19 12 44
-15 -95 32 197
-4 -18 7 43
-1 -2 4 7
0 0 0 0
-1 -2 3 7
0 0 0 1
-1 -2 2 8
0 0 0 1
0 -2 2 7
0 0 0 1
0 0 0 0
0 0 0 0
0 0 0 0
0 0 0 0
0 0 0 0
0 0 0 0
0 0 0 0
0 0 0 0
0 0 0 0
0 0 0 0
0 0 0 0
0 0 0 0
0 0 0 0
0 0 0 0
0 0 0 0
0 0 0 0
-1 0 0 0
-10 0 3 0
-1 0 0 0
-11 -1 4 0
-1 0 0 0
-9 -1 3 0
0 0 0 0
-6 -1 2 0
-71 -6 27 2
-375 -10 206 17
-78 -10 30 4
-338 -33 165 26
-64 -10 24 3
-285 -53 123 27
-44 -10 16 3
-223 -53 127 27
-987 36 643 18
-1754 565 1385 -212
-847 29 567 15
-1560 518 1219 -171
-733 14 471 39
-1364 505 1072 -139
-616 -5 416 57
-1135 514 900 -111
19866 6461 2055 -1511
-5660 3602 -303 15248
20071 6437 1855 -1458
-5500 3605 -474 15280
20322 6430 1609 -1448
-5351 3619 -690 15280
20542 6446 1389 -1433
-5178 3667 -900 15242
-586 898 -142 -780
85 -1425 1607 -416
-504 937 -245 -788
104 -1419 1566 -469
-438 953 -383 -820
101 -1407 1520 -475
-364 1006 -502 -860
118 -1357 1476 -535
1970 -907 1598 -78
-2271 -2137 -1428 -725
1965 -893 1605 -91
-2252 -2149 -1418 -730
1961 -883 1594 -126
-2272 -2165 -1392 -755
1981 -881 1578 -151
-2259 -2154 -1399 -746
-374 504 1015 -982
109 -1032 -585 457
-368 475 988 -983
123 -1053 -565 447
-348 476 1019 -974
118 -1040 -586 449
-352 440 1004 -944
138 -1047 -595 464
-706 -602 -694 -855
-210 1624 784 311
-698 -596 -707 -867
-192 1635 776 293
-698 -599 -714 -856
-184 1645 778 279
-692 -591 -729 -870
-201 1657 771 297
629 573 -752 77
934 -586 263 -69
648 574 -749 61
933 -580 246 -96
648 598 -789 59
941 -548 230 -115
634 606 -789 42
933 -562 226 -107
-1023 902 300 -272
602 161 -134 -77
-1012 903 270 -270
615 162 -140 -115
-1024 918 276 -280
602 171 -180 -112
-998 934 265 -306
625 181 -189 -109
1189 -856 -607 668
233 505 59 -390
1187 -856 -620 680
250 518 71 -409
1205 -845 -618 666
267 511 48 -400
1223 -839 -645 653
263 515 35 -390
-214 1063 99 461
-635 -383 1206 81
-211 1069 109 463
-640 -361 1215 104
-204 1071 87 447
-656 -374 1231 95
-215 1080 104 455
-661 -384 1222 109
400 -899 -612 -1193
336 -350 634 -198
384 -910 -584 -1183
327 -378 649 -192
377 -894 -590 -1185
332 -364 659 -181
370 -912 -571 -1169
299 -389 662 -168
-933 -221 -10 -195
-7 -112 -299 -580
-939 -214 -21 -196
24 -107 -287 -568
-961 -217 0 -174
22 -86 -309 -587
-970 -234 -8 -188
24 -107 -306 -582
-293 500 -387 416
727 -262 -123 -435
-298 504 -385 401
730 -286 -127 -435
-298 502 -407 414
739 -287 -138 -422
-275 505 -390 407
744 -272 -149 -418
-541 -145 175 226
345 4 895 304
-519 -137 175 232
329 -21 887 316
-534 -137 166 235
339 -29 900 298
-535 -165 172 257
356 -24 883 331
73 111 -263 309
-106 985 -677 301
70 90 -263 298
-91 1001 -688 294
77 81 -272 306
-100 991 -715 300
91 98 -283 326
-92 982 -703 303
8 -249 -257 322
889 -316 782 -223
11 -227 -242 312
916 -297 773 -239
24 -236 -229 299
897 -277 786 -249
10 -205 -256 289
902 -291 767 -247
-160 -396 200 -492
-521 -277 -596 -585
-161 -396 194 -502
-542 -246 -605 -612
-138 -377 181 -517
-548 -239 -604 -628
-141 -364 177 -524
-539 -235 -606 -643
-389 797 -151 -282
188 -283 -43 -34
-406 816 -138 -285
191 -260 -28 -50
-384 825 -148 -301
160 -276 -31 -43
-398 821 -142 -311
162 -266 -18 -56
61 -299 523 84
-495 -672 130 -373
32 -295 524 81
-486 -678 149 -360
37 -306 511 95
-508 -689 151 -369
25 -299 527 66
-494 -663 136 -351
90 -237 450 -622
444 -319 -394 463
90 -239 440 -607
454 -320 -393 450
116 -232 448 -625
465 -318 -397 437
120 -222 438 -623
479 -298 -401 464
67 -284 -207 -349
-186 142 329 359
56 -270 -221 -359
-194 147 323 346
71 -257 -226 -372
-204 157 313 334
55 -247 -241 -384
-191 161 322 327
-33 466 290 -359
64 -53 -311 -164
-46 484 298 -365
50 -48 -310 -188
-54 489 306 -387
54 -53 -315 -176
-55 512 309 -398
47 -36 -292 -205
-410 -447 -443 -643
-76 143 -72 331
-420 -457 -453 -662
-82 138 -75 299
-417 -438 -443 -667
-108 142 -64 310
-431 -449 -426 -662
-101 158 -70 322
-324 -110 -428 -303
-64 19 209 -243
-292 -120 -439 -296
-75 22 209 -224
-315 -99 -420 -309
-58 20 207 -258
-320 -105 -415 -307
-75 34 220 -245
-153 -19 -425 93
-299 139 259 350
-155 -7 -422 65
-300 145 272 368
-163 -15 -423 69
-320 155 247 363
-171 8 -416 82
-326 169 266 352
124 278 -120 137
154 189 -185 78
130 282 -111 130
151 187 -191 80
110 285 -110 121
149 181 -191 82
126 289 -101 112
145 177 -167 85
-403 415 -728 328
260 327 153 617
-384 427 -728 320
250 309 167 629
-408 422 -735 315
244 328 162 624
-393 422 -737 311
235 324 180 609
237 125 350 267
-231 602 263 -413
234 134 356 270
-264 610 267 -439
231 131 360 247
-250 607 277 -438
227 141 367 273
-236 623 285 -423
-257 -22 -270 680
133 -122 -92 -245
-231 -28 -281 678
154 -126 -94 -243
-230 -41 -287 685
148 -107 -102 -228
-226 -15 -295 666
154 -110 -117 -236
-36 -532 -451 36
-117 379 -1 -212
-37 -539 -457 28
-125 386 -19 -192
-37 -510 -460 26
-131 387 -36 -197
-36 -521 -440 21
-128 390 -9 -224
-1116 -250 68 -777
518 921 -247 851
-1121 -260 79 -792
534 911 -247 834
-1118 -265 90 -784
539 908 -218 844
-1117 -267 71 -780
535 908 -233 852
-248 -1182 142 -95
160 -229 -508 -46
-253 -1194 160 -110
153 -210 -522 -47
-238 -1187 149 -84
154 -213 -517 -62
-228 -1201 164 -74
155 -229 -512 -39
-216 -190 -295 -671
211 -339 695 50
-239 -160 -326 -671
191 -343 682 56
-236 -175 -320 -671
192 -321 707 57
-237 -162 -314 -659
171 -322 695 39
-299 544 233 108
78 185 8 -324
-325 545 240 108
74 200 6 -331
-312 551 250 102
69 215 23 -344
-340 572 259 95
67 209 21 -342
280 -141 164 -322
641 124 151 869
268 -148 164 -341
660 128 130 871
266 -129 161 -351
660 103 139 862
297 -158 165 -330
679 116 135 844
-616 695 658 -222
-23 139 -677 273
-592 706 657 -225
-35 133 -672 291
-581 699 642 -221
-13 150 -684 296
-604 698 641 -196
11 145 -693 288
-143 -695 -104 104
-4 938 -582 380
-137 -714 -101 115
-2 958 -568 382
-131 -712 -105 87
-10 955 -600 392
-149 -702 -118 106
-10 958 -585 378
-270 262 425 32
194 -160 -91 -85
-277 282 417 31
204 -142 -107 -60
-281 262 439 26
206 -159 -94 -65
-284 276 435 26
196 -166 -77 -80
-144 734 -265 962
93 -47 242 131
-143 725 -261 951
111 -47 257 150
-143 732 -253 962
93 -37 266 135
-149 719 -268 961
79 -40 248 154
32 -30 -72 198
251 -16 230 188
23 -32 -45 178
249 -22 228 192
-11 -25 -51 200
257 -24 225 167
-1 -31 -52 184
229 -24 236 174
912 347 -295 -243
-20 150 1020 48
929 351 -303 -259
-35 167 1032 43
930 342 -286 -274
-41 171 1021 16
909 338 -301 -260
-57 174 1017 18
-151 730 337 166
-77 -185 -515 31
-160 712 327 179
-98 -189 -507 33
-147 731 354 174
-118 -191 -505 27
-159 721 346 161
-101 -199 -491 27
91 -75 55 -211
215 212 899 204
85 -96 63 -201
224 197 903 212
79 -117 68 -192
200 179 901 223
72 -111 98 -173
184 163 949 229
-143 -555 193 167
367 -544 -1047 -148
-141 -575 202 182
350 -569 -1037 -122
-147 -615 222 209
357 -571 -1016 -109
-155 -610 215 237
336 -593 -1036 -88
133 189 360 -244
-452 252 535 892
127 198 379 -209
-463 248 567 901
114 176 398 -219
-454 250 566 886
105 158 391 -197
-491 246 562 904
-412 -80 -373 -98
547 -31 41 -657
-400 -82 -377 -93
550 -34 39 -666
-420 -79 -369 -93
554 -23 42 -683
-412 -66 -369 -94
556 -17 45 -673
145 495 175 -40
198 2 668 716
159 496 176 -55
212 3 661 735
140 495 169 -46
219 19 664 751
149 486 174 -33
232 -2 663 732
415 -46 -302 248
136 -706 -465 383
414 -48 -321 251
148 -689 -475 372
441 -40 -329 276
158 -697 -490 381
446 -72 -351 275
142 -685 -514 379
112 75 588 -1000
-510 -56 -890 -309
113 95 565 -1018
-523 -56 -903 -312
142 91 555 -996
-501 -37 -915 -319
137 109 541 -1016
-488 -50 -921 -315
-857 -487 -311 251
-423 -280 267 -743
-835 -495 -309 271
-384 -269 230 -734
-832 -488 -325 258
-324 -308 173 -742
-798 -490 -331 253
-256 -289 162 -741
-1259 -225 42 -474
-2114 1146 1274 -651
-1089 -295 -50 -455
-1874 1100 1086 -594
-956 -319 -159 -446
-1621 1026 884 -554
-812 -320 -228 -413
-1385 1014 689 -515
22907 7378 3408 -1961
-7187 1907 1153 18394
23159 7333 3134 -1856
-6959 1851 858 18429
23461 7264 2837 -1824
-6747 1836 623 18479
23742 7254 2611 -1753
-6561 1839 355 18528
1385 1593 -1073 248
3261 1394 1398 -733
1497 1593 -1221 271
3309 1422 1315 -772
1618 1604 -1416 271
3372 1439 1229 -795
1732 1643 -1557 232
3388 1506 1199 -843
2202 204 102 948
-3395 -1943 -1080 -977
2215 202 80 926
-3390 -1954 -1075 -968
2214 231 34 889
-3379 -1955 -1073 -1002
2244 262 -9 850
-3374 -1974 -1077 -1006
448 -209 519 1203
414 -1402 -23 211
464 -191 502 1205
435 -1373 -50 206
471 -201 495 1196
458 -1371 -46 219
461 -199 502 1211
481 -1359 -70 200
-866 390 -460 -180
1191 1780 244 -1360
-850 402 -495 -188
1202 1813 228 -1373
-815 441 -490 -207
1234 1860 203 -1435
-796 472 -534 -245
1255 1913 185 -1468
-359 76 -666 818
429 426 409 1084
-359 117 -692 807
426 476 399 1044
-356 153 -698 743
407 497 422 1016
-357 197 -732 726
404 549 413 975
-1625 2047 52 509
-76 -45 -254 -134
-1654 2078 77 475
-90 -29 -226 -140
-1679 2090 82 427
-113 6 -217 -152
-1705 2134 111 386
-140 23 -175 -217
820 -541 -552 7
807 3 484 -352
807 -513 -553 -24
827 11 477 -380
805 -504 -533 -47
804 9 488 -377
809 -476 -514 -58
827 23 501 -407
-1082 365 438 754
66 242 528 217
-1101 376 452 745
55 224 519 225
-1087 386 456 740
39 215 533 232
-1115 379 474 765
33 233 528 222
782 28 930 77
-73 -606 -656 106
782 18 919 66
-93 -634 -660 117
779 -10 912 86
-92 -620 -654 112
772 -15 935 66
-85 -644 -650 121
-543 126 150 -50
627 621 196 356
-552 115 151 -57
655 638 201 362
-530 104 156 -46
662 624 186 360
-534 116 152 -16
670 635 177 364
387 -134 -163 -169
287 -465 -8 -45
399 -150 -177 -171
305 -460 -20 -29
407 -157 -189 -150
306 -470 -27 -35
432 -143 -207 -173
318 -488 -14 -17
-454 -402 333 647
-162 75 -140 -626
-462 -414 333 668
-170 65 -115 -608
-449 -409 325 681
-163 88 -128 -616
-473 -418 337 654
-164 68 -131 -598
246 31 -176 463
-451 719 533 44
255 34 -166 473
-440 720 527 48
236 40 -172 477
-445 726 534 47
249 16 -167 456
-433 724 528 57
559 -20 -283 90
-287 -22 -542 -22
572 -11 -271 102
-278 -32 -532 -44
586 -24 -287 101
-299 -30 -563 -19
576 -18 -289 117
-296 -45 -549 -36
-41 430 721 257
-358 370 -174 -213
-37 431 723 269
-359 387 -193 -228
-51 421 691 238
-347 389 -166 -213
-55 423 701 253
-360 400 -177 -231
307 -126 -20 188
431 -294 -450 -411
281 -131 -26 199
435 -279 -460 -418
295 -124 -24 184
431 -284 -451 -446
300 -119 -15 164
434 -265 -470 -463
249 368 208 163
117 -607 859 36
255 390 233 158
143 -614 854 12
246 391 216 142
145 -602 839 33
276 416 203 134
141 -614 849 10
-63 788 102 35
178 -289 -279 -16
-54 794 91 46
207 -304 -311 -9
-27 780 78 41
220 -306 -336 -3
-6 792 68 50
253 -317 -347 1
10 601 -356 163
-118 -832 165 231
30 604 -378 168
-76 -831 118 223
56 587 -372 185
-83 -854 96 258
56 564 -408 178
-69 -867 91 262
301 -201 -115 312
68 459 -386 76
301 -196 -115 328
59 444 -406 64
310 -220 -133 315
66 459 -388 68
340 -221 -142 340
85 440 -406 63
305 -180 149 -597
329 935 738 54
305 -181 147 -610
324 930 750 77
289 -172 149 -586
307 936 743 67
282 -184 147 -598
313 942 775 59
0 -455 30 232
-195 -302 265 91
-3 -448 68 243
-209 -294 286 114
-12 -449 81 253
-218 -310 279 98
-14 -445 90 261
-207 -304 311 122
200 -282 -496 -269
329 -541 661 -272
170 -267 -494 -278
340 -565 663 -255
182 -269 -491 -277
321 -554 675 -250
183 -270 -486 -278
338 -541 672 -248
272 212 225 -626
576 -9 502 122
272 204 223 -619
571 -11 493 106
268 216 226 -628
580 -9 481 112
270 227 220 -636
592 -13 469 123
484 94 344 378
-488 876 -518 499
478 71 320 365
-473 908 -535 492
514 84 323 387
-482 912 -547 492
508 75 321 373
-469 883 -567 493
393 -20 1172 605
336 388 -743 108
409 -23 1149 599
357 398 -749 88
421 -15 1162 597
383 386 -761 81
445 -18 1140 606
384 390 -788 92
-116 -178 69 -385
337 -57 -520 -234
-94 -175 65 -408
352 -60 -525 -239
-91 -182 45 -395
338 -60 -542 -240
-63 -180 38 -415
354 -57 -554 -247
-211 -26 939 -527
-4 154 -153 590
-217 -39 941 -550
-8 131 -154 608
-217 -50 950 -527
-28 137 -124 612
-227 -43 958 -511
-43 120 -121 631
-279 140 260 194
114 366 81 237
-264 102 294 195
94 378 82 258
-276 98 295 196
109 363 97 258
-287 87 294 234
86 358 106 260
-505 295 2 332
547 -245 -335 306
-501 317 -4 349
534 -227 -336 310
-509 321 19 325
546 -238 -322 307
-538 312 9 333
534 -233 -316 322
-124 -158 -327 279
81 -240 54 -890
-136 -169 -331 280
81 -234 54 -900
-118 -169 -331 288
85 -223 44 -887
-133 -161 -336 262
72 -244 50 -888
-271 596 676 -598
345 -1033 -561 714
-263 573 690 -616
355 -1041 -567 702
-284 580 695 -597
360 -1031 -570 732
-273 556 686 -612
374 -1054 -585 729
884 -168 490 136
-798 -73 -372 -280
869 -164 480 146
-810 -60 -377 -267
885 -199 482 149
-818 -45 -388 -274
874 -199 472 168
-802 -68 -389 -266
-358 276 -560 -729
-259 -60 -22 198
-361 280 -541 -725
-242 -54 0 205
-358 275 -527 -721
-254 -42 9 185
-362 286 -516 -745
-267 -36 -7 190
280 2 764 -18
-336 -38 -119 -117
268 7 765 -24
-378 -38 -106 -118
253 13 776 -32
-377 -41 -86 -117
254 14 800 -36
-380 -50 -97 -113
129 -68 -98 -276
-247 -677 -214 75
128 -83 -77 -270
-237 -686 -210 79
117 -68 -54 -253
-262 -687 -184 77
101 -77 -57 -275
-250 -696 -183 81
-112 241 140 -175
-493 362 97 502
-119 260 142 -157
-480 387 107 484
-130 270 156 -161
-476 378 123 488
-134 264 158 -156
-503 405 126 475
279 274 -296 104
-45 -15 -93 -536
268 286 -263 89
-48 14 -81 -555
238 304 -269 81
-56 19 -67 -538
228 290 -260 55
-49 9 -91 -561
-580 -458 272 -203
-525 -68 -560 -346
-578 -467 295 -216
-512 -82 -541 -324
-594 -458 279 -233
-542 -81 -527 -337
-600 -464 301 -219
-525 -71 -540 -329
44 -691 411 -199
-149 537 248 -234
22 -682 415 -181
-158 534 240 -217
42 -694 408 -180
-170 516 255 -212
16 -684 417 -196
-154 538 258 -235
-104 253 -621 375
-501 -87 -78 138
-94 247 -606 361
-520 -68 -80 114
-126 243 -596 376
-506 -70 -90 126
-116 249 -587 379
-505 -90 -80 122
-271 -433 -796 49
-770 368 122 -316
-274 -450 -777 67
-774 353 121 -329
-261 -457 -771 61
-783 359 150 -306
-293 -473 -795 91
-783 333 126 -286
83 -121 -112 443
384 168 -137 -248
89 -132 -110 443
402 154 -135 -249
98 -142 -107 443
386 144 -143 -254
77 -132 -116 461
408 156 -139 -250
178 361 257 -47
-89 -435 -191 273
172 353 260 -24
-72 -417 -196 267
185 363 235 -8
-92 -444 -189 280
185 341 237 -33
-65 -434 -202 276
655 -142 -14 125
626 42 850 -96
668 -164 3 129
614 31 833 -94
668 -174 -19 112
624 24 855 -69
667 -169 -21 132
628 27 834 -75
-95 187 593 -226
303 335 630 357
-92 167 588 -246
325 343 611 379
-77 171 574 -229
341 334 618 383
-106 180 585 -217
327 319 600 388
422 250 237 223
-201 -143 -178 242
433 240 221 206
-174 -150 -157 263
433 246 211 232
-181 -169 -170 287
458 223 216 221
-154 -176 -183 282
-35 41 -270 349
-1187 -120 -68 265
-45 25 -277 385
-1138 -131 -91 283
-21 19 -298 392
-1053 -154 -135 291
9 -9 -330 386
-977 -175 -176 292
-911 295 707 16
-2972 1618 1275 127
-769 272 607 38
-2703 1562 1085 219
-579 204 469 61
-2439 1473 872 263
-432 158 378 119
-2168 1416 635 298
24325 7941 3220 -2521
-5088 -961 4389 18284
24647 7825 2945 -2406
-4804 -1063 4051 18368
24964 7733 2614 -2340
-4560 -1143 3776 18474
25275 7656 2326 -2234
-4325 -1201 3515 18559
1870 1343 -160 537
3992 2229 -12 -1002
2030 1325 -365 616
4090 2229 -116 -1006
2189 1295 -582 639
4129 2229 -238 -992
2294 1265 -745 698
4195 2262 -309 -982
2267 414 15 1111
-2179 -1533 -817 -1374
2297 417 -19 1079
-2138 -1504 -847 -1379
2338 461 -78 1056
-2102 -1484 -882 -1418
2385 498 -131 1009
-2078 -1450 -919 -1442
-224 -341 -422 775
975 -153 4 948
-210 -299 -439 735
991 -139 -23 907
-193 -284 -456 714
1028 -122 -39 905
-162 -258 -503 716
1052 -106 -78 878
-1463 1391 -726 -1116
271 417 386 -551
-1457 1427 -726 -1155
261 417 383 -577
-1429 1431 -746 -1180
267 449 343 -590
-1417 1477 -788 -1199
292 469 347 -626
68 54 -261 176
-426 247 732 967
56 78 -251 167
-422 254 736 933
52 86 -252 137
-451 260 733 929
42 88 -251 140
-459 275 742 930
-1333 1281 4 -520
1107 -348 -156 357
-1369 1310 4 -531
1091 -339 -158 340
-1375 1314 24 -560
1089 -341 -140 335
-1384 1318 42 -561
1083 -342 -117 328
-437 -489 -885 533
772 -23 -11 -415
-441 -507 -878 532
762 -29 -8 -396
-452 -502 -845 550
755 -37 -7 -380
-483 -529 -854 559
745 -79 -1 -363
-415 -98 1090 221
-535 -456 -273 -517
-405 -107 1106 237
-526 -469 -249 -474
-430 -123 1116 260
-531 -503 -263 -470
-429 -148 1141 292
-530 -506 -234 -455
99 -87 169 -492
1340 5 -104 468
86 -112 162 -487
1357 -3 -103 458
80 -129 184 -481
1348 -24 -88 482
100 -124 191 -440
1346 -10 -110 510
-773 125 290 -385
-485 -147 -348 496
-766 110 264 -380
-502 -169 -346 526
-761 106 295 -358
-487 -178 -359 525
-766 88 277 -356
-482 -192 -341 558
-426 168 -722 93
314 -36 250 -52
-435 148 -719 77
315 -60 262 -53
-451 143 -721 99
336 -68 240 -43
-426 109 -714 118
322 -74 232 -27
-83 712 -204 210
-57 288 367 1089
-73 685 -227 235
-70 291 374 1088
-73 678 -225 221
-40 251 391 1107
-85 680 -213 255
-38 249 373 1106
246 163 -579 -358
-589 10 -260 151
264 140 -603 -349
-597 2 -238 167
241 119 -615 -362
-595 4 -239 180
245 113 -613 -341
-593 -10 -246 168
-18 -504 -303 75
-132 334 328 391
-6 -521 -298 79
-116 318 325 385
-12 -549 -311 114
-117 333 312 392
-25 -528 -322 96
-103 314 313 412
271 -302 -25 -35
-263 237 -165 -878
265 -288 -40 -24
-259 249 -182 -859
265 -295 -23 -32
-260 241 -166 -854
270 -291 -41 -18
-263 260 -156 -869
-1172 217 -950 124
-1073 170 -581 1162
-1164 204 -960 106
-1072 168 -579 1178
-1161 206 -964 134
-1076 160 -568 1198
-1173 211 -969 128
-1086 167 -581 1184
-128 23 -1022 -293
-1 151 -115 174
-151 30 -1013 -273
-5 131 -110 181
-144 14 -992 -294
-2 147 -111 198
-163 27 -1011 -282
-9 138 -107 199
24 -187 985 -165
12 125 -779 240
22 -194 972 -154
35 137 -776 228
44 -207 1001 -170
21 118 -787 234
41 -196 995 -173
8 136 -794 241
-164 -74 -660 -52
-33 272 -35 152
-155 -77 -644 -50
-35 266 -35 146
-145 -79 -650 -45
-47 271 -33 136
-131 -65 -660 -55
-48 264 -34 152
627 -1176 345 -82
-514 275 -17 119
634 -1194 377 -105
-548 266 -18 120
620 -1196 371 -88
-556 259 -6 119
600 -1195 395 -101
-574 285 10 125
398 21 214 354
-42 94 739 -189
396 29 253 362
-29 79 753 -186
376 36 271 371
-41 97 759 -174
359 8 265 366
-66 82 768 -196
-49 136 -268 480
-357 -401 -143 227
-32 119 -254 469
-357 -400 -134 220
-52 124 -245 494
-346 -366 -101 219
-40 135 -256 496
-341 -364 -122 206
99 -127 229 -738
-330 238 143 -121
104 -108 245 -738
-323 230 129 -133
111 -115 233 -757
-303 258 130 -131
115 -91 249 -762
-311 254 123 -144
-29 42 -359 -197
56 389 186 475
-20 28 -349 -214
47 395 188 468
-18 40 -367 -198
74 365 172 452
-5 36 -383 -221
75 365 174 477
506 -668 -204 51
213 119 16 -467
535 -688 -209 64
211 124 18 -465
528 -660 -234 59
214 108 -4 -460
551 -681 -213 74
201 127 5 -466
220 187 -146 466
-10 -440 272 -515
228 193 -126 462
-4 -420 280 -516
197 185 -117 450
-9 -442 270 -494
211 189 -128 475
-9 -420 278 -500
-103 -237 512 -468
-120 -214 19 26
-101 -228 521 -456
-124 -222 25 31
-96 -243 506 -477
-138 -220 33 37
-112 -232 526 -467
-144 -227 17 43
44 256 -154 278
-562 567 -314 513
56 252 -140 272
-555 558 -330 512
42 244 -161 293
-535 566 -325 506
54 241 -147 287
-530 561 -340 502
-116 43 -563 -139
39 -727 -534 -133
-110 41 -560 -128
59 -723 -532 -134
-91 17 -589 -105
56 -737 -545 -98
-108 21 -595 -101
58 -775 -554 -107
-637 -426 -681 85
-65 103 -123 82
-643 -441 -697 93
-68 104 -137 99
-611 -443 -701 123
-59 116 -132 83
-623 -457 -684 113
-47 119 -148 98
9 628 -274 -8
177 -249 -68 320
36 647 -295 -7
157 -267 -69 326
14 626 -293 -19
170 -247 -78 320
10 642 -298 -20
153 -241 -74 339
117 -27 -223 -25
-562 220 276 -141
107 -18 -217 -32
-583 216 263 -150
110 -17 -223 -17
-585 228 289 -143
104 -15 -223 -26
-602 230 274 -181
195 -39 693 129
-15 -174 -304 234
182 -28 691 131
-9 -155 -329 254
182 -15 684 102
-23 -144 -322 226
169 -10 714 104
-9 -147 -303 209
-563 379 -755 -247
183 967 494 259
-586 408 -732 -259
200 988 507 249
-578 390 -724 -252
183 1001 506 220
-570 425 -724 -265
199 996 514 198
-9 439 445 797
-258 160 -951 549
-8 452 452 800
-259 186 -928 540
2 474 436 771
-280 186 -922 514
-7 485 449 781
-262 212 -936 506
-276 1216 -25 164
-319 111 228 337
-260 1229 -27 141
-303 138 224 345
-275 1246 -33 117
-332 136 226 340
-300 1260 -15 93
-337 148 242 301
-255 552 -666 255
113 0 -603 391
-258 564 -649 255
115 13 -593 372
-257 575 -652 258
126 16 -589 358
-254 571 -660 244
139 8 -588 376
387 148 252 -20
-549 -15 290 28
404 140 261 -22
-536 -30 258 42
405 144 253 -8
-550 -9 267 35
406 130 246 -33
-552 -25 271 22
73 -666 -290 -14
20 72 -686 -96
66 -656 -284 8
13 76 -688 -88
96 -644 -292 20
27 71 -707 -79
93 -670 -283 4
24 70 -714 -91
-521 -226 -416 196
-487 620 698 415
-508 -209 -407 224
-500 603 692 401
-533 -219 -381 217
-492 622 711 399
-522 -225 -375 208
-501 619 709 385
441 613 -125 -70
-138 -45 -185 470
429 637 -120 -89
-140 -49 -196 461
424 641 -121 -83
-138 -30 -211 443
421 632 -90 -86
-150 -37 -193 443
-55 311 -191 -438
458 -79 68 312
-35 307 -179 -430
475 -64 66 292
-40 325 -181 -465
487 -52 69 294
-38 325 -212 -460
476 -35 59 273
-158 344 329 -61
-650 -57 -552 531
-155 333 341 -72
-643 -37 -569 536
-163 365 314 -79
-654 -36 -554 548
-166 354 335 -92
-632 -46 -559 546
-132 43 -277 -25
-383 -303 105 -423
-147 61 -258 -43
-362 -303 110 -424
-139 74 -267 -28
-371 -291 127 -425
-142 79 -279 -36
-376 -288 116 -451
515 273 -92 -212
-475 1 541 156
531 298 -80 -218
-467 15 539 151
516 289 -72 -207
-462 18 548 160
510 307 -66 -213
-472 36 538 128
303 284 -1480 -119
-214 -89 154 253
291 282 -1489 -130
-213 -101 172 246
314 290 -1495 -124
-225 -82 171 220
302 285 -1481 -135
-221 -72 188 227
-736 -239 -142 -117
58 406 92 499
-738 -257 -145 -128
44 425 113 503
-761 -241 -112 -140
26 432 114 484
-767 -227 -119 -146
15 435 136 470
-1166 186 -44 -830
-910 88 113 3
-1179 204 -21 -828
-882 100 97 -5
-1177 211 -29 -846
-820 63 44 8
-1178 206 -11 -860
-787 79 39 0
-1469 75 153 117
-2511 928 1547 -947
-1290 22 50 137
-2225 826 1341 -895
-1145 -33 -52 177
-1943 741 1097 -818
-982 -67 -123 210
-1646 662 877 -746
25969 6350 3147 -1693
-237 -1555 8012 15971
26323 6216 2853 -1560
87 -1672 7664 16108
26677 6064 2487 -1446
345 -1802 7342 16236
27024 5963 2199 -1335
644 -1914 7019 16366
2508 1696 638 700
3019 3241 201 828
2697 1648 390 814
3085 3227 76 865
2874 1565 153 890
3160 3214 -53 901
3019 1489 -53 1007
3206 3210 -155 922
654 821 260 601
3 -1717 328 -1209
681 835 215 618
38 -1667 312 -1230
686 840 150 587
42 -1660 288 -1265
718 875 113 572
57 -1628 254 -1268
-371 -991 -119 533
765 362 -510 360
-366 -971 -147 517
748 383 -491 362
-343 -946 -159 483
777 392 -503 351
-338 -948 -192 488
779 397 -529 325
-2529 229 426 -440
-443 1769 220 -357
-2510 253 421 -465
-475 1789 220 -378
-2497 250 412 -471
-460 1798 230 -365
-2501 244 405 -474
-444 1790 214 -389
363 -190 -1271 89
-942 480 -719 875
354 -194 -1272 81
-945 460 -707 878
353 -188 -1261 94
-978 455 -704 896
355 -183 -1253 107
-975 445 -702 872
-878 934 667 182
413 -493 -303 4
-890 913 667 205
405 -511 -306 6
-897 928 676 202
382 -512 -277 13
-921 914 714 216
375 -548 -274 16
-319 -457 -248 1285
838 -126 352 -1328
-341 -465 -218 1315
860 -156 344 -1306
-344 -492 -218 1308
853 -153 347 -1277
-352 -512 -193 1323
832 -148 358 -1280
-98 -179 638 469
-373 -556 48 90
-106 -206 640 476
-372 -560 32 88
-108 -210 649 521
-376 -578 46 88
-120 -235 637 524
-385 -563 35 97
448 -30 -292 -339
23 600 -626 -135
460 -42 -275 -320
7 596 -619 -123
450 -51 -267 -328
1 583 -611 -111
446 -29 -290 -303
-5 587 -607 -109
-781 456 185 677
-196 289 -165 628
-783 445 168 694
-221 288 -163 640
-799 439 184 682
-221 287 -147 648
-827 428 206 696
-221 279 -153 662
813 -758 568 549
1279 359 828 -765
812 -766 576 540
1272 351 819 -746
786 -776 568 534
1268 360 810 -736
786 -772 574 544
1284 364 810 -755
90 -536 221 -96
-284 256 307 9
104 -523 241 -101
-277 250 315 15
93 -553 246 -85
-294 262 316 -3
116 -542 226 -94
-283 256 320 3
7 207 -339 383
-679 -170 -350 -668
13 215 -329 382
-680 -162 -357 -673
-11 195 -325 395
-695 -157 -352 -673
-1 206 -320 394
-699 -157 -360 -680
217 -789 367 16
-4 374 -188 -579
198 -805 362 19
-24 367 -172 -583
193 -807 378 23
-2 367 -181 -566
176 -810 378 -3
-15 354 -168 -545
-339 -560 -89 142
198 288 878 165
-352 -580 -115 131
215 273 895 184
-355 -610 -108 157
200 260 876 206
-354 -607 -93 161
215 254 897 218
948 -405 48 -620
-12 -791 41 193
938 -418 48 -598
-8 -816 36 205
934 -434 24 -575
8 -804 26 227
934 -441 23 -560
2 -819 48 235
-475 507 -802 -304
-820 -504 184 376
-487 506 -816 -306
-829 -530 207 400
-475 490 -794 -285
-852 -555 216 401
-474 481 -793 -260
-844 -554 207 439
-140 124 -429 481
-242 24 -792 106
-137 150 -451 494
-227 14 -806 112
-138 130 -441 499
-218 18 -817 116
-125 126 -444 498
-205 1 -808 135
-6 270 -784 0
-345 612 764 256
-5 271 -799 22
-342 585 786 285
8 271 -798 12
-344 586 783 275
-3 273 -810 36
-339 578 783 300
28 290 -164 192
587 -182 357 394
16 292 -142 200
580 -168 349 377
11 280 -154 211
587 -189 334 382
10 264 -137 228
578 -184 355 399
60 524 74 127
-439 411 -253 215
66 516 59 110
-436 414 -242 243
51 514 75 145
-444 422 -251 242
42 507 65 131
-450 390 -262 260
443 129 863 439
11 -664 -731 285
437 118 878 458
14 -672 -732 294
443 99 866 478
24 -678 -743 277
450 92 855 473
2 -691 -762 288
-32 -508 44 85
-59 506 624 -194
-45 -501 53 86
-61 508 609 -202
-73 -493 46 85
-54 524 620 -214
-72 -479 56 87
-79 529 623 -193
553 419 -49 -334
395 239 168 401
579 450 -58 -354
415 221 178 412
577 435 -53 -357
418 215 179 405
570 442 -39 -342
410 222 187 411
179 -474 769 -27
-32 597 -361 87
178 -485 749 -23
0 596 -384 89
184 -491 758 5
-3 562 -391 109
195 -508 742 8
7 561 -401 114
472 407 270 167
335 -878 -302 -58
487 396 241 173
349 -872 -320 -72
500 389 219 188
363 -891 -340 -49
509 378 226 196
368 -892 -356 -63
828 257 497 -539
183 -197 386 662
839 247 500 -541
210 -188 384 678
858 260 498 -555
208 -196 370 652
882 247 468 -555
192 -179 359 671
-532 -355 324 -792
-671 89 -1268 -789
-529 -364 318 -794
-674 94 -1245 -809
-539 -362 325 -798
-676 89 -1250 -801
-519 -365 311 -777
-687 88 -1260 -793
-533 -67 270 319
-137 -250 -298 -106
-533 -88 280 312
-129 -247 -285 -98
-542 -79 298 321
-151 -271 -308 -104
-512 -105 293 322
-153 -281 -298 -92
594 -675 -105 -626
-673 385 -186 610
600 -693 -79 -608
-664 403 -184 610
584 -672 -90 -580
-669 393 -175 624
597 -679 -93 -592
-644 398 -163 609
502 -376 625 -491
108 14 -727 -46
511 -365 646 -511
118 18 -713 -34
500 -372 631 -520
121 28 -744 -46
526 -371 619 -510
139 7 -743 -40
-319 -186 188 -126
-121 14 57 -518
-312 -179 174 -127
-104 18 46 -508
-306 -164 189 -132
-113 1 72 -512
-302 -187 173 -137
-110 13 66 -500
-42 -406 156 -392
-206 56 -456 206
-59 -423 163 -401
-219 52 -444 203
-56 -432 165 -408
-231 45 -466 229
-69 -427 149 -379
-244 44 -457 223
55 -5 310 195
519 -261 -276 -458
50 -12 339 202
525 -291 -295 -466
39 -8 321 208
520 -289 -286 -439
46 -11 347 212
508 -273 -275 -446
-46 -581 538 5
-67 -225 109 -39
-70 -559 545 -12
-62 -235 114 -43
-69 -557 569 0
-63 -213 116 -59
-64 -570 563 -5
-70 -233 117 -49
255 462 619 202
11 931 -119 224
246 469 621 208
4 922 -113 212
262 448 637 198
33 939 -104 214
251 453 616 211
40 918 -135 207
-83 -690 -702 -138
226 480 479 474
-48 -718 -696 -133
217 493 500 473
-47 -706 -711 -125
228 478 494 483
-46 -706 -725 -138
234 498 490 476
-166 -93 56 50
-444 132 -88 -375
-166 -82 41 55
-450 108 -79 -376
-165 -76 48 67
-471 125 -82 -371
-177 -90 60 59
-457 119 -104 -375
148 -329 -495 -64
-110 -26 253 -74
157 -325 -518 -75
-113 -26 262 -82
148 -324 -508 -66
-109 -15 247 -95
157 -345 -513 -63
-102 -16 254 -70
-14 701 202 356
-289 -96 -262 418
-16 707 202 335
-289 -109 -283 419
-2 708 195 341
-294 -112 -279 421
-6 700 221 357
-295 -99 -300 438
-165 69 -109 -41
381 -424 50 -677
-169 73 -111 -48
396 -436 52 -691
-167 87 -114 -32
391 -445 39 -680
-168 62 -117 -52
412 -433 35 -682
4 260 -168 75
-255 -481 380 237
19 261 -173 60
-266 -485 370 235
0 255 -184 77
-252 -489 380 238
15 257 -192 59
-267 -495 373 238
11 113 -142 -717
-86 -357 189 -150
8 109 -148 -713
-69 -364 184 -160
8 120 -161 -716
-48 -374 176 -142
34 123 -159 -718
-25 -375 164 -155
-143 60 -181 -32
274 60 -384 121
-140 80 -190 -25
288 48 -414 124
-119 65 -207 -27
316 52 -428 101
-99 60 -224 -35
341 40 -440 108
59 -218 377 -118
890 -350 -186 90
88 -224 338 -131
917 -334 -189 92
90 -233 315 -120
932 -355 -205 88
118 -244 303 -134
946 -351 -225 93
-338 270 20 -146
-400 -1115 165 -55
-330 284 -12 -123
-401 -1088 143 -32
-321 269 -14 -130
-399 -1089 151 -39
-325 285 -13 -135
-406 -1085 136 -58
72 484 -343 -472
-212 2 -154 -403
75 496 -362 -477
-204 5 -154 -402
71 499 -350 -476
-193 47 -150 -421
75 517 -367 -482
-211 43 -160 -421
37 -169 -305 270
-1024 -166 -17 -57
34 -169 -317 280
-992 -180 -60 -49
47 -190 -333 269
-930 -201 -92 -41
50 -184 -340 249
-854 -212 -99 -36
-374 268 1381 -58
-2458 1649 1757 -1181
-226 211 1296 -39
-2167 1546 1572 -1119
-74 145 1190 20
-1884 1440 1338 -1021
83 111 1100 45
-1600 1328 1118 -946
24923 4512 2575 -1282
4542 -2645 9652 13907
25251 4339 2269 -1142
4863 -2822 9331 14091
25617 4164 1911 -1018
5142 -3004 8982 14281
25977 4001 1608 -831
5443 -3187 8649 14461
2748 1086 1770 729
61 2677 66 926
2910 952 1537 907
155 2654 -66 1022
3118 820 1273 1037
207 2570 -199 1096
3304 717 1000 1194
263 2556 -308 1166
289 699 1062 27
-249 -1683 875 -1339
318 684 1026 52
-256 -1680 890 -1336
343 692 967 71
-236 -1686 869 -1363
362 684 929 70
-229 -1662 851 -1357
44 -1558 -83 -51
607 168 -114 76
59 -1556 -75 -62
605 168 -137 86
59 -1534 -66 -84
630 188 -122 60
64 -1555 -89 -84
635 188 -155 53
-1558 503 486 -335
-1156 1178 -979 -542
-1557 500 474 -351
-1162 1176 -988 -544
-1554 493 464 -343
-1162 1165 -998 -550
-1530 525 459 -352
-1138 1163 -1005 -565
-534 76 -794 489
1 -199 -846 1855
-520 72 -791 520
2 -205 -817 1860
-536 74 -798 521
-19 -190 -822 1859
-524 68 -802 523
-16 -186 -827 1836
-780 1010 570 -772
611 24 -742 157
-794 1029 588 -781
595 47 -722 164
-811 1026 614 -788
574 39 -705 165
-816 1051 600 -814
566 72 -696 132
-390 -947 803 323
-351 -482 133 -576
-406 -961 806 308
-389 -483 163 -563
-413 -945 828 312
-393 -502 172 -569
-445 -939 836 303
-402 -483 187 -599
-156 -719 690 -623
926 -518 -28 136
-166 -718 709 -620
932 -509 -38 133
-158 -712 714 -616
940 -523 -30 121
-162 -730 727 -634
952 -509 -48 117
-508 -132 359 -1123
145 -142 -344 526
-482 -128 356 -1122
146 -152 -370 539
-480 -135 345 -1118
154 -145 -346 526
-456 -125 339 -1126
147 -152 -372 538
-427 -165 -1053 -188
-855 -163 -137 -242
-449 -196 -1041 -196
-885 -184 -149 -228
-440 -202 -1045 -169
-887 -205 -155 -217
-418 -201 -1058 -175
-894 -175 -138 -210
-40 -898 -305 285
-385 -489 577 -832
-68 -918 -305 279
-398 -507 582 -806
-63 -922 -304 290
-407 -523 580 -813
-58 -946 -302 304
-410 -508 577 -782
237 179 -199 393
24 -238 -89 385
243 169 -195 396
36 -261 -94 393
257 174 -198 410
58 -250 -106 377
249 166 -216 409
47 -249 -125 396
-401 406 -338 600
-858 1175 -18 669
-385 420 -341 615
-828 1163 -17 679
-393 398 -357 613
-842 1162 -16 662
-377 413 -360 625
-847 1153 -21 673
242 158 -431 559
-281 -729 -122 -242
220 147 -432 544
-288 -748 -129 -233
243 150 -447 569
-293 -744 -117 -213
253 133 -433 556
-284 -767 -134 -200
265 283 106 34
-3 83 134 -173
294 290 105 37
6 75 131 -167
296 284 91 40
9 92 136 -178
285 292 107 44
16 86 116 -175
-45 1036 -40 569
809 -815 479 8
-35 1039 -45 596
817 -800 479 -5
-31 1029 -47 572
810 -790 486 -18
-35 1051 -47 591
819 -785 464 -6
73 599 312 324
37 -13 115 -527
56 606 312 310
31 -17 100 -522
74 617 297 296
39 -24 119 -518
80 617 310 289
20 -21 106 -544
-73 -279 -54 627
6 8 122 -171
-63 -285 -30 622
26 40 135 -173
-79 -249 -47 624
36 43 107 -166
-63 -250 -50 614
28 50 110 -181
-89 -18 -358 -122
519 -281 125 -422
-84 -16 -369 -131
527 -271 100 -450
-76 -21 -352 -130
531 -248 106 -463
-62 -10 -360 -137
541 -258 109 -460
461 -379 -525 238
-42 793 599 -551
488 -378 -525 242
-58 785 597 -563
471 -361 -533 215
-42 806 588 -547
469 -357 -546 199
-67 807 598 -566
84 501 -78 492
-169 291 524 687
66 527 -71 486
-175 320 520 677
62 526 -76 464
-186 330 543 676
70 558 -58 452
-190 321 537 659
-249 -378 -469 -24
-119 -195 -76 9
-258 -378 -465 -40
-111 -192 -80 4
-270 -352 -459 -66
-107 -197 -82 0
-270 -348 -461 -55
-104 -169 -56 -20
252 188 451 -1101
187 -138 -432 234
236 167 451 -1091
203 -128 -445 220
265 190 458 -1104
186 -131 -451 230
262 183 460 -1136
207 -118 -442 209
163 -101 539 -282
546 -509 88 217
158 -127 518 -278
569 -475 84 195
193 -105 509 -294
570 -480 86 184
184 -88 519 -286
576 -487 70 177
-54 350 361 -480
414 -908 -462 -47
-42 352 315 -466
392 -916 -477 -59
-16 361 318 -475
415 -919 -488 -72
-19 366 310 -482
425 -902 -491 -73
21 1450 -116 212
-712 74 -49 130
45 1460 -117 198
-712 85 -54 153
38 1462 -110 210
-722 71 -48 139
34 1480 -127 187
-736 78 -40 161
452 -723 437 389
592 46 90 -43
443 -705 443 386
589 43 84 -34
434 -736 453 386
588 24 75 -35
423 -741 469 393
587 6 68 -37
426 -243 376 -376
-21 465 -250 202
424 -266 378 -356
-11 451 -251 199
439 -265 375 -346
-30 463 -240 205
443 -293 375 -348
-4 473 -253 216
-28 243 -292 515
-616 -560 276 -838
-18 244 -303 525
-636 -569 279 -821
-9 241 -309 535
-643 -562 282 -838
-1 242 -298 548
-652 -572 286 -822
-219 -284 -859 -421
26 692 240 552
-222 -269 -870 -432
15 703 244 572
-230 -266 -859 -416
7 706 252 553
-236 -254 -849 -426
1 690 258 569
90 55 441 -224
-130 -29 -194 -16
93 57 444 -245
-123 -19 -220 -20
107 54 442 -235
-133 -45 -215 -28
78 52 435 -251
-114 -37 -221 -29
101 -313 498 -611
-112 63 -556 -196
100 -303 499 -591
-129 48 -548 -197
111 -319 522 -602
-112 17 -563 -187
115 -313 495 -583
-131 26 -557 -175
729 -497 719 1
284 -839 -98 -183
729 -532 732 15
302 -858 -100 -176
706 -534 726 16
302 -870 -97 -178
713 -543 740 38
277 -857 -109 -169
-489 239 36 -151
-115 220 225 237
-510 257 43 -132
-127 224 233 232
-505 254 39 -130
-145 199 239 223
-504 262 40 -135
-132 212 258 246
239 -1055 161 -594
128 -66 -135 -642
247 -1036 178 -600
138 -86 -140 -638
235 -1035 154 -593
142 -61 -141 -653
244 -1053 167 -580
137 -74 -142 -641
-558 705 449 416
654 183 -337 234
-565 695 450 405
680 172 -339 226
-531 695 461 410
683 195 -336 251
-535 682 440 430
691 186 -354 241
189 -329 -372 -4
-141 -304 -246 -134
207 -326 -386 -16
-112 -300 -262 -137
237 -324 -402 -6
-120 -325 -261 -147
228 -322 -426 -19
-94 -323 -274 -148
548 -169 289 -260
441 -122 102 -467
545 -168 265 -264
446 -148 94 -459
570 -173 258 -260
460 -143 76 -439
602 -179 243 -263
477 -150 54 -463
-24 -623 283 379
-46 285 -172 -181
2 -616 280 378
-47 283 -202 -181
10 -595 259 369
-35 291 -188 -162
13 -625 239 386
-46 257 -212 -162
-175 668 166 390
47 -356 548 -524
-194 674 157 376
45 -348 554 -512
-189 652 162 379
40 -365 559 -507
-187 658 170 373
36 -350 565 -502
182 747 -305 328
-263 -415 59 196
179 732 -312 308
-270 -414 51 201
198 739 -307 332
-256 -411 55 205
184 750 -311 350
-272 -419 25 208
-796 -589 -867 -247
158 131 -201 -419
-807 -589 -854 -239
169 132 -227 -418
-800 -585 -878 -235
164 137 -225 -421
-766 -576 -891 -262
173 146 -229 -426
-374 -506 -457 699
501 237 297 -816
-380 -502 -446 694
492 284 309 -846
-393 -481 -455 687
502 288 289 -863
-399 -461 -444 677
469 291 293 -879
-79 676 -156 -8
-477 -779 28 696
-89 684 -162 -11
-459 -773 37 710
-74 684 -135 -31
-475 -747 36 694
-90 716 -137 -42
-467 -730 49 672
-11 478 37 -498
-447 -249 -156 -220
-17 487 31 -519
-463 -232 -135 -219
-11 503 48 -524
-475 -228 -140 -233
-39 491 56 -562
-469 -212 -128 -229
-763 43 -772 366
570 309 -457 -393
-754 68 -766 348
568 316 -444 -390
-757 59 -760 353
569 321 -461 -382
-740 78 -792 336
576 310 -454 -419
685 156 504 360
170 -61 490 359
688 155 524 366
199 -81 489 353
679 166 498 370
202 -93 473 370
694 135 511 371
202 -112 457 371
-44 454 530 35
-339 -265 -219 277
-17 463 521 41
-305 -276 -221 252
-23 445 506 61
-255 -288 -275 282
-7 439 507 52
-156 -309 -305 291
-1066 1116 1306 -626
-1546 852 2346 -378
-949 1051 1219 -612
-1290 747 2168 -311
-789 1014 1119 -580
-1031 643 1956 -209
-628 953 1024 -555
-724 503 1732 -138
24443 1505 2354 -1471
4035 -2021 8783 10292
24759 1329 2084 -1311
4312 -2208 8456 10478
25087 1138 1747 -1169
4602 -2378 8120 10688
25477 962 1441 -1025
4912 -2569 7784 10865
2474 51 1859 -982
-1702 1404 671 1514
2646 -66 1658 -805
-1662 1346 552 1630
2827 -225 1375 -653
-1565 1278 406 1717
3016 -344 1113 -484
-1482 1220 278 1820
461 -7 3136 -597
492 -1605 972 -1262
474 -31 3102 -574
488 -1616 946 -1237
504 -40 3047 -508
494 -1620 955 -1244
559 -56 2973 -507
518 -1633 925 -1227
-520 -2297 133 -1332
1342 487 421 1332
-535 -2318 144 -1341
1325 502 410 1333
-509 -2316 130 -1341
1340 488 423 1328
-509 -2328 93 -1335
1325 497 403 1343
-1443 -335 419 -738
-462 846 -690 -287
-1456 -344 428 -752
-453 821 -694 -284
-1424 -339 437 -743
-469 826 -691 -271
-1429 -326 409 -744
-438 816 -711 -275
-466 80 -596 -922
586 -605 -244 825
-450 74 -608 -911
572 -618 -244 841
-438 88 -614 -896
589 -617 -234 824
-461 85 -611 -896
580 -635 -259 842
-1300 -39 553 -536
235 -612 -104 187
-1273 -18 552 -512
223 -614 -113 205
-1291 -30 544 -505
243 -607 -134 201
-1276 -34 548 -526
258 -585 -128 187
182 -498 -123 -167
-32 -88 -177 -926
191 -499 -130 -166
-26 -72 -181 -929
203 -478 -143 -175
-18 -79 -186 -924
216 -504 -155 -165
1 -81 -197 -939
255 41 19 864
-185 -669 -502 -495
257 54 5 838
-177 -687 -506 -498
270 42 -14 857
-180 -679 -530 -512
282 41 -4 874
-162 -676 -514 -498
34 1161 -81 -65
-69 726 -174 1325
26 1159 -112 -59
-45 730 -186 1317
26 1159 -117 -62
-60 719 -177 1315
27 1163 -124 -60
-75 720 -169 1311
-412 133 -238 828
-62 97 138 -477
-423 146 -228 840
-85 100 122 -488
-452 158 -248 828
-90 120 151 -489
-442 140 -217 834
-78 120 142 -495
-769 174 38 -188
559 295 -417 395
-768 169 39 -194
564 278 -407 376
-770 183 40 -237
565 304 -399 385
-785 177 70 -240
577 288 -419 369
800 -58 236 -510
-35 601 600 403
822 -52 264 -511
-30 627 593 399
826 -62 248 -510
-25 620 587 415
836 -49 228 -517
-18 629 577 397
305 481 471 791
194 223 -438 186
305 507 462 780
204 244 -426 176
316 497 448 768
204 247 -438 177
329 510 434 793
206 252 -449 177
-381 -145 524 261
457 22 476 -628
-356 -145 507 270
472 6 470 -633
-370 -144 512 257
479 29 474 -634
-384 -143 518 243
491 19 479 -643
447 255 104 425
33 -24 65 -597
464 285 111 411
32 -42 44 -595
473 270 74 415
27 -35 50 -600
491 280 81 435
60 -25 34 -613
139 -265 480 116
212 -163 -277 -367
153 -285 469 115
231 -177 -302 -361
186 -276 453 122
228 -151 -316 -355
178 -266 424 125
250 -164 -342 -357
358 257 -204 164
190 -382 2 -25
363 258 -220 159
205 -409 -2 -18
359 253 -202 177
203 -410 1 4
367 252 -223 173
205 -402 -3 19
-497 -139 794 -335
-1066 -294 -489 34
-526 -154 811 -328
-1069 -279 -490 38
-515 -165 816 -328
-1082 -306 -468 37
-546 -183 816 -299
-1090 -297 -469 45
404 -609 -607 -30
-383 -81 -17 -649
388 -606 -613 -20
-375 -94 3 -635
394 -616 -605 -22
-389 -72 -19 -638
379 -620 -609 -5
-386 -96 3 -619
766 -7 264 -257
364 459 102 -69
753 -33 265 -246
364 459 108 -79
746 -42 266 -248
382 456 102 -66
772 -18 276 -261
362 456 85 -62
301 -156 434 108
386 75 785 502
322 -173 425 109
387 49 780 497
316 -197 425 114
375 49 766 504
341 -181 413 123
386 38 757 536
69 -310 -740 30
59 301 490 445
67 -311 -745 50
69 279 489 448
65 -311 -726 62
64 264 476 450
88 -341 -753 42
55 267 484 473
-898 -141 395 289
-510 440 -808 -122
-883 -141 369 283
-493 433 -781 -108
-886 -164 381 313
-500 424 -789 -118
-891 -167 393 307
-499 418 -801 -103
-165 373 -431 36
-492 -72 374 741
-162 362 -443 44
-499 -83 371 768
-169 368 -444 65
-492 -78 391 761
-189 357 -415 74
-505 -78 372 788
-152 451 -721 172
-509 655 111 111
-151 462 -709 155
-497 640 118 106
-141 465 -731 160
-511 661 116 110
-143 441 -717 162
-491 641 126 115
343 -217 -984 186
499 319 258 208
353 -242 -1001 172
496 321 251 198
359 -233 -1016 188
527 320 256 208
365 -232 -1008 186
518 326 255 193
-286 308 -410 345
419 532 7 438
-286 311 -398 343
438 571 -20 436
-299 315 -408 339
439 571 -14 424
-281 324 -434 333
443 585 -14 408
-1249 535 239 361
-5 66 -117 -106
-1238 538 255 348
2 55 -102 -121
-1235 540 255 315
-7 69 -126 -126
-1238 540 252 309
13 89 -141 -135
15 -476 -830 -416
-450 -189 -524 -53
17 -492 -845 -420
-437 -197 -522 -48
20 -481 -860 -419
-425 -205 -520 -48
30 -495 -884 -431
-408 -215 -526 -44
-207 324 -48 -124
450 -387 243 720
-199 289 -55 -117
442 -400 258 737
-205 279 -57 -99
438 -425 246 757
-203 274 -61 -83
416 -434 270 770
-112 -155 415 169
73 282 110 -540
-124 -148 418 193
66 262 137 -523
-144 -147 422 192
48 245 120 -538
-124 -168 410 205
62 259 135 -511
655 354 481 344
377 272 -159 442
662 326 465 338
397 259 -170 437
665 322 478 340
413 257 -183 439
655 339 473 331
391 231 -171 455
600 207 1122 848
-685 -163 -232 428
607 197 1118 892
-701 -158 -221 443
575 177 1112 862
-707 -185 -233 448
571 174 1129 879
-691 -177 -212 458
597 120 -584 -48
82 -290 603 22
601 115 -595 -53
81 -324 597 26
593 123 -581 -37
90 -310 614 7
595 117 -571 -43
80 -314 617 20
-121 -4 175 198
-34 -248 58 -24
-128 5 187 195
-49 -235 66 -29
-142 21 174 205
-52 -235 43 -49
-157 8 194 182
-27 -209 62 -55
340 -419 -451 -724
100 366 102 -169
353 -372 -445 -752
98 371 109 -178
340 -378 -456 -754
98 404 118 -190
322 -369 -439 -766
96 401 131 -185
373 -129 653 157
-151 191 -259 -315
381 -133 672 146
-152 198 -277 -330
375 -142 676 134
-152 223 -266 -333
365 -115 685 137
-163 221 -250 -322
63 145 -40 301
251 -337 -125 -69
63 172 -44 315
231 -345 -121 -58
56 168 -17 291
212 -347 -114 -69
12 178 -21 318
213 -315 -118 -75
-509 326 191 -649
-39 109 -74 168
-497 337 216 -653
-73 115 -66 168
-515 312 232 -670
-67 127 -46 146
-531 324 215 -656
-78 131 -20 150
-71 -333 56 -74
-372 945 226 204
-60 -317 60 -70
-362 928 234 201
-80 -334 76 -78
-391 942 246 211
-82 -323 82 -72
-383 925 232 212
725 356 -347 685
797 140 542 257
706 342 -347 659
784 143 549 263
712 338 -329 674
786 151 549 237
694 352 -329 659
772 160 558 232
-690 252 236 -617
-6 12 -349 661
-686 242 228 -623
-7 -14 -343 665
-693 257 249 -625
-15 -6 -331 675
-707 249 246 -638
-14 -32 -348 683
-316 -471 -14 159
245 151 -296 -90
-316 -454 -28 173
227 143 -281 -79
-301 -464 -23 168
230 133 -302 -62
-318 -490 -31 175
259 128 -310 -70
-2 442 -34 325
-336 613 -17 123
7 446 -57 319
-341 584 -31 129
7 448 -54 314
-323 600 -29 138
12 441 -56 310
-335 609 -39 123
48 -654 -680 143
-274 -111 235 -164
24 -652 -684 157
-265 -102 246 -178
27 -671 -682 178
-256 -107 254 -157
30 -654 -676 178
-244 -142 260 -151
247 233 -165 211
208 233 -168 415
230 241 -174 226
204 211 -168 428
242 233 -175 252
198 232 -174 425
260 211 -180 242
204 206 -186 448
-249 79 236 191
-9 436 41 -182
-246 92 227 193
-12 428 39 -192
-232 68 231 206
11 429 15 -180
-227 88 214 206
1 405 13 -156
94 -462 602 -115
-131 747 10 120
98 -464 627 -87
-86 722 -17 133
134 -479 608 -83
-34 712 -52 134
123 -480 594 -81
38 671 -90 154
-1120 563 1186 372
-1747 1722 1852 -491
-1005 488 1106 403
-1521 1584 1692 -392
-864 432 1026 452
-1263 1467 1490 -290
-716 343 944 473
-1000 1327 1286 -206
21584 -836 1586 -1411
-791 -2355 4997 8852
21859 -1029 1368 -1244
-527 -2552 4706 9041
22167 -1235 1056 -1063
-268 -2770 4391 9281
22508 -1432 780 -913
32 -2975 4051 9490
2852 -1027 165 -2697
-1540 -199 210 511
3012 -1176 -32 -2518
-1465 -276 98 640
3223 -1315 -272 -2328
-1398 -364 -62 738
3430 -1474 -542 -2154
-1292 -424 -211 868
-435 -800 3295 -1251
268 -1553 430 -1268
-422 -825 3265 -1187
245 -1576 421 -1252
-368 -870 3213 -1132
258 -1594 405 -1230
-335 -889 3131 -1086
276 -1616 389 -1218
-1213 -2397 -520 -2037
586 -696 1808 896
-1230 -2415 -516 -2026
586 -682 1816 877
-1212 -2432 -518 -2013
583 -689 1802 905
-1230 -2424 -534 -1996
596 -718 1780 921
-1213 -28 50 -691
-139 849 -423 -1383
-1194 -33 34 -693
-101 857 -452 -1405
-1171 1 44 -706
-96 883 -457 -1396
-1172 -8 10 -697
-89 890 -461 -1422
-922 -881 -1595 -127
1616 36 -572 -295
-925 -879 -1623 -111
1623 57 -602 -306
-898 -870 -1632 -126
1657 76 -600 -322
-899 -863 -1658 -141
1652 94 -600 -337
-1083 117 1103 42
-677 188 -1253 9
-1067 127 1097 53
-655 194 -1235 -2
-1059 120 1098 21
-657 205 -1258 -16
-1060 146 1079 -2
-639 231 -1269 -42
438 -66 -66 118
392 -316 168 -539
427 -45 -70 112
387 -311 143 -541
454 -55 -61 96
405 -294 150 -525
458 -36 -93 112
411 -304 112 -524
123 -220 -336 610
186 42 273 -154
141 -240 -322 629
206 22 260 -146
156 -252 -364 621
186 2 266 -143
155 -242 -371 629
205 15 255 -135
-462 57 -227 238
713 -170 391 123
-472 48 -232 251
679 -164 412 133
-477 40 -213 263
680 -167 413 143
-503 42 -214 266
680 -189 417 140
-706 -316 415 286
263 887 766 539
-721 -292 424 308
257 877 785 510
-750 -284 430 288
256 899 778 519
-743 -293 444 309
242 891 800 500
-39 778 -276 -23
99 691 -592 432
-44 792 -267 -38
83 696 -564 402
-58 805 -257 -34
75 707 -568 417
-68 794 -275 -63
64 707 -576 392
-156 -9 468 470
-1202 29 226 164
-153 -29 484 472
-1199 41 211 161
-144 -11 497 454
-1195 29 246 137
-165 4 472 467
-1200 36 237 157
5 -3 -1212 -180
400 -460 245 -109
4 0 -1203 -186
402 -471 235 -117
24 -3 -1211 -185
441 -454 200 -110
30 -2 -1206 -189
448 -462 188 -116
-124 66 -182 -645
472 -210 440 170
-125 45 -200 -651
493 -200 416 180
-88 28 -221 -665
499 -218 417 179
-91 26 -242 -631
521 -216 395 191
488 106 10 97
-432 306 12 -513
477 98 4 118
-443 281 -7 -513
505 87 -19 146
-445 291 11 -507
489 101 -22 133
-434 272 4 -489
-145 451 215 640
65 -238 -363 99
-151 430 216 632
67 -238 -372 122
-153 435 189 655
58 -238 -379 137
-161 420 191 643
49 -272 -385 147
408 472 -768 1092
-99 -36 570 48
406 469 -734 1114
-113 -62 601 46
401 470 -728 1135
-117 -50 601 50
398 446 -724 1124
-99 -45 612 55
-765 -666 287 25
372 -1010 -230 -782
-787 -658 301 21
374 -1014 -232 -771
-796 -663 309 43
374 -1020 -213 -784
-788 -652 326 30
377 -1033 -224 -772
198 -458 601 -640
-10 262 -59 141
194 -456 610 -601
-30 266 -72 127
198 -463 620 -607
-26 246 -48 150
205 -483 597 -607
0 277 -65 149
331 183 -12 801
-243 -178 372 97
327 182 -18 809
-240 -177 366 79
325 208 -32 808
-240 -149 359 66
325 218 -23 812
-246 -150 353 75
-122 152 -38 -569
-113 389 211 -209
-135 175 -33 -574
-120 396 219 -203
-118 191 -20 -584
-117 412 217 -228
-122 188 -47 -600
-107 420 217 -220
467 221 709 -142
310 -266 -50 531
496 225 686 -143
303 -249 -54 543
504 230 694 -153
316 -277 -69 549
501 225 688 -154
305 -257 -66 535
109 41 -426 441
-24 790 603 11
108 27 -426 442
-31 788 595 13
111 43 -462 434
-11 789 597 5
139 31 -455 436
-30 799 591 0
-434 167 -368 260
-68 -489 828 -219
-427 177 -359 269
-69 -484 831 -210
-433 173 -353 232
-65 -497 811 -214
-428 190 -371 230
-62 -479 822 -215
157 186 16 -11
326 -953 -668 -380
167 173 1 -46
352 -965 -678 -368
181 174 -17 -36
394 -961 -696 -390
186 187 -2 -37
396 -976 -717 -383
-261 -90 -474 568
-126 34 -537 -305
-242 -90 -507 561
-91 30 -544 -312
-227 -82 -514 577
-92 20 -559 -291
-212 -81 -542 573
-92 26 -573 -299
593 135 209 70
0 -324 -377 -512
623 139 216 66
18 -325 -384 -531
634 154 191 61
36 -338 -391 -521
646 155 166 84
20 -344 -405 -538
327 574 152 677
-172 -236 823 82
318 560 145 665
-156 -239 810 51
321 583 133 665
-177 -218 818 53
336 578 145 657
-162 -196 806 59
529 252 289 -467
252 680 -625 162
547 259 281 -467
253 700 -636 133
564 282 280 -481
255 719 -648 127
559 271 261 -501
260 744 -661 97
-135 -255 -269 166
-735 330 -513 78
-124 -242 -269 152
-745 335 -520 58
-112 -230 -270 139
-723 346 -521 33
-96 -210 -276 121
-738 345 -528 42
-261 255 611 247
853 49 173 505
-253 258 610 244
879 49 176 487
-255 243 587 227
884 44 193 502
-246 251 590 226
856 43 176 514
168 -214 64 -495
-369 -348 3 -862
176 -193 41 -482
-348 -334 4 -874
175 -201 56 -478
-366 -335 4 -879
177 -196 44 -480
-346 -332 6 -860
-232 620 -1016 315
-1225 307 -516 477
-245 594 -1003 329
-1224 297 -510 472
-248 588 -1013 314
-1258 286 -512 488
-257 593 -1002 343
-1256 281 -510 474
-426 38 -1135 516
-371 -867 386 136
-444 43 -1124 527
-392 -855 386 134
-448 16 -1140 530
-411 -861 415 146
-467 33 -1132 536
-437 -889 421 166
503 252 -90 -834
-651 -369 670 -166
481 256 -95 -822
-665 -372 673 -145
472 253 -59 -832
-669 -382 696 -148
475 245 -55 -810
-691 -388 704 -152
125 -72 176 52
116 107 -415 109
113 -79 195 79
103 110 -412 106
104 -79 186 76
114 107 -400 103
89 -105 209 62
98 115 -396 102
-499 -124 -446 202
-18 463 -862 -205
-492 -124 -409 188
-44 439 -868 -187
-492 -114 -420 192
-43 451 -839 -190
-505 -139 -426 215
-37 460 -838 -186
14 -288 801 591
-421 -353 -175 -523
10 -286 818 595
-424 -344 -184 -529
-11 -283 819 593
-419 -345 -149 -534
-8 -283 831 595
-424 -350 -163 -539
62 623 331 -118
261 -418 556 -279
66 632 351 -102
276 -428 574 -276
38 616 334 -122
258 -429 560 -252
45 623 356 -129
245 -405 570 -273
-22 -275 -131 -326
59 310 -155 536
-22 -302 -129 -312
52 315 -155 531
-19 -295 -150 -321
45 320 -155 518
-22 -280 -144 -311
38 309 -152 540
35 91 -72 340
-150 45 -44 226
26 66 -65 334
-156 61 -32 228
5 67 -53 340
-164 68 -45 225
-5 73 -45 320
-175 79 -31 219
48 94 855 109
419 -17 -524 230
25 95 849 129
413 -31 -511 214
31 110 857 119
411 -12 -507 233
6 90 859 101
409 -17 -499 219
-876 137 -282 -564
70 245 209 5
-877 154 -272 -584
47 229 204 4
-883 155 -258 -578
58 254 211 -12
-884 165 -249 -573
39 264 206 2
-743 -770 -1005 -64
-579 647 -36 249
-751 -787 -985 -75
-573 632 -34 250
-749 -782 -977 -53
-580 667 -48 247
-743 -772 -968 -59
-567 665 -23 239
68 205 -71 106
290 -287 226 -117
73 215 -92 109
296 -267 214 -117
71 202 -81 116
310 -272 203 -127
80 233 -74 107
314 -282 221 -117
-700 625 -668 346
449 443 58 478
-680 612 -663 325
453 447 23 458
-679 619 -673 351
441 436 26 441
-653 613 -673 337
471 449 30 463
357 -655 395 152
-432 563 -398 538
358 -673 393 166
-410 553 -395 521
369 -655 365 165
-423 567 -405 538
378 -671 357 150
-424 558 -420 523
-307 -295 -214 -766
-702 252 -200 -51
-310 -324 -221 -763
-672 224 -235 -38
-296 -330 -255 -753
-615 183 -252 -22
-289 -323 -260 -746
-582 146 -261 15
-679 694 661 -188
-1086 930 1865 -810
-583 604 621 -141
-904 783 1752 -701
-478 510 540 -84
-717 609 1598 -583
-357 415 469 -26
-486 451 1460 -455
17295 -4261 1714 -1449
-7359 -137 -1273 7889
17497 -4459 1524 -1260
-7172 -345 -1483 8110
17757 -4684 1282 -1060
-6965 -535 -1710 8339
18010 -4909 1036 -842
-6688 -768 -2016 8573
2456 -1410 -463 -3735
-901 -930 455 1984
2588 -1554 -624 -3560
-851 -1004 336 2099
2729 -1719 -841 -3363
-788 -1114 226 2231
2915 -1862 -1039 -3179
-672 -1173 111 2324
416 -120 2076 -2345
-329 -1443 -103 -587
427 -166 2052 -2271
-344 -1455 -108 -550
483 -200 1999 -2224
-324 -1495 -122 -518
526 -253 1934 -2165
-333 -1512 -143 -507
-1385 -2066 993 -1453
-193 -901 562 506
-1379 -2096 995 -1436
-185 -920 565 515
-1371 -2113 989 -1396
-175 -918 569 544
-1379 -2125 991 -1397
-173 -939 550 562
-711 781 -632 -461
146 684 -332 -772
-691 785 -635 -438
196 708 -336 -777
-681 782 -634 -464
211 703 -372 -796
-652 803 -672 -449
235 746 -390 -819
-595 -655 -341 -34
43 292 -1283 -164
-579 -643 -369 -38
39 330 -1294 -187
-534 -610 -405 -72
80 323 -1307 -195
-534 -591 -422 -89
87 354 -1349 -221
-68 -892 116 579
63 430 -432 -83
-37 -885 78 583
95 455 -441 -82
-19 -847 65 580
128 456 -477 -100
11 -838 23 559
157 488 -488 -106
25 -249 199 -275
-654 31 -509 -121
28 -247 166 -294
-643 31 -507 -129
49 -217 149 -299
-625 40 -538 -144
79 -215 131 -320
-607 33 -544 -153
563 -58 -454 -202
218 -422 -36 69
564 -41 -475 -187
241 -403 -72 70
611 -45 -495 -187
258 -415 -89 66
635 -50 -527 -211
279 -397 -106 69
209 -573 -370 -585
142 309 855 -197
230 -572 -367 -589
158 304 853 -220
231 -578 -408 -583
170 324 856 -228
246 -568 -410 -591
188 313 829 -223
-1129 -367 -148 -393
819 -133 -596 31
-1117 -378 -124 -400
845 -129 -618 28
-1108 -360 -146 -401
850 -129 -630 21
-1103 -344 -171 -399
845 -122 -635 12
-597 -183 471 -201
-5 -497 -226 -412
-576 -195 446 -198
-4 -495 -244 -429
-570 -186 464 -227
-15 -498 -253 -421
-566 -157 456 -220
4 -500 -251 -417
392 -556 73 -486
381 593 673 337
381 -556 67 -483
399 599 669 334
394 -560 76 -478
377 599 657 336
387 -560 72 -475
390 576 686 327
-265 302 -629 454
90 -477 -735 -408
-248 292 -635 442
80 -481 -751 -387
-242 296 -658 448
103 -478 -786 -397
-261 280 -669 445
118 -484 -786 -375
294 -586 286 -779
-217 -200 64 -740
315 -600 271 -767
-224 -234 47 -728
337 -619 249 -754
-197 -255 38 -699
355 -641 232 -738
-167 -268 30 -673
791 -102 -108 1317
136 -126 -403 -403
804 -114 -124 1352
140 -132 -428 -370
811 -162 -166 1355
147 -150 -429 -359
827 -176 -163 1395
181 -188 -450 -336
-495 263 76 91
167 120 440 518
-481 264 61 113
148 116 434 531
-480 251 79 113
164 130 441 533
-464 247 57 145
162 112 432 556
313 435 -559 -10
-131 568 340 34
326 410 -554 17
-123 565 325 33
328 435 -575 14
-130 565 344 45
316 421 -561 12
-122 569 333 35
-293 -531 -212 57
416 -397 340 -71
-268 -540 -196 68
414 -395 349 -67
-268 -540 -217 75
409 -407 364 -34
-285 -550 -208 83
409 -405 356 -31
40 -461 411 184
17 209 346 15
20 -487 408 203
15 236 329 12
37 -485 415 192
9 222 334 3
12 -497 415 211
42 226 325 11
64 -107 -307 -549
-533 -510 37 -238
64 -105 -316 -558
-535 -491 29 -240
61 -106 -322 -531
-495 -491 28 -254
58 -84 -305 -545
-496 -488 21 -249
761 579 -656 -359
202 -105 118 610
783 568 -662 -392
175 -100 114 606
777 579 -661 -383
180 -102 124 604
766 567 -678 -386
192 -93 101 599
-155 -600 66 -75
-456 6 240 163
-156 -607 78 -59
-440 14 222 148
-164 -594 66 -76
-463 -3 225 146
-146 -621 59 -74
-454 -2 231 166
-72 -159 -376 -593
-382 -125 151 -130
-90 -175 -381 -613
-364 -149 160 -114
-81 -189 -367 -581
-380 -136 160 -117
-102 -178 -370 -591
-376 -153 174 -109
-703 -31 -414 340
-493 -198 -174 394
-694 -37 -385 350
-491 -182 -176 395
-713 -34 -385 348
-503 -188 -164 381
-705 -29 -381 352
-505 -173 -160 408
-159 442 -639 -225
-215 -651 -835 -662
-169 447 -622 -228
-232 -636 -852 -674
-166 466 -631 -234
-240 -630 -828 -659
-179 478 -611 -242
-238 -620 -834 -676
-77 -99 175 556
-365 -208 -249 -269
-80 -100 209 550
-362 -198 -238 -274
-75 -104 215 552
-368 -202 -228 -274
-100 -78 207 561
-374 -192 -213 -284
-809 -350 32 -528
-106 257 -278 -94
-797 -356 47 -527
-88 261 -255 -110
-818 -317 30 -545
-95 256 -266 -104
-824 -321 58 -547
-71 255 -268 -118
403 -708 130 -49
558 409 -246 -217
425 -713 125 -46
570 400 -248 -215
445 -697 127 -25
579 424 -297 -209
444 -708 111 -17
604 408 -303 -203
-231 -191 -409 -625
-599 244 -302 892
-196 -190 -444 -616
-580 232 -309 898
-198 -189 -460 -615
-576 226 -301 905
-180 -192 -467 -634
-558 232 -332 881
-16 -553 -904 -457
-305 154 191 -369
-15 -553 -905 -465
-322 135 188 -379
-13 -548 -931 -477
-312 137 199 -349
13 -559 -923 -461
-304 148 206 -347
-10 -65 446 199
-292 -108 -343 -198
-15 -66 450 212
-282 -131 -344 -185
-16 -76 450 227
-272 -140 -346 -203
-22 -79 452 237
-270 -134 -346 -182
-257 185 -656 585
-66 -771 -632 -349
-273 166 -657 572
-61 -785 -642 -365
-249 179 -650 595
-63 -779 -630 -345
-257 159 -681 582
-66 -774 -643 -351
89 478 206 -114
-148 508 295 667
83 462 208 -110
-171 524 293 664
103 458 223 -113
-160 529 295 691
101 477 198 -104
-154 515 302 675
-325 27 -6 155
1124 770 502 37
-318 2 1 151
1147 773 503 43
-335 1 -13 162
1146 781 493 39
-313 7 -17 172
1142 762 512 27
410 -69 116 4
-236 157 120 892
432 -85 115 9
-227 153 133 907
409 -103 110 11
-229 116 128 914
416 -128 116 23
-228 101 118 939
108 743 792 318
724 -301 75 790
102 741 820 334
755 -313 66 811
113 717 817 362
737 -341 73 819
82 692 814 390
759 -340 67 836
415 65 205 49
-306 -6 -31 -792
416 52 204 77
-306 -40 -13 -780
434 34 201 84
-307 -29 -26 -792
432 24 175 83
-297 -32 -42 -774
400 -59 201 523
-186 135 -9 -488
413 -64 228 516
-185 133 -22 -475
409 -68 210 529
-197 146 -31 -469
408 -68 220 515
-175 120 -5 -471
302 -306 -172 -35
-55 -135 527 -320
297 -304 -161 -49
-66 -122 498 -309
305 -301 -181 -37
-67 -133 511 -310
304 -308 -176 -45
-53 -113 492 -330
-395 -181 -125 207
-235 367 -230 189
-385 -163 -118 202
-247 359 -204 200
-377 -188 -140 197
-234 358 -214 190
-376 -169 -138 190
-234 366 -217 198
113 62 -121 -234
-536 -60 -342 -59
128 78 -111 -237
-531 -80 -356 -47
126 54 -94 -250
-540 -60 -334 -51
117 68 -100 -230
-544 -78 -342 -39
560 205 383 543
-174 23 -119 317
525 212 376 542
-159 4 -107 307
536 214 379 563
-159 16 -92 308
535 189 384 555
-167 22 -101 315
-298 69 216 -170
-21 -126 -312 123
-277 85 211 -154
-21 -121 -328 124
-291 77 229 -157
-25 -119 -334 129
-302 99 220 -150
3 -107 -335 127
251 77 86 333
91 41 -298 -442
246 67 79 307
92 68 -304 -462
245 102 73 287
109 68 -315 -477
258 116 55 299
80 96 -308 -505
-589 295 168 -26
-726 112 -1295 353
-602 325 144 -31
-698 107 -1288 331
-614 320 147 -39
-708 119 -1291 332
-595 349 137 -44
-706 138 -1306 324
-374 247 125 -102
649 157 123 136
-365 243 142 -107
654 144 143 142
-390 266 134 -106
622 175 134 148
-382 256 159 -114
631 180 152 120
0 -117 117 244
-368 121 210 -585
-15 -137 114 211
-369 145 229 -586
-11 -114 103 204
-370 144 216 -582
7 -101 106 201
-361 156 223 -609
188 -284 -476 -266
182 -71 1162 -68
194 -281 -447 -264
201 -79 1159 -90
215 -272 -457 -259
239 -116 1136 -70
205 -288 -450 -271
287 -157 1128 -50
-1268 941 564 238
-1660 1212 1064 -1749
-1202 840 507 275
-1551 1078 966 -1636
-1110 767 455 339
-1393 916 845 -1523
-1043 702 414 373
-1247 736 737 -1409
12154 -5669 1136 -829
-11031 2337 -7963 8350
12315 -5855 979 -638
-10876 2136 -8127 8565
12501 -6077 806 -430
-10740 1944 -8289 8787
12690 -6294 613 -226
-10550 1729 -8510 9013
792 -890 -6 -3170
-626 -124 482 4172
867 -1002 -81 -2997
-583 -206 413 4266
960 -1147 -234 -2828
-541 -263 346 4357
1083 -1288 -359 -2660
-494 -330 272 4445
-606 -1460 -335 -4419
-86 -1184 -435 -851
-588 -1485 -350 -4380
-81 -1221 -458 -845
-556 -1519 -403 -4324
-77 -1228 -487 -817
-515 -1551 -449 -4306
-42 -1233 -509 -796
-1085 -967 918 -1216
-251 61 -108 1024
-1095 -994 887 -1200
-236 72 -110 1040
-1092 -991 878 -1181
-190 64 -133 1043
-1039 -995 859 -1164
-187 54 -165 1052
-1097 381 -1077 340
493 -114 334 -1528
-1064 402 -1086 342
534 -102 293 -1547
-1023 401 -1133 336
576 -93 252 -1564
-1008 407 -1160 327
618 -95 243 -1555
-258 -834 -1623 334
-1227 408 -442 -662
-233 -831 -1651 332
-1216 417 -475 -680
-198 -817 -1712 333
-1208 420 -506 -674
-176 -803 -1745 307
-1168 417 -528 -666
-234 -546 -408 -410
-147 3 252 1267
-230 -549 -439 -412
-113 12 232 1266
-197 -533 -459 -398
-105 31 199 1264
-206 -535 -458 -426
-75 17 187 1258
503 838 -1061 -341
523 -734 -286 -52
517 850 -1086 -383
541 -728 -309 -48
531 873 -1110 -386
555 -703 -331 -74
551 866 -1138 -389
575 -676 -356 -97
41 367 -25 -589
936 -745 950 -849
43 382 -46 -635
954 -732 948 -867
68 394 -55 -658
969 -727 943 -881
57 398 -74 -649
954 -712 911 -895
-398 262 85 193
-323 409 -752 -696
-389 262 109 165
-315 416 -738 -720
-396 308 91 145
-328 435 -738 -733
-383 305 90 151
-309 443 -732 -758
25 270 210 108
301 719 210 1198
12 308 187 87
289 744 187 1173
23 308 209 82
295 751 202 1163
7 346 217 61
259 775 220 1144
110 412 570 -56
329 265 -322 205
105 405 582 -65
340 315 -316 179
108 446 592 -96
334 328 -329 161
107 457 584 -111
351 351 -331 146
255 0 9 -990
-26 498 33 460
241 21 -15 -994
0 516 26 462
262 38 -1 -1022
-16 514 37 423
258 60 -31 -1028
-12 534 12 425
-814 -146 -947 131
-153 -487 402 -65
-813 -148 -938 120
-147 -490 418 -52
-791 -161 -937 114
-157 -481 390 -69
-793 -134 -930 109
-149 -471 408 -67
-254 -423 -2 -18
-593 -197 -1032 160
-250 -397 -3 -28
-591 -183 -1033 145
-239 -400 -3 -52
-584 -166 -1038 138
-230 -380 -7 -36
-581 -185 -1045 122
-550 180 -31 -739
894 279 718 -508
-528 170 -36 -758
905 293 723 -524
-541 182 -50 -738
907 298 693 -542
-523 181 -54 -754
923 296 703 -526
-792 98 -502 810
391 748 -463 249
-767 92 -533 822
397 739 -457 231
-763 105 -529 804
415 740 -478 230
-746 103 -565 796
412 745 -516 208
53 259 -365 474
-1049 566 -583 -370
86 270 -357 454
-1061 595 -579 -381
82 290 -359 456
-1038 583 -588 -375
89 300 -365 459
-1063 611 -578 -390
504 -36 114 574
-862 -583 316 -349
508 -35 129 586
-889 -548 297 -356
501 -17 121 575
-888 -563 318 -344
509 -32 112 548
-893 -561 311 -363
245 -90 -11 373
61 286 512 -650
247 -87 -10 359
73 274 487 -643
254 -61 12 342
76 286 495 -676
268 -62 5 339
79 310 503 -663
925 -706 -394 -638
-523 273 -314 166
935 -694 -410 -645
-539 279 -302 192
932 -696 -422 -629
-521 257 -307 183
968 -688 -429 -646
-516 279 -336 175
-52 358 182 319
122 -33 146 287
-44 349 173 347
128 -26 135 300
-21 360 150 343
135 -67 149 331
-47 332 155 353
136 -56 149 340
122 -121 -387 387
110 66 158 212
108 -134 -412 402
102 38 168 227
98 -125 -391 410
83 25 156 205
112 -136 -406 423
73 30 163 226
235 -174 63 -68
57 -225 861 551
219 -173 73 -55
46 -243 887 547
222 -202 68 -60
38 -280 882 558
220 -199 91 -59
21 -268 884 563
13 45 189 -170
-121 -100 -73 -254
10 18 222 -160
-120 -124 -69 -256
2 20 207 -165
-155 -132 -44 -251
4 5 209 -167
-153 -147 -41 -212
-171 -481 -217 604
-21 279 -342 72
-169 -494 -216 640
-29 274 -342 89
-178 -501 -202 646
-29 259 -321 103
-179 -523 -203 660
-50 255 -317 92
1 383 376 788
-209 -401 -130 81
-30 368 399 800
-231 -388 -108 93
-22 365 404 784
-232 -388 -102 88
-48 375 403 809
-248 -383 -86 50
-491 -14 -576 -808
-280 60 72 -497
-489 12 -567 -841
-285 61 73 -486
-486 18 -539 -842
-273 63 71 -496
-478 31 -540 -848
-275 70 70 -512
23 -115 282 564
124 -104 -344 -377
27 -124 274 556
144 -95 -363 -360
15 -96 278 556
113 -92 -356 -371
35 -102 265 545
133 -106 -354 -368
-465 -315 32 228
385 -25 258 -437
-452 -296 39 227
390 3 259 -441
-450 -296 34 242
405 -12 230 -419
-468 -303 34 236
408 -15 237 -430
285 -84 -469 -69
166 75 1057 264
279 -65 -476 -82
167 68 1044 263
274 -44 -489 -64
176 86 1030 248
300 -30 -489 -69
181 80 1013 252
-351 223 -623 -563
916 -526 162 -96
-331 219 -629 -548
901 -524 132 -102
-331 228 -655 -574
913 -508 143 -116
-315 239 -668 -568
928 -504 125 -99
-226 370 594 99
-136 -186 -76 -25
-216 380 574 72
-146 -173 -72 -20
-234 384 591 72
-138 -172 -75 -8
-231 372 570 83
-153 -172 -67 -19
246 -268 -213 -16
-176 143 -39 -216
237 -289 -192 -3
-194 138 -38 -223
234 -291 -204 -18
-186 144 -29 -213
223 -279 -178 -20
-213 143 -24 -227
-84 255 197 247
81 86 371 111
-95 266 209 240
81 97 371 105
-95 247 213 248
75 84 401 93
-112 267 233 238
84 88 403 117
1105 427 -233 196
-285 340 216 -128
1111 440 -249 176
-308 346 209 -114
1116 435 -265 196
-295 366 213 -128
1119 447 -254 179
-290 376 218 -119
-534 29 -652 112
345 -922 285 -405
-550 27 -664 93
352 -945 264 -421
-528 56 -651 109
363 -948 263 -397
-534 52 -676 89
359 -947 274 -402
-333 -708 193 -662
242 -29 -439 -296
-314 -714 199 -661
254 -27 -445 -312
-307 -679 190 -655
238 -35 -434 -302
-311 -683 159 -662
267 -38 -445 -317
-489 -417 -190 -5
-164 -442 157 -303
-484 -416 -206 -18
-130 -451 131 -297
-468 -405 -219 -8
-131 -424 124 -310
-455 -419 -213 -14
-126 -430 117 -328
310 -620 -529 -900
-213 328 -836 -55
320 -615 -541 -900
-214 335 -860 -58
328 -609 -543 -910
-198 346 -871 -62
325 -607 -564 -912
-206 363 -868 -65
-350 571 273 150
505 -453 602 -619
-341 577 279 136
516 -459 603 -622
-322 550 251 115
502 -455 590 -602
-317 547 260 133
516 -477 594 -599
-48 -646 -582 -59
-323 -481 75 -397
-49 -659 -578 -38
-331 -475 93 -373
-65 -672 -567 -42
-337 -493 87 -391
-63 -686 -568 -42
-344 -490 102 -367
157 544 -12 79
-950 -95 460 92
142 543 -13 79
-963 -99 458 107
153 533 -5 86
-939 -86 463 93
136 535 -5 87
-958 -83 467 104
260 18 -487 -565
411 -17 161 -16
250 16 -489 -574
407 -30 160 -31
238 7 -471 -558
405 -22 159 -34
240 21 -474 -578
410 -40 183 -24
753 15 294 50
424 -249 787 652
767 19 302 76
447 -247 787 645
758 16 294 52
436 -250 782 667
743 14 320 80
418 -236 786 678
-558 -23 -45 -3
763 106 488 -69
-557 -22 -48 16
755 105 489 -73
-573 -46 -37 26
761 116 509 -77
-558 -36 -16 14
751 117 516 -85
252 19 -23 88
192 175 38 91
262 23 -17 87
183 177 67 83
268 -3 -41 104
197 191 59 77
263 12 -31 99
195 190 62 96
308 -154 363 -483
-164 -432 -140 68
326 -134 354 -492
-146 -432 -141 51
310 -153 360 -484
-146 -423 -130 62
329 -135 350 -493
-162 -437 -139 53
129 64 -140 -228
-599 924 104 32
129 53 -127 -213
-587 919 92 40
134 46 -138 -226
-573 890 74 59
127 46 -113 -240
-530 854 77 51
-239 412 108 -537
-444 1454 1267 -645
-174 336 84 -484
-370 1299 1181 -559
-111 260 30 -452
-243 1179 1105 -450
-52 188 -6 -393
-118 1008 1003 -337
7023 -8213 1571 -1811
-9112 6369 -11715 9046
7119 -8371 1456 -1644
-9044 6232 -11822 9197
7266 -8552 1328 -1482
-8958 6096 -11904 9351
7382 -8733 1204 -1314
-8853 5931 -12066 9527
-1744 989 1345 -1194
-1204 1759 -193 4755
-1749 916 1303 -1091
-1190 1722 -212 4798
-1719 810 1237 -965
-1190 1702 -204 4856
-1675 746 1184 -856
-1210 1682 -236 4907
1303 -1620 -123 -2867
225 -214 864 -1242
1288 -1620 -103 -2868
202 -218 858 -1223
1284 -1631 -116 -2849
221 -245 854 -1214
1307 -1643 -112 -2860
208 -269 867 -1205
-832 1154 809 -299
-229 -274 -673 2038
-816 1159 792 -289
-209 -289 -685 2056
-803 1121 795 -282
-188 -305 -700 2063
-792 1117 804 -267
-152 -329 -719 2097
1120 -172 410 386
-874 182 -136 -1265
1153 -157 377 409
-851 164 -135 -1261
1188 -172 343 422
-837 177 -175 -1244
1184 -187 329 440
-816 172 -196 -1240
-361 -209 -612 349
707 251 106 -716
-340 -200 -642 313
724 261 90 -719
-359 -180 -650 317
725 266 91 -754
-332 -183 -682 311
704 293 103 -743
-109 322 -333 988
-552 453 -80 413
-104 325 -320 991
-560 485 -60 388
-109 337 -328 965
-565 528 -65 354
-125 358 -302 937
-577 526 -63 343
148 653 726 287
313 -868 -1172 -911
136 686 724 252
347 -860 -1185 -923
141 708 719 245
335 -832 -1182 -967
141 742 720 217
331 -814 -1183 -984
-444 198 -115 -521
564 383 -12 106
-427 233 -109 -549
553 388 -12 84
-422 239 -114 -566
588 404 -33 66
-433 243 -137 -577
573 417 -26 52
-428 -13 -31 -34
490 325 238 -605
-414 -1 -38 -64
495 335 234 -631
-409 17 -23 -69
529 331 244 -628
-406 26 -26 -70
546 337 212 -652
-743 188 -184 528
380 1037 -398 1007
-742 172 -208 518
393 1010 -439 1005
-709 175 -226 525
417 1027 -445 1003
-703 194 -255 527
428 1010 -459 1025
127 643 657 542
-237 19 -1251 321
145 635 653 530
-217 33 -1270 306
171 637 622 531
-208 -1 -1294 312
167 635 615 543
-199 5 -1284 327
642 266 306 -400
-406 -309 202 -87
642 269 304 -388
-401 -327 173 -57
661 261 272 -393
-403 -346 171 -53
663 252 278 -378
-399 -367 142 -47
4 -25 -649 612
7 -372 -712 436
21 -24 -653 625
1 -384 -722 465
35 -45 -657 647
19 -383 -720 489
32 -68 -677 672
22 -414 -731 508
-421 720 48 458
137 -220 -179 -157
-445 709 26 495
121 -223 -179 -157
-445 705 15 502
121 -242 -171 -153
-449 698 33 518
102 -247 -173 -153
41 289 808 -251
61 -538 331 -669
28 300 831 -246
66 -534 358 -656
17 305 826 -263
58 -536 342 -668
5 286 853 -266
37 -537 359 -648
-464 -113 -886 -285
-75 -169 91 8
-450 -105 -887 -272
-71 -148 108 25
-475 -87 -896 -290
-93 -156 96 32
-475 -120 -892 -279
-87 -167 91 23
-192 164 -140 213
328 247 94 -373
-221 167 -147 201
329 251 88 -385
-216 166 -141 199
324 246 103 -394
-211 163 -140 198
321 248 120 -405
436 -341 957 -377
74 296 -168 -60
440 -349 959 -365
70 319 -166 -64
444 -335 965 -385
77 316 -167 -57
460 -337 968 -374
50 319 -149 -76
-271 -357 -460 -463
133 427 -657 126
-269 -327 -480 -469
119 421 -642 133
-281 -345 -471 -474
121 411 -658 126
-288 -352 -457 -486
106 387 -641 150
-118 -154 808 99
143 -603 309 -4
-125 -182 805 109
144 -635 280 38
-133 -195 830 136
151 -655 298 46
-133 -206 829 138
143 -672 302 52
-128 230 -463 205
515 28 144 443
-124 225 -462 223
523 16 152 432
-131 205 -486 222
520 6 138 454
-135 205 -480 263
513 -9 154 475
-689 149 433 -755
319 -1086 -479 -741
-701 150 451 -766
320 -1100 -481 -728
-687 128 458 -743
347 -1099 -480 -720
-693 131 453 -758
337 -1121 -454 -705
-326 -41 -566 635
397 30 -78 -417
-313 -47 -537 656
384 11 -92 -412
-311 -47 -556 647
396 19 -66 -400
-322 -67 -566 679
376 34 -75 -414
-816 185 -458 195
-1074 62 -575 420
-827 181 -447 200
-1071 60 -563 405
-837 177 -438 200
-1058 79 -554 402
-842 178 -457 197
-1084 62 -555 392
159 132 62 121
429 -132 166 440
141 132 45 141
435 -124 157 418
158 128 64 112
447 -102 167 419
144 134 56 108
445 -87 190 394
87 -177 431 -1101
262 457 -204 -142
88 -132 414 -1116
254 474 -213 -156
88 -156 427 -1125
280 505 -187 -189
87 -133 416 -1159
289 526 -202 -202
605 -143 -130 120
-707 445 -117 140
616 -134 -151 99
-697 466 -116 135
626 -129 -150 104
-729 460 -119 117
604 -111 -156 79
-729 484 -108 136
-112 555 -24 -66
-522 68 -704 585
-144 548 -21 -77
-510 63 -699 578
-127 582 -34 -81
-527 70 -689 588
-130 580 -16 -97
-515 69 -692 577
794 -375 895 33
218 -551 178 -88
792 -365 871 15
222 -554 187 -106
798 -355 899 23
231 -538 166 -79
797 -349 880 4
223 -547 177 -93
172 467 -46 12
366 -153 726 239
157 473 -42 7
384 -147 716 225
186 479 -37 1
380 -149 713 219
179 484 -62 -1
402 -149 701 211
-179 -35 -410 -674
676 -680 -74 -774
-152 -30 -421 -687
678 -674 -82 -764
-157 -15 -441 -683
682 -652 -85 -767
-139 -22 -457 -692
694 -653 -124 -779
-218 -40 224 399
-427 596 -428 60
-222 -66 222 405
-435 584 -444 74
-218 -55 219 392
-422 586 -422 76
-192 -56 222 417
-432 591 -444 80
-73 240 507 -531
333 -628 15 292
-87 249 516 -560
332 -633 6 294
-88 266 520 -551
328 -605 23 281
-104 264 534 -559
325 -606 14 259
-322 -645 166 -694
86 166 -301 -492
-337 -647 167 -695
70 173 -305 -494
-340 -615 168 -697
69 189 -289 -509
-358 -614 172 -704
56 204 -296 -517
176 224 -362 317
-477 57 80 243
169 253 -365 326
-478 62 76 240
147 256 -358 321
-508 64 94 244
145 260 -366 318
-508 70 88 245
-693 19 -280 -563
-65 -511 -430 274
-697 25 -271 -573
-56 -519 -426 272
-715 12 -268 -577
-80 -510 -399 265
-715 18 -261 -591
-97 -523 -407 268
-51 -409 183 51
81 359 -97 -613
-50 -420 186 60
62 354 -91 -611
-83 -393 190 46
72 358 -69 -622
-83 -405 198 56
56 360 -64 -625
