10 17 0 0
96 171 -40 -69
10 17 0 0
81 155 -27 -52
9 17 0 0
57 122 -25 -52
8 17 0 0
45 104 -15 -35
428 792 -215 -390
2360 4318 -873 -1628
336 685 -172 -343
1822 3666 -686 -1413
253 570 -126 -277
1356 3006 -514 -1171
191 471 -93 -226
962 2349 -370 -936
-966 -2584 10290 16591
2686 1217 715 1461
-600 -2677 9675 16722
2802 1192 498 1528
-230 -2745 9002 16781
2902 1147 314 1587
107 -2765 8353 16817
2970 1133 155 1611
3217 3137 -48 1100
814 926 15 491
3275 3158 -100 1125
872 958 -12 472
3297 3187 -159 1129
872 1000 -35 483
3278 3174 -183 1146
905 1021 -19 456
148 -1498 150 -1442
-189 -836 -310 387
179 -1489 140 -1465
-125 -859 -353 412
244 -1464 105 -1458
-59 -905 -409 398
288 -1463 57 -1488
-33 -959 -438 420
-9 -89 17 188
-2 -17 4 43
-1 -82 4 174
-1 -17 1 39
6 -72 -10 155
1 -16 -2 34
8 -61 -15 133
1 -15 -3 31
0 -2 1 8
0 0 0 1
0 -1 1 5
0 0 0 0
0 -2 0 5
0 0 0 0
0 -2 0 5
0 0 0 0
0 0 0 0
0 0 0 0
0 0 0 0
0 0 0 0
0 0 0 0
0 0 0 0
0 0 0 0
0 0 0 0
0 0 0 0
0 0 0 0
0 0 0 0
0 0 0 0
0 0 0 0
0 0 0 0
0 0 0 0
0 0 0 0
0 0 0 0
-5 -1 2 0
0 0 0 0
-3 -1 1 0
0 0 0 0
-3 -2 1 1
0 0 0 0
-2 -2 1 1
-37 -11 14 4
-184 -56 109 29
-25 -11 9 4
-150 -57 79 30
-19 -13 7 5
-116 -22 65 34
-13 -11 5 4
-64 -12 49 30
-493 -12 309 63
-952 506 715 -149
-403 -4 253 40
-773 517 554 -165
-267 22 153 24
-585 596 409 -186
-202 71 113 27
-444 663 291 -227
20780 6489 1150 -1469
-5011 3736 -1113 15199
20992 6541 973 -1518
-4846 3805 -1298 15131
21148 6635 757 -1553
-4689 3900 -1468 15038
21320 6725 603 -1651
-4571 3998 -1624 14925
-285 1057 -618 -924
151 -1333 1425 -602
-191 1159 -741 -1005
183 -1250 1365 -656
-98 1233 -871 -1099
227 -1219 1334 -694
-25 1297 -962 -1202
262 -1200 1256 -766
1982 -865 1564 -192
-2247 -2154 -1407 -730
2022 -845 1562 -197
-2237 -2190 -1432 -743
2031 -836 1563 -229
-2240 -2196 -1449 -722
2057 -835 1531 -262
-2212 -2205 -1468 -731
-349 448 990 -935
128 -1081 -585 495
-350 441 986 -919
121 -1091 -604 510
-342 403 952 -911
113 -1109 -597 536
-316 397 960 -900
147 -1129 -625 562
-712 -606 -728 -841
-190 1639 754 281
-695 -616 -723 -820
-178 1650 761 301
-714 -654 -725 -829
-206 1630 777 324
-712 -676 -691 -791
-204 1617 803 313
661 600 -790 36
932 -538 242 -119
641 624 -765 60
923 -539 241 -143
628 623 -763 51
911 -552 272 -129
609 612 -733 74
896 -531 275 -134
-1010 941 279 -311
644 192 -191 -136
-1010 929 262 -321
643 196 -174 -127
-999 946 291 -320
651 197 -188 -123
-1019 937 290 -334
657 193 -195 -118
1231 -847 -672 648
286 524 5 -409
1245 -854 -669 649
305 521 1 -394
1266 -862 -674 653
329 491 -7 -383
1289 -848 -683 671
361 490 -52 -368
-221 1051 81 459
-645 -389 1221 107
-193 1046 65 476
-650 -407 1207 104
-197 1048 41 495
-660 -423 1202 129
-172 1014 19 506
-633 -437 1198 129
368 -931 -587 -1151
295 -411 674 -155
357 -919 -569 -1155
305 -396 654 -139
357 -944 -586 -1134
302 -426 665 -117
359 -975 -582 -1112
301 -414 673 -124
-948 -229 -9 -161
24 -99 -309 -573
-959 -248 8 -150
31 -116 -307 -573
-940 -237 4 -155
37 -106 -310 -569
-952 -253 -4 -142
46 -121 -311 -569
-276 513 -415 392
752 -298 -159 -421
-280 511 -410 411
757 -298 -169 -413
-281 514 -435 398
758 -290 -179 -442
-246 490 -429 412
734 -290 -168 -436
-526 -161 174 263
337 -44 890 346
-524 -168 177 272
358 -38 904 345
-526 -195 155 268
343 -61 886 369
-536 -201 167 278
359 -84 910 363
95 84 -285 341
-74 981 -723 310
77 73 -274 323
-99 971 -710 317
85 55 -281 343
-76 965 -734 327
67 68 -266 368
-63 963 -721 331
29 -223 -252 308
904 -274 773 -251
42 -206 -268 303
914 -253 748 -263
31 -219 -268 292
918 -259 759 -280
42 -204 -258 316
931 -246 733 -257
-150 -347 178 -539
-534 -231 -636 -658
-147 -330 168 -551
-523 -223 -642 -673
-114 -351 166 -535
-514 -185 -656 -676
-104 -333 152 -546
-501 -182 -668 -659
-412 824 -167 -326
175 -243 -42 -73
-391 838 -155 -348
177 -255 -39 -75
-393 843 -183 -336
187 -241 -38 -93
-369 859 -176 -358
195 -223 -40 -88
26 -300 536 68
-486 -659 147 -371
30 -295 515 73
-477 -660 157 -362
23 -291 527 43
-466 -660 137 -384
61 -282 507 44
-491 -658 141 -378
120 -220 431 -617
493 -301 -405 456
126 -217 424 -610
485 -299 -421 446
130 -210 418 -638
503 -305 -430 440
133 -209 418 -634
489 -282 -444 442
68 -239 -247 -393
-207 168 318 321
71 -239 -218 -373
-198 177 328 317
51 -236 -230 -382
-222 182 335 317
51 -234 -231 -392
-215 187 316 317
-67 514 324 -418
48 -41 -296 -192
-73 505 334 -406
36 -38 -268 -210
-84 504 351 -425
5 -36 -278 -199
-90 499 364 -413
1 -38 -253 -184
-435 -437 -411 -669
-97 141 -46 296
-444 -446 -422 -689
-131 160 -56 307
-454 -438 -403 -667
-128 185 -29 286
-468 -422 -385 -679
-121 168 -35 294
-328 -85 -406 -321
-95 52 239 -270
-316 -84 -414 -324
-78 40 229 -270
-334 -88 -403 -325
-97 52 222 -262
-347 -60 -396 -348
-118 80 245 -293
-188 12 -405 49
-319 152 256 334
-198 3 -405 56
-332 160 281 331
-183 32 -391 34
-341 174 305 319
-205 33 -381 33
-353 186 306 342
101 289 -69 108
150 170 -168 89
116 283 -58 104
149 206 -144 67
95 286 -51 94
120 199 -152 70
78 284 -44 120
125 190 -125 77
-393 417 -709 307
231 342 172 605
-419 414 -717 327
216 329 169 596
-408 415 -719 324
210 345 191 622
-408 442 -691 327
236 330 188 613
228 136 370 254
-254 624 287 -424
223 128 345 243
-233 625 263 -423
221 145 349 267
-217 620 269 -425
255 137 349 257
-230 617 266 -426
-199 -26 -288 674
183 -113 -123 -233
-192 -38 -300 685
184 -121 -137 -229
-187 -48 -309 668
186 -125 -150 -229
-184 -32 -315 687
190 -132 -163 -229
-28 -529 -453 16
-135 383 -29 -219
-17 -505 -466 22
-120 384 -11 -219
-15 -514 -477 18
-108 390 -21 -218
-6 -493 -494 22
-124 398 -39 -220
-1124 -270 85 -803
524 901 -244 864
-1128 -254 96 -793
538 906 -218 841
-1100 -262 85 -790
541 901 -240 857
-1106 -276 72 -789
537 902 -255 839
-249 -1222 146 -85
162 -209 -534 -37
-231 -1217 128 -65
170 -215 -537 -45
-217 -1206 140 -75
179 -227 -539 -23
-228 -1201 117 -85
160 -232 -545 -28
-241 -175 -311 -664
176 -302 693 39
-245 -189 -310 -665
182 -312 690 32
-242 -173 -310 -658
181 -321 719 23
-247 -186 -308 -663
189 -310 717 58
-335 581 271 91
66 226 8 -356
-321 599 278 86
66 208 26 -349
-341 578 253 79
70 227 13 -363
-333 599 262 75
74 216 0 -358
290 -145 160 -340
690 118 111 848
293 -135 152 -343
698 120 114 857
300 -153 144 -360
681 100 107 863
303 -158 134 -329
689 105 108 848
-583 703 621 -201
-10 137 -684 278
-572 719 605 -212
-13 127 -707 299
-565 689 623 -192
6 147 -692 301
-557 703 610 -207
0 140 -714 290
-146 -709 -140 84
-2 957 -604 391
-138 -700 -138 106
0 964 -595 376
-130 -707 -138 84
0 946 -584 381
-127 -700 -135 107
3 957 -606 364
-291 257 430 20
174 -155 -101 -79
-299 274 428 15
174 -167 -86 -94
-276 258 434 38
177 -161 -75 -62
-292 275 438 28
177 -150 -89 -68
-159 734 -255 965
83 -57 275 128
-173 721 -242 967
65 -65 263 152
-184 702 -230 974
72 -69 290 142
-196 723 -248 980
53 -70 280 156
-4 -51 -52 203
242 -36 225 189
0 -37 -52 203
250 -6 244 204
1 -59 -55 195
237 -8 226 188
2 -51 -54 225
245 -48 248 200
924 339 -293 -274
-40 186 1044 14
932 345 -284 -266
-57 150 1038 40
910 340 -278 -249
-47 152 1044 45
927 333 -306 -227
-63 156 1038 49
-175 715 364 175
-127 -217 -483 59
-187 734 359 176
-122 -221 -467 54
-198 728 347 163
-145 -226 -462 51
-182 719 378 180
-138 -232 -455 49
56 -129 109 -190
185 138 965 241
37 -118 117 -175
161 123 945 246
19 -141 132 -166
156 130 965 265
30 -129 145 -154
153 111 984 269
-159 -645 232 234
347 -596 -1022 -78
-191 -641 245 263
319 -622 -1010 -53
-192 -643 264 260
334 -610 -1001 -54
-185 -643 281 258
309 -639 -969 -56
90 175 411 -202
-492 249 568 914
113 146 413 -178
-501 248 602 905
95 129 437 -161
-506 244 611 924
72 137 435 -166
-511 249 592 909
-411 -82 -346 -105
547 -20 51 -658
-435 -73 -358 -106
546 -7 60 -682
-439 -60 -333 -111
550 -4 36 -674
-432 -71 -341 -123
547 8 40 -669
161 488 150 -53
252 3 660 752
165 480 157 -44
230 8 659 741
167 509 164 -58
244 18 663 726
158 510 176 -53
257 19 644 746
444 -61 -341 274
153 -694 -526 390
484 -59 -353 275
169 -702 -517 376
483 -51 -342 272
175 -716 -528 393
462 -56 -370 276
177 -699 -511 391
137 80 525 -1004
-471 -32 -929 -322
134 94 541 -991
-490 -48 -942 -313
163 70 535 -980
-476 -32 -957 -323
167 87 524 -975
-468 -51 -938 -314
-809 -486 -337 247
-217 -303 138 -750
-794 -486 -328 244
-151 -307 108 -761
-772 -480 -327 238
-149 -284 110 -739
-797 -480 -321 240
-100 -279 97 -754
-673 -330 -348 -434
-1180 971 497 -507
-574 -321 -415 -406
-996 985 336 -532
-437 -332 -488 -452
-803 1007 206 -541
-373 -294 -530 -440
-674 1092 109 -570
23973 7224 2348 -1771
-6355 1869 159 18519
24168 7260 2134 -1796
-6221 1910 -38 18452
24321 7303 1959 -1804
-6121 1980 -172 18414
24447 7374 1823 -1888
-6049 2051 -258 18332
1799 1674 -1694 195
3396 1546 1133 -911
1874 1769 -1780 167
3432 1619 1104 -943
1901 1818 -1866 60
3443 1668 1084 -1007
1909 1919 -1867 -10
3417 1735 1067 -1080
2262 303 0 796
-3381 -1952 -1105 -1037
2261 367 6 745
-3361 -1936 -1128 -1066
2256 373 -10 717
-3352 -1905 -1116 -1086
2285 426 17 650
-3315 -1901 -1129 -1124
499 -211 483 1206
511 -1346 -80 212
521 -198 458 1219
517 -1334 -97 223
540 -185 436 1201
558 -1321 -111 202
560 -179 411 1188
563 -1316 -135 189
-750 498 -567 -250
1264 1952 147 -1475
-744 497 -574 -261
1298 1977 124 -1525
-737 542 -587 -271
1308 1998 95 -1519
-694 552 -618 -276
1318 2029 92 -1547
-368 246 -733 677
384 582 415 917
-341 267 -737 623
366 604 442 899
-359 304 -738 614
376 637 451 851
-373 309 -745 601
358 664 454 844
-1710 2184 128 368
-127 55 -163 -240
-1746 2215 139 315
-143 101 -149 -267
-1753 2249 153 284
-149 110 -146 -303
-1763 2253 173 249
-154 147 -139 -331
785 -434 -518 -104
815 61 479 -409
799 -429 -516 -124
831 68 486 -438
819 -391 -518 -137
813 73 486 -441
810 -382 -533 -186
841 82 456 -477
-1102 365 473 743
25 224 542 231
-1102 376 469 737
9 213 537 236
-1101 381 441 734
29 241 535 214
-1103 395 438 725
12 234 532 217
745 -4 950 92
-86 -642 -613 139
748 -18 945 78
-109 -656 -620 121
747 -1 968 93
-105 -651 -622 138
725 -16 956 77
-106 -639 -592 125
-540 114 151 -35
658 628 157 355
-514 115 160 -24
669 617 174 377
-524 113 163 -43
690 640 163 373
-539 112 172 -35
675 642 149 359
438 -144 -190 -160
324 -499 -22 -25
423 -145 -216 -149
330 -479 -30 -27
437 -136 -207 -178
339 -493 -45 -39
457 -131 -229 -175
354 -483 -63 -41
-452 -413 323 670
-162 58 -115 -614
-440 -431 314 674
-158 69 -125 -588
-458 -427 296 694
-149 48 -135 -601
-444 -442 315 674
-179 28 -120 -583
236 11 -174 473
-458 725 524 64
247 7 -172 491
-459 696 527 64
256 0 -141 486
-456 685 531 76
231 -7 -141 513
-450 650 510 114
593 -37 -275 123
-295 -41 -541 -8
583 -59 -304 135
-296 -64 -560 15
606 -57 -300 125
-267 -53 -547 9
600 -86 -303 144
-274 -80 -569 38
-60 437 717 262
-340 408 -181 -223
-52 415 699 272
-358 431 -163 -244
-56 437 715 278
-372 414 -174 -248
-58 423 706 286
-363 428 -144 -242
287 -74 -24 151
437 -245 -461 -459
301 -64 -15 157
439 -242 -456 -490
285 -56 -16 139
438 -221 -445 -511
298 -41 -9 117
446 -203 -474 -504
287 411 224 116
183 -599 839 2
274 409 206 131
182 -620 828 18
291 405 196 116
185 -610 814 11
306 432 183 105
213 -628 809 -5
-13 781 71 44
252 -326 -361 7
15 766 59 47
266 -340 -383 14
15 788 37 47
263 -349 -367 16
41 780 21 45
274 -363 -388 21
83 565 -429 210
-48 -882 80 263
79 543 -431 204
-54 -908 68 272
103 545 -451 234
-37 -902 61 285
92 523 -449 227
-17 -903 59 299
345 -219 -164 367
67 446 -427 96
349 -247 -151 363
76 436 -409 92
352 -250 -170 392
83 420 -422 89
361 -277 -160 390
60 409 -410 116
293 -161 161 -607
298 939 766 76
283 -179 162 -591
278 948 791 67
268 -161 136 -600
260 962 789 51
276 -175 152 -585
272 964 790 71
-21 -441 102 242
-211 -319 303 108
-53 -446 108 251
-227 -300 335 102
-64 -444 119 257
-238 -322 331 122
-71 -448 128 238
-249 -309 329 117
181 -267 -453 -281
322 -557 660 -255
153 -269 -452 -256
334 -537 663 -253
164 -268 -452 -257
314 -556 684 -256
167 -266 -451 -264
329 -542 682 -253
277 198 218 -647
589 -14 486 107
278 204 213 -627
603 -25 473 120
278 207 214 -632
615 -33 458 104
285 220 207 -645
624 -44 475 118
519 83 289 398
-461 882 -565 499
520 63 286 389
-441 879 -593 510
529 73 280 387
-436 879 -590 518
537 50 276 383
-403 874 -582 530
439 -20 1114 611
418 407 -807 99
470 -22 1123 618
420 393 -808 102
470 -29 1103 626
427 371 -843 109
474 -40 1083 640
467 385 -845 121
-63 -179 18 -409
361 -71 -562 -216
-32 -184 10 -394
373 -66 -578 -217
-28 -188 -9 -410
387 -102 -593 -222
-22 -195 -29 -400
400 -99 -612 -222
-233 -48 938 -518
-55 127 -122 632
-242 -82 920 -507
-33 102 -117 633
-224 -86 940 -515
-50 110 -120 635
-233 -86 924 -501
-65 116 -121 668
-301 86 294 234
67 351 117 256
-326 83 324 239
67 347 142 253
-316 81 336 238
40 365 155 258
-345 83 345 238
49 361 146 252
-549 298 41 342
520 -213 -311 304
-552 295 41 347
521 -232 -314 310
-560 324 45 326
512 -224 -312 318
-566 312 76 332
505 -213 -279 300
-119 -159 -333 266
101 -232 53 -879
-140 -168 -311 283
86 -220 60 -900
-125 -157 -311 256
79 -233 59 -904
-142 -152 -319 265
63 -245 66 -907
-285 553 689 -592
379 -1057 -564 739
-273 558 681 -608
366 -1056 -589 743
-258 557 701 -588
380 -1062 -576 757
-278 553 692 -573
397 -1073 -594 742
898 -194 471 155
-814 -51 -403 -255
893 -193 462 172
-791 -66 -410 -248
890 -199 451 193
-778 -43 -418 -266
930 -195 438 184
-785 -56 -409 -260
-382 294 -544 -747
-291 -21 7 195
-376 294 -538 -743
-275 -44 22 167
-368 270 -562 -752
-288 -42 1 182
-361 273 -555 -750
-279 -40 16 195
243 13 786 -11
-386 -54 -78 -108
228 15 796 -13
-390 -56 -62 -107
238 17 817 -16
-390 -64 -80 -103
229 22 798 -21
-392 -62 -66 -103
96 -66 -64 -258
-273 -676 -162 92
108 -88 -30 -248
-257 -686 -169 71
101 -69 -39 -266
-274 -698 -180 76
97 -87 -47 -258
-265 -685 -157 95
-152 271 171 -160
-494 395 110 482
-155 266 173 -156
-486 386 117 464
-126 271 183 -154
-504 381 115 474
-126 269 154 -150
-491 397 120 495
237 309 -265 48
-50 26 -91 -550
249 321 -273 39
-42 10 -97 -574
262 303 -280 55
-42 24 -100 -559
281 319 -295 45
-37 7 -109 -584
-588 -460 291 -208
-553 -72 -533 -340
-580 -453 309 -224
-540 -77 -522 -349
-575 -447 299 -212
-530 -91 -540 -325
-561 -445 285 -228
-520 -65 -533 -329
25 -700 410 -193
-157 520 246 -229
6 -693 421 -178
-181 527 272 -218
16 -709 408 -200
-189 512 262 -214
20 -699 429 -188
-164 531 256 -209
-132 244 -586 396
-526 -98 -73 138
-118 246 -604 374
-516 -101 -64 148
-112 244 -597 387
-502 -131 -84 152
-127 209 -601 392
-528 -138 -75 171
-294 -461 -779 100
-793 319 132 -306
-295 -473 -769 98
-773 331 144 -283
-292 -491 -764 133
-778 309 148 -265
-288 -505 -784 136
-794 288 159 -249
88 -143 -114 463
404 147 -152 -256
68 -147 -124 462
425 135 -154 -233
82 -162 -93 470
410 125 -132 -238
95 -179 -91 481
405 145 -145 -238
194 352 239 -21
-77 -456 -197 290
196 321 241 -10
-54 -456 -215 292
210 325 213 5
-56 -448 -214 285
215 340 218 -21
-24 -449 -237 309
686 -194 -10 150
650 29 819 -79
693 -177 -47 140
645 21 796 -56
697 -199 -50 153
664 25 814 -62
703 -181 -60 143
659 31 791 -44
-92 159 567 -215
345 310 607 396
-80 171 554 -234
334 328 611 405
-75 178 541 -225
365 331 587 374
-36 160 532 -224
356 322 590 380
465 228 201 245
-148 -179 -203 270
468 245 195 229
-118 -162 -213 295
476 225 208 239
-112 -174 -236 288
490 241 193 224
-113 -183 -226 275
33 -11 -329 416
-922 -183 -209 331
60 -10 -361 417
-845 -208 -277 330
88 -13 -363 421
-804 -201 -306 336
120 -13 -397 422
-743 -189 -337 338
-277 140 254 123
-1932 1343 451 341
-162 116 161 142
-1742 1336 235 349
-7 127 53 128
-1517 1330 85 373
74 125 16 130
-1394 1368 -31 342
25527 7611 2074 -2195
-4127 -1235 3260 18602
25727 7581 1835 -2183
-3988 -1274 3082 18636
25904 7568 1675 -2145
-3910 -1282 2940 18638
26011 7553 1528 -2159
-3849 -1249 2867 18652
2391 1268 -881 712
4235 2292 -364 -1012
2469 1261 -974 738
4252 2309 -386 -1025
2484 1268 -1029 729
4238 2359 -397 -1033
2481 1303 -1019 722
4212 2371 -398 -1064
2433 501 -159 1002
-2038 -1421 -961 -1489
2454 567 -143 978
-2014 -1398 -994 -1513
2460 581 -145 940
-1954 -1384 -1023 -1535
2478 599 -147 902
-1934 -1371 -1055 -1559
-122 -261 -532 678
1087 -82 -96 857
-79 -236 -579 662
1126 -72 -144 871
-28 -218 -608 649
1168 -85 -169 853
23 -247 -665 640
1193 -69 -242 852
-1391 1480 -788 -1195
286 497 312 -641
-1351 1466 -829 -1229
319 498 304 -665
-1318 1482 -873 -1227
330 492 263 -656
-1280 1469 -919 -1200
339 485 253 -645
68 123 -273 120
-467 294 750 921
48 118 -277 104
-456 316 747 891
68 148 -276 93
-472 306 759 883
53 140 -285 81
-497 327 752 887
-1404 1321 67 -567
1052 -331 -133 334
-1413 1333 57 -578
1058 -339 -112 328
-1432 1341 87 -585
1036 -333 -98 334
-1452 1358 92 -604
1013 -358 -82 333
-480 -526 -855 551
720 -96 32 -343
-490 -561 -831 573
743 -111 38 -315
-500 -568 -802 573
727 -120 41 -326
-503 -572 -811 577
712 -139 41 -305
-427 -157 1139 288
-550 -517 -247 -411
-462 -178 1153 320
-542 -555 -244 -403
-457 -201 1150 349
-569 -556 -227 -391
-459 -221 1148 351
-562 -563 -229 -378
92 -144 188 -438
1366 -31 -86 536
91 -171 182 -430
1370 -39 -79 529
81 -196 187 -398
1370 -61 -99 560
76 -192 185 -390
1369 -73 -94 553
-749 85 269 -336
-495 -207 -366 561
-773 48 289 -297
-482 -233 -373 575
-759 47 281 -281
-473 -248 -358 581
-750 16 277 -274
-489 -237 -375 597
-438 104 -715 142
327 -83 245 -18
-445 107 -718 139
309 -86 248 -12
-427 74 -712 156
321 -93 258 2
-441 75 -712 178
302 -101 266 10
-80 667 -236 243
-39 244 383 1137
-86 641 -228 266
-34 245 393 1140
-65 648 -215 296
-61 215 369 1135
-76 631 -203 287
-66 213 390 1169
253 118 -612 -324
-585 -19 -255 179
228 96 -588 -317
-587 -32 -256 199
243 102 -591 -302
-592 -43 -231 213
256 77 -595 -294
-589 -52 -239 198
-2 -552 -299 105
-121 302 333 410
-12 -551 -309 125
-131 319 324 415
-27 -548 -316 144
-115 308 326 410
-10 -577 -291 156
-127 295 318 412
265 -301 -46 -19
-258 246 -170 -864
265 -278 -31 -18
-252 236 -160 -865
271 -289 -48 -20
-250 258 -149 -857
266 -297 -30 -20
-245 254 -169 -859
-1143 220 -968 123
-1095 168 -571 1203
-1158 220 -941 118
-1101 170 -580 1193
-1166 224 -947 110
-1121 180 -556 1182
-1181 226 -950 102
-1097 159 -560 1168
-157 32 -990 -268
-18 133 -103 171
-187 22 -978 -299
-4 159 -90 181
-176 41 -988 -297
-17 158 -85 178
-198 26 -980 -296
-37 162 -76 147
37 -190 994 -177
37 155 -796 217
38 -166 987 -193
22 151 -777 209
32 -152 990 -205
18 187 -789 175
29 -126 998 -224
10 190 -769 164
-152 -48 -656 -97
-61 279 -25 129
-141 -37 -665 -109
-65 286 -24 111
-134 -20 -647 -129
-77 297 -16 86
-156 3 -665 -150
-89 305 -6 91
588 -1196 390 -89
-583 272 20 125
571 -1192 413 -109
-603 270 33 121
560 -1189 406 -129
-581 271 46 115
554 -1162 397 -142
-597 275 53 78
337 20 285 344
-48 96 782 -187
354 27 282 349
-56 108 781 -179
341 37 296 352
-66 90 785 -176
357 44 289 354
-46 107 791 -201
-60 120 -252 483
-351 -360 -135 199
-38 140 -243 477
-353 -355 -126 216
-58 150 -239 479
-332 -352 -132 207
-31 128 -270 471
-344 -351 -122 204
122 -99 240 -776
-284 252 122 -152
95 -80 254 -750
-298 245 123 -160
104 -83 240 -766
-311 270 118 -130
109 -92 232 -779
-288 265 119 -136
-9 43 -370 -199
69 366 153 473
-3 26 -382 -219
60 368 164 470
-7 36 -392 -201
90 369 150 464
-8 19 -376 -220
82 372 166 461
544 -684 -230 55
204 104 -18 -453
544 -675 -248 77
197 121 -9 -465
540 -685 -240 60
191 132 2 -446
533 -671 -224 82
180 119 16 -466
192 203 -122 476
-13 -427 293 -515
199 187 -105 462
-24 -409 308 -520
171 206 -92 456
-34 -412 298 -542
186 197 -108 445
-41 -394 309 -521
-122 -231 549 -453
-126 -228 41 18
-129 -212 544 -477
-146 -233 59 20
-143 -232 541 -474
-157 -204 45 33
-157 -219 568 -497
-176 -205 66 5
37 248 -140 273
-534 553 -343 527
57 245 -151 263
-543 552 -320 520
33 243 -136 281
-551 556 -319 512
4 244 -116 270
-535 562 -309 501
-102 22 -584 -94
84 -747 -554 -101
-87 28 -576 -94
75 -759 -533 -99
-110 4 -571 -103
76 -768 -539 -97
-101 15 -561 -110
74 -779 -549 -98
-627 -470 -700 120
-37 101 -166 102
-597 -456 -707 115
-59 109 -166 111
-612 -451 -687 142
-54 121 -178 91
-617 -466 -700 130
-44 100 -164 98
26 646 -293 14
182 -259 -99 324
17 628 -294 3
196 -245 -89 316
49 648 -325 -6
183 -232 -93 333
44 630 -331 -14
206 -255 -88 323
104 -8 -205 -34
-606 253 302 -182
99 -26 -213 -56
-606 241 298 -185
126 -18 -214 -38
-605 235 292 -192
126 -9 -228 -46
-609 259 289 -197
169 -8 712 106
-18 -121 -300 199
170 8 708 80
-26 -120 -297 209
171 7 703 87
-33 -125 -296 196
173 9 702 91
-38 -125 -297 184
-601 426 -725 -294
182 1007 494 192
-597 422 -722 -285
197 1030 505 184
-592 458 -721 -303
180 1040 513 206
-597 456 -718 -295
190 1028 498 194
0 506 437 754
-292 218 -925 482
-2 497 452 750
-291 210 -907 500
-5 510 471 728
-324 244 -893 488
-36 520 453 742
-318 247 -908 475
-295 1271 -5 97
-328 168 252 307
-318 1294 -8 75
-355 173 261 300
-320 1311 6 74
-356 177 278 265
-324 1302 44 70
-384 206 292 268
-254 594 -642 209
111 19 -590 353
-258 585 -617 201
122 25 -588 339
-284 606 -634 197
131 30 -584 319
-283 634 -611 189
111 68 -589 332
400 151 220 -28
-513 -7 254 37
399 168 214 -20
-519 -20 260 19
426 158 217 -52
-528 -5 267 7
415 187 218 -55
-533 -13 250 13
76 -663 -293 20
19 62 -693 -78
76 -650 -283 9
11 64 -702 -67
90 -647 -309 -4
10 63 -688 -85
98 -675 -302 13
14 52 -707 -64
-545 -203 -373 209
-525 635 723 409
-539 -224 -395 236
-519 617 738 407
-538 -239 -388 232
-543 611 754 400
-545 -229 -380 241
-530 639 746 396
417 650 -84 -85
-148 -11 -210 449
423 667 -88 -108
-154 -10 -197 417
427 652 -89 -112
-125 12 -180 429
430 664 -63 -83
-124 8 -199 403
-44 341 -214 -468
488 -54 61 269
-19 354 -209 -472
505 -47 54 279
-18 362 -216 -477
499 -28 43 255
-22 375 -218 -482
517 -22 37 265
-153 342 319 -97
-629 -45 -581 542
-134 359 299 -99
-639 -55 -571 539
-159 344 310 -78
-650 -60 -583 540
-143 360 291 -81
-629 -69 -567 540
-154 62 -259 -27
-385 -290 113 -444
-160 80 -263 -39
-381 -281 148 -445
-168 59 -268 -27
-392 -285 147 -436
-178 71 -276 -7
-406 -286 145 -432
497 302 -56 -228
-465 36 547 134
525 295 -75 -214
-470 44 533 138
515 323 -68 -223
-449 22 536 133
505 314 -60 -235
-460 36 536 106
322 314 -1494 -165
-205 -83 164 217
322 304 -1492 -172
-196 -76 174 227
321 316 -1495 -168
-211 -61 146 203
331 309 -1531 -177
-199 -85 149 208
-782 -239 -123 -159
30 433 140 492
-796 -230 -128 -162
13 445 134 479
-773 -220 -128 -169
5 428 151 462
-755 -215 -130 -167
25 431 142 488
-1188 211 -19 -876
-752 53 24 15
-1170 205 -18 -865
-678 72 -3 7
-1191 202 9 -851
-643 61 -16 -9
-1177 207 6 -875
-590 76 -30 9
-829 -108 -264 198
-1379 582 642 -691
-704 -132 -316 226
-1159 526 443 -678
-576 -155 -422 231
-928 486 273 -634
-481 -151 -479 220
-767 483 174 -620
27307 5863 1880 -1265
879 -2045 6738 16487
27556 5784 1619 -1192
1066 -2118 6502 16584
27768 5690 1401 -1125
1200 -2168 6333 16653
27931 5656 1227 -1091
1305 -2224 6189 16680
3117 1439 -233 1084
3251 3193 -259 945
3240 1377 -378 1169
3293 3190 -285 988
3290 1361 -490 1200
3341 3209 -311 997
3332 1330 -515 1264
3350 3224 -361 995
748 883 95 567
107 -1632 222 -1304
803 946 70 535
140 -1604 181 -1335
842 954 50 516
169 -1591 167 -1364
845 1003 30 526
236 -1556 130 -1360
-294 -945 -229 469
828 391 -562 332
-272 -945 -272 459
836 385 -598 347
-218 -921 -314 461
886 382 -643 359
-146 -934 -374 430
909 345 -676 375
-2488 263 389 -462
-459 1803 219 -381
-2462 256 361 -460
-431 1793 197 -380
-2464 216 318 -462
-435 1785 173 -373
-2418 205 324 -418
-433 1777 149 -338
359 -194 -1244 72
-984 455 -693 886
337 -195 -1255 84
-1007 469 -680 873
347 -186 -1257 93
-993 456 -668 879
336 -186 -1276 103
-1015 480 -659 864
-934 906 727 223
356 -555 -245 25
-954 906 713 196
344 -559 -247 31
-939 904 734 202
339 -569 -227 36
-964 908 762 195
334 -550 -232 42
-361 -513 -195 1332
852 -183 374 -1267
-369 -515 -202 1343
839 -179 381 -1251
-388 -512 -175 1353
826 -201 363 -1247
-366 -510 -177 1365
816 -195 369 -1242
-125 -221 645 511
-392 -583 53 124
-114 -217 670 526
-394 -591 40 119
-121 -248 654 539
-397 -579 58 128
-138 -242 672 522
-407 -586 84 125
435 -37 -281 -313
-23 576 -598 -102
431 -44 -276 -297
-27 577 -595 -99
420 -44 -236 -315
-11 577 -584 -98
392 -48 -236 -299
-29 576 -549 -97
-813 452 205 691
-221 282 -144 666
-832 434 227 706
-256 281 -131 648
-852 429 217 691
-257 278 -113 655
-847 454 223 678
-252 275 -129 661
798 -784 572 541
1283 334 824 -750
798 -771 581 549
1276 340 812 -740
805 -789 583 552
1280 349 796 -732
786 -776 577 562
1280 328 813 -733
106 -532 230 -97
-300 226 323 4
127 -524 209 -104
-286 231 330 10
110 -530 211 -75
-299 230 305 -6
125 -560 219 -82
-286 229 314 9
-12 199 -322 386
-717 -156 -331 -656
0 182 -316 402
-700 -178 -328 -669
-14 205 -320 396
-711 -182 -331 -651
3 190 -322 417
-699 -176 -331 -662
184 -831 392 10
-36 349 -156 -552
189 -842 401 22
-12 351 -173 -536
171 -820 405 9
-30 351 -161 -525
190 -836 381 22
-45 322 -156 -546
-361 -611 -106 166
201 256 884 202
-363 -644 -97 191
181 252 904 218
-349 -639 -70 191
202 222 900 223
-363 -640 -81 195
186 225 898 234
955 -447 37 -551
9 -845 38 248
947 -457 43 -540
12 -832 31 266
921 -469 32 -528
-17 -851 50 250
913 -471 67 -558
-15 -835 44 266
-499 474 -804 -266
-833 -579 203 438
-489 465 -808 -250
-833 -574 230 444
-493 461 -775 -262
-851 -575 222 451
-494 458 -779 -251
-852 -584 223 460
-135 117 -456 503
-217 -19 -804 155
-127 92 -452 540
-198 -17 -828 160
-144 81 -427 545
-216 -39 -822 183
-125 66 -429 526
-197 -65 -819 179
4 232 -778 56
-346 565 787 304
-8 231 -795 50
-346 563 788 296
4 230 -796 76
-352 556 794 323
16 226 -806 73
-349 550 768 318
4 252 -147 215
573 -183 343 414
3 271 -132 235
575 -197 359 415
0 255 -144 250
576 -189 344 429
1 241 -130 235
579 -174 359 410
73 520 57 125
-424 405 -247 248
61 500 74 146
-435 410 -257 244
57 497 58 128
-444 380 -271 261
47 519 74 144
-431 396 -275 242
459 85 869 488
-7 -696 -739 297
465 78 863 478
-4 -683 -749 320
448 92 849 479
-6 -697 -729 301
458 81 841 495
0 -690 -747 325
-75 -511 37 113
-78 508 636 -203
-54 -501 54 118
-77 516 649 -180
-67 -531 69 121
-84 493 671 -187
-84 -530 83 132
-113 500 659 -161
559 419 -29 -332
411 196 162 416
552 400 -18 -328
431 196 176 459
553 402 -39 -309
419 167 182 465
550 375 -29 -300
409 136 189 477
196 -529 757 19
33 560 -399 118
208 -543 741 26
41 525 -409 147
214 -567 731 40
40 526 -417 153
216 -590 754 56
44 522 -424 189
527 376 197 202
387 -905 -383 -41
542 364 206 218
404 -912 -408 -49
568 358 181 224
416 -929 -404 -23
554 348 185 232
432 -942 -428 -27
874 254 455 -540
219 -194 358 655
898 239 449 -537
218 -218 342 677
921 245 446 -522
238 -202 336 670
915 224 435 -517
226 -228 326 698
-527 -364 315 -778
-696 84 -1267 -787
-530 -365 322 -779
-673 79 -1239 -782
-532 -366 295 -758
-682 79 -1253 -777
-503 -364 278 -760
-689 74 -1272 -774
-511 -100 280 334
-147 -273 -283 -88
-525 -96 301 345
-142 -278 -297 -82
-528 -123 293 351
-142 -276 -282 -76
-532 -117 286 363
-163 -305 -274 -76
610 -687 -71 -581
-645 395 -162 630
593 -703 -88 -595
-637 388 -192 625
615 -686 -99 -574
-645 386 -190 646
600 -708 -83 -583
-624 379 -177 645
526 -375 602 -493
129 18 -749 -22
522 -384 615 -507
150 27 -750 -33
557 -391 605 -492
145 0 -766 -17
564 -370 590 -502
172 8 -779 -30
-301 -180 163 -109
-102 -6 60 -500
-297 -199 148 -118
-128 3 47 -490
-296 -189 138 -115
-124 -11 42 -495
-298 -208 125 -123
-123 9 38 -493
-62 -446 175 -385
-234 44 -442 219
-79 -436 167 -388
-246 75 -433 215
-69 -449 193 -398
-267 68 -424 240
-87 -439 183 -375
-251 73 -411 230
35 -8 328 216
509 -290 -272 -461
14 -6 347 212
500 -284 -262 -470
30 7 342 181
496 -275 -262 -454
16 15 359 179
498 -262 -262 -468
-91 -563 576 7
-70 -219 122 -35
-87 -548 570 -16
-77 -241 124 -27
-81 -579 561 -9
-75 -227 122 -36
-79 -572 583 2
-76 -246 123 -23
244 440 622 205
42 903 -134 229
272 443 607 217
49 923 -141 226
267 425 614 216
55 902 -144 250
262 398 623 256
71 893 -151 243
-48 -705 -737 -122
235 479 489 495
-17 -710 -746 -112
248 466 480 487
-23 -720 -760 -122
255 485 449 484
-26 -728 -748 -105
263 467 447 511
-172 -85 40 72
-449 128 -101 -368
-169 -73 46 80
-468 118 -104 -372
-165 -94 21 79
-457 129 -103 -366
-164 -83 29 86
-444 118 -99 -370
157 -339 -514 -82
-98 -47 236 -87
165 -342 -515 -66
-99 -45 246 -94
170 -334 -520 -85
-95 -46 226 -72
181 -339 -529 -68
-97 -50 236 -76
6 703 215 341
-269 -107 -288 444
-18 691 205 356
-272 -120 -310 424
-3 687 196 370
-274 -102 -308 439
10 686 191 352
-247 -116 -301 449
-162 66 -127 -31
416 -440 17 -699
-121 80 -127 -41
411 -429 26 -679
-118 58 -132 -31
408 -441 13 -691
-115 69 -139 -9
438 -432 2 -672
23 252 -168 75
-242 -499 376 244
6 252 -182 61
-259 -505 378 247
16 247 -190 81
-242 -500 382 250
26 244 -202 69
-252 -504 351 255
33 128 -144 -722
-34 -377 149 -169
32 132 -152 -727
-15 -352 144 -176
33 113 -165 -715
5 -360 135 -155
39 125 -179 -726
-10 -364 155 -170
-79 57 -235 -43
338 36 -462 113
-60 85 -249 -50
360 30 -473 112
-42 81 -264 -56
387 30 -488 115
-25 72 -273 -62
376 59 -503 93
113 -227 289 -112
954 -340 -237 94
140 -234 279 -131
971 -327 -260 95
143 -243 262 -120
943 -348 -249 93
167 -219 261 -139
963 -338 -272 92
-317 277 -42 -150
-409 -1085 150 -69
-324 292 -39 -127
-410 -1053 139 -76
-303 283 -52 -140
-418 -1056 128 -87
-310 306 -49 -153
-428 -1026 154 -96
70 539 -353 -489
-208 50 -152 -427
68 530 -340 -508
-192 59 -150 -463
71 558 -358 -519
-218 57 -152 -468
67 558 -344 -539
-212 88 -146 -471
75 -182 -341 260
-829 -221 -144 -32
75 -177 -323 267
-756 -258 -149 -36
67 -170 -326 247
-715 -257 -175 -36
68 -164 -335 226
-696 -259 -173 -35
243 60 991 54
-1348 1225 875 -868
360 35 936 76
-1101 1117 678 -813
510 -5 828 106
-861 1052 486 -777
601 -12 771 115
-656 1017 375 -743
26322 3852 1282 -734
5756 -3344 8304 14631
26628 3711 991 -598
6000 -3487 8019 14776
26870 3592 735 -496
6215 -3597 7765 14882
27072 3504 515 -460
6374 -3664 7576 14991
3443 603 789 1328
349 2515 -437 1256
3613 503 574 1457
413 2485 -533 1311
3742 454 414 1561
493 2464 -597 1369
3849 389 262 1631
540 2440 -714 1386
388 708 892 72
-211 -1639 826 -1387
434 720 864 84
-189 -1619 808 -1411
469 724 809 86
-155 -1608 775 -1412
497 766 786 84
-126 -1595 745 -1449
81 -1529 -118 -111
669 172 -156 53
130 -1520 -143 -123
691 188 -208 40
158 -1507 -156 -133
704 168 -227 52
192 -1510 -203 -139
756 179 -252 45
-1518 524 413 -340
-1135 1185 -1021 -538
-1484 494 403 -341
-1130 1186 -1040 -554
-1482 498 360 -331
-1094 1179 -1055 -539
-1450 506 347 -324
-1088 1189 -1075 -565
-537 74 -813 513
-3 -167 -832 1834
-510 77 -822 507
-29 -151 -822 1838
-516 108 -839 478
-19 -114 -835 1801
-490 134 -852 474
-7 -115 -853 1769
-827 1063 619 -833
549 69 -687 122
-835 1102 609 -846
545 110 -689 82
-837 1122 595 -848
545 138 -695 74
-808 1153 588 -887
579 142 -704 51
-443 -943 823 264
-405 -497 191 -606
-447 -920 836 253
-409 -476 198 -613
-455 -897 851 214
-414 -450 173 -624
-420 -875 830 208
-388 -453 178 -642
-156 -722 733 -637
965 -490 -41 111
-149 -699 740 -652
948 -501 -42 122
-167 -685 712 -668
967 -472 -37 109
-165 -671 721 -683
987 -469 -68 91
-462 -120 329 -1138
183 -149 -385 519
-439 -114 329 -1151
184 -145 -410 498
-438 -97 315 -1175
188 -109 -405 510
-414 -54 309 -1165
199 -92 -433 481
-434 -189 -1057 -186
-898 -184 -140 -214
-418 -175 -1075 -206
-867 -188 -144 -222
-402 -158 -1067 -229
-866 -158 -153 -229
-410 -138 -1102 -225
-866 -157 -161 -244
-52 -940 -303 305
-379 -512 580 -802
-41 -923 -315 299
-386 -521 576 -794
-30 -941 -323 284
-387 -493 572 -812
-24 -920 -330 275
-355 -494 544 -812
267 156 -200 405
69 -248 -140 411
290 169 -214 412
86 -282 -159 390
289 156 -239 408
114 -246 -179 379
329 181 -266 408
108 -246 -180 393
-357 391 -369 629
-821 1166 -18 699
-340 400 -408 614
-829 1170 -51 675
-352 385 -426 613
-805 1159 -43 689
-341 396 -433 627
-811 1152 -72 699
236 134 -433 554
-257 -758 -138 -212
256 143 -453 578
-261 -773 -158 -200
251 112 -456 572
-268 -769 -141 -206
273 118 -451 568
-265 -766 -161 -184
290 303 88 37
19 72 118 -170
321 268 80 69
15 92 122 -181
316 283 69 67
22 82 97 -178
317 262 85 63
25 100 103 -167
-34 1045 -49 573
815 -768 472 -25
2 1048 -74 547
821 -764 473 -15
-3 1072 -74 564
827 -756 452 -36
-6 1072 -73 540
826 -753 462 -54
58 622 290 306
36 5 103 -536
67 638 303 296
7 5 126 -539
67 626 320 278
20 0 123 -539
43 644 302 267
-12 28 153 -543
-86 -252 -33 607
44 57 132 -196
-82 -249 -28 603
41 60 112 -183
-105 -255 -7 605
34 65 126 -198
-100 -256 -3 603
20 70 142 -185
-58 -10 -369 -138
562 -229 81 -478
-78 -2 -384 -141
569 -241 91 -472
-77 -1 -357 -142
579 -217 100 -492
-69 8 -362 -147
568 -230 99 -485
489 -324 -525 212
-57 821 613 -598
477 -323 -537 199
-46 851 603 -614
497 -309 -546 177
-64 855 584 -612
487 -299 -531 164
-59 860 607 -610
54 552 -57 459
-197 344 535 660
38 574 -57 442
-206 333 536 619
56 569 -49 425
-219 352 564 620
38 563 -46 406
-228 337 566 617
-280 -358 -457 -61
-140 -168 -64 -16
-291 -336 -453 -85
-136 -160 -64 -18
-271 -352 -443 -87
-134 -158 -68 -11
-282 -343 -441 -76
-137 -152 -67 -6
251 197 442 -1124
221 -111 -464 190
249 194 445 -1125
199 -106 -462 201
244 213 451 -1119
209 -94 -456 181
239 209 461 -1124
219 -92 -450 195
180 -95 502 -316
584 -467 50 183
207 -78 497 -309
586 -474 58 178
199 -60 488 -305
589 -445 41 178
191 -73 479 -334
585 -448 58 146
-18 381 301 -499
415 -907 -506 -89
-19 391 297 -511
418 -889 -477 -93
-22 404 294 -501
406 -899 -491 -103
0 387 301 -523
421 -891 -500 -99
19 1459 -109 191
-756 58 -26 152
28 1469 -109 198
-750 66 -34 142
11 1460 -89 202
-776 36 -14 161
-4 1450 -102 174
-776 36 13 151
416 -747 485 410
610 9 98 0
411 -755 468 423
611 -4 85 0
408 -765 488 443
608 -29 105 34
398 -778 509 434
608 -49 93 37
452 -293 372 -342
-11 444 -273 219
467 -302 368 -301
12 451 -259 230
445 -337 363 -295
2 422 -275 242
460 -344 360 -285
-5 391 -268 253
-21 248 -319 538
-633 -573 305 -809
-19 209 -302 551
-635 -584 282 -815
-7 204 -317 575
-643 -594 288 -798
-7 201 -300 601
-619 -610 273 -777
-240 -289 -845 -412
31 686 266 563
-241 -284 -841 -418
24 679 269 582
-247 -293 -836 -388
23 675 242 578
-239 -299 -872 -389
17 665 243 603
92 46 457 -237
-121 -26 -217 -29
105 45 453 -228
-138 -60 -210 -2
84 36 444 -216
-114 -49 -228 -2
100 27 440 -202
-132 -40 -221 0
107 -333 507 -571
-120 28 -542 -157
96 -319 494 -578
-108 5 -558 -154
93 -337 504 -568
-128 18 -552 -143
119 -323 496 -554
-125 -4 -541 -141
699 -543 738 31
276 -873 -79 -170
710 -548 746 27
292 -863 -91 -163
698 -554 752 48
262 -882 -72 -160
715 -527 730 45
275 -871 -88 -155
-512 256 40 -130
-143 218 238 249
-518 253 66 -131
-137 227 261 248
-527 251 69 -127
-151 203 245 241
-531 249 65 -128
-138 215 265 238
253 -1041 184 -584
139 -93 -143 -635
232 -1062 163 -595
157 -76 -130 -619
239 -1056 181 -595
150 -88 -128 -610
217 -1057 192 -565
134 -103 -120 -628
-540 688 451 414
692 184 -339 255
-549 688 435 424
708 172 -358 271
-529 683 461 442
688 172 -353 254
-544 688 459 424
701 166 -339 268
251 -324 -441 -3
-92 -321 -304 -147
269 -322 -429 -18
-61 -316 -324 -148
268 -323 -453 -5
-67 -313 -316 -149
288 -322 -442 -21
-33 -308 -336 -151
606 -181 218 -264
496 -148 34 -445
614 -183 190 -267
519 -146 10 -427
657 -187 173 -269
536 -162 13 -451
664 -188 177 -273
558 -163 -13 -435
18 -624 218 386
-41 264 -196 -163
48 -626 235 387
-50 271 -223 -165
49 -656 216 416
-33 237 -242 -133
57 -663 194 425
-19 243 -232 -131
-180 665 145 386
35 -370 571 -503
-180 642 154 394
39 -357 579 -496
-182 647 160 417
35 -349 592 -491
-190 629 170 426
4 -369 570 -491
179 741 -318 332
-250 -414 30 211
170 759 -297 347
-262 -409 31 209
193 748 -298 328
-246 -409 35 180
187 743 -306 308
-259 -403 37 177
-769 -573 -884 -258
166 154 -221 -432
-781 -574 -870 -253
167 168 -241 -469
-781 -531 -894 -279
173 215 -237 -480
-789 -523 -881 -279
170 218 -227 -490
-375 -444 -448 670
469 330 300 -890
-382 -422 -466 661
471 340 310 -913
-402 -421 -447 640
473 355 294 -907
-383 -398 -456 606
476 374 304 -935
-100 724 -148 -73
-498 -709 58 656
-90 759 -122 -93
-493 -688 71 636
-109 762 -132 -89
-482 -705 54 621
-91 765 -142 -119
-515 -690 63 612
-29 509 48 -566
-481 -212 -134 -246
-23 528 64 -570
-455 -221 -132 -256
-45 545 73 -570
-471 -199 -132 -260
-36 536 61 -580
-484 -184 -134 -263
-743 66 -789 346
579 312 -474 -411
-737 60 -763 328
588 316 -468 -407
-736 79 -760 344
597 318 -490 -405
-728 75 -759 327
611 294 -487 -409
725 129 488 382
193 -92 468 373
709 125 489 394
223 -113 460 371
735 129 465 374
229 -100 436 403
727 121 466 390
230 -118 421 404
25 432 472 64
-110 -325 -320 300
51 416 464 58
-36 -310 -364 289
45 439 451 78
13 -328 -405 297
77 434 444 65
74 -342 -418 309
-488 909 902 -506
-473 398 1476 -68
-323 861 812 -495
-204 287 1245 -2
-151 835 690 -486
93 218 1054 71
-13 802 619 -482
345 144 867 113
25829 813 1072 -858
5263 -2733 7410 11035
26184 664 756 -751
5576 -2877 7070 11201
26493 527 458 -645
5869 -3015 6744 11320
26778 413 182 -555
6132 -3095 6465 11432
3224 -462 834 -324
-1385 1160 95 1889
3465 -563 566 -178
-1248 1128 -44 1953
3651 -651 303 -84
-1147 1134 -200 2009
3878 -719 104 -4
-1008 1112 -365 2044
592 -43 2890 -485
556 -1608 886 -1237
675 -41 2846 -462
594 -1618 848 -1253
718 -45 2775 -480
607 -1591 795 -1274
796 -34 2676 -475
656 -1573 736 -1265
-490 -2309 96 -1331
1361 482 380 1346
-452 -2322 64 -1356
1387 460 386 1362
-451 -2317 26 -1344
1397 482 354 1383
-419 -2322 -13 -1359
1405 466 314 1376
-1423 -356 402 -743
-451 836 -707 -291
-1395 -342 378 -745
-420 823 -730 -266
-1365 -369 379 -725
-418 815 -735 -262
-1370 -360 346 -726
-383 816 -761 -264
-444 83 -625 -904
605 -634 -255 828
-419 74 -653 -910
597 -609 -262 823
-410 101 -639 -913
614 -611 -288 808
-413 98 -677 -929
606 -580 -294 800
-1287 -36 540 -525
245 -577 -127 176
-1280 -5 544 -525
230 -567 -124 161
-1275 4 521 -563
256 -555 -150 143
-1275 45 534 -574
241 -546 -142 125
196 -484 -169 -174
-26 -93 -201 -935
202 -473 -175 -183
-11 -67 -206 -955
206 -482 -155 -200
-9 -85 -204 -945
209 -463 -161 -210
-2 -69 -203 -938
291 17 -14 854
-172 -705 -534 -491
273 16 -11 872
-154 -705 -515 -479
286 14 -26 867
-160 -705 -539 -468
299 15 -11 861
-141 -698 -526 -457
44 1125 -115 -61
-54 733 -185 1329
45 1124 -121 -61
-64 726 -179 1329
44 1124 -124 -59
-79 710 -170 1337
40 1119 -128 -28
-85 694 -196 1346
-440 154 -237 822
-108 118 157 -508
-459 170 -216 841
-107 116 157 -488
-468 149 -227 827
-108 115 184 -495
-485 156 -207 855
-106 113 181 -505
-785 197 74 -236
564 315 -426 353
-788 198 75 -236
575 295 -424 372
-789 190 77 -237
598 287 -427 357
-790 181 80 -237
587 303 -434 382
839 -70 240 -513
-13 625 571 385
845 -62 216 -521
7 651 527 378
856 -48 220 -506
13 645 517 395
868 -67 194 -527
51 638 512 386
337 500 421 783
225 262 -452 177
350 522 431 774
225 237 -465 168
374 507 412 770
216 237 -450 172
362 523 387 768
241 241 -461 173
-361 -152 499 264
484 32 463 -640
-348 -146 517 258
506 19 461 -618
-361 -180 500 248
492 4 456 -620
-348 -190 487 277
515 -16 453 -623
486 283 77 410
67 -54 12 -601
489 272 68 425
65 -50 21 -581
512 257 73 444
95 -41 3 -594
511 252 63 429
93 -32 -17 -581
203 -283 438 99
269 -178 -345 -354
206 -277 415 108
268 -153 -354 -351
239 -267 395 114
294 -166 -363 -351
240 -290 374 118
294 -179 -375 -350
376 244 -243 171
206 -425 -7 2
379 238 -231 192
203 -430 -9 23
391 230 -254 190
200 -426 -13 11
399 229 -246 184
193 -457 -17 25
-539 -188 824 -297
-1099 -331 -444 77
-543 -173 840 -289
-1107 -323 -445 80
-543 -185 852 -290
-1125 -354 -416 85
-577 -203 834 -286
-1131 -356 -415 95
377 -629 -571 -3
-383 -101 -5 -634
364 -636 -575 19
-378 -82 15 -611
375 -644 -570 17
-368 -84 1 -630
358 -647 -545 12
-367 -92 25 -617
776 -36 243 -257
385 462 70 -81
774 -12 242 -252
395 462 59 -80
777 -18 237 -252
413 469 45 -76
814 3 241 -244
436 483 23 -109
336 -172 411 129
407 42 750 536
366 -186 390 95
429 14 736 532
369 -178 358 100
428 17 717 533
396 -172 364 102
462 20 701 504
93 -345 -748 54
73 249 478 480
112 -354 -781 73
71 220 458 496
123 -364 -782 89
89 222 450 517
141 -368 -794 70
113 199 435 530
-879 -182 369 337
-514 406 -782 -84
-883 -195 383 340
-525 386 -789 -62
-885 -212 363 341
-501 382 -796 -75
-882 -229 373 376
-515 371 -776 -55
-172 335 -406 86
-492 -110 391 782
-191 345 -403 78
-520 -110 381 781
-205 321 -406 90
-516 -113 409 786
-197 325 -397 109
-540 -120 401 792
-143 440 -706 177
-504 654 132 121
-152 449 -717 185
-515 646 110 117
-162 426 -702 188
-507 632 132 117
-172 433 -683 198
-525 649 150 117
362 -221 -992 174
527 325 221 203
371 -223 -984 201
528 332 215 189
383 -248 -1007 189
566 331 213 207
362 -247 -1002 183
570 338 210 190
-267 330 -433 327
444 595 -13 393
-259 345 -434 319
452 604 -44 407
-241 352 -442 316
464 619 -49 391
-222 361 -447 308
473 599 -54 372
-1221 575 218 310
9 82 -138 -157
-1196 579 223 304
35 107 -157 -168
-1192 593 219 292
36 94 -152 -158
-1199 598 221 288
41 120 -174 -173
65 -483 -868 -431
-423 -225 -540 -44
71 -498 -897 -441
-412 -240 -573 -37
79 -485 -894 -442
-402 -245 -576 -36
92 -469 -897 -449
-388 -247 -581 -38
-211 260 -58 -67
411 -450 260 760
-216 259 -91 -84
434 -431 255 780
-191 252 -85 -74
427 -441 241 765
-192 249 -86 -69
414 -428 262 788
-149 -148 418 193
66 256 130 -510
-136 -167 426 201
75 251 149 -532
-130 -149 441 216
45 278 136 -526
-149 -152 422 192
50 279 162 -528
660 337 483 354
394 239 -181 452
643 346 485 345
396 250 -160 442
656 358 469 330
403 255 -175 433
641 373 473 314
366 270 -159 419
578 178 1109 885
-704 -199 -201 459
571 182 1128 892
-711 -182 -217 465
570 185 1143 869
-730 -166 -200 439
567 193 1137 873
-747 -186 -181 439
590 101 -557 -42
59 -306 627 5
559 124 -549 -11
41 -306 641 15
552 121 -531 -22
44 -304 665 28
549 110 -518 -25
21 -307 679 12
-168 23 190 197
-45 -211 74 -72
-188 19 218 175
-60 -223 91 -53
-172 30 217 193
-66 -230 99 -66
-192 12 248 177
-111 -208 114 -70
334 -365 -437 -770
93 398 138 -177
315 -372 -440 -769
79 399 155 -197
293 -373 -415 -770
68 391 173 -183
296 -376 -379 -774
60 385 157 -170
356 -128 697 136
-174 214 -235 -330
350 -136 680 133
-177 202 -225 -310
333 -123 699 143
-185 197 -241 -322
323 -137 715 147
-195 182 -228 -297
10 166 -21 305
191 -323 -113 -80
3 158 11 295
201 -333 -99 -56
2 169 10 323
173 -335 -92 -64
0 149 10 319
183 -346 -84 -63
-531 335 244 -664
-99 126 -39 155
-556 318 261 -678
-107 127 -11 166
-550 327 258 -659
-108 131 10 172
-582 335 279 -669
-145 136 2 147
-108 -312 106 -95
-415 948 249 214
-135 -311 105 -86
-420 944 276 181
-136 -336 138 -84
-449 963 293 190
-140 -328 147 -76
-458 955 324 187
679 364 -322 665
765 170 594 229
656 375 -317 675
753 185 603 225
631 362 -277 646
710 167 609 217
642 371 -267 660
704 181 613 215
-718 236 275 -652
-14 -30 -338 700
-726 244 273 -627
-18 -20 -325 687
-740 233 277 -639
-23 -49 -313 701
-723 248 311 -653
-57 -41 -307 685
-302 -472 -1 183
243 130 -294 -63
-318 -493 -3 184
243 127 -310 -75
-297 -481 -2 196
240 122 -299 -62
-316 -495 -1 197
238 118 -314 -46
45 442 -70 331
-316 586 -42 129
46 446 -68 322
-330 594 -47 139
43 444 -63 317
-313 605 -43 117
42 451 -58 307
-327 582 -44 119
33 -684 -677 182
-256 -145 227 -157
39 -676 -674 187
-240 -156 231 -135
49 -674 -677 191
-223 -155 234 -148
53 -698 -677 164
-202 -166 207 -122
278 206 -184 266
240 195 -194 437
273 208 -203 262
245 200 -208 466
302 173 -217 282
256 181 -230 462
304 172 -239 278
267 186 -251 493
-223 62 194 230
20 413 17 -148
-197 47 187 219
16 404 -20 -153
-194 54 170 251
38 385 -18 -158
-160 40 158 243
63 397 -22 -127
155 -481 578 -86
60 642 -113 167
179 -488 567 -56
137 611 -160 186
210 -501 552 -53
186 619 -175 178
206 -506 532 -55
251 588 -219 195
-581 282 840 519
-748 1192 1069 -97
-457 230 750 570
-484 1048 871 6
-296 168 644 609
-227 949 676 86
-166 129 578 622
-12 847 507 132
22846 -1616 441 -719
367 -3145 3731 9675
23169 -1805 158 -585
682 -3330 3381 9847
23482 -1949 -136 -447
998 -3466 3070 9998
23774 -2075 -408 -323
1261 -3578 2771 10139
3626 -1596 -837 -1981
-1152 -513 -397 957
3891 -1706 -1095 -1850
-1001 -555 -572 1049
4121 -1814 -1382 -1715
-849 -582 -757 1100
4336 -1863 -1623 -1624
-714 -617 -966 1167
-268 -919 3032 -1067
318 -1636 320 -1202
-177 -945 2951 -1040
357 -1631 277 -1184
-94 -946 2849 -1011
405 -1652 224 -1179
-4 -968 2725 -992
466 -1645 159 -1168
-1215 -2462 -553 -1979
615 -717 1783 930
-1175 -2474 -560 -1962
633 -714 1755 935
-1155 -2492 -617 -1937
620 -717 1757 951
-1120 -2481 -640 -1943
640 -757 1734 966
-1161 -1 25 -691
-75 893 -493 -1423
-1139 -32 2 -670
-67 895 -491 -1424
-1157 -19 -19 -669
-55 900 -490 -1403
-1147 -39 -8 -667
-77 880 -487 -1416
-883 -813 -1642 -150
1667 94 -637 -343
-887 -808 -1668 -166
1665 118 -639 -363
-895 -801 -1656 -178
1666 154 -640 -388
-871 -797 -1642 -187
1669 154 -617 -414
-1048 175 1085 2
-645 244 -1262 -35
-1053 203 1069 -30
-620 265 -1278 -63
-1051 206 1054 -40
-626 257 -1273 -95
-1061 239 1078 -73
-635 281 -1290 -126
460 -46 -96 95
445 -306 116 -555
497 -17 -96 77
452 -282 105 -556
505 -17 -97 56
458 -293 99 -559
513 18 -130 33
466 -266 92 -566
168 -256 -389 623
194 -3 259 -133
170 -241 -402 624
216 13 243 -131
174 -254 -415 594
205 22 220 -125
217 -234 -429 593
232 11 225 -133
-491 33 -207 278
651 -194 433 152
-484 29 -205 282
658 -190 428 160
-474 21 -231 259
667 -192 419 140
-464 16 -234 267
674 -198 409 152
-777 -294 457 294
239 913 798 513
-772 -298 468 312
238 905 819 523
-774 -306 481 301
243 907 808 501
-771 -315 461 296
247 901 830 515
-43 810 -262 -60
84 723 -551 403
-51 821 -258 -52
79 721 -563 377
-56 809 -257 -56
66 704 -572 388
-54 822 -259 -50
88 730 -553 368
-164 -13 485 442
-1182 52 242 150
-161 -4 500 458
-1188 35 237 137
-163 10 488 446
-1159 44 205 159
-161 -14 501 455
-1167 23 204 151
42 -30 -1238 -201
455 -477 172 -113
47 -33 -1235 -197
492 -496 166 -109
60 -35 -1243 -198
506 -508 151 -108
70 -43 -1244 -195
513 -498 138 -96
-54 14 -258 -639
506 -243 389 223
-60 19 -284 -636
517 -237 368 232
-35 -7 -270 -611
531 -260 377 239
-43 0 -288 -614
551 -255 356 249
502 96 -10 161
-426 288 -4 -493
494 75 -43 141
-418 274 -11 -506
510 86 -38 161
-414 290 -20 -489
504 71 -43 142
-453 316 5 -507
-131 425 200 663
41 -262 -369 125
-136 444 206 652
42 -263 -379 131
-141 429 213 633
49 -228 -392 113
-142 458 197 610
50 -218 -374 109
400 457 -726 1138
-109 -60 611 43
377 472 -741 1124
-118 -45 613 35
380 495 -720 1102
-128 -27 612 21
390 483 -734 1109
-102 -9 613 7
-793 -682 304 18
383 -1015 -212 -774
-781 -637 322 10
399 -1021 -233 -768
-786 -630 299 -7
407 -1026 -223 -789
-766 -623 311 -22
426 -1000 -251 -805
209 -471 603 -607
-11 270 -87 134
224 -451 604 -607
14 261 -78 148
237 -469 577 -611
8 281 -106 147
247 -453 578 -616
34 270 -129 134
335 220 -44 799
-220 -152 380 59
340 211 -38 817
-213 -121 368 51
349 211 -63 802
-215 -121 357 33
394 244 -91 795
-205 -123 337 47
-104 206 -40 -607
-112 440 216 -249
-118 208 -37 -630
-101 455 187 -246
-91 239 -63 -645
-96 440 184 -252
-97 233 -65 -660
-94 461 185 -281
521 230 665 -165
338 -247 -93 547
521 229 659 -172
335 -266 -95 526
547 261 662 -172
362 -256 -94 538
545 261 662 -183
364 -247 -99 526
138 49 -470 449
-14 812 597 -14
136 50 -476 424
-39 828 603 0
158 72 -481 435
-18 844 578 -18
156 70 -492 410
-36 869 583 -41
-442 205 -360 229
-68 -454 812 -248
-422 200 -366 215
-52 -430 841 -251
-439 233 -356 174
-55 -444 837 -265
-464 262 -336 160
-75 -417 844 -275
207 202 -15 -42
398 -963 -710 -368
214 185 -26 -50
429 -973 -723 -387
193 200 -11 -81
427 -958 -709 -406
205 223 -17 -91
392 -950 -701 -395
-214 -79 -532 566
-52 25 -607 -309
-198 -104 -563 556
-55 14 -620 -282
-193 -101 -552 551
-54 18 -630 -295
-184 -102 -570 552
-28 14 -602 -304
655 137 163 70
36 -327 -413 -514
665 141 139 69
48 -338 -421 -533
671 117 145 88
53 -328 -426 -507
684 128 150 84
35 -349 -440 -493
331 591 139 687
-155 -197 828 23
348 585 143 683
-169 -176 811 29
336 581 114 678
-162 -185 808 26
346 572 125 681
-153 -161 806 31
555 298 247 -515
269 736 -677 80
582 326 270 -530
276 760 -667 72
582 351 255 -543
284 783 -687 65
584 344 270 -563
293 778 -678 23
-112 -204 -289 114
-727 345 -523 25
-93 -190 -294 99
-744 343 -530 37
-84 -186 -299 88
-730 343 -560 22
-66 -177 -308 79
-725 344 -559 37
-240 251 589 226
868 47 166 500
-269 257 590 226
867 14 163 513
-257 254 592 230
875 13 183 504
-254 218 602 259
855 11 167 531
178 -229 56 -489
-360 -333 8 -867
179 -226 40 -484
-336 -339 10 -846
176 -225 53 -487
-349 -328 12 -863
171 -222 70 -457
-356 -332 13 -844
-256 587 -1017 328
-1250 271 -508 491
-257 598 -1009 326
-1249 292 -505 479
-255 589 -1031 342
-1243 277 -506 498
-253 607 -1026 335
-1237 266 -506 480
-482 7 -1128 541
-453 -882 423 174
-471 12 -1115 547
-450 -877 431 178
-484 12 -1114 560
-469 -880 436 186
-499 20 -1113 538
-462 -905 448 187
440 222 -30 -808
-701 -396 734 -125
441 223 -36 -793
-704 -407 752 -129
402 229 -10 -813
-742 -418 747 -134
405 200 -18 -806
-751 -401 773 -132
79 -104 207 91
112 105 -387 130
70 -104 229 88
103 104 -388 125
66 -104 226 85
100 103 -395 120
57 -101 253 80
123 102 -396 115
-480 -127 -431 222
-54 443 -858 -198
-486 -146 -442 217
-41 456 -868 -201
-495 -127 -423 218
-38 433 -875 -183
-458 -147 -437 217
-24 442 -866 -186
3 -282 840 601
-444 -343 -145 -546
-20 -312 841 598
-453 -345 -157 -548
-10 -308 821 607
-437 -343 -168 -526
5 -312 827 617
-454 -342 -153 -532
52 639 349 -116
236 -425 579 -270
14 624 369 -135
254 -410 575 -288
24 645 357 -122
242 -390 586 -284
22 668 353 -143
233 -368 570 -314
-54 -272 -145 -322
27 317 -145 526
-56 -262 -143 -341
11 353 -140 518
-60 -252 -137 -332
2 360 -137 506
-61 -238 -133 -355
-5 363 -135 492
-17 85 -35 321
-191 50 -17 239
7 88 -49 321
-206 64 -7 233
-12 87 -37 326
-186 70 -16 233
-21 94 -30 299
-206 46 -1 225
11 91 873 104
413 8 -498 211
15 102 885 125
411 1 -498 225
-6 108 888 119
418 -3 -501 209
9 84 901 111
393 -13 -484 231
-887 174 -240 -573
26 253 205 -25
-890 157 -260 -576
42 265 210 -9
-897 168 -251 -575
29 256 210 -36
-910 184 -236 -575
18 272 212 -28
-773 -763 -967 -63
-591 665 -25 230
-774 -754 -965 -70
-577 673 -28 218
-773 -741 -961 -77
-592 674 -35 239
-774 -736 -961 -82
-585 680 -34 230
84 222 -89 90
330 -265 208 -119
85 243 -84 108
338 -270 197 -136
87 236 -72 88
353 -243 182 -146
102 263 -99 70
342 -219 190 -160
-661 633 -683 324
475 445 0 439
-657 630 -727 304
478 463 -3 456
-631 651 -733 320
480 457 -4 433
-646 646 -706 298
508 480 7 414
386 -654 354 145
-398 550 -424 532
372 -676 341 135
-409 543 -402 521
380 -666 339 131
-382 535 -411 536
394 -663 333 129
-386 533 -426 522
-289 -355 -268 -746
-549 112 -302 30
-252 -356 -263 -739
-512 80 -315 40
-245 -358 -273 -735
-455 52 -318 50
-242 -360 -276 -735
-419 49 -357 66
-237 343 401 38
-299 287 1264 -326
-144 246 317 92
-60 147 1096 -222
3 177 247 148
146 9 922 -91
90 134 169 162
338 -108 803 -21
18307 -5129 789 -673
-6427 -983 -2276 8796
18592 -5312 526 -487
-6166 -1159 -2563 9002
18855 -5492 283 -320
-5902 -1318 -2814 9159
19104 -5622 35 -186
-5672 -1435 -3077 9293
3093 -1993 -1283 -3010
-571 -1240 -53 2429
3303 -2124 -1520 -2836
-448 -1305 -203 2537
3486 -2215 -1747 -2710
-312 -1348 -355 2602
3682 -2297 -1956 -2609
-219 -1396 -509 2639
571 -277 1856 -2107
-301 -1528 -172 -470
650 -326 1787 -2103
-271 -1552 -245 -461
708 -343 1692 -2071
-239 -1574 -286 -429
774 -352 1578 -2051
-173 -1561 -334 -428
-1376 -2155 984 -1357
-158 -924 555 562
-1342 -2143 957 -1350
-167 -949 519 583
-1339 -2174 921 -1342
-154 -933 526 587
-1317 -2176 891 -1333
-135 -922 500 592
-662 817 -684 -456
251 757 -393 -825
-643 820 -689 -459
242 799 -409 -860
-627 843 -695 -472
259 819 -416 -878
-614 871 -703 -487
274 839 -419 -899
-497 -572 -425 -97
128 391 -1362 -254
-490 -534 -436 -154
140 385 -1380 -266
-482 -511 -447 -169
147 426 -1397 -305
-473 -476 -455 -219
151 464 -1382 -317
33 -826 10 536
161 494 -533 -121
24 -787 -7 498
188 502 -539 -139
47 -780 -11 479
214 511 -547 -154
67 -776 -14 463
209 526 -559 -170
101 -215 120 -337
-576 35 -580 -159
100 -186 98 -349
-550 39 -584 -171
128 -191 84 -365
-563 67 -592 -170
120 -198 73 -352
-543 66 -589 -174
654 -28 -534 -200
298 -416 -121 66
649 -37 -546 -198
293 -398 -145 72
676 -39 -578 -229
324 -410 -166 69
704 -19 -583 -220
358 -391 -192 73
279 -566 -446 -617
204 344 825 -240
299 -558 -452 -624
191 337 790 -234
323 -560 -463 -624
217 369 757 -253
321 -553 -484 -629
229 367 763 -249
-1103 -350 -190 -415
870 -114 -635 7
-1073 -333 -200 -418
872 -105 -646 -4
-1077 -342 -192 -433
873 -98 -655 -10
-1048 -324 -204 -439
870 -89 -666 -18
-553 -163 441 -219
-20 -501 -224 -435
-586 -160 430 -222
-43 -505 -217 -425
-602 -165 464 -222
-38 -508 -203 -445
-614 -161 467 -225
-63 -515 -193 -433
394 -567 89 -472
375 576 682 330
364 -569 101 -468
388 575 693 362
370 -574 117 -463
375 552 692 360
336 -587 133 -453
351 554 704 364
-250 286 -667 452
145 -496 -797 -382
-230 270 -672 447
126 -499 -778 -360
-259 273 -644 485
137 -502 -775 -373
-249 257 -640 481
125 -511 -786 -350
343 -636 235 -742
-168 -286 21 -682
358 -656 228 -727
-175 -313 10 -653
373 -681 218 -711
-144 -336 3 -656
352 -667 236 -722
-150 -333 0 -631
854 -198 -159 1413
178 -203 -451 -331
853 -216 -192 1433
185 -214 -483 -302
858 -233 -203 1454
186 -228 -485 -272
861 -254 -206 1477
218 -233 -485 -275
-439 239 57 140
186 102 404 547
-430 231 43 167
178 121 401 576
-427 193 31 160
210 110 404 573
-427 181 20 188
216 99 369 568
344 410 -579 5
-115 575 314 20
341 434 -600 29
-113 571 302 34
374 435 -595 17
-109 577 315 44
372 432 -595 5
-108 589 305 20
-270 -561 -194 92
409 -412 340 -25
-272 -537 -219 78
405 -419 356 -24
-288 -548 -210 86
401 -419 348 -21
-262 -563 -229 94
397 -423 363 -48
27 -503 421 201
35 236 336 16
8 -482 423 199
22 247 354 16
11 -492 434 221
16 265 339 19
19 -501 443 212
9 251 356 15
65 -100 -314 -566
-496 -486 42 -265
62 -86 -316 -582
-495 -447 38 -284
60 -72 -323 -572
-487 -439 32 -307
52 -50 -296 -591
-483 -437 31 -298
792 587 -663 -385
206 -83 100 590
797 588 -689 -404
216 -89 99 614
803 582 -689 -414
199 -82 94 609
810 604 -689 -419
215 -77 90 568
-156 -619 45 -61
-446 2 242 180
-141 -610 39 -78
-460 -10 210 181
-124 -612 33 -65
-449 -17 217 153
-139 -607 19 -85
-437 -2 195 163
-90 -176 -365 -600
-395 -137 176 -121
-111 -168 -365 -583
-391 -156 191 -111
-98 -197 -364 -572
-416 -142 197 -120
-90 -182 -364 -594
-405 -127 175 -108
-729 -23 -377 348
-519 -177 -144 395
-724 -24 -371 352
-522 -183 -136 384
-723 -17 -360 349
-530 -179 -124 367
-753 -12 -359 347
-540 -157 -106 393
-176 463 -620 -257
-243 -619 -814 -687
-209 483 -610 -268
-251 -610 -789 -708
-214 476 -590 -260
-283 -616 -806 -691
-214 505 -571 -280
-288 -611 -788 -716
-98 -75 214 535
-384 -181 -199 -291
-99 -77 219 540
-398 -172 -185 -298
-105 -78 230 520
-409 -164 -201 -307
-104 -76 235 528
-387 -189 -185 -289
-816 -329 54 -544
-80 247 -251 -127
-822 -329 56 -544
-93 240 -258 -110
-828 -339 57 -540
-104 235 -264 -119
-838 -346 90 -532
-91 222 -229 -96
451 -714 102 -36
603 406 -287 -204
474 -729 103 -22
634 404 -300 -204
471 -714 98 -2
635 405 -313 -206
470 -723 93 -17
632 406 -296 -177
-179 -193 -480 -632
-575 223 -335 893
-151 -196 -492 -631
-558 223 -335 905
-164 -174 -503 -623
-547 228 -357 884
-140 -183 -510 -623
-563 253 -358 907
1 -561 -917 -472
-332 122 186 -355
-3 -569 -918 -456
-334 135 202 -355
-7 -572 -949 -444
-327 117 186 -366
20 -568 -946 -465
-329 123 200 -340
-18 -72 432 220
-289 -149 -358 -175
8 -74 444 228
-274 -141 -367 -158
11 -78 447 243
-267 -156 -342 -178
7 -73 457 220
-253 -145 -347 -165
-244 173 -670 607
-30 -801 -656 -338
-245 155 -677 594
-34 -796 -644 -346
-221 163 -675 620
-25 -791 -669 -356
-225 152 -680 607
-20 -793 -692 -333
125 458 203 -96
-146 527 305 674
114 448 180 -95
-134 510 280 664
139 440 187 -93
-157 513 277 695
136 458 159 -83
-146 496 284 685
-305 16 -20 178
1144 764 499 51
-326 -12 -31 183
1149 772 491 51
-313 -4 -30 160
1149 755 511 35
-310 5 1 170
1127 766 497 57
432 -126 115 38
-246 88 141 959
413 -123 108 53
-252 73 138 983
419 -159 110 65
-231 27 137 979
431 -163 107 79
-242 4 133 1012
95 681 787 411
756 -377 69 877
102 660 793 437
750 -403 77 891
107 634 797 468
757 -411 48 914
112 615 807 461
752 -419 54 937
449 11 194 94
-299 -36 -54 -757
445 -2 174 133
-299 -33 -65 -741
443 -11 179 138
-301 -36 -45 -727
466 -16 163 143
-271 -70 -53 -722
408 -70 200 506
-171 137 -23 -469
411 -78 183 529
-169 146 -40 -465
445 -48 200 528
-174 135 -28 -477
450 -53 176 526
-138 149 -44 -478
312 -306 -174 -35
-43 -128 502 -330
314 -301 -170 -52
-35 -108 484 -326
330 -299 -201 -38
-54 -122 486 -326
338 -295 -206 -57
-40 -104 464 -323
-378 -166 -129 195
-205 367 -213 183
-371 -180 -156 183
-204 377 -219 194
-370 -170 -148 186
-204 379 -224 207
-367 -160 -145 185
-202 364 -230 180
113 76 -110 -239
-549 -65 -353 -50
144 60 -112 -229
-557 -86 -338 -33
139 71 -119 -241
-567 -70 -346 -45
134 51 -127 -228
-547 -57 -349 -55
544 196 387 547
-180 26 -81 316
516 204 385 547
-182 9 -90 309
520 213 392 538
-192 23 -101 305
531 222 393 531
-173 39 -78 302
-274 89 219 -181
-2 -96 -322 100
-288 112 241 -174
4 -82 -334 97
-298 105 234 -178
2 -80 -346 103
-304 98 227 -183
-2 -73 -327 107
261 117 48 270
101 114 -324 -503
266 116 66 274
114 105 -311 -508
270 146 59 255
122 133 -328 -514
279 143 48 264
133 127 -318 -520
-597 354 139 -86
-720 127 -1285 312
-608 370 147 -81
-727 146 -1294 279
-586 366 130 -90
-701 161 -1307 278
-585 391 106 -90
-711 146 -1292 272
-369 254 156 -120
619 185 159 118
-395 284 149 -126
638 187 145 114
-377 282 140 -135
631 188 147 115
-372 278 140 -141
660 190 124 116
-16 -108 105 191
-362 158 212 -603
-3 -91 102 190
-353 170 189 -633
16 -66 97 186
-340 179 194 -637
34 -72 88 178
-293 186 174 -637
219 -274 -464 -273
321 -177 1089 -42
247 -269 -488 -275
364 -172 1075 -53
272 -254 -483 -279
396 -201 1067 -41
271 -241 -523 -316
414 -225 1019 -62
-929 593 344 427
-1075 578 588 -1278
-856 529 274 480
-889 442 462 -1153
-726 453 200 509
-754 284 328 -1068
-670 408 170 558
-594 198 221 -969
12896 -6496 427 -34
-10378 1535 -8703 9223
13110 -6681 241 141
-10196 1347 -8887 9412
13291 -6866 53 302
-10009 1212 -9070 9592
13463 -7012 -111 436
-9841 1096 -9235 9707
1186 -1396 -516 -2500
-412 -393 171 4548
1318 -1518 -694 -2328
-350 -443 93 4629
1447 -1605 -836 -2205
-275 -476 -7 4668
1571 -1679 -986 -2112
-186 -519 -135 4753
-469 -1572 -490 -4263
-1 -1245 -514 -775
-428 -1582 -536 -4241
12 -1259 -572 -746
-379 -1610 -627 -4196
59 -1270 -615 -750
-325 -1616 -682 -4164
103 -1288 -664 -724
-1020 -1027 839 -1151
-158 68 -176 1077
-1011 -1038 823 -1134
-124 58 -220 1056
-991 -1040 770 -1144
-88 43 -239 1070
-942 -1025 724 -1119
-82 59 -265 1063
-970 412 -1180 321
644 -83 195 -1581
-926 418 -1207 337
672 -84 174 -1578
-922 432 -1236 328
696 -76 135 -1582
-891 452 -1256 313
724 -76 124 -1586
-148 -804 -1777 313
-1170 426 -549 -686
-134 -792 -1781 291
-1155 437 -556 -684
-114 -788 -1819 301
-1163 408 -569 -681
-99 -783 -1826 286
-1157 422 -566 -679
-201 -531 -480 -415
-69 36 194 1237
-180 -553 -492 -412
-65 18 173 1245
-191 -548 -473 -426
-65 24 191 1264
-209 -556 -480 -412
-67 -1 184 1256
568 876 -1131 -404
584 -698 -350 -92
583 860 -1127 -375
601 -693 -376 -101
570 861 -1128 -384
611 -689 -364 -83
591 857 -1123 -390
624 -694 -357 -58
80 412 -82 -658
970 -715 910 -877
71 420 -101 -669
988 -715 914 -886
90 422 -107 -647
972 -714 911 -894
106 402 -115 -660
956 -727 912 -865
-395 315 76 131
-338 458 -726 -764
-385 324 102 113
-322 461 -716 -768
-404 328 93 126
-350 475 -708 -772
-389 304 90 114
-371 480 -704 -772
9 340 216 60
270 792 209 1137
-14 367 232 40
271 811 234 1124
-4 359 232 45
240 799 250 1117
-39 378 259 29
235 816 250 1114
117 495 592 -115
342 370 -315 129
84 502 603 -128
331 374 -321 78
81 509 625 -138
329 401 -334 64
88 523 614 -152
356 425 -315 82
278 92 -17 -1069
10 531 29 413
273 80 -43 -1082
12 558 6 388
296 107 -35 -1095
21 587 -22 386
293 130 -37 -1109
55 587 -12 347
-795 -144 -953 103
-132 -467 394 -85
-796 -115 -977 94
-142 -468 371 -78
-766 -122 -969 80
-126 -459 385 -99
-770 -95 -999 72
-108 -432 370 -86
-215 -391 -13 -53
-578 -182 -1054 125
-230 -372 -25 -61
-578 -166 -1060 121
-214 -390 -34 -44
-574 -156 -1073 124
-191 -377 -46 -53
-570 -182 -1089 123
-516 202 -55 -763
960 307 680 -552
-500 196 -59 -754
959 301 680 -537
-491 189 -58 -742
965 295 651 -520
-515 181 -61 -755
961 291 661 -536
-728 103 -573 813
429 778 -512 219
-723 103 -575 806
458 771 -540 227
-707 104 -582 804
450 774 -544 230
-699 98 -614 804
481 782 -574 203
94 295 -372 446
-1043 609 -592 -386
110 314 -388 420
-1059 612 -586 -415
117 335 -396 422
-1041 637 -603 -408
130 322 -414 417
-1025 637 -623 -437
487 -26 112 567
-871 -556 318 -383
496 -8 125 553
-876 -529 310 -367
480 5 126 539
-891 -533 311 -389
497 17 131 525
-905 -504 308 -406
243 -59 -10 335
87 313 486 -664
249 -58 17 333
99 333 492 -701
259 -48 13 301
108 343 503 -711
232 -38 9 297
89 327 482 -728
973 -681 -446 -662
-498 262 -346 161
986 -672 -438 -656
-478 280 -330 182
967 -664 -466 -677
-495 269 -344 167
977 -658 -455 -695
-481 299 -357 154
-35 342 138 343
152 -77 133 334
-19 348 151 357
131 -61 144 331
-10 362 142 340
144 -49 132 326
-31 344 125 342
159 -30 120 290
118 -139 -396 406
93 14 178 232
117 -151 -377 416
79 35 161 215
102 -116 -407 395
69 28 172 211
106 -117 -397 370
91 57 156 182
194 -194 98 -59
11 -289 887 562
197 -185 87 -68
27 -274 893 566
198 -178 105 -75
11 -260 896 571
205 -171 85 -89
26 -270 902 537
4 9 240 -153
-153 -153 -36 -211
-18 -9 229 -155
-151 -158 -30 -208
-9 5 226 -152
-171 -163 -38 -213
-1 -8 220 -157
-170 -176 -36 -213
-182 -534 -200 667
-37 240 -305 108
-183 -546 -198 676
-63 233 -298 121
-221 -560 -167 688
-88 222 -285 137
-223 -544 -165 676
-80 219 -275 114
-44 370 436 795
-253 -352 -77 54
-41 361 444 812
-230 -352 -63 52
-69 357 447 798
-225 -349 -88 45
-57 382 448 817
-223 -351 -87 72
-497 16 -554 -866
-271 74 71 -525
-491 38 -564 -874
-263 75 36 -512
-485 50 -544 -851
-233 77 41 -525
-470 38 -559 -864
-227 77 36 -540
39 -111 286 542
146 -92 -374 -357
34 -120 260 539
131 -107 -377 -356
54 -98 243 543
143 -115 -376 -361
42 -109 254 544
158 -99 -372 -354
-453 -314 14 228
422 9 234 -431
-445 -325 30 225
403 -2 229 -439
-433 -301 11 256
428 -8 226 -421
-429 -311 27 252
446 -12 227 -432
296 -30 -505 -73
185 107 1003 239
321 -26 -510 -103
234 98 992 218
314 -20 -499 -104
240 92 984 228
343 -24 -515 -102
250 121 973 215
-297 244 -683 -566
942 -505 104 -107
-303 255 -686 -592
952 -498 119 -120
-282 231 -705 -594
936 -494 93 -126
-257 246 -729 -599
945 -493 103 -106
-233 411 554 65
-181 -160 -50 -17
-224 405 583 72
-166 -162 -58 -31
-234 407 575 79
-186 -167 -40 -15
-249 375 568 83
-216 -200 -15 -33
212 -293 -181 -3
-214 142 -7 -210
202 -277 -160 -5
-247 133 4 -193
161 -298 -138 -9
-260 135 60 -204
146 -318 -139 -8
-275 124 83 -181
-131 241 249 256
82 101 410 118
-150 250 273 252
57 80 408 107
-166 229 297 271
61 87 446 138
-156 235 297 269
70 65 449 132
1121 450 -271 192
-273 365 191 -146
1126 464 -258 176
-266 387 197 -141
1135 470 -251 191
-256 373 200 -168
1117 453 -254 170
-283 390 203 -162
-523 49 -662 73
370 -943 248 -405
-529 44 -686 82
376 -938 256 -409
-512 72 -673 70
386 -933 261 -419
-529 72 -690 47
394 -929 240 -426
-288 -690 164 -666
256 -12 -464 -321
-297 -686 164 -674
282 -21 -474 -307
-301 -688 162 -680
267 -25 -460 -319
-310 -687 165 -687
257 -35 -476 -303
-450 -396 -227 -12
-121 -411 85 -311
-445 -416 -216 -11
-90 -422 92 -325
-435 -399 -228 -6
-81 -436 89 -311
-432 -421 -242 -1
-77 -449 92 -320
342 -605 -573 -917
-184 340 -889 -73
372 -609 -592 -917
-159 350 -888 -72
363 -613 -583 -914
-168 326 -915 -72
367 -622 -607 -911
-145 333 -914 -66
-301 553 230 129
505 -490 585 -598
-297 548 234 149
514 -487 590 -585
-287 520 213 139
509 -517 583 -577
-285 524 222 159
537 -518 583 -536
-72 -703 -564 -12
-346 -517 91 -349
-42 -726 -591 -7
-347 -511 72 -355
-42 -745 -598 1
-323 -507 96 -330
-42 -734 -609 13
-329 -535 83 -313
120 536 -8 94
-982 -72 476 116
132 534 -3 95
-970 -93 488 89
114 539 -7 96
-998 -80 501 97
119 537 -2 102
-992 -66 489 76
228 17 -473 -565
407 -28 181 -32
216 23 -447 -584
400 -10 181 -47
207 28 -448 -579
399 -27 180 -64
208 44 -455 -608
398 -13 205 -51
726 0 319 57
422 -236 798 674
744 7 322 73
407 -250 796 674
729 19 320 61
384 -257 802 672
713 31 351 44
390 -268 847 673
-579 -56 -34 25
744 108 496 -55
-599 -49 -18 18
731 110 515 -63
-594 -45 7 38
719 114 530 -69
-624 -62 27 21
705 76 552 -45
261 20 -23 101
201 178 60 75
258 2 -12 92
165 178 59 101
253 5 -2 123
167 163 62 85
246 -20 8 124
159 171 70 109
309 -155 363 -481
-163 -419 -126 60
320 -140 362 -491
-161 -404 -117 62
301 -159 379 -479
-188 -420 -112 64
282 -148 369 -463
-188 -407 -101 71
128 39 -122 -226
-524 848 69 55
131 47 -130 -247
-510 801 62 78
123 73 -102 -224
-513 813 64 70
89 77 -112 -243
-478 784 72 57
25 108 -39 -364
-21 866 899 -222
57 64 -78 -330
122 760 824 -132
139 -29 -105 -280
235 645 715 -43
164 -52 -139 -263
304 556 649 16
7548 -8900 1072 -1167
-8780 5789 -12177 9700
7670 -9059 961 -1003
-8644 5652 -12299 9867
7792 -9186 829 -877
-8552 5538 -12403 9967
7903 -9313 708 -742
-8460 5449 -12500 10087
-1624 683 1082 -738
-1181 1633 -246 4971
-1579 599 1027 -638
-1164 1623 -292 5026
-1492 515 933 -521
-1135 1582 -337 5070
-1454 439 854 -461
-1090 1535 -394 5135
1311 -1663 -109 -2811
223 -269 860 -1186
1313 -1662 -116 -2805
243 -301 833 -1158
1338 -1721 -167 -2768
266 -301 814 -1156
1331 -1732 -190 -2735
281 -337 799 -1135
-769 1075 777 -234
-155 -357 -751 2117
-772 1064 739 -218
-124 -390 -744 2133
-753 1049 740 -201
-119 -398 -776 2161
-735 1034 719 -191
-89 -442 -804 2192
1227 -200 295 463
-819 160 -201 -1238
1226 -236 287 474
-797 151 -221 -1203
1260 -248 285 494
-785 176 -212 -1202
1266 -256 241 521
-800 171 -235 -1210
-332 -163 -671 319
706 302 104 -781
-330 -163 -663 321
714 297 103 -781
-349 -166 -689 319
678 324 135 -779
-353 -168 -670 323
654 320 132 -781
-126 397 -309 949
-598 562 -31 340
-145 399 -285 933
-620 564 -23 306
-167 412 -280 913
-612 564 -7 303
-189 412 -250 902
-641 591 8 310
141 772 727 214
331 -803 -1184 -995
140 774 736 182
325 -799 -1184 -997
116 769 736 181
316 -795 -1154 -1000
111 764 784 181
312 -793 -1158 -1001
-437 281 -114 -579
600 429 -44 62
-424 286 -124 -612
593 442 -43 48
-416 287 -130 -614
588 422 -39 31
-416 286 -135 -613
618 428 -62 53
-390 39 -41 -71
524 324 202 -646
-381 56 -51 -74
542 324 200 -644
-376 30 -58 -75
549 353 202 -660
-371 47 -72 -73
561 350 204 -657
-678 198 -264 505
457 1030 -462 1024
-688 169 -256 508
451 1014 -463 1026
-664 169 -269 516
448 999 -471 1026
-675 165 -286 531
440 985 -470 1028
185 607 619 537
-193 10 -1305 344
181 607 592 546
-186 -10 -1297 352
202 599 604 557
-180 -3 -1290 337
185 601 617 563
-180 -23 -1308 345
676 243 251 -364
-370 -400 152 -38
684 237 256 -345
-364 -395 153 -23
656 238 262 -367
-365 -398 132 -10
663 238 242 -358
-367 -431 139 -3
58 -88 -691 670
18 -446 -748 527
47 -118 -677 698
40 -459 -749 561
47 -142 -697 697
37 -494 -765 586
84 -151 -714 740
34 -506 -755 590
-452 659 25 530
105 -264 -167 -140
-424 647 19 550
106 -248 -167 -126
-424 638 9 601
82 -271 -169 -85
-426 597 0 617
84 -293 -166 -72
2 283 847 -249
31 -545 372 -655
-16 293 845 -241
50 -551 365 -636
0 260 882 -228
41 -564 377 -637
-10 265 880 -213
37 -575 391 -615
-472 -113 -865 -289
-90 -152 117 46
-467 -121 -873 -264
-82 -168 112 36
-494 -118 -885 -272
-111 -188 106 58
-491 -126 -863 -245
-110 -204 136 52
-218 168 -133 195
312 239 112 -383
-218 162 -132 199
300 240 132 -393
-226 160 -121 204
294 237 125 -372
-227 117 -117 241
281 230 149 -374
438 -330 940 -392
56 314 -145 -64
436 -332 953 -380
55 326 -141 -85
439 -332 966 -366
31 323 -149 -71
411 -334 977 -381
34 330 -114 -90
-296 -343 -448 -484
122 411 -620 145
-300 -358 -467 -467
116 396 -639 169
-305 -347 -456 -468
101 380 -624 161
-309 -364 -446 -479
85 369 -613 154
-133 -247 825 151
134 -702 306 69
-140 -260 827 181
119 -699 315 118
-156 -274 836 179
143 -731 298 133
-135 -292 848 208
134 -733 305 155
-144 175 -473 271
505 -12 173 471
-132 147 -455 304
498 -19 162 496
-141 155 -453 316
487 -22 185 514
-159 125 -444 322
475 -21 179 505
-708 119 457 -742
310 -1119 -465 -707
-699 111 469 -727
311 -1118 -470 -710
-717 114 477 -721
314 -1116 -445 -687
-743 116 490 -717
283 -1120 -450 -694
-311 -62 -535 671
399 18 -78 -418
-319 -62 -551 667
388 27 -89 -413
-329 -62 -532 694
401 10 -61 -415
-310 -58 -540 693
397 26 -77 -416
-850 178 -452 199
-1078 79 -545 420
-841 203 -433 206
-1077 63 -565 408
-851 194 -457 211
-1081 77 -553 410
-832 188 -447 212
-1083 60 -542 406
116 149 76 124
447 -97 184 391
134 163 68 115
424 -78 190 398
111 147 64 96
424 -91 183 403
120 145 94 124
424 -69 203 385
83 -118 407 -1159
292 516 -215 -220
80 -101 428 -1163
261 537 -204 -229
80 -80 419 -1167
264 561 -187 -209
67 -93 449 -1180
268 549 -198 -220
608 -103 -151 61
-718 483 -133 116
615 -91 -141 38
-725 493 -123 91
598 -89 -145 49
-727 529 -114 76
611 -46 -147 36
-730 533 -106 82
-147 610 -15 -107
-545 79 -673 560
-140 607 -26 -98
-529 80 -685 551
-161 614 -17 -124
-527 87 -660 536
-152 648 0 -143
-553 122 -675 525
814 -350 880 13
258 -530 190 -93
800 -343 897 -7
265 -541 167 -103
794 -346 887 3
262 -527 176 -101
819 -340 885 -22
271 -545 177 -107
207 493 -62 -6
400 -140 702 203
196 466 -60 -12
435 -146 687 205
220 470 -83 -13
440 -153 660 203
212 475 -82 -12
440 -158 671 234
-143 -29 -480 -671
732 -674 -124 -756
-116 -39 -472 -674
738 -692 -135 -762
-115 -52 -500 -678
751 -679 -147 -761
-88 -60 -491 -652
766 -708 -162 -732
-184 -55 212 419
-422 603 -425 83
-181 -55 177 422
-444 612 -440 83
-185 -80 174 416
-433 597 -451 80
-186 -85 169 428
-428 614 -460 79
-111 268 545 -568
316 -583 35 277
-116 266 531 -580
309 -585 54 258
-131 288 548 -551
307 -557 43 243
-139 288 535 -567
300 -562 61 228
-337 -612 186 -712
54 211 -281 -527
-359 -609 195 -719
77 226 -282 -539
-369 -597 200 -733
75 241 -265 -523
-355 -591 215 -740
48 225 -286 -543
149 270 -350 285
-511 78 114 245
154 273 -370 281
-506 92 104 242
153 275 -354 280
-506 102 99 241
155 274 -342 283
-506 89 92 204
-709 11 -253 -602
-90 -511 -377 255
-736 39 -255 -582
-100 -495 -386 267
-733 35 -249 -597
-117 -486 -395 255
-726 35 -244 -615
-105 -504 -370 236
-82 -405 203 34
39 365 -59 -635
-121 -412 234 42
44 372 -40 -644
-119 -381 242 26
29 384 -37 -664
-116 -382 245 38
16 385 -36 -646
