0 0 0 0
78 41 -41 -29
0 0 0 0
57 37 -20 -15
0 0 0 0
19 15 0 0
0 0 0 0
0 0 0 0
384 185 -196 -103
1939 1003 -769 -364
241 135 -112 -63
1189 690 -478 -259
107 68 -55 -39
548 358 -229 -146
0 0 0 0
0 0 0 0
41 6767 20863 15420
2165 3078 345 -2997
550 6630 20116 15604
2395 2974 -40 -2865
1092 6459 19239 15821
2639 2897 -410 -2733
1632 6336 18336 16000
2880 2816 -736 -2624
1950 2813 769 4
-1 368 1788 1924
2076 2795 615 62
27 375 1734 1922
2144 2766 447 136
79 377 1671 1899
2240 2752 320 160
96 416 1632 1920
-279 -2387 928 354
-821 -37 398 -104
-272 -2360 906 331
-771 -80 379 -81
-233 -2347 884 342
-722 -122 350 -90
-192 -2336 832 288
-672 -160 288 -96
-39 -14 89 31
-8 -1 18 7
-25 -12 60 28
-5 -2 12 4
-12 -7 28 15
-2 0 5 2
0 0 0 0
0 0 0 0
-1 0 3 0
0 0 0 0
-1 0 2 0
0 0 0 0
0 0 1 0
0 0 0 0
0 0 0 0
0 0 0 0
0 0 0 0
0 0 0 0
0 0 0 0
0 0 0 0
0 0 0 0
0 0 0 0
0 0 0 0
0 0 0 0
0 0 0 0
0 0 0 0
0 0 0 0
0 0 0 0
0 0 0 0
0 0 0 0
0 0 0 0
0 0 0 0
0 0 0 0
-2 0 0 0
0 0 0 0
-1 0 0 0
0 0 0 0
0 0 0 0
0 0 0 0
0 0 0 0
-16 3 6 -1
-73 17 41 -6
-11 1 4 0
-7 9 30 -4
-4 0 1 0
37 3 12 -1
0 0 0 0
64 0 0 0
151 17 4 -24
1441 -63 -580 -5
276 -9 -72 2
1638 -92 -712 40
349 -42 -131 26
1792 -122 -864 52
480 -32 -192 0
2016 -128 -992 64
13390 -364 -3563 148
-8113 9612 13429 14235
13607 -406 -3767 208
-7927 9591 13241 14240
13844 -444 -3974 215
-7756 9598 13009 14268
14080 -416 -4192 224
-7552 9632 12800 14240
-1484 -604 -760 522
399 -2096 1393 1390
-1396 -591 -891 517
430 -2043 1383 1358
-1305 -557 -1045 477
448 -2011 1316 1320
-1216 -512 -1184 448
480 -1984 1248 1280
2004 -842 861 -73
-3005 -1545 834 -526
1985 -835 856 -81
-3001 -1551 866 -542
1985 -803 840 -143
-3001 -1557 865 -530
1984 -800 832 -160
-3008 -1536 864 -544
595 5 -163 -1924
-115 -91 -805 541
577 -6 -186 -1934
-109 -90 -785 559
590 -16 -173 -1911
-103 -91 -808 582
576 -32 -192 -1888
-96 -128 -800 576
-940 -298 -192 -1451
792 1630 6 -788
-954 -294 -176 -1470
803 1649 4 -792
-937 -291 -185 -1455
818 1672 -32 -795
-928 -288 -192 -1440
832 1664 -32 -800
280 385 -1125 593
739 -333 276 283
303 408 -1141 575
762 -304 244 260
297 397 -1132 558
752 -312 248 242
320 416 -1152 544
768 -288 224 256
-271 500 655 -696
827 -260 -1145 550
-239 494 624 -709
824 -254 -1147 547
-249 518 631 -721
856 -251 -1146 511
-256 512 640 -736
864 -256 -1152 512
251 32 -351 673
-410 426 1075 -1085
239 33 -357 669
-390 434 1059 -1105
262 33 -368 668
-403 438 1040 -1096
288 32 -384 640
-384 448 1024 -1120
-710 1043 777 234
298 -56 988 528
-727 1026 781 226
293 -69 1001 520
-715 1042 760 194
289 -49 980 515
-704 1056 768 224
288 -64 992 512
-102 -1140 -883 -870
430 -122 682 -524
-112 -1140 -872 -879
404 -144 708 -522
-121 -1144 -867 -888
411 -136 706 -517
-128 -1152 -864 -864
384 -160 704 -512
-604 -26 281 -433
10 -363 -774 -525
-606 -28 295 -437
27 -382 -758 -511
-607 -31 307 -442
12 -397 -777 -528
-608 -32 320 -416
32 -384 -768 -512
-403 570 -210 170
250 -625 -247 119
-408 560 -192 156
249 -628 -248 122
-380 551 -207 175
254 -633 -253 125
-384 544 -224 160
256 -640 -256 128
-485 -16 760 187
988 249 140 84
-481 -32 739 197
1009 231 113 68
-479 -46 751 209
1000 211 120 81
-480 -64 736 192
1024 224 128 96
132 394 -313 3
-454 842 -433 -81
122 401 -326 -8
-439 851 -437 -87
139 376 -305 11
-427 856 -442 -58
128 384 -320 32
-416 864 -448 -64
-268 30 -75 679
925 -148 458 -338
-274 21 -73 694
911 -143 465 -342
-282 11 -70 682
902 -135 441 -346
-256 32 -96 672
928 -128 448 -352
-137 -324 648 -517
-873 -356 -196 -620
-169 -322 645 -545
-879 -335 -202 -645
-165 -290 644 -543
-888 -312 -212 -643
-160 -288 640 -576
-896 -320 -224 -672
-489 280 -75 -391
-116 -500 -83 647
-486 302 -47 -419
-132 -494 -54 642
-484 295 -55 -418
-147 -486 -59 641
-480 320 -64 -448
-128 -480 -64 640
128 -252 593 128
-324 -656 259 -211
104 -243 619 117
-333 -651 259 -203
116 -234 614 140
-310 -646 258 -196
96 -224 608 128
-320 -672 256 -192
548 -630 -94 -554
93 74 -382 330
522 -644 -94 -550
92 102 -388 338
532 -625 -95 -546
94 98 -402 344
544 -640 -96 -544
128 96 -416 320
-311 -268 256 -439
18 568 374 -74
-280 -265 246 -442
15 581 351 -104
-282 -259 233 -477
8 593 366 -100
-288 -256 224 -480
32 608 352 -128
373 234 -58 -456
43 -91 -443 109
387 243 -50 -475
29 -93 -435 123
369 282 -41 -492
47 -62 -424 110
384 288 -32 -480
32 -64 -416 96
-476 -731 -247 -308
4 368 -256 -9
-477 -730 -228 -323
1 373 -266 -7
-477 -701 -211 -338
1 378 -245 -35
-480 -704 -224 -352
0 384 -256 -32
-472 -256 -263 -152
190 -258 -3 -88
-474 -269 -281 -132
203 -237 -25 -77
-476 -247 -269 -145
182 -246 -14 -103
-480 -256 -256 -160
192 -224 0 -96
-308 -117 -349 233
147 291 64 241
-311 -108 -341 229
144 300 39 256
-314 -101 -330 195
136 278 51 239
-320 -96 -352 192
128 288 64 224
307 239 -512 63
200 102 -254 174
330 234 -490 64
189 101 -278 181
326 261 -500 65
174 98 -267 185
320 256 -480 64
192 96 -256 192
-705 350 -319 275
209 566 -43 515
-711 352 -320 268
170 578 -32 536
-723 352 -320 261
164 561 -16 523
-736 352 -320 288
160 576 0 512
226 398 349 166
-13 39 351 -349
224 407 352 133
-31 36 349 -328
223 410 353 131
-16 66 352 -339
224 416 352 128
-32 64 352 -352
-279 305 -299 850
70 -184 -185 -207
-283 333 -293 843
55 -187 -186 -203
-254 328 -289 835
74 -189 -188 -198
-256 320 -288 832
64 -192 -192 -192
-463 -188 -73 -11
-298 299 224 -585
-480 -199 -80 -20
-326 305 222 -589
-463 -180 -88 8
-322 311 223 -597
-448 -192 -96 0
-320 320 224 -608
-607 -847 252 -159
350 945 -915 465
-628 -862 243 -150
345 937 -904 457
-618 -846 233 -139
348 933 -899 452
-608 -864 256 -160
352 928 -896 448
-58 -920 398 637
-265 119 -430 -715
-51 -942 384 637
-262 120 -445 -720
-42 -933 401 638
-259 123 -430 -696
-64 -928 384 640
-256 128 -448 -704
-632 -439 197 -597
376 -58 472 -22
-662 -416 182 -608
386 -72 508 -9
-667 -432 203 -624
370 -51 509 -21
-640 -416 192 -608
352 -64 512 -32
-77 619 284 -363
83 -110 -206 -24
-95 635 286 -378
76 -93 -210 -27
-112 652 319 -364
68 -78 -184 -29
-96 672 320 -384
64 -64 -192 -32
248 -481 93 53
275 689 233 471
238 -479 96 65
259 683 208 462
230 -478 96 47
274 708 217 455
224 -480 96 64
288 704 224 448
20 299 914 -334
-255 48 -867 656
36 294 907 -316
-277 54 -866 672
18 292 900 -334
-268 28 -862 654
32 288 864 -320
-256 32 -896 672
-99 -413 -41 293
-463 970 -365 -375
-99 -413 -35 291
-447 974 -380 -375
-97 -415 -66 289
-462 950 -400 -379
-96 -416 -64 288
-448 960 -384 -384
104 2 415 465
220 -372 -358 288
103 24 390 473
209 -364 -367 297
100 11 403 477
201 -388 -375 274
96 32 384 448
192 -384 -384 288
-256 1001 -75 471
299 4 18 393
-252 1008 -94 463
306 -14 32 377
-253 983 -79 487
312 -8 47 397
-256 992 -64 480
288 0 32 384
40 183 -111 39
397 347 49 -88
38 165 -106 56
394 361 43 -99
34 179 -100 44
387 340 38 -115
32 160 -96 32
384 352 32 -96
132 243 -138 -430
303 194 1360 109
120 257 -113 -424
307 195 1385 82
140 241 -120 -452
283 193 1378 88
128 256 -128 -448
288 192 1376 96
213 541 138 34
-335 -243 -464 471
196 551 124 33
-350 -233 -446 462
209 564 143 33
-366 -229 -432 487
192 544 160 32
-384 -256 -416 480
-10 -261 80 -137
786 80 514 203
-36 -272 73 -102
780 76 511 200
-33 -280 98 -99
772 69 543 228
-64 -320 96 -96
768 32 544 224
393 -349 -61 369
-388 -319 -913 -320
368 -362 -63 405
-407 -338 -905 -331
375 -372 -62 411
-426 -330 -901 -309
352 -384 -64 448
-416 -352 -864 -288
68 -15 637 -494
89 772 498 583
48 -34 635 -467
90 760 513 558
56 -48 669 -474
61 747 495 567
32 -64 672 -448
64 768 512 576
-295 49 -569 -140
496 -437 -371 -459
-290 73 -571 -122
481 -427 -355 -465
-289 67 -572 -139
497 -422 -370 -471
-320 64 -544 -128
480 -416 -352 -480
133 -3 325 112
765 183 308 920
143 -21 334 115
785 175 311 942
152 -12 341 122
778 200 283 934
160 0 320 128
800 192 288 928
295 57 -426 191
-312 81 -50 153
303 37 -442 211
-321 85 -89 167
310 52 -428 201
-304 90 -92 179
320 32 -448 224
-288 96 -96 160
491 -301 450 -1255
-869 -276 -481 -68
507 -278 459 -1237
-877 -276 -481 -91
494 -282 436 -1258
-853 -281 -480 -78
512 -288 416 -1248
-832 -288 -512 -96
-638 18 -240 176
275 -440 -486 -838
-636 8 -259 190
323 -436 -506 -853
-603 5 -243 175
379 -428 -528 -840
-608 0 -256 192
416 -448 -544 -832
-148 -399 -602 -375
1461 -78 -872 -370
-16 -432 -667 -371
1678 -156 -1040 -310
93 -446 -748 -334
1913 -201 -1225 -284
224 -480 -832 -352
2112 -224 -1408 -256
16555 -1066 -3818 644
-7202 10241 15221 17287
16799 -1142 -4093 717
-6933 10206 14948 17352
17093 -1192 -4334 770
-6696 10162 14672 17386
17376 -1248 -4608 800
-6496 10176 14400 17408
993 1433 -3996 -780
3125 -482 739 561
1151 1429 -4203 -737
3225 -441 647 570
1280 1453 -4399 -739
3269 -413 531 531
1408 1472 -4576 -736
3328 -384 448 480
936 -300 1363 2245
-3427 -2623 1557 589
955 -283 1298 2224
-3412 -2639 1551 563
980 -243 1264 2208
-3415 -2627 1557 535
992 -224 1248 2144
-3392 -2624 1536 544
930 548 -1378 182
227 -343 -10 -68
952 563 -1350 198
265 -315 -7 -83
953 555 -1362 208
275 -320 -18 -73
960 544 -1376 192
288 -320 -32 -64
-921 966 170 -1471
966 159 -428 -1102
-903 1002 132 -1510
994 212 -464 -1123
-882 1009 129 -1520
1023 235 -469 -1183
-832 1056 96 -1536
1024 288 -512 -1216
-1008 -30 421 1919
315 936 287 691
-979 15 420 1871
317 993 282 643
-983 57 416 1829
322 1020 284 625
-960 96 384 1792
288 1056 288 576
-952 1491 522 96
282 -666 -1282 1276
-950 1523 527 68
257 -635 -1257 1257
-987 1560 566 5
238 -604 -1234 1236
-992 1600 576 -32
224 -576 -1216 1184
65 -607 -590 465
223 -481 1010 -240
62 -584 -578 428
203 -458 1002 -241
29 -565 -543 421
214 -438 1030 -248
32 -544 -544 384
192 -448 1024 -288
-873 512 1272 622
391 147 -211 326
-879 521 1284 628
409 139 -202 335
-887 532 1296 633
396 134 -198 343
-864 512 1280 608
384 128 -192 352
1284 -123 214 290
-489 -389 -156 259
1282 -156 218 298
-473 -396 -135 260
1278 -157 254 309
-491 -408 -148 289
1280 -160 256 288
-480 -384 -128 288
-183 101 167 -404
729 541 -437 220
-184 86 183 -384
738 518 -426 223
-189 74 171 -399
751 498 -452 225
-160 64 192 -384
736 512 -448 224
34 -488 129 402
-99 -596 340 259
44 -497 130 409
-76 -609 354 257
54 -504 129 413
-85 -591 336 257
64 -512 96 416
-64 -608 320 256
-215 302 590 255
-95 -199 -317 -789
-217 308 615 246
-97 -186 -295 -779
-221 314 611 266
-97 -204 -307 -774
-224 288 608 256
-96 -192 -320 -800
-23 475 -200 255
122 694 518 -301
-35 469 -197 230
123 675 536 -308
-18 459 -194 242
125 691 523 -314
-32 480 -192 256
96 672 512 -320
328 129 -667 307
-759 116 139 -178
323 142 -666 289
-759 122 146 -184
354 120 -667 303
-761 124 151 -188
352 128 -672 288
-768 128 128 -160
449 602 413 -96
-127 9 -286 -49
449 595 401 -108
-117 15 -286 -21
448 616 423 -117
-106 23 -286 -26
448 608 416 -96
-128 32 -288 -32
454 -94 -441 458
-64 -538 -249 -189
441 -83 -455 465
-63 -540 -249 -178
459 -74 -434 441
-64 -510 -253 -201
448 -64 -448 448
-64 -512 -256 -224
25 242 525 18
559 -400 715 361
27 265 530 36
552 -403 689 335
31 261 503 17
547 -377 695 343
32 256 512 0
576 -384 704 320
170 602 6 -479
42 -348 -340 519
176 602 -26 -468
61 -367 -363 515
184 572 -28 -458
77 -359 -357 514
192 576 -32 -480
96 -384 -384 512
-273 374 -75 -56
79 -509 169 672
-244 355 -92 -38
94 -529 154 681
-219 338 -110 -20
112 -519 108 691
-224 320 -128 -32
128 -544 96 704
226 387 -244 -379
-282 661 -65 -490
248 373 -279 -392
-292 673 -77 -493
267 363 -283 -373
-273 654 -87 -470
256 352 -288 -352
-256 640 -64 -480
98 -404 240 -242
626 516 603 -112
97 -417 234 -269
610 513 581 -118
98 -401 227 -261
625 512 594 -123
96 -416 224 -256
608 512 608 -96
29 -398 99 890
183 -42 122 -93
30 -369 110 881
199 -61 114 -88
0 -376 117 872
179 -45 137 -107
0 -384 128 864
160 -64 128 -96
-181 -223 -523 -352
543 -316 525 -286
-206 -222 -509 -350
555 -337 511 -288
-199 -223 -494 -351
533 -328 526 -288
-224 -256 -480 -352
544 -320 544 -288
261 -198 212 -754
620 -85 341 309
257 -229 217 -747
645 -78 336 314
255 -226 221 -741
643 -70 329 317
256 -224 224 -736
640 -96 320 320
439 278 418 244
-885 861 126 146
465 260 398 224
-874 853 125 129
454 275 406 239
-868 842 95 143
480 256 384 224
-864 864 96 128
1143 398 410 727
-290 533 -487 -228
1162 395 413 727
-268 526 -500 -238
1186 389 415 731
-247 551 -520 -246
1184 416 384 736
-224 544 -512 -224
-201 -276 445 -168
-484 -76 -185 -288
-165 -248 457 -142
-483 -49 -165 -287
-163 -251 436 -151
-482 -57 -178 -288
-160 -256 416 -160
-480 -64 -192 -288
196 -462 1126 -311
-145 375 -217 448
206 -477 1132 -294
-153 387 -186 459
216 -461 1110 -307
-155 370 -190 467
192 -480 1120 -288
-160 352 -192 480
28 166 229 123
286 287 -276 155
22 163 215 125
286 276 -259 156
12 160 234 159
287 265 -242 159
0 128 224 160
256 288 -224 192
-62 228 -63 432
386 -33 -786 454
-72 226 -65 438
385 -44 -789 451
-83 226 -65 411
383 -21 -761 449
-64 224 -64 416
384 -32 -768 448
-367 309 98 -35
-12 -529 59 -756
-370 323 96 -53
-38 -521 46 -758
-376 304 95 -43
-34 -549 71 -762
-352 320 96 -64
-32 -544 64 -736
413 -295 427 -375
7 -391 -741 1154
412 -301 435 -358
3 -388 -758 1171
412 -309 441 -371
1 -416 -746 1158
416 -320 448 -352
0 -416 -768 1184
735 349 413 -633
-957 124 466 -559
744 326 414 -647
-948 146 482 -550
723 338 416 -626
-969 136 465 -546
736 320 416 -608
-960 128 480 -544
-705 -256 -469 -618
-371 24 88 359
-713 -255 -472 -626
-398 39 112 355
-694 -223 -442 -632
-391 53 104 352
-704 -224 -448 -608
-416 64 96 352
607 34 382 -83
-296 -51 41 -76
615 33 385 -89
-295 -55 60 -73
596 32 383 -61
-323 -59 78 -68
576 32 416 -64
-320 -64 96 -64
46 -298 -248 -129
-434 -349 70 185
31 -305 -251 -118
-440 -347 92 175
14 -312 -220 -107
-444 -349 110 167
0 -320 -224 -96
-448 -352 96 192
-106 190 119 -610
-226 647 102 264
-104 178 112 -599
-247 654 100 251
-100 201 137 -587
-238 663 131 269
-128 192 128 -608
-256 672 128 256
-68 400 -431 15
-419 -305 315 -237
-69 395 -423 -13
-428 -321 338 -244
-68 421 -418 -5
-438 -304 330 -250
-64 416 -416 -32
-448 -288 352 -256
-354 -421 464 21
-759 -200 -429 -430
-367 -407 491 -7
-762 -207 -422 -437
-375 -395 485 -4
-797 -215 -419 -442
-384 -384 512 0
-800 -192 -416 -416
253 -471 90 -38
194 240 83 -599
232 -485 90 -37
171 244 76 -611
244 -466 94 -34
180 250 103 -593
224 -480 96 -32
192 256 96 -608
-385 271 -538 530
-321 5 27 219
-408 277 -518 533
-312 -18 31 218
-395 251 -530 537
-330 -8 30 222
-416 256 -512 544
-320 -32 32 224
-683 -88 -646 -9
-360 102 177 -602
-700 -68 -665 -15
-355 113 159 -603
-716 -83 -653 8
-385 89 175 -606
-704 -96 -640 0
-384 96 192 -576
216 235 -636 425
187 -6 -189 -377
237 252 -625 453
197 6 -179 -368
229 238 -615 450
179 -14 -201 -360
224 224 -640 448
192 0 -192 -352
223 47 366 96
-262 -234 14 537
224 32 339 105
-242 -241 34 538
223 48 347 118
-250 -248 18 539
224 32 352 96
-224 -256 0 544
115 102 50 -165
498 93 1063 -261
120 80 25 -186
502 83 1061 -257
123 87 29 -172
506 73 1058 -256
128 64 32 -160
512 64 1056 -224
26 -132 860 -146
581 271 299 420
15 -122 861 -127
587 265 277 418
39 -142 862 -111
597 259 282 418
32 -128 864 -128
608 256 256 416
414 56 176 416
-281 -189 156 496
435 46 153 428
-284 -179 147 502
424 40 156 406
-254 -201 138 506
448 32 128 416
-256 -192 128 512
-295 141 -145 232
-854 83 210 198
-271 147 -168 251
-821 54 170 197
-279 120 -165 270
-752 56 130 196
-256 128 -192 288
-704 32 128 224
266 148 -338 -121
900 754 -542 207
410 113 -415 -93
1158 688 -697 287
530 98 -509 -67
1364 624 -912 332
672 64 -576 -32
1632 576 -1088 384
17158 -1193 -4519 382
-3816 8545 17542 17982
17438 -1293 -4796 485
-3512 8451 17233 18069
17767 -1406 -5103 570
-3242 8362 16931 18171
18048 -1472 -5376 640
-3008 8288 16640 18272
2526 2622 -3264 -2789
3169 600 -592 -741
2719 2539 -3494 -2709
3283 634 -700 -720
2881 2519 -3742 -2639
3362 619 -831 -689
3040 2496 -3936 -2592
3424 640 -960 -704
1079 360 1579 2248
-2413 -2280 1452 4
1136 381 1528 2242
-2378 -2250 1409 -39
1164 396 1472 2217
-2357 -2226 1375 -53
1184 448 1408 2176
-2304 -2208 1344 -96
-414 326 -1032 43
273 1227 14 -97
-368 360 -1023 4
317 1274 -3 -127
-348 357 -1053 -33
331 1289 -31 -127
-320 384 -1088 -32
352 1312 -64 -160
-1964 730 834 -1653
231 -281 -140 360
-1969 741 830 -1688
223 -268 -134 323
-1943 787 800 -1720
222 -228 -162 319
-1920 800 768 -1728
256 -224 -160 288
-542 -110 248 552
-8 857 820 562
-552 -94 243 515
-25 877 819 526
-530 -79 234 511
-10 900 823 520
-544 -64 256 480
-32 896 832 512
-482 295 -215 -450
1151 -478 -1423 1322
-490 325 -209 -477
1125 -474 -1394 1313
-501 323 -201 -478
1137 -474 -1398 1310
-512 320 -192 -480
1120 -480 -1376 1312
-902 105 -4 309
182 -92 -98 -691
-888 112 13 301
187 -103 -111 -695
-907 88 20 324
158 -116 -89 -666
-928 64 32 320
160 -128 -64 -640
257 255 1321 29
-349 -375 -464 -489
248 269 1335 18
-342 -407 -435 -480
237 247 1323 40
-363 -411 -442 -463
224 224 1344 64
-352 -416 -416 -448
442 -309 -343 -588
738 411 -356 215
445 -323 -366 -553
745 390 -342 228
445 -336 -359 -548
756 371 -331 241
448 -352 -352 -512
768 352 -352 256
-503 -198 1117 -343
-337 220 -588 425
-491 -185 1113 -322
-332 213 -573 439
-516 -204 1115 -305
-326 202 -590 459
-512 -224 1120 -288
-320 192 -576 480
-624 272 -660 -206
479 -27 -112 -29
-628 266 -652 -179
480 -28 -139 -18
-634 229 -646 -186
480 -62 -135 -10
-640 224 -672 -160
480 -64 -128 0
-190 463 -47 20
400 858 127 939
-192 482 -32 13
415 849 105 953
-191 464 -48 38
399 839 116 973
-192 448 -32 32
416 832 96 960
-135 -157 -572 -242
-554 -11 147 281
-131 -148 -584 -212
-539 -36 161 281
-130 -170 -594 -218
-556 -33 143 284
-128 -192 -576 -192
-544 -64 160 288
-201 -291 -449 169
178 608 203 -196
-207 -300 -460 167
159 606 219 -195
-185 -311 -437 193
176 606 205 -192
-192 -320 -448 192
160 608 224 -192
229 -11 -218 -12
-197 -417 53 -752
244 -9 -217 5
-195 -395 34 -753
235 -5 -221 -12
-193 -405 50 -761
224 0 -224 0
-192 -416 32 -736
-1250 -157 -514 460
-700 776 -823 903
-1235 -157 -525 465
-711 769 -817 900
-1256 -157 -535 471
-691 767 -807 929
-1248 -160 -544 448
-704 768 -832 928
-493 -200 -1276 -196
-108 89 -80 215
-488 -188 -1274 -201
-135 78 -91 219
-483 -207 -1278 -179
-129 70 -95 222
-512 -224 -1280 -192
-128 64 -64 224
925 -459 443 163
-200 20 -792 243
921 -436 432 157
-197 10 -824 237
924 -444 456 175
-194 35 -826 233
928 -448 448 160
-192 32 -800 224
-530 -357 -328 272
-135 -87 49 311
-510 -368 -336 258
-130 -103 41 316
-527 -376 -344 241
-130 -83 36 319
-512 -352 -352 256
-128 -96 32 320
523 -1069 163 560
-519 224 466 -490
507 -1094 182 544
-537 240 492 -460
495 -1091 171 559
-556 232 516 -470
512 -1088 192 544
-576 224 512 -480
261 174 -104 378
362 -164 688 -62
248 178 -90 382
347 -171 715 -86
235 153 -45 383
332 -182 742 -75
224 160 -32 384
320 -160 736 -64
-245 310 -208 397
-407 63 79 147
-260 290 -190 411
-430 82 84 144
-243 306 -173 399
-422 72 90 136
-256 320 -192 416
-416 96 96 128
208 -358 -3 -771
-22 98 106 -126
211 -345 10 -789
-4 88 104 -159
218 -332 21 -809
-17 108 99 -160
224 -352 0 -800
0 128 96 -160
-112 -240 -506 87
320 443 -22 337
-85 -244 -507 68
331 441 -37 352
-89 -218 -510 81
340 414 -19 335
-64 -224 -512 64
352 416 -32 352
320 -361 -334 320
109 -160 246 -690
331 -336 -361 301
108 -150 225 -694
341 -345 -355 310
102 -171 209 -699
352 -352 -384 320
128 -160 224 -672
-65 401 65 348
-6 -584 394 -178
-73 405 74 338
8 -595 422 -181
-83 409 52 330
-11 -601 417 -186
-64 416 64 352
-32 -576 416 -160
312 -546 290 -308
166 -251 -231 118
306 -522 297 -330
142 -240 -209 110
297 -533 308 -324
152 -233 -216 104
288 -544 320 -320
160 -256 -224 96
194 261 -371 79
-238 605 -301 365
195 255 -375 95
-222 624 -298 363
194 255 -380 80
-238 616 -326 358
192 256 -384 96
-224 608 -320 352
-64 -251 -847 292
-110 -732 -512 260
-76 -262 -854 290
-94 -741 -532 268
-53 -274 -858 289
-111 -753 -523 277
-64 -288 -864 320
-96 -736 -544 288
-780 -148 -285 -205
2 271 -386 -308
-774 -162 -299 -200
2 263 -408 -288
-770 -178 -309 -165
0 258 -396 -271
-768 -160 -320 -160
0 256 -416 -288
-150 332 -252 -92
-24 -66 42 643
-167 337 -242 -81
-37 -44 17 652
-149 344 -231 -71
-19 -53 26 630
-160 320 -256 -64
-32 -64 32 640
-341 66 137 -196
-415 4 564 -147
-354 63 154 -205
-446 26 585 -170
-368 63 141 -214
-447 45 580 -165
-352 64 160 -192
-448 32 576 -160
701 -30 32 254
-108 167 -264 110
675 -20 54 253
-123 186 -269 95
690 -9 44 254
-110 205 -245 80
672 0 64 224
-128 192 -256 64
-952 215 -276 -416
436 608 90 245
-952 230 -248 -446
416 617 111 249
-955 242 -254 -447
433 629 103 220
-960 256 -256 -448
416 640 96 224
501 553 197 1022
-649 491 -670 481
483 571 184 991
-664 508 -671 438
497 589 205 990
-649 526 -672 427
480 608 192 960
-672 544 -672 416
-112 816 -83 -99
257 37 -155 939
-126 843 -70 -127
245 46 -147 935
-141 836 -53 -127
234 54 -137 931
-128 864 -64 -160
256 64 -128 896
-241 321 -835 270
-251 67 -554 652
-227 341 -820 236
-240 44 -572 626
-242 362 -809 230
-232 53 -557 633
-256 352 -800 224
-256 64 -576 608
297 -66 243 81
-125 -189 451 266
294 -45 233 58
-127 -189 448 273
292 -54 228 60
-128 -191 448 281
288 -64 224 64
-128 -192 448 256
111 -486 -613 226
-494 41 -383 -389
125 -495 -620 225
-487 39 -382 -407
110 -502 -628 223
-482 36 -382 -396
128 -480 -640 224
-480 32 -384 -384
-826 68 88 154
254 854 302 -152
-813 56 98 144
233 877 314 -174
-838 76 111 168
244 869 302 -168
-832 64 96 160
224 864 320 -160
457 291 -673 56
-213 262 51 637
427 303 -649 47
-184 248 48 635
438 310 -660 41
-188 268 72 605
448 320 -640 32
-192 288 64 608
-144 -120 -166 -360
208 45 5 489
-150 -114 -166 -374
223 64 4 454
-156 -104 -163 -395
239 81 3 450
-128 -96 -160 -384
224 96 0 448
20 92 563 -118
-748 339 -298 522
0 115 565 -121
-743 334 -314 504
17 107 570 -126
-738 327 -301 523
0 128 544 -128
-736 352 -320 512
-253 199 -408 -246
-58 -348 7 -301
-251 227 -422 -246
-39 -314 25 -318
-254 226 -403 -251
-51 -317 11 -303
-256 224 -416 -256
-64 -320 32 -320
349 107 -450 -336
271 77 516 248
358 94 -429 -344
265 83 513 251
372 111 -437 -347
289 89 546 253
352 96 -448 -352
288 96 544 256
-779 35 -1293 -107
-407 45 735 362
-788 54 -1274 -102
-431 61 744 359
-762 43 -1290 -99
-423 79 724 355
-768 64 -1280 -128
-416 64 736 352
-781 -167 185 -142
-18 886 -157 -64
-801 -152 189 -180
-25 888 -146 -97
-816 -140 189 -187
-28 890 -136 -96
-832 -128 192 -192
-32 896 -128 -96
-796 -371 242 -486
-130 -107 -649 264
-785 -374 246 -504
-107 -115 -670 270
-806 -346 249 -523
-43 -121 -689 278
-800 -352 256 -512
-32 -128 -672 256
-182 5 -785 240
1611 -505 -923 -333
-34 -13 -859 263
1854 -591 -1096 -241
84 -77 -922 316
2107 -684 -1302 -203
224 -96 -992 320
2368 -736 -1504 -160
17724 -1028 -4542 664
758 7437 20242 15159
18064 -1187 -4841 780
1081 7288 19876 15306
18395 -1302 -5159 862
1384 7175 19551 15428
18752 -1408 -5472 960
1696 7040 19200 15584
2126 3113 122 -3162
1799 2704 862 5
2347 2998 -146 -3048
1928 2713 738 73
2537 2910 -435 -2939
2014 2679 591 124
2720 2848 -672 -2816
2080 2656 448 192
-45 326 1931 2022
-295 -2409 959 479
-15 335 1874 2049
-262 -2397 940 446
10 341 1803 2027
-263 -2362 919 414
64 352 1760 2016
-224 -2336 896 416
-742 -132 396 -88
-601 1114 27 -803
-755 -115 386 -124
-596 1126 25 -831
-732 -105 372 -130
-584 1137 13 -832
-704 -96 352 -160
-576 1152 0 -864
-1917 435 1761 -694
341 962 -1126 -610
-1906 450 1770 -709
317 982 -1154 -619
-1929 433 1778 -722
331 1002 -1148 -628
-1920 448 1760 -736
320 992 -1152 -640
-503 -524 -1216 1242
-1416 739 299 532
-508 -504 -1198 1230
-1431 715 302 522
-508 -492 -1220 1222
-1447 724 308 517
-512 -512 -1216 1216
-1472 736 320 512
30 432 184 260
352 -850 -984 911
18 424 184 285
320 -860 -995 915
8 420 220 271
319 -877 -974 952
-32 416 224 288
288 -896 -960 960
-386 652 76 692
660 -909 -36 -1184
-385 633 105 727
673 -926 -24 -1166
-416 618 99 732
657 -943 -45 -1158
-416 608 128 736
672 -960 -32 -1152
261 37 857 496
45 -212 -159 -14
261 24 856 511
30 -196 -172 -17
259 13 859 526
46 -212 -149 8
256 0 864 544
32 -224 -160 0
344 -112 -669 -572
-539 120 -123 -97
346 -95 -667 -572
-526 91 -113 -87
349 -112 -669 -572
-550 93 -106 -75
352 -96 -640 -544
-544 96 -96 -96
-456 369 406 862
-131 352 -548 690
-451 374 427 862
-130 331 -535 712
-480 378 420 894
-130 341 -523 709
-480 352 448 896
-160 320 -512 704
899 -4 38 545
1155 -71 655 -1101
885 -25 47 565
1161 -79 662 -1092
873 -12 55 554
1171 -88 668 -1089
864 -32 64 544
1184 -96 672 -1088
-78 -442 883 278
-25 244 378 -352
-72 -420 885 292
-7 235 402 -343
-99 -433 858 272
-20 228 393 -332
-96 -448 864 288
-32 224 384 -352
-204 470 -371 240
-797 -555 14 -319
-221 472 -363 235
-788 -572 33 -320
-207 476 -356 231
-810 -556 47 -319
-224 480 -352 256
-800 -576 32 -320
412 -434 -91 118
-168 -83 -20 -854
410 -438 -92 110
-175 -88 -33 -855
413 -443 -93 134
-183 -92 -17 -858
384 -448 -96 128
-192 -96 0 -832
-399 -386 92 483
906 395 246 -260
-381 -395 92 490
903 378 225 -248
-397 -405 92 501
898 364 240 -235
-384 -416 96 512
896 352 224 -224
798 -821 -333 -90
57 -398 428 205
796 -836 -328 -48
61 -406 422 222
797 -849 -323 -39
65 -443 418 238
800 -864 -320 -32
64 -448 416 256
-846 45 -394 -625
-211 -320 25 778
-849 8 -403 -628
-205 -317 26 784
-855 3 -379 -600
-231 -349 28 790
-864 0 -384 -576
-224 -352 32 832
11 511 -923 -54
-535 212 -629 -37
-6 487 -934 -27
-528 217 -630 -33
12 468 -944 -30
-518 220 -634 -31
0 480 -928 0
-512 192 -640 -32
-730 311 -385 -157
198 554 736 123
-718 307 -396 -159
177 539 730 156
-742 297 -375 -161
183 526 734 157
-736 288 -384 -160
192 512 736 160
26 145 -398 397
581 80 116 455
13 138 -370 415
567 63 110 453
6 134 -377 431
557 47 103 482
0 128 -384 416
576 64 128 480
-27 354 354 -120
-577 132 35 492
-27 362 344 -118
-565 123 44 476
-30 339 363 -90
-586 109 53 495
-32 352 352 -96
-576 128 64 512
987 69 206 665
-471 -301 -351 408
999 44 190 697
-494 -295 -340 401
1008 56 209 700
-486 -323 -362 422
992 32 192 704
-480 -320 -352 416
-132 50 209 -387
495 574 283 -758
-117 77 202 -385
491 587 282 -771
-136 70 195 -384
484 565 285 -786
-128 64 192 -384
480 576 288 -768
482 92 -382 -140
268 409 313 437
460 75 -383 -150
264 393 326 425
469 88 -383 -156
261 405 306 451
448 64 -384 -128
256 384 320 448
666 -159 597 27
-140 632 -302 -484
689 -166 580 27
-114 613 -317 -473
680 -179 561 28
-121 626 -334 -460
704 -192 576 64
-96 608 -352 -448
564 317 6 237
-125 -509 -21 252
589 308 -6 254
-117 -510 -23 262
613 299 -18 270
-76 -510 -27 274
608 288 -32 256
-64 -512 -64 256
580 -61 562 -919
44 478 820 477
601 -50 524 -932
50 480 832 484
619 -73 517 -914
58 480 816 467
640 -64 512 -928
64 480 800 480
-111 -403 468 -823
-1258 -425 -917 -688
-116 -386 460 -803
-1243 -454 -884 -674
-122 -401 454 -817
-1259 -449 -891 -689
-128 -384 448 -832
-1248 -448 -896 -672
-56 84 44 380
-73 -166 -589 -132
-58 100 39 371
-83 -166 -594 -99
-62 82 67 392
-90 -163 -568 -97
-64 96 64 384
-64 -192 -576 -96
338 -818 -262 -390
-667 814 403 -87
341 -810 -260 -378
-678 816 394 -69
315 -804 -257 -364
-690 824 389 -83
320 -832 -256 -352
-672 800 416 -64
872 -476 -63 -218
-576 123 -214 -272
864 -443 -73 -218
-543 125 -222 -261
894 -445 -50 -222
-544 128 -206 -275
896 -448 -64 -224
-544 128 -224 -256
-316 -7 491 -166
-58 -220 -48 -490
-294 -4 484 -164
-51 -245 -32 -476
-306 -34 481 -163
-40 -235 -48 -460
-288 -32 480 -160
-64 -224 -64 -480
172 -637 2 -55
-394 127 -332 25
180 -637 -10 -67
-399 94 -319 4
153 -639 10 -50
-407 94 -334 19
160 -640 0 -64
-416 96 -320 32
337 100 53 188
35 -617 -249 -130
307 95 66 192
34 -592 -258 -138
313 96 81 193
33 -598 -240 -117
320 96 64 192
32 -608 -224 -128
103 -395 795 101
-50 -3 79 -347
91 -397 794 85
-75 -22 72 -340
79 -406 796 106
-71 -12 100 -329
96 -416 800 96
-64 0 96 -352
611 598 260 -236
29 719 -81 100
588 589 269 -221
16 724 -61 110
596 614 280 -206
39 698 -77 118
608 608 256 -224
32 704 -64 96
-639 -651 -342 542
323 738 447 -192
-630 -652 -341 539
331 736 426 -172
-617 -662 -347 541
309 735 435 -181
-608 -672 -352 544
320 736 416 -192
-148 88 205 147
-248 -140 -90 -324
-140 58 179 162
-272 -127 -94 -309
-135 60 187 145
-265 -142 -94 -331
-160 64 192 160
-256 -128 -96 -320
-271 -293 -539 145
-64 -36 419 -223
-267 -279 -526 151
-86 -34 416 -234
-262 -266 -550 123
-75 -33 416 -214
-256 -288 -544 128
-64 -32 416 -224
112 640 124 76
-384 193 -129 591
116 629 116 60
-385 213 -117 596
122 649 106 79
-384 204 -138 569
128 640 96 64
-352 192 -128 576
-136 208 -139 -243
268 -683 -113 -368
-134 201 -145 -248
285 -657 -116 -370
-131 197 -152 -252
270 -663 -122 -378
-128 192 -160 -256
288 -672 -128 -352
-304 205 193 -135
30 -38 365 293
-309 202 212 -157
49 -49 383 290
-282 196 203 -143
41 -25 366 290
-288 192 192 -160
32 -32 384 288
-50 -287 -277 -804
130 -436 86 157
-24 -287 -278 -822
139 -429 78 169
-28 -288 -283 -810
150 -422 71 149
-32 -288 -288 -800
160 -416 64 160
-68 -15 -229 -129
-79 6 -369 154
-35 -22 -257 -140
-61 4 -396 156
-35 -27 -256 -150
-16 1 -420 159
0 -32 -256 -128
0 0 -416 160
305 -326 384 70
425 -131 -241 29
319 -323 372 79
419 -154 -266 50
335 -321 329 56
450 -140 -293 41
352 -320 320 64
448 -160 -288 64
-447 56 694 -316
-13 -653 -15 323
-420 65 653 -313
-19 -648 -14 300
-401 49 645 -317
-24 -645 -41 311
-416 64 640 -288
0 -640 -32 320
34 177 -591 -1006
-79 -504 -109 154
24 201 -596 -1018
-104 -482 -107 156
12 195 -602 -1036
-99 -465 -102 159
32 224 -608 -1056
-96 -448 -96 128
-74 -82 -388 421
-598 -159 59 -54
-80 -100 -387 437
-566 -162 47 -54
-55 -82 -385 426
-496 -162 3 -58
-64 -96 -384 416
-480 -192 0 -64
1227 176 -160 -134
1645 -352 -311 -412
1368 142 -220 -116
1879 -465 -501 -340
1489 99 -299 -66
2114 -553 -698 -253
1632 64 -352 -64
2400 -640 -864 -192
16431 -1741 -4538 1554
3980 5908 20450 12826
16730 -1884 -4824 1699
4285 5732 20114 12981
17081 -2048 -5163 1846
4627 5550 19772 13178
17440 -2208 -5472 1952
4960 5376 19424 13344
1062 2997 4377 -3669
-1313 2858 2630 -483
1251 2837 4113 -3498
-1178 2813 2494 -403
1477 2703 3824 -3325
-1120 2728 2329 -274
1696 2560 3552 -3168
-992 2688 2176 -192
94 176 1479 1091
47 -2397 1046 226
132 160 1430 1130
38 -2369 1064 235
128 141 1358 1154
31 -2382 1044 246
160 160 1312 1184
64 -2368 1024 224
-253 -907 3 -334
-269 703 281 -1088
-251 -899 21 -342
-278 698 277 -1084
-240 -898 -4 -348
-252 699 268 -1085
-224 -896 0 -352
-256 704 256 -1120
-1059 425 1319 -572
-1189 134 -1136 -199
-1061 451 1327 -579
-1190 132 -1147 -218
-1026 448 1303 -560
-1187 130 -1164 -205
-1024 448 1280 -576
-1184 128 -1184 -224
-720 -342 -912 1397
-759 1037 -571 1307
-705 -353 -913 1385
-763 1058 -551 1310
-721 -336 -919 1380
-766 1053 -561 1311
-704 -352 -928 1376
-768 1056 -544 1312
-238 44 749 -913
-331 -473 -845 1097
-269 57 764 -899
-333 -475 -823 1104
-262 73 751 -893
-357 -477 -811 1079
-288 96 768 -928
-384 -448 -800 1088
-197 -660 1271 725
-298 -671 71 -652
-193 -656 1272 719
-317 -684 90 -656
-224 -649 1307 712
-335 -664 109 -661
-224 -640 1312 704
-352 -672 128 -672
470 -986 230 -325
595 -158 -393 -93
461 -990 229 -310
585 -156 -387 -79
452 -990 260 -330
581 -174 -417 -103
448 -992 256 -320
576 -160 -416 -96
-149 -990 805 -809
9 -39 -572 651
-121 -970 793 -832
12 -30 -571 668
-125 -982 812 -830
21 -47 -572 655
-128 -992 800 -832
32 -32 -608 672
-1142 -440 -334 26
-800 -602 150 118
-1132 -456 -348 9
-810 -615 141 132
-1126 -469 -332 22
-790 -628 167 149
-1120 -448 -352 32
-800 -640 160 128
-373 -563 -476 496
47 -959 499 -737
-358 -602 -453 523
39 -983 513 -720
-371 -606 -466 519
66 -1004 530 -711
-384 -608 -448 544
64 -992 512 -704
40 97 -420 250
-196 -125 203 519
43 95 -415 265
-207 -136 189 517
52 96 -414 277
-182 -149 176 546
64 64 -416 288
-192 -160 160 544
-680 622 83 181
-505 1081 48 373
-675 626 67 185
-510 1063 64 364
-674 631 81 190
-479 1075 49 359
-640 608 64 192
-480 1056 32 384
-19 312 -766 899
-370 -544 181 2
-16 294 -773 917
-363 -553 164 12
-7 309 -786 905
-358 -563 178 21
0 288 -800 928
-352 -544 160 0
209 387 -54 -532
12 -98 275 -25
203 409 -70 -522
19 -107 280 -7
197 394 -83 -516
26 -118 253 -20
224 384 -64 -512
32 -96 256 -32
-76 892 5 298
796 -696 157 727
-71 869 3 315
784 -698 168 731
-67 882 0 302
776 -669 147 734
-64 896 0 288
800 -672 160 736
153 682 567 -304
166 -565 23 69
167 698 550 -307
177 -577 14 79
180 715 562 -313
186 -559 6 55
160 704 544 -320
192 -576 0 64
70 190 -115 561
326 24 -153 -374
81 188 -120 564
338 45 -167 -373
58 191 -126 568
344 38 -148 -378
64 192 -128 576
352 32 -160 -384
-84 -22 -409 -79
589 -476 -195 -199
-88 -24 -402 -107
603 -476 -203 -218
-61 -28 -392 -101
621 -478 -213 -237
-64 0 -416 -96
608 -448 -224 -224
-226 89 -80 68
183 169 828 -728
-223 80 -106 44
176 153 815 -749
-191 104 -101 23
169 171 805 -742
-192 96 -96 32
160 192 832 -768
-79 339 -67 841
254 491 397 708
-86 344 -65 816
244 508 381 695
-91 349 -65 791
266 526 399 683
-96 352 -32 800
256 544 416 672
-364 -214 -451 114
-80 203 -168 -330
-367 -196 -470 118
-73 211 -146 -348
-375 -177 -460 92
-101 216 -153 -366
-384 -192 -448 96
-96 224 -160 -352
618 -539 66 -901
-171 -69 -295 455
623 -551 77 -898
-154 -57 -302 452
631 -531 55 -928
-140 -45 -311 449
608 -544 64 -928
-128 -32 -288 416
458 -365 405 -146
446 -138 -57 231
477 -342 416 -138
437 -147 -61 216
462 -347 398 -165
458 -120 -93 205
480 -352 384 -160
480 -128 -96 192
297 -43 418 -612
47 -651 -482 386
283 -40 415 -639
54 -643 -500 362
301 -36 383 -639
60 -610 -523 373
320 -32 384 -640
64 -608 -512 352
-161 1131 215 -622
-479 -209 142 953
-158 1113 227 -629
-475 -200 135 965
-157 1132 208 -634
-477 -225 130 944
-160 1120 224 -640
-480 -224 160 960
827 -197 -346 472
500 292 -39 -627
827 -215 -327 480
514 292 -24 -618
828 -202 -340 495
497 290 -45 -613
800 -224 -320 512
512 256 -32 -576
522 -228 397 -355
-194 556 57 -227
517 -224 401 -343
-205 583 50 -217
546 -223 410 -333
-214 548 40 -206
544 -256 384 -320
-192 544 32 -192
-353 731 -35 314
-210 -665 381 -513
-362 713 -54 300
-216 -664 372 -513
-374 725 -43 295
-188 -666 363 -513
-352 704 -64 320
-192 -672 384 -512
-689 -268 -810 -573
15 1030 228 -57
-682 -260 -825 -586
21 1026 247 -61
-709 -258 -813 -566
-5 1024 235 -63
-704 -256 -800 -576
0 1024 256 -64
299 -41 290 8
-284 94 -38 -30
302 -16 312 5
-282 97 -58 -35
279 -23 300 3
-286 96 -43 -32
288 -32 320 0
-288 96 -64 -32
474 -536 229 -384
-444 -183 -326 -163
454 -548 236 -363
-455 -199 -332 -130
466 -530 215 -373
-435 -210 -342 -130
480 -544 224 -352
-448 -224 -352 -128
937 -458 313 238
-44 -578 253 -226
931 -475 315 243
-29 -588 257 -204
929 -461 317 282
-46 -600 256 -182
928 -480 320 288
-64 -608 256 -192
-446 205 424 -638
117 319 -82 188
-454 187 428 -627
133 319 -75 189
-466 206 437 -648
113 320 -70 191
-480 192 416 -640
128 320 -64 192
387 -892 -125 -166
4 -267 -59 -978
386 -899 -105 -177
3 -284 -51 -962
385 -881 -117 -184
35 -271 -42 -976
384 -896 -128 -160
32 -288 -64 -960
217 681 294 106
611 134 -989 488
231 663 269 125
639 132 -997 475
243 684 277 110
639 130 -1010 493
224 672 288 128
640 128 -992 480
-106 -284 -42 200
-320 -237 61 -177
-89 -306 -71 205
-318 -264 38 -181
-76 -295 -67 183
-289 -261 51 -154
-64 -288 -64 192
-288 -256 32 -160
448 -209 109 -289
75 -463 393 -253
434 -214 95 -286
90 -466 383 -244
455 -219 80 -287
109 -471 368 -267
480 -224 64 -288
128 -480 352 -256
-64 -24 624 268
-318 330 51 -716
-53 -47 598 271
-314 345 23 -698
-10 -40 603 279
-317 333 26 -717
0 -32 576 288
-288 320 0 -704
-115 779 228 101
523 -618 150 32
-129 796 246 100
539 -593 155 43
-144 780 233 99
525 -601 157 22
-128 768 224 96
512 -608 160 32
21 542 -391 24
-32 -340 119 700
34 550 -378 36
-21 -353 120 690
18 563 -364 19
-43 -336 124 681
32 544 -384 32
-32 -352 128 704
-904 -502 -598 -215
132 -295 -574 -478
-898 -496 -612 -216
118 -313 -564 -478
-897 -519 -625 -222
140 -301 -585 -477
-896 -512 -640 -224
128 -288 -576 -480
-546 200 -124 641
537 -262 -55 -942
-545 204 -134 653
529 -242 -82 -953
-544 214 -116 630
521 -250 -73 -940
-544 224 -128 608
512 -224 -64 -960
-247 89 186 288
-281 -102 113 1053
-248 105 208 266
-294 -111 137 1040
-283 117 200 246
-306 -88 132 1031
-288 128 192 224
-288 -64 128 1024
155 104 -297 -902
-191 -440 -172 289
154 130 -282 -905
-181 -428 -167 277
157 129 -269 -916
-170 -420 -163 266
128 128 -288 -928
-192 -416 -160 256
-702 348 -736 110
111 -94 -750 -302
-701 357 -756 116
105 -81 -754 -318
-703 338 -746 120
99 -73 -760 -301
-704 352 -736 96
128 -64 -768 -320
474 193 656 461
162 211 780 253
493 206 663 486
172 193 753 273
487 183 635 482
150 209 760 264
512 192 640 480
160 192 736 288
273 341 448 -187
-466 31 -153 419
288 323 438 -187
-415 40 -173 431
272 303 427 -157
-360 18 -200 408
288 320 416 -160
-320 0 -224 416
306 146 557 -635
2292 -473 -182 818
456 132 505 -600
2497 -573 -324 897
550 80 432 -566
2723 -653 -541 972
704 32 352 -544
3008 -768 -704 1024
15328 -2557 -3682 915
2051 4955 20675 8206
15612 -2727 -3974 1045
2319 4774 20348 8376
15923 -2886 -4269 1184
2632 4559 20008 8576
16288 -3072 -4576 1312
3008 4384 19648 8768
-529 757 5578 -3719
-3354 2354 4444 -15
-339 587 5353 -3527
-3247 2267 4336 124
-136 429 5055 -3356
-3148 2184 4164 229
96 288 4768 -3168
-3040 2112 3968 352
1270 -479 2333 47
412 -2097 1009 -143
1286 -505 2294 107
408 -2119 985 -118
1344 -528 2192 152
440 -2112 973 -121
1376 -544 2144 192
448 -2112 960 -96
-617 -2447 702 -861
735 1667 61 -528
-605 -2460 696 -839
752 1691 78 -531
-591 -2443 683 -822
742 1691 55 -506
-608 -2464 672 -832
768 1664 64 -512
-954 -245 1470 -700
-565 620 -1056 -678
-955 -259 1470 -723
-581 603 -1074 -678
-956 -242 1438 -710
-565 621 -1062 -673
-928 -256 1440 -704
-576 608 -1088 -672
-705 -907 -422 17
-68 -93 -221 1029
-717 -911 -405 24
-69 -117 -220 1033
-694 -919 -425 28
-65 -107 -223 1045
-704 -928 -416 32
-64 -128 -224 1024
-598 -497 1072 -536
410 -458 -986 454
-589 -528 1064 -523
432 -466 -997 453
-580 -521 1058 -516
423 -440 -978 452
-576 -512 1056 -544
416 -448 -992 448
179 -314 -189 -312
-7 -726 -112 -753
207 -306 -179 -322
-4 -716 -110 -736
199 -298 -201 -306
-1 -740 -136 -752
192 -288 -192 -320
32 -736 -128 -736
339 583 -171 589
-420 -566 -202 -371
331 580 -179 613
-397 -558 -207 -352
357 578 -184 611
-406 -583 -216 -368
352 576 -192 608
-384 -576 -224 -352
-53 633 -83 -585
-209 1072 -23 1376
-56 624 -89 -572
-214 1068 -15 1362
-59 616 -93 -590
-219 1062 -7 1351
-32 608 -96 -576
-224 1056 -32 1376
-502 784 -18 643
45 -45 -104 -506
-494 777 -13 629
52 -29 -92 -515
-518 774 -7 618
58 -15 -77 -497
-512 768 0 640
32 -32 -64 -512
-267 -15 -20 -116
249 527 -881 232
-275 15 7 -140
237 534 -882 217
-282 7 4 -136
230 538 -888 205
-288 32 0 -160
224 544 -896 192
359 -377 456 -206
32 492 1001 242
367 -390 445 -212
51 520 1008 227
374 -403 463 -218
41 516 984 209
384 -384 448 -224
64 512 992 224
445 697 272 733
-383 239 -25 274
445 709 257 722
-403 247 -25 245
478 722 243 712
-393 252 -29 250
480 736 256 736
-384 256 -32 256
-74 258 715 190
681 -239 -73 -643
-69 248 701 178
674 -220 -68 -661
-98 268 683 168
671 -238 -65 -652
-64 256 704 160
704 -224 -64 -672
297 594 177 149
-81 -421 349 -319
314 597 164 161
-74 -408 328 -318
302 603 146 145
-70 -428 340 -319
320 576 160 160
-64 -416 320 -320
443 -103 282 179
-38 -332 -209 -333
454 -120 263 169
-27 -306 -221 -326
465 -108 245 165
-14 -314 -237 -323
480 -96 224 192
0 -320 -256 -320
-98 238 78 32
-247 -259 446 195
-88 233 65 51
-248 -280 424 203
-75 229 48 42
-250 -268 434 214
-64 224 64 32
-256 -288 416 224
113 -270 816 -381
-638 -133 -629 -11
130 -277 819 -381
-646 -118 -634 -19
114 -280 824 -383
-628 -139 -603 6
96 -288 832 -384
-640 -160 -608 0
114 -151 -1183 -224
-261 -214 240 -880
108 -165 -1160 -206
-248 -241 257 -873
102 -179 -1171 -214
-268 -234 239 -866
96 -160 -1152 -192
-256 -224 256 -864
675 -181 -201 -167
38 45 461 35
680 -196 -186 -184
57 19 459 13
691 -179 -204 -171
43 25 453 23
672 -192 -192 -160
64 32 448 32
182 -405 610 621
658 187 648 415
183 -399 608 638
660 165 637 425
187 -422 577 623
664 178 624 437
192 -416 576 640
672 160 640 416
-730 -262 -143 153
-40 492 738 46
-734 -248 -123 158
-59 501 725 51
-735 -267 -141 158
-44 475 714 56
-704 -288 -160 160
-32 480 736 64
-317 245 517 165
-637 320 -959 -390
-341 227 505 194
-618 331 -955 -386
-331 209 524 193
-628 310 -957 -385
-320 192 512 192
-640 288 -960 -352
-374 120 -440 214
149 448 144 664
-374 115 -445 226
154 447 146 675
-377 105 -447 240
157 448 151 657
-384 96 -416 256
160 416 160 672
-257 546 -932 -231
175 413 -168 116
-265 567 -933 -237
169 426 -157 130
-243 553 -929 -214
198 437 -175 114
-256 544 -928 -224
192 416 -160 128
-122 -145 -1231 532
454 327 275 -48
-104 -128 -1243 546
471 326 279 -64
-116 -143 -1231 527
458 354 284 -47
-96 -128 -1248 544
480 352 256 -64
-590 376 156 295
16 588 21 303
-596 379 124 293
32 581 14 298
-602 381 126 290
17 610 7 293
-576 384 128 288
32 608 0 288
-710 471 732 394
280 -137 -875 254
-717 495 730 371
268 -143 -881 243
-695 518 733 378
293 -152 -886 233
-704 512 704 352
288 -128 -896 224
-476 -708 -616 11
-765 -225 -26 -94
-478 -707 -609 30
-764 -224 -39 -103
-447 -705 -607 16
-734 -224 -20 -84
-448 -704 -640 0
-736 -256 -32 -96
-274 -99 -54 -77
306 59 76 832
-271 -118 -35 -73
334 29 63 850
-263 -140 -50 -37
327 30 79 842
-256 -160 -64 -32
320 0 64 864
102 163 514 -189
178 -301 -66 -435
88 158 542 -165
182 -309 -74 -403
109 126 543 -178
187 -315 -54 -407
96 128 544 -160
160 -320 -64 -416
791 60 106 584
-26 5 176 688
816 51 94 593
-35 -1 167 727
806 40 110 600
-17 -1 163 732
800 32 96 608
-32 -32 160 736
1054 365 832 877
-383 85 63 426
1044 349 828 862
-389 66 53 424
1066 366 830 880
-402 80 41 452
1056 352 832 896
-384 64 64 448
110 -2 -913 -134
379 -261 688 178
107 20 -886 -128
372 -246 712 182
102 10 -891 -128
363 -268 706 186
96 0 -896 -128
352 -256 704 192
179 196 -5 -69
308 28 -290 -117
194 204 17 -58
311 42 -269 -121
177 214 8 -76
316 53 -277 -156
160 224 32 -64
288 64 -256 -160
44 -499 -525 -673
81 258 244 -406
54 -502 -541 -663
57 248 242 -421
59 -474 -527 -684
62 269 248 -435
32 -480 -512 -672
64 256 256 -448
739 112 322 223
-213 32 -99 -416
748 128 332 223
-214 53 -77 -417
725 144 341 222
-219 45 -85 -450
736 128 320 224
-224 64 -64 -448
80 382 -149 192
-22 -8 -61 -100
75 396 -121 179
-34 5 -52 -99
70 405 -125 202
-49 19 -42 -129
64 384 -128 192
-64 0 -32 -128
-234 -67 384 -764
31 114 -371 309
-241 -64 414 -786
32 120 -354 312
-247 -64 414 -777
0 125 -338 284
-288 -64 416 -768
0 128 -320 288
69 -229 -79 56
214 681 -47 -201
80 -218 -53 60
208 689 -33 -219
57 -236 -59 28
201 694 -49 -205
64 -224 -32 32
192 704 -32 -224
430 475 -800 873
762 290 560 248
425 488 -799 880
755 288 562 251
420 500 -768 856
714 287 568 253
416 512 -768 864
704 288 576 256
-258 -453 592 -253
-63 187 -703 781
-258 -449 606 -252
-41 178 -712 796
-287 -447 590 -254
-53 170 -691 812
-288 -448 608 -256
-64 192 -672 800
-66 -156 -60 146
81 126 -476 -386
-53 -169 -62 141
97 116 -477 -395
-75 -181 -63 166
80 105 -479 -373
-64 -160 -64 160
96 96 -480 -384
-33 475 74 167
-98 281 7 274
-33 464 79 165
-88 263 5 257
-1 455 90 195
-75 276 2 273
0 448 64 192
-96 256 0 288
-374 -442 -615 632
-46 -95 307 -427
-398 -443 -634 645
-31 -93 302 -444
-392 -444 -620 657
-16 -126 296 -431
-384 -480 -640 640
-32 -128 288 -416
34 318 -295 3
-262 459 157 246
41 318 -291 23
-251 466 181 238
51 287 -288 43
-238 440 172 263
32 288 -288 32
-256 448 160 256
-262 312 569 63
-191 166 80 -229
-283 315 571 62
-194 176 78 -216
-269 316 541 65
-161 184 72 -235
-256 288 544 64
-160 160 64 -224
372 -424 441 299
-210 466 20 -208
385 -440 425 315
-160 436 -6 -191
401 -459 435 299
-105 408 -5 -175
416 -448 416 320
-64 416 -32 -160
261 362 595 663
1806 139 -434 161
369 309 546 687
1990 7 -559 222
458 250 485 747
2200 -106 -753 315
576 192 416 768
2464 -224 -928 384
13392 -3677 -3783 1559
-2635 4617 17441 5663
13637 -3854 -4023 1736
-2373 4413 17134 5874
13915 -4057 -4324 1865
-2098 4219 16836 6080
14272 -4224 -4608 2048
-1760 4000 16512 6304
-797 -836 2054 -4877
-4019 894 4678 -795
-645 -993 1816 -4690
-3888 808 4560 -669
-405 -1174 1534 -4497
-3787 721 4374 -537
-160 -1312 1248 -4320
-3648 608 4192 -416
474 -988 3122 -1180
-201 -1661 478 -865
517 -1038 3080 -1099
-194 -1661 483 -833
545 -1081 2986 -1027
-213 -1692 468 -797
608 -1120 2912 -992
-160 -1728 416 -768
-1922 -2794 707 -1462
1322 775 790 -682
-1929 -2795 719 -1446
1321 770 816 -684
-1905 -2802 695 -1428
1331 768 806 -677
-1920 -2816 672 -1408
1312 768 800 -672
-565 371 311 -1534
277 -210 -1212 -1248
-549 368 295 -1531
302 -194 -1244 -1258
-528 375 276 -1530
295 -175 -1245 -1266
-512 384 288 -1504
320 -160 -1248 -1248
-1235 -825 -1163 742
530 -148 -982 -548
-1215 -794 -1178 737
556 -133 -998 -567
-1200 -797 -1197 735
551 -148 -1011 -586
-1184 -768 -1216 704
576 -128 -1024 -576
-84 -73 1839 176
-878 -128 -1444 229
-98 -53 1837 184
-864 -107 -1471 207
-80 -28 1814 159
-848 -86 -1470 185
-64 -32 1824 128
-864 -64 -1472 192
337 -162 -452 399
323 -832 257 -65
353 -162 -471 404
308 -843 235 -42
367 -161 -490 378
329 -853 213 -53
384 -160 -480 384
352 -832 224 -64
-330 90 109 500
41 -153 451 -172
-348 80 72 505
37 -169 451 -165
-333 71 69 508
34 -180 450 -162
-320 64 64 512
64 -192 448 -160
-685 22 263 292
409 -134 126 198
-711 25 251 292
390 -119 138 196
-708 30 270 322
403 -140 150 225
-704 0 256 320
384 -128 160 224
-500 77 921 95
834 1123 -12 -227
-493 106 966 106
807 1142 2 -225
-518 101 977 85
786 1161 18 -224
-512 96 960 96
800 1152 32 -224
-107 430 -212 164
-498 466 -269 642
-94 438 -209 162
-490 461 -276 649
-114 442 -183 161
-483 486 -282 629
-128 448 -192 128
-512 480 -256 640
1 158 582 732
-364 201 172 33
-10 148 598 732
-382 208 157 24
-20 171 618 701
-368 217 176 10
-32 160 608 704
-384 192 160 0
-543 -59 -1555 -174
334 -174 180 -90
-525 -57 -1543 -201
361 -188 175 -95
-503 -60 -1537 -197
388 -174 168 -95
-512 -64 -1568 -192
384 -192 160 -96
-332 -252 175 -752
572 26 170 176
-295 -275 159 -747
571 7 174 170
-292 -264 143 -742
606 -12 152 196
-288 -288 128 -736
608 0 128 192
202 286 181 -174
-390 -331 419 -263
221 273 165 -178
-365 -339 426 -258
207 262 145 -152
-372 -347 404 -222
224 256 160 -160
-352 -352 384 -224
245 306 -170 799
35 -524 -511 639
258 297 -167 801
13 -553 -531 630
240 292 -163 801
20 -549 -519 651
256 288 -160 800
0 -544 -512 640
-436 775 -369 718
-88 -263 961 366
-451 778 -362 716
-100 -273 959 364
-465 754 -357 742
-113 -249 959 361
-480 768 -352 736
-96 -256 992 384
-377 -529 347 274
56 -1101 -581 -573
-380 -513 371 280
22 -1095 -555 -561
-384 -528 394 284
26 -1092 -564 -551
-384 -544 384 288
32 -1088 -544 -576
334 -683 671 -710
-198 139 144 -72
337 -658 676 -683
-207 133 129 -60
343 -664 674 -694
-186 131 146 -47
352 -672 672 -704
-192 128 128 -64
-76 633 138 610
-175 161 662 -33
-94 624 146 585
-193 168 667 -31
-79 616 122 596
-176 179 669 -30
-64 640 128 608
-192 192 672 -64
-253 -121 5 -617
-68 63 221 -36
-255 -81 7 -630
-89 77 212 -57
-255 -73 3 -650
-77 86 234 -76
-256 -64 0 -672
-64 96 224 -64
788 -253 273 294
147 -25 94 713
790 -265 248 311
128 -26 85 698
793 -243 253 299
144 -29 76 715
800 -256 256 288
160 -32 64 704
-459 390 43 69
214 461 667 -156
-444 396 42 80
210 452 645 -144
-461 371 36 88
233 449 658 -166
-448 384 32 64
224 448 640 -160
-581 -18 -147 721
739 -657 198 269
-566 -25 -141 717
748 -653 203 256
-585 2 -137 712
727 -646 180 240
-576 0 -160 704
736 -640 192 224
606 -89 -542 -67
114 -1096 -706 260
638 -71 -551 -73
120 -1099 -718 246
638 -83 -563 -85
157 -1109 -726 266
640 -64 -544 -64
160 -1120 -736 256
-328 446 -153 -91
-305 -33 -480 -408
-290 432 -166 -83
-279 -43 -481 -430
-289 455 -181 -73
-283 -53 -513 -423
-256 448 -224 -64
-256 -32 -544 -416
580 261 -48 -22
-359 -542 131 -221
598 259 -63 -26
-364 -540 97 -233
618 258 -78 -29
-341 -541 96 -245
640 256 -96 -32
-320 -544 96 -224
89 879 222 148
453 1 689 176
94 883 210 139
461 12 693 161
127 890 200 133
471 20 664 177
128 864 192 128
448 32 672 160
838 -91 -298 -537
-250 363 -263 219
853 -51 -313 -526
-251 383 -281 220
842 -42 -333 -550
-222 399 -266 190
864 -32 -320 -576
-224 416 -288 192
-432 -192 198 609
-1008 263 1 -108
-436 -203 184 616
-1019 261 -22 -125
-408 -181 172 595
-1005 291 -12 -143
-416 -160 160 576
-1024 288 -32 -160
341 268 98 266
871 522 -397 303
342 275 107 263
877 507 -412 285
348 283 84 257
853 526 -399 302
352 288 96 256
864 512 -416 288
132 -220 372 -472
-60 -773 56 -590
132 -198 362 -482
-53 -761 58 -562
130 -212 358 -465
-44 -780 62 -569
128 -224 352 -480
-64 -768 64 -576
-740 422 -785 120
-1087 215 -68 682
-738 441 -788 103
-1066 217 -55 687
-737 427 -792 115
-1075 221 -76 695
-736 416 -800 128
-1088 192 -64 704
-1038 206 -1130 567
-66 -255 266 111
-1034 192 -1125 555
-78 -259 272 140
-1059 208 -1122 582
-87 -256 312 134
-1056 192 -1120 576
-96 -256 320 160
136 -196 -309 -1136
-46 -440 823 208
143 -172 -312 -1157
-30 -429 843 222
121 -183 -284 -1122
-46 -453 869 206
96 -192 -288 -1120
-64 -448 864 224
523 -7 -524 -117
-55 99 -395 11
517 -7 -520 -101
-77 99 -402 7
511 -4 -483 -82
-71 97 -406 5
480 -32 -480 -96
-64 96 -384 0
-557 97 -106 171
-799 123 -543 -265
-566 74 -80 166
-831 106 -553 -295
-571 85 -88 163
-831 118 -532 -291
-576 96 -96 192
-832 96 -544 -288
285 226 812 634
-526 -362 29 -600
274 223 818 656
-522 -369 43 -622
265 224 825 647
-549 -346 53 -614
256 224 832 640
-544 -352 64 -608
195 355 72 -377
584 -640 241 370
174 352 78 -377
591 -640 258 376
183 352 88 -380
566 -640 272 380
160 352 96 -352
576 -640 256 352
-18 -599 -75 -131
-40 368 -145 333
-23 -602 -61 -130
-47 371 -140 341
-27 -606 -77 -128
-23 377 -133 315
-32 -608 -64 -128
-32 384 -128 320
-51 135 17 414
-241 166 87 181
-54 142 23 416
-265 175 87 174
-91 151 25 416
-261 185 92 166
-96 128 32 416
-288 192 96 160
698 180 360 16
-9 299 -558 52
718 184 390 10
-20 305 -530 46
710 188 387 36
-25 311 -536 71
704 192 384 32
-32 320 -512 64
-835 -238 343 -483
357 -8 -343 204
-842 -234 333 -491
353 -13 -345 178
-853 -229 358 -469
352 -22 -348 184
-864 -224 352 -480
320 0 -352 160
-1120 -625 -477 329
-345 628 -186 -348
-1129 -630 -466 336
-325 640 -178 -347
-1139 -635 -456 343
-339 623 -169 -348
-1152 -640 -448 320
-352 640 -192 -352
116 57 -432 378
400 -395 74 216
107 81 -417 403
393 -424 70 227
101 71 -431 395
420 -420 69 209
96 64 -416 384
416 -416 64 192
-878 456 -161 115
322 293 -333 677
-872 441 -160 100
340 289 -328 688
-837 427 -159 114
362 289 -356 664
-832 448 -192 96
352 288 -352 672
416 -455 414 559
-551 913 24 -225
446 -449 416 531
-546 903 13 -203
447 -448 383 537
-544 898 7 -213
448 -448 384 544
-544 896 0 -224
-296 -715 -267 -213
-555 21 -214 -48
-293 -729 -242 -225
-530 4 -215 -23
-290 -718 -249 -207
-468 -17 -221 -27
-288 -736 -256 -224
-448 -32 -256 0
205 58 -62 136
1773 -817 39 369
293 -22 -104 195
1924 -960 -72 477
373 -72 -162 228
2080 -1080 -206 583
480 -160 -224 256
2272 -1248 -320 672
11152 -5227 -2651 1515
-9677 6282 12014 2320
11351 -5407 -2853 1682
-9478 6071 11781 2533
11608 -5650 -3033 1868
-9244 5843 11551 2767
11872 -5856 -3296 2048
-8960 5600 11264 2976
-261 -2281 -1859 -4159
-2626 1463 3728 253
-120 -2482 -2070 -3951
-2532 1385 3627 398
78 -2651 -2265 -3758
-2424 1282 3496 522
256 -2816 -2496 -3552
-2336 1184 3328 640
422 -1150 2197 -2610
-1337 -1367 1015 64
415 -1202 2125 -2504
-1339 -1377 994 92
467 -1243 2049 -2447
-1310 -1421 996 159
512 -1280 1984 -2400
-1312 -1440 960 160
-781 -2184 1344 -1169
420 307 -357 -718
-801 -2191 1364 -1131
433 286 -347 -716
-782 -2231 1351 -1094
423 300 -350 -706
-800 -2240 1344 -1088
416 288 -352 -672
-628 718 -560 -1396
155 -301 -711 -138
-590 713 -572 -1393
177 -265 -732 -164
-582 722 -589 -1397
201 -261 -749 -159
-576 736 -608 -1376
224 -256 -768 -192
-273 -857 -214 876
-627 -300 -1205 -123
-224 -870 -238 868
-598 -289 -1220 -131
-209 -850 -262 834
-570 -273 -1265 -144
-192 -800 -288 832
-544 -256 -1280 -160
53 -386 195 937
-194 377 -335 -619
69 -365 180 924
-177 387 -329 -645
83 -342 137 910
-151 400 -357 -642
128 -352 128 896
-128 416 -384 -672
181 -388 197 119
-515 -54 -314 -139
229 -384 153 111
-502 -59 -339 -147
242 -352 141 105
-460 -30 -360 -154
256 -352 128 64
-448 -32 -384 -192
172 -215 -780 -49
-56 -149 346 118
198 -187 -784 -42
-39 -162 339 107
227 -188 -822 -69
-21 -146 330 102
256 -192 -832 -64
0 -160 288 96
-484 -575 155 -560
337 130 968 -486
-474 -577 146 -553
333 138 941 -492
-459 -576 104 -580
357 149 951 -501
-448 -576 96 -576
352 160 928 -512
-721 -608 178 84
199 -86 -1098 -16
-714 -608 183 77
185 -80 -1083 -33
-709 -608 155 70
206 -71 -1101 -48
-704 -576 160 64
224 -64 -1120 -32
-108 -221 886 -165
121 -557 -638 -248
-124 -222 888 -164
156 -552 -658 -239
-107 -222 889 -161
127 -546 -652 -232
-96 -224 864 -160
128 -544 -640 -256
477 -597 -217 -438
975 661 253 -190
483 -588 -235 -441
991 652 261 -192
481 -583 -213 -413
1008 646 243 -192
480 -608 -224 -416
992 640 256 -192
-233 506 -532 403
-293 -446 -706 -107
-240 505 -537 407
-278 -446 -726 -114
-215 509 -540 412
-267 -477 -716 -121
-224 512 -544 416
-256 -480 -736 -96
394 -772 173 -586
48 -818 98 -539
401 -776 156 -604
65 -832 65 -499
441 -820 142 -590
80 -846 64 -490
448 -832 128 -576
96 -864 64 -480
582 850 -466 809
-426 -118 253 -587
577 833 -470 813
-412 -131 235 -571
607 816 -473 853
-397 -178 213 -557
608 768 -512 864
-384 -192 224 -512
-457 247 456 -120
461 480 2 343
-462 241 418 -93
496 458 5 366
-439 232 416 -93
502 467 3 359
-448 224 416 -64
512 448 0 384
-286 317 -312 -122
-44 172 609 226
-286 295 -314 -112
-59 146 606 247
-287 306 -316 -103
-46 153 607 236
-256 320 -320 -128
-64 160 608 256
-394 -534 -43 644
390 -351 94 -118
-422 -547 -39 664
386 -373 107 -100
-418 -561 -68 651
385 -362 117 -114
-416 -576 -64 672
384 -384 96 -96
208 -94 454 -40
379 363 76 -442
225 -108 452 -25
389 345 92 -453
208 -86 449 -12
403 363 78 -433
224 -96 480 0
384 352 96 -448
-38 -456 -348 -226
-63 -501 13 15
-44 -445 -371 -222
-43 -493 10 -11
-22 -430 -361 -221
-54 -487 4 -6
-32 -416 -352 -224
-32 -480 0 -32
161 -83 -923 -421
-111 28 657 961
170 -89 -943 -418
-116 18 649 958
179 -93 -933 -416
-89 9 645 959
192 -64 -928 -416
-96 32 640 960
-333 -471 396 69
-218 262 289 -283
-331 -485 402 66
-231 257 278 -272
-324 -466 408 66
-244 256 299 -263
-352 -480 384 64
-224 256 288 -256
-344 -509 -391 -376
-151 -343 216 51
-359 -532 -387 -376
-164 -348 207 56
-370 -522 -385 -347
-178 -349 231 59
-352 -544 -384 -352
-160 -352 224 64
-555 61 -379 299
-70 206 -541 234
-539 72 -380 285
-89 190 -535 218
-556 50 -382 302
-77 207 -522 207
-576 64 -384 320
-96 192 -544 224
-197 190 -853 -409
-672 -1097 -558 101
-187 189 -843 -398
-659 -1090 -565 109
-206 190 -837 -390
-681 -1088 -570 118
-192 192 -832 -416
-672 -1088 -544 96
41 340 138 172
-401 -153 -114 -335
47 331 153 187
-395 -156 -109 -327
25 325 140 173
-419 -127 -103 -321
32 352 160 160
-416 -128 -64 -352
-299 -438 -71 -411
158 123 -822 -258
-291 -442 -93 -402
157 147 -815 -267
-322 -443 -79 -426
158 137 -839 -278
-320 -448 -64 -416
160 128 -832 -288
657 -371 -315 180
335 366 -251 -718
681 -372 -326 180
370 337 -262 -703
708 -378 -338 154
378 344 -276 -719
704 -352 -352 160
384 352 -288 -704
-444 -696 106 -85
-453 706 -152 532
-443 -709 67 -77
-440 724 -187 525
-413 -689 67 -70
-427 715 -190 517
-416 -704 32 -64
-416 704 -192 512
-618 -545 -803 -203
-228 -131 352 -473
-612 -575 -822 -211
-205 -151 371 -475
-610 -577 -811 -184
-213 -139 360 -476
-608 -576 -832 -192
-224 -160 352 -480
436 15 27 317
-178 -309 -357 -54
414 -10 26 318
-185 -345 -375 -48
431 -6 30 318
-189 -347 -362 -41
416 0 32 320
-192 -352 -384 -32
-460 448 -562 321
-575 -653 -372 -89
-446 458 -574 333
-564 -668 -385 -70
-431 438 -589 342
-555 -687 -368 -51
-448 448 -576 352
-544 -672 -384 -64
-45 283 344 -576
-19 689 378 564
-42 261 335 -565
-3 692 370 560
-36 274 327 -553
-17 698 360 551
-32 256 320 -544
0 704 352 576
-170 114 -41 286
1102 440 -113 -104
-157 119 -48 265
1106 443 -138 -100
-175 123 -56 277
1111 445 -131 -98
-160 128 -64 288
1120 448 -128 -96
101 -376 621 623
-311 622 522 562
121 -362 628 618
-320 618 493 584
110 -388 601 611
-304 582 502 577
96 -384 608 640
-320 576 512 608
656 655 346 15
590 364 -233 811
651 639 337 42
595 342 -227 803
676 591 328 68
601 347 -226 834
672 576 320 96
608 320 -224 864
253 434 450 -479
-354 -466 340 -581
273 425 472 -456
-342 -458 323 -577
265 420 459 -436
-331 -485 337 -577
288 416 448 -416
-320 -480 320 -576
348 361 -45 346
-229 -184 268 -436
371 347 -60 324
-228 -175 286 -449
360 365 -45 338
-226 -201 271 -432
384 352 -64 352
-224 -192 256 -448
-103 -282 -108 202
104 -337 658 -259
-92 -304 -102 206
124 -341 652 -256
-110 -295 -99 185
110 -315 646 -256
-96 -288 -128 192
128 -320 640 -288
-309 -10 -39 134
-223 442 -276 -91
-335 2 -38 154
-223 434 -278 -104
-328 17 -34 141
-224 425 -282 -116
-320 0 -32 128
-224 448 -288 -96
29 -181 -186 22
-637 -254 -15 171
19 -194 -187 47
-628 -285 2 176
41 -209 -189 39
-615 -286 -16 184
32 -192 -192 32
-640 -288 0 192
632 358 -128 376
-266 176 219 256
653 334 -127 389
-259 176 208 292
646 341 -97 403
-258 184 233 290
640 352 -96 384
-256 192 224 288
71 -102 82 -91
-94 -67 -487 201
57 -110 94 -112
-75 -56 -480 199
45 -87 78 -104
-86 -43 -480 194
64 -96 96 -96
-64 -32 -480 192
249 357 -25 53
-244 -211 -30 -339
270 364 -27 36
-226 -195 -42 -352
262 373 -29 50
-240 -177 -52 -367
256 384 -32 32
-224 -160 -32 -384
-227 110 329 69
-1283 252 -949 372
-237 108 323 34
-1269 262 -949 366
-246 134 322 33
-1291 275 -954 358
-224 128 320 0
-1280 288 -960 352
-142 91 -43 -75
436 124 -230 221
-158 115 -42 -102
435 125 -204 220
-145 105 -36 -99
440 127 -213 190
-160 128 -32 -128
448 128 -192 192
-209 134 527 202
-221 -326 351 -449
-217 140 554 200
-247 -325 353 -456
-220 150 550 196
-236 -323 353 -435
-224 160 544 192
-224 -320 352 -448
-460 -575 -299 206
564 -276 1051 82
-458 -574 -311 191
569 -312 1019 74
-453 -576 -299 208
609 -320 1020 71
-448 -576 -320 192
608 -320 1024 96
-376 653 476 155
819 -1409 -488 -113
-312 575 465 186
910 -1551 -604 -24
-279 532 408 225
1035 -1679 -694 93
-192 448 352 256
1184 -1824 -800 192
8668 -5689 -2794 2414
-15093 8327 5148 1222
8841 -5883 -2955 2585
-14942 8128 5008 1447
8999 -6112 -3119 2782
-14770 7894 4838 1647
9216 -6304 -3296 2976
-14592 7680 4640 1888
-35 -2136 -3256 -2516
-1059 3617 1689 1624
32 -2286 -3380 -2345
-999 3553 1629 1721
157 -2439 -3531 -2125
-937 3469 1539 1839
288 -2592 -3680 -1952
-864 3392 1440 1952
-1141 -3062 270 -3656
-1011 -1148 111 -760
-1126 -3081 230 -3613
-994 -1166 88 -717
-1085 -3111 194 -3560
-977 -1187 62 -694
-1056 -3136 128 -3488
-960 -1216 32 -672
-431 -1365 1165 -1097
0 861 -672 120
-428 -1399 1158 -1092
-7 855 -668 139
-422 -1405 1154 -1060
27 860 -699 136
-416 -1408 1120 -1056
64 864 -704 160
-1277 867 -624 -238
910 -1142 -505 -791
-1266 879 -659 -240
930 -1122 -528 -814
-1225 871 -696 -247
993 -1103 -582 -805
-1184 896 -704 -224
1024 -1088 -608 -832
-1234 -301 -753 519
-1041 -15 68 -1004
-1205 -283 -776 491
-1019 -22 17 -1009
-1174 -269 -836 501
-969 -27 6 -1016
-1152 -256 -864 480
-960 0 -32 -1024
-70 -853 -981 249
636 1094 -318 418
-58 -863 -997 237
657 1110 -352 404
-43 -844 -1012 229
648 1099 -352 423
-32 -864 -1056 224
672 1120 -384 416
20 616 -1202 -789
63 -238 59 332
33 614 -1237 -814
111 -229 18 312
49 642 -1240 -804
119 -224 9 299
64 640 -1248 -800
128 -192 0 288
-246 269 415 -1110
1109 -868 532 -315
-207 274 423 -1124
1143 -850 523 -350
-199 314 402 -1137
1149 -840 485 -352
-192 320 384 -1152
1152 -832 480 -384
-152 631 504 -481
-612 -126 -639 -539
-161 665 493 -492
-618 -95 -629 -538
-146 668 519 -502
-595 -94 -650 -573
-160 672 512 -512
-608 -64 -640 -576
190 78 -30 380
381 1278 -33 733
204 85 -19 345
380 1297 -12 690
214 92 -12 347
352 1319 -25 681
192 128 0 320
352 1344 0 672
622 289 297 64
142 393 -434 213
640 310 282 22
144 423 -416 186
622 330 301 13
152 450 -431 158
640 352 320 0
160 480 -416 160
71 -769 147 -387
-83 329 253 528
88 -768 131 -405
-55 356 234 513
76 -736 146 -426
-61 353 246 495
96 -736 128 -448
-64 352 224 480
-1332 -284 -265 568
105 -438 94 114
-1334 -274 -263 549
90 -451 82 105
-1307 -264 -258 531
109 -432 73 100
-1312 -256 -256 544
96 -448 96 96
-34 -188 -123 -194
-1075 332 -609 -272
-36 -170 -122 -181
-1089 349 -607 -298
-34 -180 -124 -204
-1072 366 -607 -292
-32 -160 -128 -192
-1088 352 -608 -320
-392 -74 -60 -848
1178 -260 -90 -223
-400 -70 -84 -863
1197 -245 -101 -234
-376 -67 -75 -879
1221 -233 -113 -246
-384 -32 -64 -864
1216 -224 -96 -256
-768 547 115 720
60 657 -735 -75
-729 548 133 689
91 672 -776 -81
-716 545 115 694
93 654 -787 -88
-704 544 96 704
96 672 -800 -96
-368 468 141 550
-1238 -60 97 -141
-348 470 105 559
-1219 -30 116 -144
-335 474 102 536
-1232 -31 104 -152
-320 480 96 544
-1216 -32 96 -160
271 127 -368 870
-418 -640 658 -89
285 151 -341 866
-436 -661 660 -82
271 139 -346 864
-425 -651 665 -105
256 160 -352 864
-448 -640 672 -96
338 346 -610 -93
593 -173 227 -587
329 356 -609 -92
607 -181 217 -591
324 368 -608 -93
623 -155 205 -597
352 384 -608 -96
608 -160 224 -608
405 -1058 -571 87
-746 129 554 -54
417 -1056 -581 90
-760 115 526 -46
432 -1055 -562 92
-747 104 534 -39
448 -1056 -576 64
-736 128 512 -64
94 134 -40 487
261 -194 -10 633
105 119 -69 497
258 -226 -16 646
116 106 -67 506
256 -226 -24 660
96 96 -64 512
288 -224 -32 672
-256 -81 -195 460
7 -41 314 220
-245 -112 -203 490
5 -51 315 226
-235 -104 -180 486
-30 -60 316 258
-256 -128 -192 480
-32 -64 320 256
-105 -469 237 243
436 70 768 473
-112 -473 243 260
429 55 777 486
-120 -477 250 243
421 43 788 467
-128 -480 256 256
416 32 800 480
181 -137 73 -214
-69 -515 -78 102
152 -156 70 -204
-67 -555 -72 120
156 -175 68 -197
-65 -564 -67 109
160 -192 96 -192
-64 -576 -64 128
-150 -8 -235 580
-248 220 -281 -309
-153 -37 -230 589
-262 208 -273 -289
-156 -67 -228 597
-274 201 -265 -304
-160 -64 -224 608
-288 192 -256 -288
235 731 288 496
-205 18 -69 102
210 740 276 513
-213 2 -55 78
184 722 298 528
-220 16 -41 88
192 736 320 544
-224 32 -32 96
-775 -359 -285 -851
-221 -438 13 -146
-786 -356 -262 -863
-213 -448 1 -162
-791 -324 -275 -846
-236 -432 16 -177
-800 -320 -256 -864
-224 -416 0 -192
237 246 51 515
-205 -269 -239 -309
241 236 35 523
-189 -273 -254 -334
249 263 19 500
-175 -280 -238 -327
256 256 32 512
-192 -288 -256 -320
-318 70 255 106
542 -149 -217 -559
-294 57 254 122
530 -132 -209 -550
-308 77 255 109
551 -147 -231 -548
-320 64 256 128
544 -128 -224 -544
-342 -74 -70 -33
678 365 918 43
-367 -71 -68 -34
705 370 923 28
-358 -67 -98 -64
705 377 892 14
-320 -64 -96 -64
736 384 896 32
-615 -210 -336 -388
514 -475 -75 266
-624 -203 -340 -396
525 -453 -92 272
-601 -197 -345 -405
536 -465 -111 247
-576 -192 -352 -416
544 -448 -96 256
84 349 950 -283
73 -155 -278 221
92 337 950 -275
48 -176 -263 200
94 360 953 -265
58 -168 -276 212
96 352 928 -288
64 -160 -288 224
168 -76 -384 -97
-95 86 77 -428
156 -58 -383 -107
-83 78 83 -404
142 -45 -352 -118
-103 104 87 -410
128 -64 -352 -96
-128 96 96 -416
238 407 -70 88
642 210 -130 60
227 409 -93 80
652 217 -120 28
209 412 -80 102
628 220 -108 30
224 416 -64 96
640 224 -96 32
634 510 -529 -48
-183 56 837 63
612 501 -513 -55
-164 67 836 86
626 521 -526 -58
-177 81 832 75
640 512 -512 -32
-160 96 800 64
-773 -67 -412 356
415 -855 -98 -9
-768 -34 -435 366
415 -869 -98 3
-768 -32 -426 343
415 -849 -97 -14
-768 -32 -448 352
416 -864 -96 0
8 -708 248 -739
-28 -166 -587 -509
26 -708 252 -746
-20 -142 -584 -519
13 -736 253 -759
-10 -152 -578 -499
32 -736 256 -736
0 -160 -608 -512
-435 -185 130 47
256 -187 -239 -484
-448 -196 106 37
264 -181 -265 -461
-431 -177 85 35
274 -169 -260 -470
-416 -192 96 32
288 -160 -288 -480
1 -734 -593 -831
-903 405 -155 -495
32 -701 -605 -850
-888 399 -147 -526
31 -702 -620 -842
-875 423 -169 -518
64 -704 -640 -864
-864 416 -192 -512
-234 557 382 22
779 -734 95 -16
-210 572 392 24
771 -731 96 -15
-217 560 371 -4
767 -731 97 -8
-224 576 352 0
768 -736 96 -32
-569 -329 -70 -136
-326 -295 327 -673
-561 -333 -54 -126
-343 -327 322 -651
-584 -343 -74 -111
-331 -323 321 -661
-576 -352 -64 -96
-352 -320 320 -640
-80 507 -71 -405
-220 28 526 266
-85 518 -47 -417
-230 27 540 283
-90 530 -55 -399
-210 29 526 270
-96 512 -64 -384
-224 32 544 288
139 -409 -1073 -351
375 -242 84 206
112 -401 -1054 -360
400 -247 91 212
120 -392 -1039 -371
392 -252 93 218
128 -416 -1056 -352
384 -256 96 224
549 -224 281 253
686 193 819 581
537 -226 280 255
674 193 809 557
557 -224 284 255
658 193 803 566
544 -224 288 256
672 192 832 576
-303 120 165 -228
1048 111 -329 -194
-305 124 173 -237
1069 107 -303 -194
-312 127 181 -247
1063 101 -312 -162
-320 96 192 -224
1056 96 -288 -160
216 145 115 37
158 300 86 -84
243 149 110 35
160 326 86 -87
233 155 134 34
160 324 90 -92
224 160 128 32
160 320 96 -96
494 -417 194 -230
-80 -181 -30 60
500 -394 182 -238
-72 -161 -53 49
506 -404 171 -216
-67 -179 -43 72
512 -416 192 -224
-64 -160 -32 64
110 5 -274 -431
-164 516 77 -24
107 -8 -280 -437
-127 501 73 -14
103 9 -285 -440
-124 486 66 -37
96 0 -256 -448
-128 480 64 -32
216 -518 -501 443
1286 -609 104 447
236 -598 -536 472
1356 -720 38 542
285 -642 -574 510
1455 -848 -21 633
352 -704 -576 544
1568 -960 -128 704
6470 -7660 -1292 2126
-15454 11532 -772 -489
6561 -7812 -1404 2271
-15375 11380 -870 -339
6694 -8006 -1500 2432
-15271 11226 -979 -154
6848 -8160 -1632 2592
-15168 11072 -1120 32
-783 -249 -897 547
-841 4738 -703 2744
-748 -342 -987 676
-860 4688 -706 2790
-709 -443 -1059 790
-868 4679 -734 2867
-640 -544 -1120 928
-832 4608 -768 2944
526 -2269 -711 -1663
48 -580 1579 -1521
509 -2269 -733 -1637
31 -604 1573 -1508
483 -2259 -716 -1630
48 -603 1573 -1525
480 -2272 -704 -1600
32 -608 1568 -1504
-96 199 894 -305
-437 958 -887 2045
-110 189 873 -296
-420 948 -916 2057
-88 173 885 -265
-404 941 -921 2050
-64 160 864 -256
-384 896 -928 2080
898 730 31 -434
-691 -487 671 -1226
907 707 10 -428
-652 -471 672 -1207
950 719 -10 -388
-644 -491 637 -1226
960 672 -32 -384
-608 -480 608 -1216
-365 168 -862 371
752 -399 -376 -599
-328 157 -884 362
770 -392 -401 -611
-322 173 -907 356
753 -355 -393 -625
-320 160 -896 352
768 -352 -384 -640
-254 765 103 810
-314 684 -29 133
-252 766 97 803
-311 718 -47 123
-251 798 95 800
-314 728 -25 76
-256 800 96 768
-320 768 -32 64
1060 815 -227 107
-324 -969 -1072 -222
1076 840 -216 71
-310 -917 -1085 -275
1065 869 -204 37
-300 -905 -1068 -299
1056 896 -224 0
-320 -896 -1056 -320
-369 38 254 -853
379 389 -336 48
-352 58 262 -880
390 420 -351 11
-334 78 242 -905
401 417 -335 5
-352 96 256 -928
384 448 -352 0
-378 90 398 72
531 -271 -177 -410
-388 125 379 47
554 -262 -171 -424
-369 127 366 24
550 -257 -198 -436
-352 128 384 32
576 -256 -192 -416
-497 261 174 648
141 1275 -772 516
-500 250 157 632
157 1277 -792 482
-474 236 142 649
177 1277 -813 481
-448 256 128 640
192 1248 -832 512
759 654 414 624
-789 207 -889 444
783 649 393 638
-746 214 -912 456
806 645 404 623
-740 218 -936 468
832 640 384 640
-736 192 -928 480
620 -169 18 -254
-7 -543 393 403
616 -197 16 -232
-17 -561 369 418
645 -194 -8 -244
7 -582 376 430
640 -192 0 -224
0 -608 352 448
-212 274 -761 327
-594 246 -310 134
-175 268 -781 356
-586 252 -313 141
-168 264 -773 384
-581 223 -316 180
-160 224 -800 384
-576 192 -320 192
-433 1172 355 -411
-196 48 -200 -81
-416 1163 354 -383
-204 56 -209 -87
-431 1126 351 -384
-215 27 -185 -60
-416 1120 320 -352
-224 32 -192 -64
464 308 652 -572
440 -648 25 -277
459 324 655 -575
439 -640 50 -283
453 338 664 -574
444 -639 42 -286
448 320 672 -576
416 -640 64 -288
-850 -102 -530 -464
42 81 -69 -121
-830 -99 -522 -451
20 66 -60 -136
-845 -95 -517 -467
27 81 -46 -117
-864 -96 -512 -448
32 96 -64 -128
-171 555 -132 -226
230 122 -91 -463
-199 563 -130 -248
229 133 -104 -447
-196 569 -98 -236
227 148 -85 -463
-192 544 -96 -256
224 128 -96 -448
997 -365 563 -113
121 263 -153 -318
1016 -359 565 -131
113 282 -136 -328
1003 -355 570 -114
105 268 -147 -340
992 -352 576 -128
128 288 -128 -320
-359 -569 -314 -46
-469 287 -461 -47
-333 -570 -293 -52
-491 278 -448 -65
-342 -572 -306 -58
-486 268 -433 -49
-352 -576 -288 -64
-480 288 -448 -64
342 -160 754 385
436 -323 -83 -7
314 -178 754 393
436 -332 -63 15
317 -199 760 403
443 -373 -79 37
320 -192 736 416
448 -384 -64 64
-299 460 -314 -368
401 495 -54 166
-303 423 -327 -364
427 501 -36 165
-311 418 -308 -325
424 473 -51 195
-288 384 -320 -320
416 480 -32 192
56 -356 504 -623
278 -1392 -1029 61
71 -367 493 -585
281 -1403 -1038 60
51 -375 517 -579
284 -1419 -1045 61
64 -384 512 -576
288 -1408 -1024 64
-487 518 -221 -76
191 -227 -240 -411
-460 504 -222 -73
202 -250 -216 -389
-470 489 -223 -36
181 -237 -220 -400
-480 480 -224 -32
192 -256 -224 -384
-934 126 164 201
-962 271 -510 352
-951 126 192 198
-970 288 -490 341
-939 128 193 194
-980 272 -502 329
-960 128 192 224
-960 288 -480 352
322 233 -616 -6
461 512 -21 117
319 242 -590 -17
456 530 -25 132
320 250 -599 -24
454 521 -30 113
320 256 -608 -32
480 544 -32 96
464 -588 305 -960
236 182 -339 -181
482 -550 297 -988
222 196 -335 -187
496 -547 325 -989
238 210 -326 -189
480 -544 320 -1024
256 224 -352 -224
242 -132 -77 421
-647 362 477 -33
245 -120 -61 398
-652 377 465 -42
251 -109 -78 407
-660 363 455 -52
256 -96 -64 384
-672 384 480 -64
29 11 -377 251
-823 79 -416 894
30 17 -368 243
-824 95 -393 894
30 24 -360 235
-828 111 -405 895
32 32 -352 224
-832 96 -384 896
1118 -336 178 224
233 -319 380 -150
1115 -320 193 225
230 -298 372 -163
1117 -334 176 191
227 -309 362 -147
1088 -320 192 192
224 -288 352 -160
-20 446 103 -442
735 233 480 254
-26 469 110 -465
743 253 462 251
-27 457 86 -456
753 239 471 222
0 480 96 -480
768 256 448 224
-385 -234 -119 -682
210 -885 -95 -376
-364 -218 -150 -669
217 -875 -128 -359
-343 -204 -154 -685
252 -867 -126 -373
-352 -192 -160 -672
256 -864 -128 -352
-237 481 722 -150
-687 677 -143 -373
-220 470 737 -167
-710 683 -141 -375
-206 458 720 -149
-705 693 -167 -378
-224 480 704 -160
-704 672 -160 -384
346 -330 175 -97
325 -260 -247 558
337 -327 201 -88
310 -257 -217 550
329 -322 195 -75
300 -256 -221 547
320 -320 192 -96
288 -256 -224 544
14 -668 241 -708
24 -189 -519 -598
-2 -670 245 -704
34 -181 -513 -598
-17 -672 250 -703
17 -171 -512 -602
-32 -640 256 -704
0 -160 -480 -640
-254 217 -160 366
-375 184 374 289
-242 250 -170 362
-386 185 373 287
-265 253 -149 357
-401 188 379 288
-256 256 -160 352
-416 192 384 256
-517 -514 -301 -235
-238 -280 -626 448
-536 -532 -276 -243
-257 -282 -596 468
-556 -521 -282 -249
-272 -285 -602 457
-544 -512 -256 -256
-288 -288 -576 448
54 -9 138 -257
-64 -111 -82 -742
57 -30 137 -246
-73 -119 -78 -726
27 -16 164 -266
-85 -123 -69 -746
32 -32 160 -256
-96 -96 -64 -736
