54 14 0 0
501 9 -206 -24
54 15 0 0
478 33 -178 -23
53 16 0 0
449 40 -177 -28
52 18 0 0
419 46 -175 -34
2182 -121 -1067 37
15435 1008 -4609 222
2103 -54 -1043 -8
14247 1241 -4425 82
1993 16 -988 -41
13024 1457 -4175 -54
1852 74 -932 -72
11773 1635 -3894 -190
-935 7446 21239 14592
1053 3461 1501 -3506
-1228 7541 21731 14480
895 3530 1703 -3599
-1493 7610 22137 14400
806 3560 1843 -3659
-1668 7653 22508 14326
782 3579 1929 -3663
1309 3053 1708 -278
-81 548 2157 1728
1228 3050 1757 -321
-126 523 2175 1746
1216 3038 1796 -362
-142 488 2180 1758
1220 3042 1811 -346
-170 467 2186 1769
-29 -2278 793 237
-588 351 101 -200
-67 -2298 826 248
-653 337 159 -185
-102 -2319 862 248
-713 331 220 -165
-147 -2334 883 298
-762 305 256 -185
-87 60 195 -108
-17 15 41 -32
-97 51 208 -97
-19 14 44 -28
-102 44 220 -84
-20 13 47 -26
-104 36 225 -69
-21 12 48 -22
-2 1 6 -8
0 0 0 0
-2 3 7 -6
0 0 1 0
-3 2 8 -6
0 0 1 0
-3 2 8 -5
0 0 1 0
0 0 0 0
0 0 0 0
0 0 0 0
0 0 0 0
0 0 0 0
0 0 0 0
0 0 0 0
0 0 0 0
0 0 0 0
0 0 0 0
0 0 0 0
0 0 0 0
0 0 0 0
0 0 0 0
0 0 0 0
0 0 0 0
0 0 0 0
0 2 0 0
0 0 0 0
-1 2 0 0
0 0 0 0
-2 2 0 0
0 0 0 0
-3 2 1 0
-7 18 2 -6
-4 132 19 -47
-13 17 5 -6
-47 129 35 -46
-18 17 6 -6
-74 125 47 -44
-24 16 9 -6
-112 120 63 -42
245 399 -68 -243
1598 753 -684 -561
147 404 -7 -233
1439 715 -551 -571
89 383 61 -225
1270 690 -436 -549
7 355 87 -214
1134 628 -347 -513
13590 752 -3759 -846
-7878 10676 13229 13078
13373 681 -3553 -805
-8041 10607 13435 13146
13180 613 -3346 -734
-8216 10526 13630 13255
13017 531 -3204 -665
-8348 10414 13789 13319
-1202 123 -1001 -419
737 -1739 1132 862
-1319 56 -848 -326
668 -1815 1179 918
-1409 -33 -744 -260
625 -1849 1257 1001
-1487 -111 -634 -126
592 -1892 1325 1083
2304 -741 537 -261
-2787 -1586 585 -550
2268 -764 598 -244
-2773 -1598 587 -540
2253 -792 604 -193
-2787 -1577 612 -543
2228 -794 637 -172
-2822 -1589 656 -539
695 -144 -336 -1818
-113 -334 -848 741
687 -140 -334 -1841
-119 -304 -831 730
665 -107 -315 -1859
-113 -281 -838 716
663 -97 -318 -1865
-125 -256 -822 681
-1089 -574 -122 -1200
579 1384 184 -523
-1073 -542 -100 -1224
597 1389 176 -540
-1080 -539 -98 -1243
598 1399 177 -553
-1080 -504 -119 -1255
626 1420 164 -584
32 202 -867 791
488 -416 495 417
46 231 -869 793
500 -441 504 416
52 218 -893 778
512 -421 485 406
76 222 -909 753
537 -423 482 424
-420 438 856 -615
763 -349 -1017 619
-441 447 862 -610
769 -355 -1025 622
-430 419 829 -604
757 -363 -1040 610
-414 432 818 -608
758 -352 -1011 630
337 -120 -374 794
-204 261 898 -914
325 -114 -374 786
-220 237 936 -927
314 -125 -371 783
-249 270 960 -958
304 -91 -351 787
-267 284 979 -972
-522 859 580 403
423 -202 790 679
-517 858 580 392
423 -181 813 675
-549 881 618 385
420 -191 826 675
-573 894 629 357
420 -146 838 657
-27 -1252 -982 -760
484 -201 627 -450
-41 -1226 -996 -776
471 -187 623 -469
-38 -1205 -992 -784
482 -181 633 -478
-28 -1211 -993 -792
485 -176 624 -483
-533 -36 225 -402
68 -368 -831 -521
-531 -29 228 -417
73 -365 -828 -515
-532 -19 226 -406
61 -376 -820 -531
-534 -33 253 -411
39 -347 -829 -533
-379 603 -228 137
250 -598 -267 93
-366 582 -219 146
215 -602 -248 86
-369 610 -225 140
233 -607 -242 89
-385 593 -200 141
229 -615 -228 80
-511 -44 774 175
937 183 191 106
-497 -34 778 180
950 184 192 91
-524 -44 783 170
927 199 164 76
-507 -16 778 172
952 205 156 82
57 342 -247 78
-472 806 -388 -28
56 356 -229 37
-487 788 -390 -18
56 351 -231 24
-472 803 -382 -39
38 377 -236 27
-472 815 -387 -20
-238 -55 -64 740
1028 -208 394 -299
-233 -36 -65 738
998 -206 399 -279
-263 -38 -83 733
990 -213 382 -274
-269 -28 -55 725
998 -195 402 -284
2 -373 538 -460
-727 -364 -368 -567
-13 -395 536 -473
-718 -398 -343 -574
-33 -387 552 -443
-738 -395 -333 -547
-53 -399 569 -465
-764 -410 -318 -562
-312 291 -213 -395
11 -408 -224 608
-319 284 -219 -396
16 -430 -208 599
-349 270 -207 -377
19 -432 -207 609
-343 252 -182 -356
12 -453 -187 627
242 -133 455 17
-249 -531 140 -326
249 -127 448 43
-251 -525 153 -340
229 -154 453 50
-244 -526 164 -321
239 -130 472 44
-235 -553 147 -302
551 -534 -150 -665
68 104 -402 291
550 -560 -124 -657
69 96 -390 286
560 -564 -129 -652
65 98 -380 295
547 -567 -125 -644
42 91 -381 286
-337 -329 287 -426
-56 457 435 8
-344 -346 280 -408
-70 447 435 19
-348 -351 297 -425
-45 457 419 18
-359 -365 299 -412
-53 458 420 21
290 115 45 -316
-32 -173 -340 229
305 123 54 -330
-25 -169 -343 238
312 106 29 -320
-24 -179 -367 232
310 117 18 -343
0 -176 -374 241
-527 -738 -166 -270
-4 401 -261 -41
-501 -758 -189 -269
1 398 -238 -14
-494 -744 -182 -279
8 381 -256 -13
-484 -735 -180 -265
13 379 -275 -14
-485 -213 -267 -186
126 -173 19 -155
-476 -221 -285 -186
146 -184 -9 -147
-467 -224 -278 -188
163 -205 13 -158
-466 -228 -271 -167
182 -231 -12 -118
-428 -67 -280 170
5 283 154 229
-413 -90 -279 158
6 286 159 226
-405 -84 -301 188
36 283 132 244
-392 -92 -301 199
41 268 137 243
182 243 -379 81
115 66 -156 193
195 236 -395 86
120 61 -184 203
215 226 -396 92
126 56 -167 212
230 252 -418 84
116 74 -193 205
-730 320 -293 297
242 515 -29 570
-720 315 -274 293
235 519 -28 565
-745 311 -293 289
234 514 -46 561
-728 320 -301 301
248 517 -53 579
316 332 287 204
52 -15 259 -265
316 336 287 228
63 -4 264 -260
317 334 286 207
75 -10 266 -274
288 319 294 216
42 -9 268 -266
-186 283 -371 872
109 -209 -242 -194
-201 292 -360 884
114 -193 -221 -215
-211 292 -353 884
98 -202 -216 -203
-220 297 -360 856
72 -209 -209 -192
-411 -192 -137 -15
-250 312 148 -584
-411 -199 -119 5
-237 320 170 -598
-407 -187 -97 4
-240 311 172 -589
-428 -190 -112 7
-268 300 189 -602
-541 -832 182 -165
395 968 -961 447
-556 -852 191 -152
414 967 -968 433
-578 -852 187 -161
384 964 -959 442
-571 -852 177 -151
374 991 -964 437
2 -886 354 599
-200 131 -500 -715
-22 -896 348 603
-215 140 -507 -726
-11 -898 343 607
-198 140 -485 -711
-16 -906 361 606
-213 132 -498 -740
-560 -481 108 -583
471 -127 401 34
-541 -473 95 -599
476 -123 394 45
-557 -463 114 -590
484 -128 395 35
-551 -459 107 -603
467 -122 402 49
-9 576 197 -289
153 -153 -291 67
-22 567 211 -280
145 -148 -291 69
-5 549 212 -295
139 -148 -300 43
-7 539 206 -289
148 -174 -262 50
295 -523 30 102
297 674 156 475
287 -523 30 140
292 698 162 485
274 -533 34 132
297 697 189 482
267 -515 34 118
291 702 195 469
10 296 890 -327
-279 57 -857 632
-1 318 906 -332
-283 59 -848 637
19 312 886 -323
-310 70 -841 645
8 313 906 -321
-311 57 -835 637
-99 -400 -31 283
-479 974 -362 -397
-115 -406 -28 296
-480 971 -370 -409
-114 -394 -22 277
-479 980 -359 -383
-126 -398 -18 269
-481 965 -371 -393
49 38 427 437
144 -353 -309 271
49 34 438 465
153 -351 -318 259
49 31 429 445
143 -362 -321 275
54 33 441 449
170 -357 -342 263
-303 1000 -2 458
253 -57 94 406
-316 1003 -38 443
240 -49 83 425
-320 993 -23 439
274 -59 80 406
-298 998 -26 473
281 -44 80 400
1 69 -64 120
396 221 57 24
31 81 -67 106
403 210 37 15
25 87 -69 97
405 227 51 22
23 89 -66 85
394 230 45 -15
168 122 -152 -308
330 99 1355 218
152 111 -142 -304
320 86 1339 202
161 129 -138 -317
335 91 1333 197
166 145 -156 -329
333 87 1340 198
228 512 112 109
-375 -215 -449 492
231 532 111 94
-354 -202 -471 481
249 519 96 88
-361 -219 -464 489
218 512 108 104
-355 -193 -472 479
-73 -221 121 -170
695 168 576 135
-75 -206 104 -155
701 152 572 124
-47 -207 86 -152
728 180 556 106
-44 -206 98 -181
742 178 525 98
301 -269 -5 320
-429 -251 -850 -399
337 -241 -15 298
-421 -235 -869 -396
319 -233 -15 295
-407 -244 -881 -427
352 -246 -29 290
-397 -237 -879 -408
65 -13 640 -514
78 762 472 561
65 -8 652 -532
101 763 486 560
76 18 639 -528
93 761 481 560
69 7 632 -538
108 784 450 533
-306 80 -585 -153
410 -401 -325 -483
-302 66 -566 -156
423 -403 -354 -488
-300 70 -587 -145
415 -374 -351 -487
-300 51 -589 -129
424 -394 -354 -487
45 71 415 53
647 256 414 862
43 66 421 72
649 250 421 862
49 41 405 70
669 248 418 869
52 41 410 69
648 260 407 866
174 59 -304 166
-386 51 11 190
181 63 -318 169
-390 46 30 186
165 47 -309 151
-407 64 35 178
185 68 -306 169
-402 39 24 183
436 -354 516 -1183
-909 -321 -438 -5
434 -337 525 -1185
-923 -324 -444 -8
432 -336 514 -1188
-936 -337 -430 -22
429 -339 523 -1205
-928 -337 -422 -19
-698 -13 -181 235
172 -334 -382 -863
-721 -8 -175 227
148 -329 -369 -855
-711 -10 -180 249
123 -321 -367 -849
-731 -22 -177 222
98 -341 -359 -857
-286 -18 -494 -597
1136 757 -660 -975
-400 -13 -391 -584
979 741 -532 -981
-502 -17 -370 -580
809 708 -419 -945
-550 -46 -348 -564
696 654 -310 -922
15911 106 -3366 -395
-8069 11360 15978 16083
15717 75 -3153 -403
-8210 11331 16205 16109
15542 39 -2995 -373
-8342 11298 16355 16179
15421 -18 -2849 -319
-8424 11214 16460 16245
150 2242 -3102 -1765
2636 43 1450 -59
44 2213 -2972 -1691
2599 -37 1469 -5
10 2116 -2907 -1637
2577 -111 1511 72
1 2022 -2877 -1552
2609 -175 1510 137
825 81 1666 1834
-3319 -2370 1561 268
802 10 1698 1887
-3334 -2413 1555 284
775 -25 1681 1949
-3340 -2407 1566 318
783 -83 1685 1998
-3364 -2443 1564 356
1082 684 -1504 4
345 -340 -128 -109
1081 671 -1475 7
339 -346 -105 -110
1058 667 -1462 3
293 -362 -107 -110
1023 672 -1462 33
284 -354 -74 -97
-882 906 81 -1422
968 108 -457 -1039
-897 868 106 -1425
946 96 -412 -1018
-904 853 132 -1410
941 62 -403 -999
-937 866 163 -1391
932 47 -388 -976
-1034 -31 444 1952
278 969 324 701
-1044 -79 467 1975
287 939 316 732
-1034 -106 479 2000
309 901 324 759
-1045 -128 498 2039
322 885 316 774
-939 1587 552 53
385 -529 -1305 1159
-917 1545 522 71
381 -551 -1331 1205
-908 1505 519 112
378 -600 -1353 1234
-883 1474 491 117
395 -622 -1339 1277
237 -466 -729 326
418 -369 799 -349
242 -495 -727 351
427 -358 800 -344
240 -513 -720 382
404 -378 815 -302
239 -540 -722 412
401 -418 825 -300
-736 601 1090 539
430 226 -274 259
-747 582 1102 546
431 221 -286 253
-742 581 1115 561
458 216 -287 266
-749 578 1136 577
450 214 -270 279
1230 -58 259 191
-518 -298 -99 169
1246 -67 249 206
-552 -313 -97 183
1250 -47 238 208
-537 -318 -112 187
1250 -69 236 203
-524 -325 -125 178
-207 183 222 -485
727 650 -427 106
-195 191 218 -476
726 627 -408 100
-217 176 213 -485
717 640 -427 114
-198 190 221 -482
704 632 -431 105
59 -363 107 297
-52 -512 320 126
65 -361 126 282
-41 -511 326 130
52 -367 130 287
-60 -511 321 137
31 -378 137 300
-71 -512 339 147
-170 292 556 215
-77 -290 -331 -722
-171 301 561 209
-78 -282 -337 -721
-180 318 577 202
-85 -286 -336 -741
-179 305 564 185
-87 -277 -340 -739
-22 296 -209 379
133 496 511 -132
-18 303 -212 355
119 497 510 -146
5 321 -196 381
129 521 525 -148
-8 335 -194 354
112 544 508 -176
334 -49 -648 484
-783 19 153 -34
334 -24 -652 463
-779 24 161 -46
336 -20 -665 441
-788 42 173 -64
347 1 -655 439
-781 47 154 -76
400 587 444 -47
-216 78 -205 -43
392 588 463 -43
-187 81 -201 -52
374 599 442 -70
-197 58 -210 -56
379 599 458 -65
-188 65 -230 -45
378 5 -353 385
-66 -473 -239 -247
372 -18 -350 401
-62 -514 -226 -235
380 -34 -370 419
-68 -510 -237 -240
378 -55 -366 412
-63 -526 -229 -215
38 242 509 11
569 -409 656 365
30 229 489 11
559 -411 672 363
37 240 516 39
564 -416 684 359
25 233 500 30
558 -421 701 357
171 586 -24 -459
2 -353 -313 520
145 587 -26 -462
-15 -338 -296 517
141 573 7 -462
-12 -336 -289 498
120 577 2 -468
-28 -329 -275 498
-334 372 -12 -54
-5 -532 209 685
-331 365 -19 -54
-15 -536 233 660
-355 381 4 -82
-4 -503 255 665
-343 373 15 -77
-15 -510 252 644
176 296 -186 -322
-349 586 -2 -406
163 321 -156 -340
-339 592 -7 -429
153 315 -180 -354
-354 616 17 -429
152 357 -184 -377
-343 597 4 -424
50 -464 268 -202
593 544 641 -94
61 -448 279 -207
592 517 647 -87
68 -456 272 -207
592 518 608 -84
80 -435 282 -211
607 524 611 -91
0 -341 133 862
170 -43 144 -125
14 -362 115 856
190 -33 124 -133
19 -344 121 854
198 -26 111 -128
26 -368 125 843
205 -30 99 -133
-191 -230 -523 -368
566 -337 514 -288
-174 -231 -505 -367
567 -331 515 -288
-172 -233 -528 -365
575 -336 519 -285
-185 -228 -547 -389
547 -328 489 -287
279 -223 180 -735
641 -95 322 341
288 -222 207 -717
641 -89 336 316
281 -228 214 -741
626 -87 336 341
276 -229 201 -725
644 -101 346 321
454 232 392 258
-846 775 100 192
451 236 376 268
-867 789 120 193
450 247 411 254
-867 804 111 190
444 259 418 240
-887 778 135 177
1187 294 394 840
-213 404 -525 -108
1184 277 396 829
-231 404 -526 -113
1174 301 424 829
-254 407 -502 -105
1148 313 414 815
-270 416 -480 -121
-91 -358 375 -52
-378 -119 -281 -168
-116 -370 394 -55
-399 -107 -276 -202
-119 -364 410 -63
-419 -104 -255 -211
-144 -334 410 -59
-427 -116 -232 -220
271 -444 1045 -276
-148 412 -248 441
253 -460 1045 -291
-140 426 -238 442
263 -452 1038 -285
-141 418 -237 423
266 -443 1058 -303
-130 435 -235 417
-27 215 243 82
183 359 -167 106
-10 220 252 80
211 361 -169 98
-21 221 224 83
210 356 -207 95
4 242 232 74
219 361 -230 110
-147 291 31 367
316 -19 -713 423
-146 272 26 349
322 -27 -709 412
-115 275 -7 351
324 -39 -711 399
-107 280 -10 377
318 -31 -731 430
-402 308 148 -59
-51 -550 95 -748
-396 296 140 -63
-48 -546 83 -726
-381 314 156 -56
-39 -558 94 -729
-396 292 133 -60
-63 -541 72 -737
400 -283 471 -350
16 -399 -742 1166
413 -292 453 -352
8 -381 -736 1141
402 -285 466 -353
2 -377 -750 1147
415 -274 453 -365
-4 -385 -747 1135
816 309 387 -608
-835 67 389 -490
792 296 382 -636
-846 65 376 -485
805 308 389 -648
-839 78 396 -493
780 312 386 -628
-876 82 393 -495
-560 -306 -607 -555
-272 -18 -17 435
-558 -310 -587 -543
-275 -3 -23 427
-579 -313 -585 -560
-286 -20 -16 433
-575 -314 -582 -554
-296 -8 -16 425
668 24 297 -35
-229 -68 -14 -63
683 25 290 -39
-239 -67 -17 -61
677 20 293 -33
-215 -70 -28 -55
685 6 291 -34
-206 -63 -13 -77
119 -291 -324 -152
-327 -358 -11 163
116 -278 -331 -149
-329 -380 -21 168
130 -286 -305 -140
-305 -356 -20 163
129 -271 -316 -142
-314 -359 -27 164
17 117 -16 -559
-99 557 2 356
21 127 -3 -574
-102 542 -18 347
6 132 -11 -577
-110 551 -33 356
17 143 5 -576
-108 559 -6 339
123 296 -591 83
-245 -396 135 -164
105 301 -591 91
-235 -390 127 -168
98 304 -592 92
-254 -372 152 -158
99 282 -574 104
-269 -387 150 -152
-191 -441 282 57
-644 -203 -587 -418
-195 -435 306 82
-658 -209 -595 -423
-189 -444 313 62
-658 -220 -562 -424
-193 -437 322 69
-676 -199 -566 -417
290 -478 7 -27
194 222 63 -608
292 -487 7 -39
189 218 63 -600
282 -471 12 -34
195 235 38 -605
284 -478 15 -52
187 237 40 -605
-373 217 -518 544
-281 -55 0 269
-383 233 -524 541
-262 -63 -5 250
-374 239 -541 563
-289 -49 2 249
-360 225 -535 546
-267 -33 -9 250
-686 -132 -693 41
-358 80 148 -535
-682 -125 -690 36
-358 67 139 -568
-675 -100 -702 21
-356 92 130 -569
-658 -116 -705 -3
-366 107 151 -587
215 224 -632 456
178 27 -172 -367
205 233 -624 449
188 23 -171 -390
221 249 -626 459
170 34 -166 -372
214 237 -619 432
178 24 -168 -390
243 55 331 80
-147 -210 -55 509
245 66 333 77
-154 -214 -39 515
242 77 341 73
-153 -214 -23 521
227 71 346 77
-160 -195 -29 502
256 112 -83 -194
631 107 905 -273
265 100 -88 -203
616 133 931 -282
229 110 -54 -219
595 127 922 -285
210 113 -51 -212
604 106 947 -281
117 -68 733 -176
655 379 222 340
96 -57 761 -181
628 357 222 336
103 -75 754 -168
625 357 231 334
84 -69 777 -184
603 372 230 345
463 174 107 287
-212 -87 111 383
453 151 121 283
-215 -75 111 368
440 168 133 284
-250 -75 125 372
438 152 142 297
-252 -78 125 388
-193 244 -257 155
-742 215 93 109
-220 231 -244 145
-792 246 111 100
-232 240 -225 155
-845 235 157 77
-256 218 -211 158
-886 243 176 79
296 500 -431 -350
598 1451 -414 -266
169 525 -327 -333
403 1454 -265 -277
85 509 -265 -332
209 1454 -114 -287
-24 492 -224 -334
70 1430 0 -289
16283 -336 -3956 -397
-5115 9295 18635 17133
16079 -308 -3735 -440
-5275 9350 18853 17112
15907 -291 -3551 -451
-5404 9357 19036 17082
15770 -284 -3429 -438
-5453 9333 19114 17097
1176 3103 -1863 -3417
2274 865 620 -1073
1080 3090 -1737 -3418
2236 830 622 -1093
1044 3079 -1688 -3424
2247 820 629 -1063
1072 3065 -1644 -3426
2256 763 631 -1026
773 493 2189 2099
-2301 -2249 1503 -58
737 447 2225 2108
-2330 -2279 1531 -72
717 414 2225 2130
-2364 -2315 1532 -24
721 396 2190 2158
-2395 -2323 1582 -9
-89 182 -1252 75
601 984 -301 128
-162 152 -1217 101
557 980 -247 132
-194 186 -1168 111
514 958 -219 128
-226 174 -1142 130
480 970 -176 117
-1696 451 530 -1352
437 -458 -368 570
-1727 439 560 -1359
415 -458 -351 588
-1776 451 620 -1355
393 -470 -328 603
-1805 460 650 -1366
361 -467 -281 586
-451 -145 104 654
-14 876 775 549
-452 -165 114 665
-7 867 786 583
-453 -171 126 649
-18 857 780 591
-465 -181 144 677
-4 861 795 593
-575 325 -141 -479
1034 -490 -1302 1304
-547 314 -148 -478
1062 -489 -1323 1312
-549 295 -167 -452
1075 -498 -1336 1330
-530 314 -195 -448
1087 -486 -1331 1334
-904 43 59 358
226 -177 -128 -599
-898 40 53 339
237 -173 -137 -630
-893 72 29 336
239 -150 -143 -626
-891 62 5 346
248 -109 -151 -644
301 162 1241 122
-355 -439 -457 -407
306 191 1259 94
-347 -425 -474 -412
309 207 1236 68
-343 -404 -473 -442
287 217 1246 66
-336 -384 -488 -469
417 -346 -322 -517
734 354 -305 240
426 -347 -331 -528
724 368 -314 212
407 -328 -348 -548
734 393 -300 202
418 -314 -355 -565
718 401 -309 198
-520 -213 1156 -296
-347 188 -585 457
-504 -195 1144 -321
-351 216 -570 453
-511 -181 1135 -324
-352 223 -577 435
-502 -163 1152 -350
-337 228 -569 418
-666 226 -645 -183
398 -65 -91 -2
-665 255 -637 -183
411 -59 -75 -9
-680 259 -624 -195
420 -49 -78 -10
-665 261 -651 -206
404 -42 -82 -10
-252 435 27 54
346 847 178 993
-263 455 47 51
346 847 189 950
-258 464 34 29
346 863 171 954
-240 456 21 12
339 885 179 936
-173 -137 -529 -239
-560 -8 190 252
-162 -144 -543 -242
-565 9 177 240
-158 -129 -536 -257
-570 7 169 235
-159 -121 -524 -269
-555 16 179 251
-190 -292 -431 166
157 608 221 -210
-203 -276 -437 133
153 608 215 -197
-196 -264 -448 158
159 620 229 -208
-206 -267 -460 137
163 632 219 -220
225 4 -201 19
-235 -355 68 -771
205 3 -222 10
-217 -386 54 -776
218 16 -206 -8
-205 -379 60 -748
217 18 -236 -24
-241 -397 64 -758
-1271 -93 -507 421
-758 853 -798 856
-1267 -102 -510 405
-763 865 -790 854
-1266 -112 -510 410
-762 850 -782 839
-1252 -93 -505 431
-742 857 -807 861
-564 -82 -1199 -291
-213 245 -5 76
-543 -75 -1214 -296
-203 237 3 96
-558 -87 -1243 -294
-180 211 -10 80
-553 -87 -1240 -297
-205 196 -37 109
827 -232 519 -32
-259 257 -711 33
823 -262 538 -27
-262 228 -731 18
837 -286 524 -19
-260 211 -714 48
862 -286 511 4
-264 208 -724 70
-547 -128 -269 30
-140 116 67 92
-554 -142 -280 34
-132 97 55 103
-548 -166 -270 41
-114 98 67 133
-554 -170 -282 87
-113 71 57 149
560 -897 151 355
-428 356 419 -635
564 -900 130 367
-410 349 414 -642
563 -898 134 376
-418 344 395 -602
587 -913 129 400
-404 319 388 -598
387 247 -200 265
473 -146 579 -121
376 230 -202 299
501 -136 568 -134
383 238 -202 304
494 -131 568 -129
384 240 -203 313
496 -144 589 -116
-155 293 -326 383
-373 46 -3 139
-149 298 -320 392
-360 39 21 146
-160 302 -303 405
-362 38 9 150
-149 313 -317 394
-386 37 24 153
203 -402 -33 -737
-61 70 119 -104
224 -399 -12 -726
-44 56 114 -108
219 -425 -1 -731
-52 52 123 -86
222 -418 -14 -726
-35 44 121 -93
-170 -244 -438 97
196 453 80 351
-188 -253 -434 113
201 455 97 338
-177 -234 -438 96
215 460 103 340
-188 -225 -438 104
201 461 100 347
203 -329 -221 287
27 -123 324 -709
210 -322 -222 303
30 -141 331 -738
218 -324 -230 298
29 -125 338 -727
210 -328 -228 298
36 -124 320 -712
-95 482 101 313
-11 -523 432 -228
-79 471 100 306
-6 -523 424 -222
-82 463 105 318
-13 -534 401 -238
-71 471 104 305
11 -537 415 -211
256 -461 316 -402
32 -161 -131 17
258 -450 325 -404
43 -183 -161 17
280 -452 307 -375
62 -169 -153 36
286 -472 312 -387
63 -198 -183 47
29 329 -250 21
-401 680 -135 313
32 326 -236 14
-404 680 -151 306
25 317 -269 28
-404 664 -168 306
55 312 -288 23
-365 666 -158 299
-199 -184 -700 214
-206 -619 -391 167
-206 -161 -706 230
-198 -631 -389 154
-204 -165 -717 210
-216 -625 -406 166
-206 -172 -709 214
-204 -641 -410 168
-832 -87 -215 -281
-9 283 -372 -351
-838 -84 -193 -274
-8 297 -365 -347
-838 -79 -217 -270
-17 301 -356 -340
-843 -97 -198 -275
-12 290 -354 -346
-118 344 -237 -100
49 -47 -37 642
-120 346 -253 -82
64 -65 -41 636
-122 330 -242 -103
44 -47 -6 645
-131 333 -261 -81
36 -53 -2 638
-255 69 43 -188
-346 9 490 -161
-273 65 59 -211
-375 13 485 -136
-268 48 76 -215
-358 20 484 -157
-288 69 75 -203
-351 6 493 -154
719 -56 -13 260
-76 134 -297 138
739 -54 -22 262
-75 125 -309 136
734 -56 -33 290
-81 129 -313 131
748 -40 -23 291
-57 114 -309 153
-934 147 -304 -384
392 563 95 296
-951 151 -301 -383
402 552 106 294
-922 141 -287 -358
402 543 116 319
-931 140 -290 -357
408 545 105 334
413 526 263 1029
-762 463 -566 497
410 522 232 1065
-742 440 -595 512
434 506 243 1079
-749 455 -599 510
426 491 239 1067
-736 439 -627 521
-235 803 56 -79
149 59 -32 944
-250 807 40 -56
156 38 -23 954
-226 796 18 -65
172 11 -52 971
-209 765 18 -59
179 35 -75 974
-310 394 -718 209
-269 138 -507 568
-300 370 -740 218
-281 142 -532 584
-301 377 -763 240
-291 130 -526 575
-301 359 -762 262
-282 107 -533 578
252 53 265 -26
-139 -102 476 149
250 54 257 -23
-156 -115 470 184
267 22 293 -29
-155 -124 455 179
264 5 279 -11
-146 -123 463 191
108 -450 -604 159
-469 27 -376 -411
106 -434 -608 165
-461 45 -385 -414
112 -443 -596 180
-481 38 -361 -427
118 -434 -612 164
-469 51 -374 -403
-823 -15 92 217
242 790 287 -92
-808 1 98 205
255 774 296 -94
-809 14 91 200
270 772 285 -96
-817 24 83 192
273 797 283 -87
425 234 -649 126
-188 247 59 654
434 237 -665 98
-188 238 75 683
457 243 -668 110
-203 211 43 673
458 251 -658 113
-207 215 64 675
-122 -134 -179 -342
277 55 -13 492
-130 -159 -176 -343
261 25 -14 482
-136 -147 -172 -332
258 34 -17 502
-144 -167 -168 -342
243 16 -17 491
50 56 511 -64
-742 265 -334 597
26 49 509 -80
-717 251 -341 572
36 48 541 -82
-740 246 -340 595
26 56 536 -60
-724 266 -323 583
-272 137 -409 -150
-99 -390 51 -247
-260 139 -408 -171
-90 -394 62 -233
-264 148 -414 -176
-72 -395 51 -247
-259 154 -406 -162
-76 -364 69 -248
346 77 -406 -307
299 77 528 286
345 57 -396 -309
299 79 532 294
346 62 -392 -298
295 79 537 297
357 51 -413 -312
311 41 533 292
-660 18 -1358 -97
-247 8 578 403
-650 0 -1358 -87
-269 15 584 408
-663 10 -1354 -64
-259 -11 589 393
-684 -3 -1327 -75
-263 1 601 394
-622 -243 10 -85
109 785 -299 16
-621 -253 27 -77
105 793 -295 36
-633 -250 18 -93
101 790 -311 32
-636 -251 35 -92
97 786 -303 28
-732 -414 160 -424
-80 -26 -690 260
-727 -398 154 -421
-110 -27 -684 278
-732 -415 153 -433
-152 -28 -668 258
-712 -401 142 -433
-153 -33 -650 281
-168 241 -801 97
1395 -41 -834 -664
-279 299 -731 88
1177 0 -688 -690
-383 283 -667 92
991 20 -546 -706
-473 294 -645 87
819 21 -411 -720
17078 -514 -4136 134
-288 7858 21075 14674
16832 -451 -3883 94
-475 7984 21356 14577
16609 -382 -3671 39
-656 8039 21566 14515
16430 -357 -3497 -2
-753 8089 21685 14469
1097 3408 1196 -3533
1219 2919 1742 -222
982 3445 1400 -3605
1153 2949 1802 -264
877 3494 1494 -3700
1111 2948 1835 -285
852 3529 1582 -3724
1112 2934 1855 -313
-80 492 2260 1860
36 -2378 769 346
-151 473 2281 1844
1 -2399 807 377
-166 450 2293 1874
-30 -2418 840 399
-174 422 2293 1888
-62 -2437 878 404
-302 -286 -31 -42
-201 820 -411 -584
-339 -322 14 -35
-239 824 -378 -571
-380 -299 66 -18
-298 834 -331 -571
-429 -295 125 6
-321 868 -268 -586
-1633 122 1434 -376
454 824 -1344 -352
-1675 136 1460 -393
475 832 -1330 -372
-1676 145 1483 -388
456 839 -1313 -395
-1726 187 1523 -432
441 840 -1310 -403
-441 -502 -1319 1289
-1407 842 251 448
-440 -495 -1302 1284
-1381 824 251 468
-441 -511 -1298 1286
-1385 827 263 464
-444 -491 -1297 1303
-1388 812 274 486
42 581 158 160
354 -742 -990 780
44 582 157 148
358 -735 -1007 791
67 561 159 163
380 -720 -1017 782
73 558 143 153
389 -722 -1045 802
-383 788 76 579
660 -794 -27 -1307
-370 781 88 557
652 -806 -57 -1320
-360 789 49 581
662 -778 -46 -1325
-380 800 48 566
672 -785 -53 -1317
196 113 905 410
-51 -139 -61 -67
185 118 896 386
-50 -143 -82 -88
192 115 879 386
-49 -124 -86 -93
223 105 878 399
-51 -151 -92 -103
298 -42 -573 -644
-549 198 -75 -170
291 -30 -586 -630
-534 199 -80 -176
308 -39 -605 -638
-551 193 -78 -175
329 -25 -605 -646
-537 169 -89 -175
-445 460 410 793
-106 394 -544 626
-428 457 397 790
-90 399 -568 651
-419 442 396 795
-91 403 -586 629
-407 468 387 788
-94 388 -605 632
907 6 2 524
1195 -90 652 -1112
900 3 18 506
1189 -77 626 -1097
914 -3 10 515
1200 -85 637 -1100
924 -4 -1 504
1198 -95 650 -1103
-50 -469 828 317
25 208 356 -287
-65 -469 846 299
23 196 335 -304
-70 -477 858 294
34 212 356 -305
-64 -455 846 301
26 207 360 -329
-122 441 -412 276
-696 -567 -38 -287
-128 461 -410 288
-714 -580 -64 -307
-138 457 -406 280
-714 -570 -69 -309
-135 449 -400 278
-723 -577 -46 -305
467 -431 -163 119
-162 -58 -45 -885
446 -406 -162 134
-161 -41 -50 -886
477 -406 -156 131
-164 -43 -66 -875
459 -400 -154 106
-160 -33 -74 -871
-450 -329 88 461
804 467 290 -342
-424 -351 84 449
827 475 285 -340
-429 -325 92 429
806 474 282 -346
-427 -331 71 442
835 486 281 -351
693 -719 -210 -171
-31 -260 537 84
675 -698 -211 -196
-34 -258 539 88
695 -703 -218 -188
-32 -272 505 61
699 -694 -230 -211
-37 -276 529 77
-900 137 -314 -769
-238 -278 75 697
-887 153 -320 -767
-232 -248 74 693
-898 147 -321 -778
-244 -253 65 685
-881 164 -328 -777
-213 -254 59 672
-17 473 -922 -60
-511 150 -630 10
4 467 -917 -69
-522 146 -640 -10
13 496 -929 -57
-511 184 -606 -5
9 503 -924 -62
-528 175 -608 -2
-708 201 -410 -82
211 513 704 207
-703 231 -398 -99
218 514 728 188
-713 236 -409 -116
223 511 736 179
-721 262 -394 -133
232 540 716 176
34 174 -406 391
584 133 89 424
50 179 -411 397
603 132 89 400
41 193 -410 401
598 141 80 419
25 176 -407 386
596 133 93 404
-4 444 319 -174
-548 220 41 386
2 428 328 -179
-548 234 29 392
-20 441 330 -171
-561 223 30 378
-9 421 319 -172
-568 219 22 392
1003 136 207 583
-537 -298 -316 379
976 124 197 585
-532 -293 -321 362
971 150 210 606
-546 -288 -328 361
985 159 215 585
-519 -284 -305 368
-191 -40 271 -343
412 415 379 -622
-210 -17 269 -346
417 405 363 -644
-186 -19 256 -363
447 425 374 -647
-197 -22 249 -379
433 430 337 -649
407 -113 -285 47
197 226 395 624
402 -97 -292 55
218 251 371 603
416 -101 -311 40
209 259 375 589
427 -72 -321 11
205 288 380 560
613 -289 634 180
-183 540 -251 -376
609 -261 643 172
-203 555 -247 -393
631 -275 650 133
-190 587 -239 -409
622 -245 641 122
-200 608 -266 -430
552 268 61 306
-82 -567 3 303
537 266 79 309
-114 -552 17 316
511 281 70 276
-127 -542 26 302
507 286 82 275
-152 -531 32 293
638 -151 510 -844
114 387 757 567
644 -127 528 -873
108 400 756 565
617 -130 556 -869
109 399 783 552
604 -112 556 -873
102 416 787 554
-58 -476 374 -731
-1218 -485 -968 -608
-60 -458 406 -722
-1216 -492 -964 -608
-56 -447 388 -738
-1209 -484 -940 -636
-74 -471 408 -742
-1234 -465 -946 -639
-56 82 41 397
-72 -148 -577 -114
-71 96 13 406
-76 -152 -601 -112
-58 94 31 394
-75 -170 -585 -126
-66 111 14 397
-63 -156 -569 -131
335 -820 -260 -374
-627 780 384 -74
341 -819 -246 -406
-659 772 376 -71
329 -804 -277 -393
-659 786 384 -74
334 -810 -268 -403
-657 802 389 -76
948 -553 -106 -160
-496 38 -293 -174
951 -540 -116 -179
-488 42 -277 -194
933 -539 -103 -178
-494 72 -280 -199
933 -519 -96 -183
-509 56 -259 -190
-257 -56 418 -109
-65 -243 -63 -446
-278 -71 447 -103
-61 -225 -64 -444
-276 -63 450 -110
-65 -235 -45 -439
-291 -66 464 -129
-50 -229 -52 -461
130 -564 13 -90
-424 212 -316 -65
140 -561 1 -108
-417 226 -307 -66
132 -568 -2 -114
-415 222 -320 -56
163 -555 26 -83
-403 189 -318 -62
326 197 57 44
78 -545 -275 -241
341 193 77 69
83 -535 -298 -221
354 198 53 71
99 -548 -278 -221
348 179 57 86
95 -537 -296 -225
147 -398 725 55
5 -88 14 -310
159 -411 720 54
0 -66 37 -303
152 -423 722 60
1 -77 38 -311
148 -391 728 69
-13 -76 23 -307
663 504 219 -123
71 644 -104 195
654 504 205 -124
64 644 -108 190
644 535 189 -152
43 633 -109 182
646 538 223 -151
48 654 -97 166
-597 -725 -379 614
331 694 392 -151
-609 -698 -352 593
329 712 400 -157
-597 -686 -355 603
333 715 428 -153
-602 -711 -359 596
335 724 435 -170
-114 72 158 169
-215 -154 -141 -301
-110 62 170 181
-208 -160 -141 -315
-114 68 161 170
-204 -154 -114 -292
-105 70 170 156
-220 -140 -129 -318
-193 -303 -626 169
21 -70 341 -206
-176 -312 -610 154
4 -71 341 -213
-184 -305 -607 156
-18 -52 353 -206
-213 -308 -595 162
8 -63 350 -185
181 599 42 113
-325 135 -193 644
181 590 44 98
-333 156 -175 651
178 588 46 99
-339 164 -158 633
142 608 51 99
-352 165 -178 617
-103 171 -188 -177
297 -711 -133 -317
-113 154 -185 -179
292 -696 -115 -321
-116 167 -186 -194
277 -682 -116 -332
-132 154 -156 -193
286 -707 -100 -347
-274 190 190 -139
64 -41 363 296
-274 178 162 -137
56 -34 358 303
-268 191 182 -119
71 -25 370 303
-299 191 187 -137
44 -30 356 289
-9 -248 -313 -819
143 -384 83 104
-25 -276 -306 -830
126 -378 90 116
-36 -255 -305 -837
121 -383 93 123
-24 -262 -306 -807
133 -403 105 119
-85 52 -212 -196
-111 62 -344 110
-94 50 -221 -207
-108 89 -312 103
-99 33 -188 -184
-136 84 -321 111
-121 25 -202 -188
-144 88 -313 112
245 -257 421 -6
356 -74 -198 -22
220 -260 452 0
341 -92 -183 -20
202 -260 464 10
332 -79 -177 -29
214 -270 481 1
325 -80 -179 -4
-495 151 743 -379
-111 -603 51 241
-505 129 756 -372
-98 -605 39 247
-501 111 763 -376
-103 -621 52 254
-510 116 774 -359
-99 -625 41 255
-54 232 -534 -1089
-170 -437 -13 111
-63 236 -516 -1063
-162 -461 -34 121
-47 221 -525 -1077
-168 -458 -33 151
-27 215 -541 -1052
-164 -476 -37 137
-156 -68 -311 385
-623 -93 118 -113
-150 -63 -293 410
-637 -86 134 -112
-155 -60 -318 407
-678 -86 138 -86
-146 -76 -303 413
-687 -66 151 -87
1300 361 -151 -236
1694 -57 -395 -612
1182 383 -81 -249
1472 3 -205 -688
1087 402 -21 -266
1258 58 -71 -725
988 404 5 -255
1089 98 50 -729
16350 -1389 -4546 1259
3726 6207 20615 12499
16020 -1277 -4296 1136
3460 6360 20933 12327
15769 -1170 -4051 1076
3199 6479 21202 12229
15568 -1077 -3850 1000
3029 6569 21422 12149
789 3227 4677 -3951
-1341 3101 2814 -729
619 3336 4929 -4063
-1444 3126 2931 -814
437 3432 5080 -4190
-1517 3162 3022 -863
345 3505 5255 -4261
-1574 3182 3126 -913
310 369 1392 885
373 -2273 756 77
263 356 1449 863
353 -2281 795 72
206 342 1503 827
324 -2314 832 86
188 347 1543 840
277 -2329 846 101
128 -921 -383 -376
64 578 -69 -1010
88 -934 -330 -359
34 567 -60 -1003
68 -932 -301 -361
18 587 -9 -1008
6 -965 -274 -348
-40 585 19 -1003
-768 351 1012 -458
-1021 189 -1371 -188
-799 369 1038 -454
-1027 170 -1353 -197
-836 354 1069 -449
-1043 166 -1335 -181
-871 371 1090 -455
-1062 169 -1315 -178
-597 -172 -1089 1281
-602 1277 -682 1101
-596 -163 -1048 1284
-633 1272 -688 1139
-594 -173 -1049 1288
-630 1245 -656 1143
-616 -211 -1043 1278
-636 1222 -643 1155
-67 295 582 -1134
-101 -240 -1057 856
-44 265 573 -1119
-105 -279 -1059 880
-55 254 573 -1085
-120 -277 -1051 916
-67 219 599 -1068
-109 -324 -1056 954
3 -428 1029 499
-159 -483 -111 -866
12 -453 1030 504
-160 -485 -112 -858
12 -471 1041 527
-166 -507 -111 -819
11 -504 1048 545
-174 -512 -106 -804
543 -797 130 -511
624 50 -455 -291
541 -818 130 -489
615 37 -457 -276
539 -817 135 -491
604 -7 -460 -251
538 -843 141 -463
596 -7 -465 -235
-102 -757 773 -1025
103 217 -619 430
-98 -761 773 -1018
74 203 -613 445
-121 -790 784 -997
65 188 -609 446
-126 -810 791 -965
49 160 -582 475
-1030 -180 -440 -224
-636 -342 28 -133
-1036 -194 -393 -223
-665 -344 12 -117
-1043 -230 -399 -217
-663 -360 37 -116
-1070 -230 -395 -195
-655 -370 40 -98
-202 -320 -622 228
216 -731 353 -987
-199 -315 -628 255
214 -733 345 -1002
-204 -339 -612 248
203 -737 346 -987
-238 -329 -611 281
176 -766 358 -965
210 283 -573 58
-72 -31 49 376
180 276 -560 61
-84 -24 74 384
174 269 -532 44
-123 -39 81 397
145 257 -540 82
-138 -31 109 381
-596 660 -26 129
-439 1044 0 380
-605 654 -23 132
-443 1048 2 392
-597 643 2 117
-454 1029 6 362
-626 640 12 119
-463 1043 -7 368
32 261 -832 944
-304 -586 128 51
3 262 -833 963
-326 -560 132 34
-4 270 -817 934
-308 -551 143 21
-10 271 -803 929
-338 -560 145 20
250 394 -106 -505
5 -75 249 -41
236 408 -107 -524
4 -89 263 -30
219 401 -92 -505
3 -80 276 -40
214 399 -75 -509
11 -86 257 -51
-98 924 17 267
716 -643 212 683
-104 927 23 271
728 -647 212 706
-105 935 26 291
718 -661 196 707
-109 902 28 279
723 -664 194 712
64 740 629 -355
62 -558 127 20
77 726 639 -362
52 -555 123 34
84 716 655 -344
87 -562 129 30
82 709 622 -354
94 -560 123 42
-55 201 2 554
211 38 -14 -387
-60 178 -21 543
202 33 -47 -378
-54 194 -32 573
214 15 -40 -373
-25 176 -22 566
235 32 -42 -376
-204 -27 -291 -92
529 -493 -99 -200
-188 -45 -286 -107
523 -483 -95 -208
-170 -31 -288 -80
516 -495 -89 -193
-188 -35 -306 -78
519 -495 -106 -178
-257 82 -50 47
167 156 840 -739
-261 63 -45 64
169 147 834 -705
-244 59 -26 57
170 142 826 -704
-255 32 -25 80
192 123 841 -721
-66 317 -52 834
252 445 377 741
-95 315 -63 842
260 454 370 740
-82 280 -64 863
283 442 373 750
-65 293 -70 868
268 453 367 768
-372 -276 -452 178
-134 171 -121 -275
-371 -273 -468 195
-126 176 -135 -265
-374 -261 -463 186
-111 147 -146 -271
-361 -279 -477 187
-116 160 -131 -260
563 -558 113 -877
-222 -13 -229 436
558 -555 92 -859
-224 -25 -231 433
560 -549 116 -860
-223 -41 -215 435
581 -577 112 -857
-219 -41 -228 462
386 -273 460 -197
363 -91 15 167
367 -309 477 -195
350 -120 25 160
385 -310 481 -181
357 -110 16 181
396 -322 487 -168
337 -136 21 169
184 -44 512 -665
-45 -647 -367 383
181 -52 499 -655
-46 -645 -360 379
190 -45 522 -638
-51 -655 -405 404
183 -48 537 -637
-64 -657 -395 402
-254 1096 338 -610
-567 -256 221 988
-251 1101 345 -611
-541 -249 217 1002
-249 1092 329 -605
-543 -236 222 991
-231 1087 308 -606
-521 -224 192 979
736 -277 -249 549
456 189 30 -513
742 -281 -276 547
450 201 34 -539
754 -263 -296 535
435 232 17 -554
760 -242 -297 524
451 223 12 -579
496 -371 452 -228
-193 400 70 -78
483 -337 435 -238
-200 425 71 -98
487 -330 460 -240
-198 435 65 -106
488 -317 458 -262
-207 462 89 -122
-307 543 -77 461
-141 -810 314 -375
-321 573 -65 461
-114 -807 306 -375
-336 570 -77 426
-130 -794 313 -402
-329 605 -68 422
-130 -782 313 -410
-603 -417 -921 -426
88 892 129 89
-587 -395 -899 -425
107 903 128 66
-587 -393 -911 -444
90 897 121 54
-600 -390 -897 -462
102 904 131 36
374 -136 228 128
-285 25 -95 41
359 -131 244 126
-285 34 -99 35
343 -131 223 102
-277 47 -83 48
344 -116 239 116
-274 65 -69 10
450 -530 233 -352
-458 -98 -321 -196
446 -516 215 -344
-471 -128 -320 -200
439 -512 221 -358
-463 -108 -324 -216
458 -502 243 -351
-461 -103 -333 -202
915 -357 336 151
-6 -512 231 -279
943 -361 318 142
-5 -519 248 -300
932 -351 311 143
-16 -533 231 -295
937 -365 322 157
-21 -502 232 -301
-428 206 404 -690
133 273 -118 224
-434 197 369 -686
132 288 -111 197
-430 197 384 -681
120 297 -102 216
-433 202 375 -664
130 292 -124 214
324 -949 -92 -114
-112 -318 57 -917
326 -956 -79 -107
-111 -318 41 -910
316 -935 -107 -112
-113 -313 26 -913
337 -929 -104 -132
-89 -311 42 -936
39 669 443 129
487 163 -827 464
54 689 431 121
485 192 -822 466
53 692 422 119
490 202 -844 450
77 682 402 121
498 180 -850 452
-150 -234 45 133
-294 -188 66 -228
-169 -247 51 143
-311 -210 88 -242
-153 -221 64 143
-328 -212 79 -223
-169 -243 66 146
-347 -217 101 -216
507 -219 37 -332
194 -512 320 -263
509 -224 51 -327
151 -497 328 -260
475 -228 80 -324
118 -490 368 -254
461 -205 98 -307
118 -473 364 -259
16 -122 542 357
-281 247 -3 -617
-2 -113 547 339
-296 235 -7 -608
-5 -96 568 343
-303 253 6 -636
-32 -86 593 326
-295 251 21 -634
-135 726 243 195
491 -595 191 47
-159 735 251 183
513 -572 192 49
-129 744 240 185
509 -595 190 40
-145 732 244 149
513 -576 172 45
-11 646 -335 -22
-75 -201 141 567
-19 629 -353 -29
-67 -206 143 575
-9 655 -347 -37
-72 -221 145 602
-21 642 -359 -40
-74 -241 151 595
-943 -375 -594 -341
87 -210 -525 -600
-953 -402 -570 -350
84 -204 -524 -575
-954 -402 -572 -342
97 -220 -530 -571
-936 -395 -581 -308
65 -243 -524 -540
-571 293 -79 565
503 -202 -52 -978
-571 256 -106 568
523 -222 -38 -972
-570 257 -90 590
520 -244 -64 -953
-557 220 -95 605
525 -261 -49 -954
-253 122 197 219
-287 -99 124 1023
-252 107 191 232
-303 -110 129 1044
-246 95 209 245
-285 -103 99 1060
-248 85 182 253
-270 -133 119 1065
125 97 -280 -924
-213 -468 -122 291
130 106 -270 -906
-209 -472 -142 289
131 82 -265 -882
-200 -476 -139 318
133 69 -283 -880
-209 -492 -130 327
-710 305 -727 151
126 -130 -778 -254
-709 293 -742 161
111 -126 -770 -265
-720 288 -729 145
135 -139 -746 -275
-712 299 -722 175
127 -110 -770 -279
530 169 608 514
248 207 690 289
541 152 605 513
222 204 712 289
532 189 626 497
216 197 706 280
521 175 627 492
216 209 721 275
380 324 338 -160
-255 91 -288 386
362 360 351 -177
-289 73 -275 390
356 345 377 -178
-331 99 -238 395
343 359 381 -170
-375 83 -226 384
731 227 297 -677
2869 -350 -657 752
567 270 396 -689
2634 -291 -486 679
458 267 479 -699
2387 -214 -318 646
339 287 514 -711
2165 -145 -156 614
16088 -2425 -4402 785
2872 5167 19857 8037
15736 -2276 -4108 680
2549 5329 20194 7864
15429 -2156 -3794 565
2228 5462 20546 7739
15133 -2056 -3552 511
1963 5567 20825 7628
257 1071 4766 -3996
-2614 2694 3669 -353
-4 1168 5084 -4134
-2789 2750 3870 -439
-237 1265 5323 -4257
-2929 2770 4045 -494
-438 1332 5595 -4328
-3041 2819 4224 -546
1864 -128 1687 -291
832 -1888 504 -420
1760 -139 1755 -322
809 -1880 559 -430
1711 -132 1875 -317
754 -1904 603 -400
1637 -154 1980 -331
692 -1928 657 -403
-324 -2393 361 -992
944 1603 -171 -510
-343 -2379 407 -988
936 1601 -144 -508
-398 -2380 429 -993
936 1615 -136 -527
-414 -2401 469 -986
887 1638 -115 -522
-742 -399 1257 -586
-417 568 -1255 -589
-769 -376 1271 -592
-426 572 -1230 -569
-779 -372 1284 -605
-455 579 -1206 -574
-812 -365 1295 -599
-460 568 -1183 -598
-568 -805 -562 -18
19 118 -314 857
-581 -811 -549 -17
8 104 -319 847
-604 -806 -545 0
-10 96 -292 860
-617 -824 -529 4
-8 75 -301 864
-581 -273 1008 -771
350 -302 -951 244
-577 -290 1005 -751
355 -317 -937 260
-575 -297 1006 -762
345 -312 -944 268
-583 -319 1032 -738
358 -331 -934 291
53 -222 -69 -425
-119 -731 15 -771
71 -238 -68 -419
-140 -740 24 -776
52 -239 -77 -397
-142 -740 10 -760
73 -253 -83 -389
-116 -751 23 -766
250 524 -70 623
-446 -624 -120 -306
258 536 -77 615
-456 -607 -145 -313
257 538 -61 635
-461 -603 -145 -316
231 556 -66 623
-445 -612 -127 -343
-46 569 -89 -517
-205 973 -17 1444
-60 578 -64 -535
-206 973 -5 1433
-57 592 -71 -528
-210 1003 -21 1412
-60 597 -79 -542
-212 983 -14 1410
-483 682 -15 724
66 -140 -90 -384
-494 671 -28 731
76 -156 -107 -406
-498 675 -17 722
82 -164 -101 -391
-465 673 -20 705
77 -144 -120 -408
-231 -103 -36 -32
305 452 -952 323
-211 -95 -40 -9
309 438 -926 312
-228 -102 -55 -28
299 452 -937 320
-231 -108 -24 -30
271 445 -946 310
479 -423 381 -158
128 483 898 244
458 -439 390 -150
119 498 898 245
453 -430 399 -158
110 485 921 251
435 -424 388 -162
96 485 922 254
524 664 171 756
-333 136 -96 326
521 676 167 744
-326 134 -71 336
519 667 209 746
-352 135 -84 324
498 649 212 774
-358 159 -77 330
-28 117 645 307
709 -364 -91 -506
-42 112 667 308
704 -355 -85 -500
-50 99 674 309
704 -365 -82 -535
-56 133 677 314
702 -331 -80 -549
314 522 161 270
-72 -432 318 -273
301 519 154 245
-80 -426 337 -273
292 539 144 241
-116 -432 342 -278
306 534 149 238
-104 -430 349 -278
455 -105 270 173
3 -298 -227 -356
439 -93 267 185
-20 -288 -224 -357
440 -101 288 160
-16 -295 -211 -350
421 -93 307 177
-55 -303 -202 -345
-43 238 50 23
-250 -272 421 180
-61 232 68 33
-238 -253 408 188
-60 236 76 21
-250 -259 424 177
-72 235 72 10
-244 -240 413 182
114 -284 827 -369
-666 -164 -593 8
132 -265 833 -383
-645 -152 -592 17
108 -266 812 -386
-644 -131 -604 4
128 -257 823 -397
-647 -123 -618 -29
96 -188 -1133 -199
-230 -192 265 -878
89 -181 -1139 -209
-244 -221 257 -899
113 -160 -1151 -226
-229 -217 258 -885
108 -162 -1152 -206
-243 -208 251 -893
752 -105 -226 -218
135 167 382 -105
732 -89 -217 -240
125 164 389 -85
736 -99 -223 -235
124 147 411 -78
738 -109 -225 -234
83 140 424 -75
313 -287 502 494
801 261 528 305
283 -264 493 507
784 264 533 311
284 -292 522 491
764 270 559 324
246 -299 524 515
748 257 567 320
-581 -240 -274 89
83 467 597 89
-577 -255 -255 102
81 479 610 63
-616 -224 -245 99
77 472 614 58
-612 -232 -226 90
43 491 623 27
-263 172 391 242
-598 272 -1009 -338
-252 194 396 233
-610 282 -1005 -332
-261 201 409 207
-615 287 -1024 -348
-263 199 431 181
-605 306 -999 -341
-434 60 -415 286
14 390 239 734
-422 62 -423 286
24 382 240 700
-408 84 -432 257
38 394 242 702
-410 78 -441 236
65 393 216 696
-420 501 -788 -163
6 401 13 167
-413 504 -787 -173
14 391 20 147
-397 523 -795 -193
12 404 3 163
-405 524 -822 -181
45 399 2 143
-214 -162 -1088 555
463 334 320 -34
-207 -144 -1088 566
465 330 331 -52
-216 -154 -1109 558
457 347 328 -48
-204 -162 -1099 555
438 333 321 -56
-516 372 105 289
106 581 -55 298
-537 363 96 292
107 591 -62 317
-531 361 128 289
104 565 -47 321
-548 361 122 313
76 581 -19 309
-633 514 648 385
316 -114 -932 235
-651 493 654 395
318 -120 -908 217
-666 483 662 387
309 -129 -907 243
-655 483 667 412
285 -127 -907 239
-429 -644 -655 -30
-733 -142 -65 -202
-438 -656 -628 -5
-721 -137 -50 -190
-465 -662 -616 -5
-734 -122 -47 -179
-460 -667 -617 -8
-743 -149 -53 -178
-227 -3 -94 -158
334 179 46 699
-226 0 -83 -188
346 182 29 717
-213 0 -68 -168
338 190 40 712
-242 5 -64 -168
333 173 34 693
97 314 509 -318
140 -124 -57 -578
108 301 534 -321
167 -136 -49 -582
105 289 519 -328
164 -143 -53 -590
100 284 504 -330
162 -138 -58 -555
757 239 166 395
-100 201 232 523
738 248 146 415
-94 191 230 529
742 238 152 420
-86 154 223 529
748 221 155 426
-78 154 214 542
955 519 927 684
-493 189 149 298
955 534 923 697
-488 184 155 278
959 517 916 705
-461 197 150 283
967 514 910 728
-480 178 140 302
-14 91 -785 -237
234 -246 833 138
-18 81 -805 -236
269 -221 812 139
-1 77 -811 -238
271 -236 803 129
23 61 -813 -226
309 -231 776 139
60 178 132 -63
178 -63 -164 -71
78 159 115 -53
192 -72 -159 -83
76 155 111 -60
220 -65 -180 -58
101 186 89 -62
216 -68 -196 -60
-46 -623 -416 -554
-28 102 358 -260
-36 -650 -422 -554
-16 114 348 -277
-45 -630 -449 -551
-7 130 345 -282
-32 -638 -455 -561
22 126 330 -278
672 -9 414 374
-246 -90 -44 -287
675 -12 388 375
-236 -75 -52 -291
717 7 373 368
-231 -93 -45 -291
714 14 371 344
-228 -69 -50 -307
35 275 -102 316
-37 -103 -57 19
43 269 -117 304
-20 -107 -66 4
50 280 -130 319
-4 -83 -73 -1
79 295 -127 297
-3 -87 -80 3
-242 -159 385 -686
-5 61 -313 371
-238 -164 382 -684
-16 66 -326 370
-232 -163 380 -692
10 72 -349 365
-222 -164 357 -693
18 78 -370 361
-43 -258 26 71
51 677 83 -185
-27 -253 -7 77
83 674 81 -185
-16 -248 1 82
99 671 62 -185
1 -243 -14 86
113 669 41 -188
302 504 -649 879
645 310 665 250
328 475 -657 874
683 315 660 238
335 483 -679 883
691 298 646 246
368 492 -691 889
705 286 624 255
-313 -422 654 -298
-71 231 -656 787
-290 -431 635 -277
-80 250 -671 769
-296 -437 632 -274
-61 248 -692 759
-277 -428 622 -278
-70 244 -705 774
-113 -103 -35 106
46 158 -442 -412
-107 -127 -36 112
50 154 -427 -441
-108 -111 -41 112
36 167 -452 -438
-101 -115 -41 96
41 155 -438 -445
-70 487 120 135
-130 301 45 244
-70 485 126 126
-118 307 45 249
-91 505 141 132
-120 297 27 254
-93 486 147 132
-127 309 32 235
-355 -441 -617 611
36 -132 242 -406
-368 -435 -606 629
35 -112 265 -428
-389 -427 -618 624
48 -110 261 -446
-369 -449 -618 630
12 -115 266 -452
162 252 -410 46
-114 392 24 296
158 252 -383 49
-115 387 42 289
132 256 -377 34
-124 421 67 291
137 289 -374 32
-152 439 68 268
-115 258 410 128
-52 157 -97 -175
-120 260 421 103
-56 154 -67 -198
-145 292 441 107
-54 167 -60 -187
-154 289 462 101
-90 162 -40 -210
507 -435 285 323
-36 460 -99 -216
482 -420 308 310
-64 493 -88 -209
474 -423 325 299
-114 486 -52 -233
440 -417 362 292
-138 503 -19 -218
612 328 370 677
2452 84 -905 176
479 385 466 653
2203 191 -731 112
362 433 513 639
1988 291 -564 31
271 471 565 601
1783 380 -452 -12
14290 -3656 -4591 1569
-1555 4753 16376 5583
13974 -3480 -4318 1456
-1865 4944 16733 5402
13671 -3332 -4029 1313
-2191 5098 17048 5266
13379 -3219 -3799 1222
-2489 5226 17352 5125
315 -580 915 -5094
-2961 1153 3603 -1063
39 -453 1209 -5246
-3171 1240 3802 -1173
-229 -322 1496 -5404
-3309 1291 4020 -1253
-435 -242 1775 -5503
-3468 1315 4217 -1301
1329 -779 2210 -1429
405 -1542 -217 -1028
1201 -738 2322 -1468
354 -1533 -163 -1036
1106 -731 2455 -1480
288 -1511 -80 -1055
995 -705 2581 -1517
225 -1495 -16 -1048
-1531 -2769 223 -1499
1465 666 517 -635
-1571 -2746 236 -1531
1467 672 564 -648
-1602 -2748 279 -1534
1437 700 556 -681
-1630 -2726 326 -1541
1422 720 593 -671
-574 228 260 -1382
116 -285 -1115 -1134
-587 228 263 -1404
109 -295 -1107 -1109
-604 249 273 -1398
111 -286 -1109 -1102
-615 233 281 -1405
118 -288 -1113 -1114
-1374 -778 -1023 778
418 -46 -841 -639
-1369 -798 -1009 769
414 -37 -835 -625
-1396 -787 -1009 793
435 -73 -851 -605
-1385 -815 -1003 784
426 -81 -850 -589
-144 91 1912 21
-893 49 -1432 71
-134 69 1913 58
-899 2 -1414 81
-136 48 1937 82
-908 -2 -1402 99
-146 27 1899 98
-894 -26 -1395 122
351 -13 -453 240
343 -691 232 -190
350 -16 -454 262
329 -696 245 -186
328 -48 -447 285
323 -719 258 -172
325 -49 -427 301
307 -727 271 -168
-260 220 18 363
172 -63 366 -310
-261 234 47 387
162 -55 371 -309
-279 231 52 375
170 -45 368 -307
-287 214 82 391
139 -61 382 -292
-547 113 118 191
562 -119 3 163
-553 122 145 204
569 -112 -2 139
-570 115 124 203
550 -113 -19 169
-564 126 131 199
545 -111 6 146
-365 31 809 109
875 1064 -100 -143
-362 40 806 119
890 1038 -97 -144
-368 36 814 113
904 1058 -92 -159
-372 41 822 127
890 1060 -100 -147
-54 363 -256 256
-416 425 -333 707
-46 346 -266 240
-421 418 -348 716
-49 350 -272 251
-421 416 -337 718
-31 361 -256 238
-422 411 -328 721
89 104 515 783
-304 161 82 66
77 96 533 775
-310 140 71 70
82 90 525 764
-301 142 98 67
76 108 520 770
-305 136 85 62
-475 -145 -1613 -115
357 -277 164 25
-505 -122 -1600 -113
326 -259 167 14
-494 -142 -1582 -103
332 -246 200 -11
-519 -133 -1575 -125
306 -269 200 -26
-354 -342 182 -658
550 11 201 225
-343 -336 187 -644
520 36 214 205
-358 -322 214 -679
533 22 220 200
-392 -309 205 -685
536 42 229 180
164 359 199 -195
-435 -178 461 -390
144 363 205 -212
-426 -188 481 -371
157 369 233 -199
-415 -176 469 -383
149 354 223 -211
-426 -191 470 -384
197 521 -121 592
11 -277 -485 400
212 501 -122 591
31 -301 -492 389
196 488 -113 609
28 -300 -485 418
214 505 -113 622
46 -323 -494 428
-363 1014 -431 472
98 -33 816 129
-354 1024 -425 465
87 -40 814 132
-352 1026 -434 482
76 -56 839 143
-367 977 -418 502
59 -65 825 163
-193 -359 182 75
218 -950 -751 -721
-197 -353 194 86
182 -978 -751 -698
-197 -366 179 106
192 -986 -744 -699
-207 -379 195 104
196 -988 -731 -679
481 -601 518 -802
-34 172 0 -120
483 -593 524 -809
-44 180 20 -121
446 -594 533 -790
-78 166 7 -109
446 -601 557 -798
-72 175 23 -132
77 620 -18 579
-29 127 522 -14
79 632 -13 587
-21 107 528 4
73 626 -1 581
-39 116 546 11
37 624 17 591
-59 105 574 0
-107 -132 -128 -579
10 65 121 -12
-140 -139 -116 -561
-13 41 110 0
-132 -155 -111 -552
-4 29 129 -14
-163 -160 -115 -542
-29 30 119 13
840 -206 196 276
188 35 45 638
821 -204 187 296
175 23 50 641
817 -222 214 295
144 15 56 646
794 -216 206 306
158 22 73 644
-407 462 5 0
215 555 627 -252
-439 467 17 13
211 553 645 -254
-436 466 19 2
209 541 634 -226
-461 444 24 20
202 533 632 -221
-649 132 -109 589
587 -486 323 85
-625 127 -122 587
576 -497 306 112
-651 98 -121 597
609 -511 287 123
-620 66 -112 609
596 -542 298 142
416 54 -345 -234
-93 -1017 -506 150
397 57 -364 -218
-96 -1019 -487 158
414 41 -360 -194
-89 -1035 -507 151
432 25 -374 -190
-73 -1020 -511 159
-478 464 8 -134
-413 -95 -342 -390
-480 447 26 -122
-406 -81 -341 -379
-485 446 41 -135
-424 -86 -330 -392
-500 462 33 -112
-415 -63 -332 -398
534 166 41 23
-387 -609 169 -162
528 199 46 26
-419 -620 164 -171
495 186 46 23
-412 -606 174 -178
488 193 50 7
-418 -596 180 -164
51 821 267 170
379 16 763 205
38 819 270 184
385 4 755 209
51 828 280 188
383 14 746 199
63 850 268 189
396 -1 755 221
803 -68 -265 -530
-237 356 -238 211
807 -74 -261 -521
-237 331 -255 218
776 -113 -241 -506
-236 329 -243 250
779 -118 -261 -497
-264 302 -228 257
-389 -242 137 650
-992 176 -53 -51
-380 -263 169 662
-982 166 -38 -30
-401 -276 164 666
-1011 158 -52 -36
-393 -270 182 691
-1023 177 -26 -32
300 162 99 377
766 407 -350 408
306 167 108 354
767 437 -320 410
307 170 104 355
758 436 -335 402
308 179 96 348
791 445 -345 387
48 -241 450 -400
-90 -739 100 -567
58 -239 445 -417
-74 -740 97 -554
63 -234 440 -407
-76 -732 101 -568
67 -235 452 -419
-77 -737 107 -551
-696 493 -819 70
-990 278 -152 634
-704 481 -801 68
-991 261 -138 625
-708 471 -806 67
-991 291 -123 625
-722 500 -808 79
-999 281 -147 632
-954 227 -1230 508
21 -245 188 108
-938 241 -1236 508
26 -234 181 109
-927 251 -1242 498
22 -247 185 119
-943 259 -1214 523
23 -228 167 121
181 -191 -367 -1153
-45 -429 822 192
188 -177 -378 -1145
-20 -406 816 186
214 -162 -373 -1155
3 -404 805 194
221 -163 -390 -1170
-1 -413 788 183
508 25 -509 -107
-30 140 -417 -26
519 14 -518 -147
-35 142 -429 -30
525 14 -527 -136
-27 154 -422 -37
537 34 -531 -154
-36 149 -433 -20
-464 74 -148 144
-670 81 -662 -260
-479 90 -151 138
-684 84 -669 -266
-477 73 -138 166
-680 89 -661 -267
-498 88 -135 163
-710 86 -658 -271
403 196 661 688
-418 -331 -97 -597
418 201 662 685
-425 -347 -76 -581
415 218 667 676
-423 -367 -82 -594
398 199 686 684
-409 -352 -63 -586
226 424 9 -394
571 -509 241 278
231 426 13 -383
585 -532 223 271
228 387 -3 -407
571 -555 241 270
226 387 1 -403
593 -563 242 282
-78 -465 -53 -260
-63 460 -110 203
-76 -488 -44 -243
-55 457 -115 213
-73 -482 -52 -238
-58 454 -117 217
-65 -510 -72 -221
-57 444 -120 230
-75 171 44 347
-244 144 82 162
-71 153 15 339
-251 142 86 166
-68 158 14 345
-224 150 78 160
-60 162 10 353
-225 156 56 155
733 117 344 53
-5 284 -553 107
720 140 344 68
21 278 -567 98
730 140 331 64
-6 263 -572 99
735 138 328 63
0 280 -563 112
-811 -211 314 -460
393 36 -398 143
-820 -216 310 -467
398 19 -384 174
-826 -215 319 -452
417 32 -401 170
-834 -236 301 -459
400 22 -403 177
-1066 -580 -513 287
-295 688 -249 -407
-1074 -590 -521 291
-290 671 -245 -409
-1074 -586 -538 307
-284 668 -266 -392
-1052 -593 -529 308
-282 676 -240 -404
142 129 -483 333
417 -310 56 121
137 130 -473 332
403 -333 34 119
114 135 -453 351
403 -328 58 157
125 106 -447 355
379 -342 58 162
-860 532 -141 14
326 364 -328 598
-886 519 -140 3
323 338 -325 593
-898 538 -147 27
304 353 -296 618
-901 515 -131 45
312 323 -305 621
412 -439 415 510
-522 874 14 -199
436 -441 435 513
-545 880 21 -215
421 -463 423 517
-543 886 25 -179
412 -467 424 525
-545 897 8 -197
-240 -736 -279 -198
-384 16 -275 -16
-245 -712 -276 -191
-435 31 -273 -46
-252 -733 -280 -217
-463 53 -254 -69
-291 -717 -268 -209
-487 84 -230 -77
585 16 -296 164
2426 -870 -455 406
489 85 -226 131
2243 -731 -315 343
392 132 -181 81
2063 -611 -188 245
296 176 -160 59
1876 -520 -50 193
12093 -5243 -3492 1574
-8628 6405 10976 2276
11825 -5055 -3252 1404
-8906 6607 11280 2052
11579 -4871 -2995 1250
-9177 6776 11547 1893
11331 -4750 -2794 1117
-9413 6908 11793 1751
764 -2038 -2901 -4367
-1731 1761 2795 -31
525 -1885 -2664 -4510
-1900 1830 2960 -120
323 -1795 -2434 -4661
-2019 1893 3122 -222
119 -1706 -2196 -4796
-2153 1934 3308 -279
1109 -920 1405 -2828
-797 -1224 402 -97
1030 -897 1510 -2891
-826 -1192 456 -140
930 -883 1618 -2925
-891 -1185 525 -135
858 -865 1725 -2933
-941 -1169 588 -155
-438 -2084 911 -1261
569 373 -591 -792
-459 -2072 949 -1281
547 364 -589 -818
-485 -2052 977 -1275
548 379 -569 -825
-540 -2054 1022 -1287
522 366 -554 -843
-622 808 -634 -1436
51 -153 -634 -258
-633 776 -623 -1438
39 -177 -617 -249
-657 784 -613 -1438
27 -187 -626 -211
-672 781 -597 -1438
31 -217 -596 -214
-386 -643 -111 695
-714 -99 -1093 -336
-405 -669 -60 718
-744 -109 -1085 -305
-419 -704 -61 743
-728 -140 -1052 -266
-416 -742 -49 774
-743 -168 -1065 -227
-25 -241 258 774
-281 408 -264 -688
-25 -289 282 806
-263 382 -255 -684
-29 -292 300 831
-300 356 -228 -669
-48 -322 300 843
-297 374 -217 -641
124 -412 244 117
-551 -53 -237 -137
97 -395 272 121
-574 -68 -222 -117
98 -397 302 129
-592 -76 -219 -119
85 -428 303 141
-597 -99 -218 -110
201 -202 -737 -37
44 -156 287 108
186 -211 -738 -23
5 -143 297 108
166 -220 -742 -11
-20 -144 329 110
165 -202 -709 -31
-38 -164 354 116
-359 -556 29 -600
449 179 817 -507
-381 -566 45 -589
423 179 847 -497
-397 -564 78 -605
409 161 847 -507
-430 -557 92 -569
403 144 897 -494
-691 -546 90 39
126 -48 -1081 -63
-722 -574 115 50
120 -49 -1071 -65
-726 -590 125 63
110 -56 -1066 -42
-711 -590 155 65
113 -51 -1048 -55
-268 -209 1021 -193
-62 -567 -436 -245
-265 -214 1010 -184
-54 -566 -455 -233
-267 -221 1029 -173
-67 -561 -490 -224
-244 -216 1010 -171
-40 -562 -498 -237
249 -624 6 -399
780 596 475 -144
276 -621 -20 -401
790 615 471 -163
286 -602 -36 -408
803 615 444 -153
311 -626 -44 -398
816 609 438 -180
-392 469 -328 466
-416 -483 -544 -78
-407 466 -346 465
-446 -460 -553 -84
-397 472 -355 440
-421 -468 -563 -111
-387 481 -363 442
-420 -460 -567 -91
286 -770 284 -596
-18 -805 194 -531
283 -782 302 -618
-33 -799 188 -559
280 -761 309 -618
-35 -772 201 -549
289 -751 312 -616
-46 -757 187 -582
536 818 -413 810
-386 -149 259 -565
536 856 -396 794
-406 -140 253 -587
503 867 -371 765
-406 -114 270 -590
506 898 -362 778
-405 -106 277 -613
-395 248 381 -85
540 481 -60 353
-420 252 402 -104
543 482 -54 342
-421 256 412 -127
520 479 -43 332
-444 275 430 -151
524 487 -38 341
-230 358 -363 -127
13 234 552 189
-239 350 -361 -148
2 235 558 198
-255 366 -351 -153
-14 244 570 198
-242 331 -336 -141
-24 231 574 193
-352 -448 -111 545
384 -294 81 -210
-376 -454 -115 567
384 -263 65 -226
-361 -464 -107 567
395 -274 64 -226
-379 -454 -111 568
409 -270 91 -211
179 -22 477 -92
299 407 127 -502
169 -34 461 -106
316 393 139 -485
179 -44 483 -84
326 394 126 -498
196 -26 478 -100
320 405 116 -497
-112 -382 -281 -296
-102 -421 89 -84
-117 -400 -298 -284
-103 -424 89 -71
-107 -395 -273 -287
-99 -450 87 -55
-103 -420 -270 -256
-94 -450 59 -41
185 14 -901 -512
-3 124 595 871
164 16 -901 -495
-11 117 594 877
160 -1 -907 -488
-41 90 623 874
166 -25 -898 -486
-54 82 620 890
-203 -415 267 -8
-123 313 159 -324
-234 -405 291 4
-106 330 160 -330
-239 -402 287 -3
-116 311 165 -320
-228 -417 322 -7
-131 335 171 -322
-292 -427 -496 -421
-150 -252 168 -58
-289 -440 -498 -449
-152 -245 185 -37
-284 -432 -495 -452
-158 -255 184 -35
-301 -449 -483 -432
-135 -241 177 -38
-613 149 -362 195
-168 274 -462 150
-596 152 -385 208
-142 286 -470 143
-584 127 -383 212
-142 276 -490 148
-566 148 -389 217
-141 238 -511 156
-246 254 -761 -482
-683 -1032 -519 31
-263 249 -789 -458
-672 -1042 -532 50
-242 252 -799 -457
-666 -1040 -527 65
-234 234 -808 -444
-653 -1050 -549 64
38 336 125 157
-424 -171 -113 -327
51 347 124 146
-397 -197 -115 -309
68 333 125 167
-407 -176 -132 -302
55 331 110 161
-387 -191 -128 -311
-376 -503 -49 -353
-3 66 -718 -202
-367 -508 -41 -360
13 84 -742 -197
-366 -511 -69 -356
34 60 -722 -204
-357 -512 -58 -369
38 81 -749 -204
515 -420 -196 252
214 350 -125 -672
533 -416 -174 237
218 332 -118 -666
531 -388 -192 221
228 327 -90 -671
545 -399 -197 207
224 344 -111 -700
-505 -685 174 -75
-465 739 -124 521
-536 -676 188 -68
-458 741 -114 507
-517 -690 182 -82
-494 740 -102 500
-518 -697 182 -77
-488 739 -99 517
-605 -543 -810 -214
-228 -111 352 -505
-616 -536 -802 -210
-222 -126 347 -513
-631 -532 -806 -207
-209 -97 366 -512
-620 -552 -783 -216
-207 -116 360 -512
430 50 46 264
-198 -256 -364 -109
416 67 56 258
-176 -262 -350 -129
412 52 35 256
-198 -250 -354 -123
431 64 56 254
-196 -278 -369 -132
-410 485 -600 272
-492 -653 -445 -81
-426 479 -589 279
-498 -659 -431 -99
-416 492 -581 277
-504 -672 -423 -96
-434 490 -566 263
-515 -636 -406 -108
57 252 261 -552
8 662 310 593
27 256 265 -558
16 672 319 579
41 260 280 -559
-3 664 326 571
7 281 290 -555
5 672 332 579
-172 105 -73 313
1094 421 -114 -103
-168 110 -72 323
1076 428 -119 -91
-171 121 -63 308
1091 452 -110 -88
-165 104 -65 303
1078 432 -118 -85
109 -411 621 618
-309 566 510 602
110 -385 629 607
-305 580 498 605
107 -384 607 625
-306 609 510 589
108 -375 612 626
-301 623 497 554
646 578 321 105
575 279 -205 898
664 590 333 62
579 309 -212 859
659 613 332 59
580 344 -213 840
656 632 329 37
566 362 -212 833
271 370 448 -405
-303 -493 328 -555
266 385 460 -410
-308 -487 326 -568
260 411 474 -445
-327 -486 329 -582
256 422 466 -442
-319 -475 345 -572
430 369 -106 365
-126 -148 211 -463
417 347 -71 347
-142 -165 189 -464
401 342 -77 354
-147 -163 213 -453
394 371 -93 322
-172 -167 219 -447
-5 -254 -204 166
190 -302 567 -310
-8 -269 -201 157
175 -300 572 -304
-32 -260 -191 160
193 -308 571 -303
-39 -282 -183 180
175 -305 582 -297
-262 16 -103 107
-199 433 -319 -113
-264 0 -87 128
-207 455 -317 -126
-283 8 -98 121
-211 461 -313 -121
-284 16 -81 136
-215 454 -312 -132
23 -156 -203 10
-623 -198 7 114
42 -148 -189 21
-616 -203 -6 142
36 -170 -191 -5
-636 -209 -3 128
26 -164 -192 13
-617 -221 10 138
654 413 -106 322
-254 251 225 205
631 430 -112 302
-269 239 211 183
649 448 -123 306
-266 235 228 210
656 420 -116 307
-266 222 203 226
37 -54 90 -159
-101 -42 -463 167
49 -53 81 -149
-93 -47 -443 194
51 -69 68 -135
-104 -49 -464 201
44 -72 86 -149
-88 -69 -469 187
274 368 -26 38
-218 -223 -39 -311
249 348 -29 36
-208 -251 -43 -303
264 356 -14 47
-221 -268 -26 -306
245 334 -18 49
-217 -264 -33 -288
-171 60 275 71
-1208 213 -1021 434
-189 61 282 100
-1193 196 -1017 440
-201 47 268 106
-1216 201 -1031 443
-184 32 293 108
-1227 192 -1004 448
-72 42 -122 -43
568 115 -338 225
-52 54 -110 -37
567 111 -309 225
-71 42 -122 -29
570 123 -298 227
-62 34 -123 -45
550 117 -310 232
-35 183 390 171
-21 -233 156 -517
-35 171 390 176
-34 -255 165 -517
-44 166 391 203
-56 -246 180 -480
-59 154 400 211
-84 -278 202 -476
-248 -493 -512 111
775 -253 824 19
-273 -496 -516 106
733 -246 848 15
-284 -506 -496 125
722 -246 887 17
-310 -510 -471 148
690 -215 889 4
-66 575 213 166
1295 -1503 -906 -33
-149 643 291 136
1149 -1376 -805 -129
-237 694 326 120
1000 -1257 -691 -220
-277 741 375 97
863 -1162 -573 -294
9339 -5733 -3395 2505
-14356 8399 4447 1196
9150 -5554 -3223 2340
-14555 8597 4663 1023
8973 -5385 -3049 2194
-14735 8755 4859 844
8788 -5240 -2895 2079
-14900 8869 5040 698
623 -1992 -3973 -2638
-472 3731 1052 1476
493 -1871 -3823 -2807
-561 3814 1170 1364
350 -1773 -3643 -2944
-643 3863 1280 1287
204 -1651 -3508 -3054
-738 3915 1402 1243
-668 -2998 -274 -3751
-670 -1131 -311 -781
-756 -2978 -183 -3786
-686 -1130 -254 -821
-810 -2934 -114 -3805
-725 -1107 -209 -831
-847 -2932 -45 -3833
-786 -1103 -154 -847
-211 -1366 863 -1123
132 879 -870 100
-237 -1338 903 -1133
109 905 -840 94
-260 -1337 925 -1135
89 901 -815 86
-296 -1321 985 -1167
68 895 -785 97
-1241 875 -717 -242
843 -1160 -488 -779
-1294 847 -698 -239
807 -1175 -463 -780
-1304 860 -671 -225
794 -1179 -429 -778
-1331 847 -639 -226
771 -1163 -416 -752
-1350 -320 -655 538
-1212 -63 209 -965
-1371 -323 -642 528
-1221 -64 225 -975
-1400 -325 -612 543
-1228 -55 243 -939
-1394 -335 -597 559
-1225 -60 248 -948
-281 -926 -769 291
379 964 -83 526
-298 -927 -760 270
399 952 -78 525
-305 -930 -759 273
383 977 -90 512
-288 -918 -772 272
387 956 -93 513
-181 396 -1010 -629
-25 -485 194 568
-194 387 -992 -614
-40 -474 186 568
-166 390 -988 -618
-39 -458 210 560
-173 428 -980 -631
-56 -473 198 531
-295 38 523 -880
1080 -1059 582 -125
-303 36 521 -874
1060 -1064 583 -115
-294 45 534 -877
1059 -1058 598 -112
-323 65 537 -907
1088 -1035 585 -119
-229 498 568 -308
-677 -230 -562 -405
-228 501 562 -298
-675 -233 -553 -406
-219 503 565 -316
-659 -246 -579 -382
-222 488 573 -309
-667 -249 -567 -386
99 -30 58 470
276 1185 71 801
130 -24 70 473
277 1185 54 821
137 -37 66 482
288 1187 62 818
155 -32 39 481
295 1183 44 836
544 231 393 114
128 371 -387 252
568 208 398 152
134 369 -385 263
576 187 356 135
122 361 -379 297
579 181 341 138
129 326 -376 289
135 -754 135 -408
48 425 172 466
128 -755 140 -392
23 382 167 485
119 -779 127 -368
5 387 182 499
106 -800 137 -366
2 373 196 517
-1205 -161 -373 455
205 -404 -10 34
-1223 -184 -349 471
186 -422 -32 30
-1221 -197 -357 498
190 -407 -16 61
-1230 -219 -337 508
186 -424 7 57
46 -249 -206 -188
-1036 200 -691 -203
28 -248 -191 -189
-1031 206 -681 -196
34 -251 -189 -172
-1044 206 -673 -187
17 -245 -176 -177
-1042 225 -666 -187
-368 -204 -105 -725
1193 -359 -99 -95
-386 -198 -116 -696
1175 -355 -105 -113
-381 -187 -76 -718
1171 -355 -72 -108
-400 -202 -82 -713
1163 -332 -84 -109
-746 491 109 787
97 640 -750 -41
-766 508 152 786
69 620 -752 -18
-781 486 140 776
54 624 -736 -21
-777 493 170 773
46 633 -727 -36
-315 477 93 569
-1140 -13 22 -167
-307 463 94 563
-1138 -2 47 -151
-320 448 123 576
-1155 -33 37 -147
-348 439 133 585
-1163 -47 78 -149
330 187 -431 841
-407 -596 613 -151
358 182 -430 841
-416 -613 604 -146
338 174 -433 831
-407 -603 602 -127
362 161 -429 845
-421 -637 601 -113
298 413 -598 -149
550 -129 285 -644
307 411 -599 -122
542 -139 279 -621
297 375 -603 -110
550 -141 269 -622
310 387 -609 -107
542 -143 262 -611
352 -965 -513 21
-756 293 569 -186
361 -972 -483 33
-775 279 563 -184
351 -962 -504 37
-791 277 584 -162
358 -1000 -480 36
-795 255 601 -148
76 339 -47 293
267 33 -35 402
66 354 -34 295
284 35 -17 411
69 318 -52 314
268 31 -18 410
91 324 -31 321
250 20 -20 427
-205 147 -218 222
69 185 250 -14
-224 152 -199 219
73 172 249 -11
-214 143 -210 224
71 166 245 18
-230 120 -212 238
73 151 244 8
-21 -269 145 20
499 221 700 277
-2 -290 139 44
503 219 678 294
-10 -281 148 34
501 208 717 310
4 -300 145 61
503 201 703 309
185 -10 21 -336
-76 -429 -86 -29
190 -4 21 -360
-73 -411 -85 -50
202 5 -5 -356
-66 -419 -88 -37
207 -28 -4 -361
-60 -418 -86 -41
-167 67 -207 485
-265 276 -260 -393
-180 77 -206 484
-246 267 -287 -407
-174 62 -209 455
-235 290 -292 -401
-170 65 -211 467
-235 281 -293 -413
279 735 233 480
-78 -7 -176 107
296 731 231 468
-52 -5 -179 100
306 746 237 491
-52 -7 -174 88
303 757 201 476
-76 -29 -180 110
-633 -374 -422 -803
-128 -469 -126 -146
-651 -400 -407 -810
-115 -469 -113 -133
-639 -402 -395 -802
-137 -468 -118 -124
-664 -398 -386 -816
-148 -470 -94 -117
300 246 -47 523
-177 -296 -256 -311
282 224 -32 515
-171 -303 -263 -314
282 245 -36 518
-190 -296 -244 -310
294 248 -26 527
-189 -300 -259 -324
-287 36 236 154
561 -156 -240 -512
-300 41 246 144
576 -165 -239 -533
-315 52 239 155
573 -160 -234 -511
-311 59 268 144
570 -172 -235 -532
-289 -108 -130 -14
752 324 867 84
-322 -110 -119 -12
729 314 863 78
-319 -118 -116 -9
722 320 895 91
-334 -94 -109 7
723 313 902 78
-604 -237 -367 -380
482 -493 -67 267
-601 -244 -350 -381
465 -472 -61 298
-621 -240 -331 -370
466 -479 -57 287
-638 -261 -316 -372
469 -492 -56 284
18 332 1006 -268
-84 -215 -151 240
-2 335 1032 -246
-46 -210 -162 254
8 307 1020 -257
-53 -198 -169 245
20 324 1007 -260
-44 -211 -179 237
14 -147 -226 -26
-226 -30 205 -311
15 -154 -244 -28
-207 -7 197 -325
52 -143 -264 -39
-189 6 160 -316
76 -128 -260 -46
-165 2 147 -326
135 298 40 222
541 137 -13 125
135 302 18 205
560 158 -38 144
143 318 18 210
558 154 -33 117
165 326 -12 197
584 155 -43 116
570 487 -464 9
-178 83 852 79
577 484 -450 21
-200 75 860 71
596 468 -461 -9
-195 76 856 64
585 477 -470 3
-201 80 865 98
-762 -2 -413 327
397 -804 -94 -48
-773 -23 -414 318
395 -816 -98 -40
-786 -25 -420 352
380 -807 -93 -43
-783 -21 -404 360
392 -817 -77 -39
-24 -696 296 -803
-55 -171 -518 -537
-17 -706 279 -801
-76 -159 -537 -530
-24 -695 297 -786
-69 -154 -539 -521
-25 -699 306 -786
-61 -167 -544 -530
-494 -239 147 65
208 -287 -219 -403
-494 -220 167 57
214 -296 -214 -405
-513 -241 163 69
217 -276 -205 -384
-487 -241 167 72
197 -277 -196 -412
35 -858 -605 -727
-871 251 -172 -361
36 -867 -598 -732
-883 242 -158 -362
12 -859 -583 -702
-881 266 -146 -352
-6 -859 -567 -717
-897 285 -151 -368
-170 418 328 165
858 -825 31 82
-194 424 353 162
863 -795 34 81
-191 443 343 144
820 -782 47 53
-179 469 382 148
820 -785 69 59
-479 -382 -138 -72
-238 -330 238 -616
-496 -372 -141 -73
-252 -319 243 -656
-490 -368 -146 -92
-249 -317 240 -665
-489 -349 -134 -85
-264 -290 246 -664
-44 513 -133 -406
-225 71 523 252
-32 521 -140 -414
-226 76 522 264
-42 527 -120 -416
-216 65 499 280
-29 523 -129 -423
-196 76 494 266
46 -304 -1008 -419
325 -151 174 124
72 -330 -1008 -396
310 -149 163 131
81 -327 -1034 -407
307 -160 156 138
78 -347 -1032 -390
332 -176 164 128
471 -127 360 155
566 230 912 514
469 -129 334 133
576 217 904 507
485 -148 347 146
599 232 888 522
487 -139 334 173
601 234 859 512
-431 84 293 -225
929 50 -169 -119
-423 90 259 -250
934 31 -194 -119
-403 96 264 -236
968 63 -207 -135
-404 100 260 -240
972 63 -228 -138
107 65 256 127
68 274 182 -32
112 78 246 100
69 257 178 -38
119 87 228 86
66 283 176 -32
147 94 233 81
60 267 171 -34
400 -434 303 -198
-200 -155 83 91
391 -435 295 -200
-187 -166 68 65
407 -432 303 -188
-176 -177 48 87
425 -436 261 -190
-165 -157 51 75
5 16 -161 -474
-199 544 164 -82
0 20 -171 -454
-198 556 169 -72
20 34 -166 -462
-203 575 168 -68
23 24 -178 -470
-218 560 153 -69
284 -541 -534 420
1487 -608 -35 452
234 -466 -479 396
1420 -516 35 369
195 -441 -480 368
1306 -391 101 306
149 -403 -451 370
1230 -318 171 245
6840 -7682 -1613 2152
-15006 11513 -1178 -465
6690 -7532 -1472 2007
-15112 11639 -1045 -641
6568 -7387 -1341 1893
-15245 11782 -933 -771
6456 -7276 -1232 1771
-15321 11864 -808 -897
-355 -356 -1376 606
-456 4549 -1121 2878
-411 -255 -1279 474
-507 4607 -1075 2818
-480 -188 -1198 366
-528 4642 -1030 2753
-541 -91 -1100 280
-574 4690 -991 2718
794 -2460 -1071 -1458
267 -777 1311 -1315
793 -2442 -1030 -1492
264 -748 1328 -1368
776 -2401 -1023 -1516
254 -731 1339 -1382
740 -2391 -981 -1552
221 -709 1364 -1415
85 88 688 -159
-350 881 -1037 2129
47 97 688 -177
-375 902 -1010 2094
28 152 727 -196
-413 912 -1007 2082
27 161 747 -233
-431 932 -967 2053
862 659 -10 -351
-835 -535 776 -1158
852 658 20 -363
-832 -524 780 -1185
822 694 39 -371
-851 -487 794 -1187
801 716 48 -399
-842 -495 796 -1194
-555 140 -683 401
539 -410 -179 -583
-549 140 -670 404
557 -429 -168 -587
-543 124 -681 390
568 -435 -203 -592
-548 141 -692 374
568 -435 -211 -561
-427 687 266 849
-474 556 137 215
-415 674 256 858
-450 547 122 226
-394 657 243 894
-444 524 86 238
-378 667 234 893
-406 517 65 263
944 642 -60 269
-417 -1160 -955 -32
934 616 -84 281
-401 -1157 -952 -23
948 604 -111 264
-416 -1191 -947 -35
973 628 -103 278
-416 -1189 -976 -15
-409 -142 336 -659
356 261 -307 192
-414 -150 315 -658
359 273 -302 209
-402 -162 321 -672
363 250 -301 190
-416 -139 308 -660
346 254 -291 199
-390 24 404 166
516 -327 -158 -331
-390 7 404 180
497 -339 -125 -332
-408 21 410 187
491 -339 -119 -349
-389 10 405 173
481 -326 -143 -344
-613 180 226 692
-4 1204 -663 568
-600 183 234 708
-19 1212 -653 559
-623 183 225 700
-26 1214 -664 578
-610 196 252 707
-30 1205 -659 547
598 611 573 712
-926 216 -713 482
588 620 591 697
-934 234 -739 483
595 613 602 688
-935 216 -729 449
584 621 593 675
-922 231 -722 454
501 -127 155 -276
-82 -540 489 353
487 -124 177 -275
-79 -531 487 357
509 -115 163 -293
-106 -503 485 358
508 -125 176 -284
-83 -513 471 329
-192 211 -736 360
-556 104 -340 242
-191 257 -732 338
-562 121 -320 237
-209 257 -719 330
-564 144 -322 218
-210 267 -696 303
-573 159 -302 177
-344 948 290 -207
-176 -150 -255 129
-355 992 296 -239
-164 -127 -262 106
-366 994 302 -285
-158 -94 -267 86
-366 1038 309 -297
-158 -82 -248 67
480 169 633 -407
465 -758 19 -144
487 166 610 -402
464 -745 12 -149
513 180 607 -431
459 -761 2 -173
492 207 600 -458
483 -737 -9 -164
-820 -240 -526 -334
14 -89 -55 28
-833 -238 -539 -355
17 -81 -52 18
-825 -220 -535 -351
24 -61 -52 22
-814 -221 -539 -347
35 -48 -56 10
-225 380 -102 -86
170 -19 -30 -291
-219 372 -103 -78
170 -1 -47 -309
-212 393 -104 -108
165 -1 -60 -311
-233 410 -119 -112
201 16 -61 -315
899 -466 660 -15
55 230 -49 -261
906 -463 635 -7
41 242 -52 -257
932 -452 629 -23
53 218 -48 -270
926 -451 625 -13
64 218 -83 -264
-385 -598 -228 -25
-482 263 -429 -33
-377 -581 -241 -9
-464 255 -435 -32
-364 -605 -265 -20
-490 284 -450 -35
-362 -580 -257 -31
-480 298 -450 -43
342 -201 731 411
411 -361 -60 63
345 -173 728 414
397 -344 -62 22
327 -148 722 384
409 -325 -72 7
322 -154 731 395
426 -317 -63 -20
-396 421 -257 -332
274 532 80 165
-402 431 -258 -371
297 535 77 152
-375 453 -257 -363
297 523 50 145
-355 455 -275 -396
295 549 52 151
-88 -323 653 -636
191 -1318 -897 -15
-77 -295 625 -626
194 -1314 -915 -18
-55 -303 622 -654
208 -1313 -918 -34
-49 -277 604 -652
202 -1326 -935 -24
-500 595 -153 -148
234 -195 -227 -457
-503 589 -134 -152
222 -190 -239 -463
-500 577 -142 -150
241 -179 -239 -449
-481 597 -152 -133
224 -171 -228 -466
-890 139 131 166
-960 235 -528 359
-893 136 143 182
-953 248 -552 352
-911 158 130 165
-946 252 -529 366
-904 127 143 168
-946 247 -529 369
264 141 -577 55
337 421 61 212
258 134 -568 55
362 419 49 231
282 154 -588 70
384 399 53 224
298 155 -584 45
366 410 48 235
364 -648 439 -873
150 152 -230 -103
363 -651 432 -868
160 131 -228 -109
360 -661 425 -860
160 128 -227 -94
367 -659 398 -864
134 104 -243 -99
196 -105 -13 434
-658 434 485 -60
197 -127 10 437
-657 411 486 -54
186 -133 -9 455
-643 397 486 -34
196 -133 -8 473
-640 377 485 -35
53 107 -371 175
-819 197 -421 800
38 95 -388 203
-806 184 -426 812
69 90 -375 199
-797 165 -439 826
73 78 -398 224
-794 163 -421 840
1113 -281 173 135
224 -342 354 -171
1119 -284 164 130
229 -362 350 -142
1110 -281 166 144
216 -349 381 -147
1114 -307 162 170
204 -342 380 -143
-41 343 96 -376
745 96 456 381
-35 336 103 -391
728 102 468 361
-54 348 121 -396
738 108 477 362
-45 343 104 -396
717 114 490 342
-333 -359 -176 -535
278 -1011 -174 -237
-336 -344 -163 -532
279 -988 -134 -231
-350 -348 -155 -549
247 -994 -128 -234
-346 -345 -123 -546
243 -965 -111 -255
-164 370 659 -44
-672 656 -175 -305
-178 363 684 -62
-684 631 -176 -307
-194 382 694 -55
-669 629 -166 -320
-201 378 694 -75
-677 652 -171 -319
310 -325 209 -61
244 -204 -190 514
306 -322 208 -74
265 -221 -200 522
331 -325 195 -69
262 -227 -210 530
306 -326 180 -71
283 -230 -220 538
-44 -623 281 -744
36 -155 -509 -622
-21 -632 274 -750
49 -188 -500 -619
-40 -664 263 -728
26 -167 -519 -626
-19 -678 258 -711
38 -200 -509 -621
-204 270 -190 360
-334 249 314 246
-199 265 -186 365
-338 235 320 257
-188 235 -201 368
-327 221 322 271
-203 231 -190 372
-332 223 311 276
-497 -469 -350 -279
-226 -236 -660 396
-462 -465 -359 -279
-223 -222 -654 389
-484 -488 -352 -295
-207 -231 -640 396
-468 -496 -355 -271
-202 -240 -655 402
110 38 93 -302
-26 -86 -132 -756
118 27 105 -289
-20 -101 -134 -767
111 14 72 -290
-9 -107 -136 -760
116 3 85 -292
-9 -114 -136 -755
