60 35 -20 -14
409 213 -178 -101
57 37 -20 -15
392 230 -171 -107
56 46 0 0
379 256 -145 -101
54 47 0 0
361 271 -138 -106
1767 841 -892 -447
15052 8805 -3814 -1862
1712 934 -855 -484
13684 8755 -3629 -2002
1617 1011 -796 -510
12301 8665 -3416 -2147
1503 1052 -758 -544
11012 8498 -3181 -2248
-3284 -1096 12190 14546
1041 1967 2819 351
-3424 -1113 12532 14584
1065 1954 2822 369
-3452 -1164 12782 14666
1137 1945 2781 425
-3430 -1249 12948 14798
1225 1873 2714 472
2489 3383 1135 665
647 894 439 465
2533 3359 1102 678
636 864 417 474
2550 3318 1027 719
644 866 415 471
2622 3321 969 741
621 850 396 529
120 -1533 234 -1367
-523 -144 -217 306
72 -1518 254 -1352
-536 -196 -166 311
50 -1533 285 -1318
-542 -249 -129 304
19 -1535 298 -1338
-533 -299 -119 300
-88 -29 191 73
-17 -2 41 10
-88 -39 191 94
-17 -4 41 14
-87 -50 187 111
-17 -5 40 20
-82 -59 180 132
-17 -9 39 24
-1 0 6 -1
0 0 0 0
-1 0 6 0
0 0 0 0
-1 0 6 0
0 0 0 0
-2 0 6 1
0 0 0 0
0 0 0 0
0 0 0 0
0 0 0 0
0 0 0 0
0 0 0 0
0 0 0 0
0 0 0 0
0 0 0 0
0 0 0 0
0 0 0 0
0 0 0 0
0 0 0 0
0 0 0 0
0 0 0 0
0 0 0 0
0 0 0 0
-1 0 0 0
-13 2 4 -1
-2 0 0 0
-15 2 5 -1
-1 0 0 0
-13 1 4 0
-1 0 0 0
-13 0 4 0
-97 15 36 -6
-474 116 223 -47
-110 13 42 -5
-500 107 262 -43
-97 10 37 -4
-498 105 274 -25
-98 4 38 -2
-504 67 277 -11
-1280 435 816 -230
-2221 1231 1730 -762
-1316 380 842 -208
-2265 1169 1816 -693
-1343 332 861 -170
-2327 1078 1837 -607
-1325 300 882 -145
-2310 968 1842 -546
19381 7282 2543 -2276
-5958 4258 124 14520
19307 7168 2639 -2144
-6026 4132 198 14626
19253 7037 2686 -2062
-6078 4011 245 14759
19275 6931 2688 -1945
-6081 3920 256 14868
-618 1224 5 -1249
250 -1329 1484 -633
-657 1140 74 -1150
217 -1354 1546 -576
-689 1069 108 -1062
167 -1413 1567 -509
-721 995 101 -984
150 -1433 1603 -468
2177 -888 1420 -127
-2124 -2182 -1608 -718
2156 -912 1441 -111
-2153 -2178 -1562 -729
2123 -884 1472 -111
-2170 -2160 -1534 -733
2085 -900 1515 -78
-2206 -2131 -1514 -720
-314 382 928 -919
48 -1185 -586 566
-316 410 911 -948
72 -1171 -578 551
-332 434 945 -959
74 -1136 -586 540
-340 444 941 -966
73 -1123 -567 493
-829 -800 -603 -689
-399 1441 940 474
-829 -768 -614 -724
-391 1461 935 462
-823 -742 -615 -742
-338 1491 893 444
-806 -717 -622 -760
-324 1506 884 407
436 436 -575 247
750 -697 455 35
450 446 -584 234
766 -676 431 27
479 450 -619 194
786 -683 400 5
506 488 -641 173
837 -668 362 8
-1159 826 445 -187
558 82 -71 -7
-1120 826 420 -208
554 88 -86 -11
-1118 824 406 -199
562 104 -67 -40
-1109 830 378 -222
558 90 -76 -40
1253 -954 -612 784
369 376 -27 -269
1215 -953 -609 773
362 402 1 -291
1203 -935 -595 760
314 393 7 -292
1200 -934 -583 736
309 438 20 -325
-80 953 -27 605
-546 -448 1110 206
-104 956 -14 573
-555 -451 1130 183
-132 976 12 548
-562 -431 1133 176
-141 1002 42 554
-579 -410 1160 145
465 -933 -676 -1119
395 -362 571 -149
478 -919 -671 -1133
381 -370 570 -171
460 -910 -664 -1154
387 -363 579 -170
450 -903 -655 -1156
376 -354 568 -188
-910 -219 -90 -192
21 -74 -338 -581
-908 -204 -78 -203
37 -93 -319 -584
-924 -205 -67 -214
16 -86 -332 -612
-930 -203 -51 -199
14 -90 -307 -593
-306 539 -403 387
712 -251 -126 -451
-317 533 -393 377
693 -248 -116 -449
-302 526 -381 384
708 -242 -124 -447
-306 522 -393 371
699 -260 -121 -444
-567 -117 199 226
263 -9 950 318
-578 -136 196 226
280 -18 942 297
-567 -129 197 222
292 -6 931 284
-562 -131 185 203
306 14 946 300
10 69 -189 314
-145 935 -650 324
9 85 -218 305
-132 964 -648 310
16 91 -196 291
-121 963 -647 326
13 94 -222 301
-134 970 -642 321
34 -279 -236 366
963 -375 747 -172
33 -285 -238 359
945 -390 753 -169
5 -285 -236 339
926 -381 744 -173
22 -266 -237 336
930 -385 768 -181
-44 -474 109 -403
-424 -322 -706 -535
-81 -491 105 -417
-428 -332 -698 -529
-102 -467 124 -403
-457 -315 -687 -523
-120 -470 135 -427
-486 -335 -682 -548
-286 794 -276 -249
308 -217 -171 -78
-282 798 -247 -245
303 -233 -153 -66
-302 784 -228 -250
272 -232 -145 -52
-324 796 -207 -251
268 -246 -119 -44
158 -225 401 -3
-457 -591 65 -458
134 -229 414 8
-461 -595 66 -442
126 -239 437 40
-451 -606 85 -420
106 -236 430 48
-467 -632 87 -423
100 -176 437 -684
417 -339 -357 426
77 -189 424 -682
402 -327 -352 453
78 -182 428 -661
402 -347 -362 458
71 -215 443 -650
421 -348 -351 450
-10 -338 -161 -295
-253 8 382 466
-2 -345 -143 -299
-239 22 357 447
14 -329 -159 -323
-231 21 353 448
4 -335 -173 -327
-205 56 355 423
-93 345 354 -243
29 -108 -276 -80
-67 372 355 -266
38 -118 -294 -79
-68 389 342 -260
66 -109 -284 -73
-45 396 343 -265
55 -110 -295 -91
-402 -474 -447 -614
-73 156 -82 330
-412 -471 -438 -622
-86 168 -85 332
-394 -472 -440 -613
-77 159 -80 319
-395 -469 -452 -629
-64 154 -93 328
-309 -73 -436 -334
-105 40 237 -273
-319 -87 -445 -326
-82 40 225 -241
-307 -94 -446 -313
-81 11 211 -253
-304 -102 -444 -324
-84 13 227 -228
-206 -29 -373 82
-383 128 331 379
-209 -18 -380 87
-358 132 300 394
-196 -19 -384 76
-356 118 291 371
-174 -29 -413 83
-335 127 277 369
62 252 -38 135
130 173 -109 101
72 254 -20 130
136 170 -145 103
94 274 -46 151
136 168 -158 102
103 279 -49 141
155 181 -149 99
-383 371 -704 345
312 274 124 666
-370 386 -719 339
287 261 109 686
-369 386 -729 333
274 256 120 663
-366 375 -746 350
264 269 131 665
301 70 271 339
-207 584 224 -387
297 98 282 314
-217 574 216 -379
287 91 290 318
-217 593 235 -370
285 94 296 312
-231 600 228 -387
-224 -47 -314 700
173 -122 -108 -218
-232 -27 -307 712
154 -123 -110 -223
-228 -19 -281 693
149 -110 -93 -227
-236 -16 -275 683
128 -115 -92 -225
-8 -522 -474 24
-54 362 -60 -197
-23 -530 -478 10
-83 372 -68 -197
-24 -530 -465 40
-95 379 -56 -199
-23 -542 -449 30
-89 374 -49 -195
-1067 -241 37 -788
570 961 -277 823
-1079 -257 26 -787
549 953 -261 823
-1071 -260 31 -767
558 947 -260 818
-1074 -274 58 -790
549 939 -250 822
-202 -1153 121 -130
212 -209 -556 -87
-214 -1171 128 -140
204 -215 -556 -86
-206 -1152 144 -135
209 -218 -540 -70
-237 -1158 128 -123
189 -202 -535 -76
-153 -234 -362 -637
279 -401 589 115
-157 -199 -387 -642
274 -415 629 106
-170 -209 -367 -665
282 -387 624 104
-160 -198 -347 -650
259 -399 624 82
-234 465 161 179
115 126 -54 -273
-250 476 157 178
110 147 -56 -272
-253 487 171 187
99 146 -36 -265
-256 507 194 179
95 171 -43 -272
314 -166 131 -295
658 100 134 877
293 -168 133 -290
644 111 115 864
287 -174 134 -298
646 117 132 877
278 -177 134 -296
624 125 159 867
-636 717 684 -223
-45 159 -634 277
-622 719 688 -216
-57 154 -650 293
-634 714 674 -232
-73 141 -634 267
-641 718 667 -227
-54 136 -654 285
-163 -691 -87 78
-28 968 -560 372
-182 -694 -75 79
-32 968 -551 378
-184 -692 -91 80
-27 958 -578 359
-174 -703 -96 83
-32 942 -558 372
-309 271 472 6
160 -137 -47 -85
-307 283 453 25
151 -140 -62 -72
-311 266 456 28
163 -132 -79 -101
-309 286 440 23
173 -141 -98 -92
-192 723 -226 949
64 -81 274 167
-172 728 -243 948
76 -65 277 131
-160 719 -242 946
87 -71 286 154
-164 718 -239 952
83 -60 256 146
22 -102 -52 247
253 -114 238 281
23 -115 -57 238
271 -94 225 273
20 -97 -58 233
259 -100 223 235
16 -83 -58 198
252 -80 217 242
952 257 -317 -153
0 105 979 132
952 258 -309 -149
-11 114 1006 108
961 270 -297 -191
-15 116 985 102
950 297 -307 -196
-2 127 990 90
-134 707 315 206
-70 -178 -533 11
-129 707 293 211
-76 -154 -535 7
-109 728 314 213
-67 -157 -543 26
-113 719 313 195
-78 -171 -540 8
88 18 68 -269
198 289 931 110
83 -1 42 -249
209 304 917 111
107 3 52 -248
209 291 924 133
95 -29 33 -261
218 283 919 120
-159 -461 246 57
384 -488 -1033 -222
-157 -479 216 75
378 -477 -1043 -243
-138 -479 213 80
386 -476 -1063 -219
-125 -485 184 108
394 -480 -1037 -216
186 242 352 -285
-422 262 518 880
182 220 339 -278
-421 267 528 856
173 222 368 -297
-433 250 500 852
172 212 354 -285
-411 272 509 871
-431 -76 -381 -113
498 2 84 -677
-403 -71 -391 -87
504 12 69 -678
-407 -77 -389 -97
530 8 60 -671
-413 -87 -399 -97
510 9 64 -671
39 548 241 -91
83 44 793 661
52 548 245 -100
91 50 800 673
58 532 242 -78
113 52 758 694
76 529 228 -60
127 58 762 687
336 -50 -193 232
46 -733 -367 387
329 -54 -205 232
55 -723 -404 395
333 -34 -202 230
55 -723 -399 398
347 -61 -223 238
55 -704 -397 390
57 31 640 -963
-572 -96 -854 -253
65 37 653 -941
-583 -78 -861 -278
62 53 625 -969
-558 -89 -849 -281
56 49 626 -975
-541 -70 -862 -305
-975 -485 -225 284
-668 -157 397 -803
-975 -509 -240 288
-678 -174 398 -795
-943 -505 -225 273
-666 -169 403 -759
-939 -503 -248 275
-660 -208 401 -757
-1778 182 389 -720
-3078 1959 2009 -1267
-1803 134 402 -719
-3092 1874 2053 -1213
-1794 100 409 -656
-3060 1791 2052 -1123
-1771 41 395 -645
-3031 1670 1962 -1045
21669 8349 4539 -2874
-8404 2672 2419 17483
21638 8256 4551 -2751
-8372 2573 2401 17603
21686 8116 4520 -2634
-8291 2457 2356 17709
21807 7973 4447 -2542
-8201 2364 2210 17852
509 1998 -2 -354
2854 1613 2025 -1043
549 1935 -23 -253
2883 1552 2005 -960
617 1865 -107 -148
2911 1503 1922 -900
713 1762 -238 -68
2983 1451 1869 -854
2118 388 319 747
-3344 -1803 -1079 -1122
2128 334 283 790
-3341 -1835 -1072 -1107
2149 301 267 857
-3361 -1843 -1058 -1085
2140 291 259 881
-3367 -1886 -1057 -1039
511 -126 415 1075
438 -1442 -84 213
496 -145 466 1119
424 -1443 -44 221
479 -149 472 1132
420 -1442 -36 223
468 -155 481 1141
395 -1452 -16 234
-911 256 -444 -65
1116 1654 299 -1222
-929 269 -443 -76
1122 1649 302 -1201
-929 248 -425 -79
1134 1643 317 -1226
-924 266 -411 -71
1119 1665 290 -1230
-410 -36 -639 956
452 357 411 1170
-400 -53 -615 966
455 363 412 1191
-407 -40 -619 968
487 329 411 1207
-386 -41 -625 958
470 326 394 1192
-1580 2004 10 546
55 -26 -350 -117
-1562 1990 6 562
39 -59 -350 -86
-1570 1989 4 558
45 -61 -345 -67
-1569 1975 15 566
22 -77 -335 -69
985 -495 -712 -17
970 38 334 -413
967 -505 -692 -4
948 39 333 -385
939 -518 -679 24
940 37 381 -358
922 -539 -662 29
894 11 388 -374
-1012 417 322 702
50 310 451 158
-1024 420 341 721
67 309 472 164
-1033 421 360 741
82 303 466 172
-1028 403 382 728
77 270 464 193
757 95 913 6
-125 -555 -621 22
778 69 899 -3
-97 -553 -613 24
771 77 917 10
-108 -580 -633 48
789 64 917 11
-88 -563 -624 67
-568 219 176 -132
628 743 209 275
-561 205 173 -122
631 721 221 275
-576 193 166 -128
641 698 212 273
-552 175 186 -120
611 698 204 294
377 -34 -164 -282
299 -415 -21 -125
386 -53 -156 -267
322 -436 3 -121
378 -74 -149 -251
309 -416 -8 -102
370 -91 -156 -244
317 -438 -2 -100
-437 -416 310 642
-139 -1 -149 -568
-432 -405 322 640
-139 7 -134 -562
-448 -388 328 650
-144 19 -133 -584
-462 -420 329 641
-141 45 -138 -597
255 -86 -182 582
-448 612 525 194
260 -70 -191 544
-449 605 536 164
260 -65 -174 532
-448 645 528 149
251 -37 -181 536
-468 646 505 114
556 -109 -289 213
-311 -81 -523 36
556 -90 -291 197
-317 -68 -517 20
583 -94 -279 175
-301 -68 -526 15
567 -52 -275 149
-303 -42 -544 12
-93 413 753 287
-416 395 -123 -247
-88 433 742 261
-407 394 -124 -227
-86 443 751 265
-383 377 -125 -223
-76 436 742 266
-394 383 -148 -220
265 -125 39 165
423 -303 -428 -429
264 -122 13 180
424 -308 -428 -417
275 -139 31 183
410 -303 -431 -403
275 -154 10 201
416 -318 -437 -412
267 367 227 165
133 -651 866 54
247 356 240 202
108 -641 855 35
259 358 225 187
106 -617 852 55
257 339 230 183
118 -635 878 43
-108 817 154 42
106 -277 -226 -28
-118 816 143 48
105 -273 -228 -46
-109 795 144 34
99 -258 -212 -37
-118 801 144 24
113 -280 -223 -52
-80 655 -265 132
-184 -829 256 202
-74 650 -258 132
-198 -842 259 194
-85 645 -249 131
-181 -814 236 201
-84 647 -273 115
-163 -813 230 191
222 -235 -27 335
34 418 -337 94
234 -236 -36 315
25 420 -354 92
241 -212 -31 302
36 417 -350 84
249 -215 -52 304
40 428 -325 58
275 -204 175 -546
323 970 767 67
265 -208 176 -578
324 954 742 69
275 -203 167 -563
348 944 752 66
286 -193 159 -582
341 934 749 85
28 -433 38 221
-185 -272 261 93
23 -410 44 236
-158 -280 257 81
30 -434 18 234
-159 -270 257 82
28 -431 27 228
-153 -281 234 79
222 -264 -511 -276
338 -560 642 -249
198 -258 -522 -278
348 -560 642 -271
216 -256 -510 -282
337 -548 635 -268
209 -278 -520 -297
341 -541 657 -258
271 213 222 -626
576 -21 500 109
259 194 225 -639
570 -27 522 124
254 197 231 -636
575 -10 514 127
247 204 233 -635
556 -35 511 115
472 56 346 407
-517 825 -514 561
486 49 348 383
-515 836 -508 536
455 75 356 391
-516 840 -515 527
473 53 359 375
-529 865 -514 526
379 -104 1168 686
347 286 -758 202
370 -97 1189 671
355 304 -747 178
363 -100 1212 664
348 326 -738 180
367 -54 1191 662
341 329 -713 171
-83 -264 36 -333
407 -82 -590 -209
-66 -251 70 -305
396 -52 -566 -201
-85 -244 73 -326
367 -64 -555 -207
-100 -233 70 -344
367 -50 -553 -220
-193 -4 898 -551
9 191 -185 551
-178 -11 916 -555
-4 194 -166 571
-177 10 921 -554
13 203 -174 559
-207 4 927 -556
1 191 -165 561
-307 178 285 133
72 436 106 165
-289 177 265 134
84 431 104 161
-279 166 263 160
98 401 104 168
-263 155 244 144
84 406 91 212
-569 349 59 288
507 -226 -284 308
-564 344 37 295
514 -247 -296 305
-540 342 13 283
519 -221 -291 313
-525 338 22 289
525 -239 -305 310
-150 -191 -309 313
76 -234 75 -871
-149 -183 -319 311
70 -217 46 -874
-133 -191 -330 298
76 -245 59 -888
-119 -159 -321 291
87 -232 48 -876
-287 599 690 -624
366 -1012 -543 686
-299 601 696 -618
365 -1014 -552 700
-287 591 695 -624
362 -1014 -549 672
-297 596 700 -618
363 -1004 -567 689
922 -195 459 161
-718 -123 -457 -237
923 -195 471 133
-729 -108 -430 -226
893 -180 466 148
-743 -114 -438 -237
902 -182 477 142
-758 -96 -412 -250
-263 192 -652 -676
-139 -105 -109 245
-262 195 -650 -688
-167 -98 -97 248
-280 219 -595 -678
-168 -66 -87 240
-299 219 -591 -670
-171 -58 -97 245
344 -5 676 -2
-285 -16 -196 -104
352 0 694 -8
-289 -12 -181 -106
355 0 680 1
-292 -10 -187 -105
336 5 701 -5
-306 -6 -160 -108
222 -47 -163 -304
-139 -721 -312 85
218 -58 -172 -300
-161 -704 -291 75
207 -67 -155 -295
-164 -693 -272 68
181 -60 -153 -293
-175 -711 -271 86
-12 182 33 -129
-345 288 -16 575
-18 174 43 -134
-362 287 -24 568
-15 205 69 -124
-374 298 16 570
-40 200 57 -144
-398 302 18 562
389 202 -419 186
94 -42 -245 -453
390 205 -402 157
86 -71 -226 -465
367 220 -381 170
62 -56 -219 -466
369 225 -365 138
51 -38 -197 -470
-445 -499 134 -177
-434 -73 -642 -321
-467 -492 159 -182
-439 -74 -627 -333
-477 -486 166 -177
-469 -78 -634 -343
-505 -464 199 -176
-482 -65 -616 -314
75 -678 350 -188
-146 518 225 -221
64 -694 340 -194
-141 525 203 -222
77 -672 357 -182
-151 535 228 -216
57 -691 357 -188
-130 546 233 -221
-67 232 -634 392
-466 -82 -124 146
-88 241 -631 395
-478 -99 -105 130
-75 228 -633 377
-477 -72 -124 134
-92 238 -636 380
-469 -85 -109 117
-229 -455 -806 79
-765 344 122 -319
-249 -439 -822 86
-754 373 113 -326
-247 -441 -827 83
-767 364 105 -348
-234 -428 -810 65
-782 370 120 -327
63 -124 -111 422
391 182 -121 -301
82 -110 -94 441
379 197 -108 -292
66 -107 -89 427
374 186 -133 -298
74 -113 -111 416
385 181 -124 -282
201 393 259 -63
-19 -390 -253 227
203 382 245 -67
-42 -404 -213 230
187 387 256 -43
-53 -401 -216 226
168 386 264 -67
-46 -396 -205 223
740 -129 -90 106
696 89 766 -120
730 -135 -86 79
686 89 781 -125
712 -128 -64 92
673 94 799 -134
700 -127 -52 83
662 64 816 -108
-40 249 515 -311
347 435 597 304
-72 244 526 -285
328 429 603 308
-62 220 552 -280
334 399 612 322
-98 222 564 -272
319 395 616 323
430 368 236 125
-157 -55 -187 138
433 350 241 139
-186 -49 -186 160
412 345 240 134
-170 -58 -166 157
424 327 240 148
-191 -55 -172 178
-36 141 -293 260
-1293 60 -33 146
-53 137 -279 281
-1335 41 -35 133
-74 102 -279 292
-1344 35 -1 173
-62 120 -277 311
-1342 24 23 179
-1424 680 953 -259
-4028 2326 2026 -453
-1454 648 981 -246
-4015 2289 2100 -397
-1456 643 1004 -200
-4032 2243 2078 -333
-1443 596 1026 -161
-3959 2140 2036 -263
22816 8798 4548 -3351
-6720 -285 6032 17484
22815 8746 4567 -3262
-6637 -339 5978 17527
22897 8645 4509 -3198
-6521 -396 5897 17610
23031 8569 4406 -3106
-6376 -495 5726 17722
574 1706 1350 12
3265 2323 997 -1222
671 1654 1284 41
3331 2311 932 -1180
802 1646 1141 110
3400 2271 822 -1148
937 1568 967 170
3493 2257 694 -1116
2071 400 474 1076
-2142 -1599 -753 -1323
2075 360 460 1096
-2153 -1611 -747 -1312
2083 357 415 1104
-2179 -1617 -739 -1295
2099 372 352 1131
-2183 -1603 -732 -1319
-93 -516 -535 906
1123 -430 -149 1173
-126 -505 -461 900
1113 -395 -99 1161
-169 -487 -434 866
1061 -385 -65 1151
-195 -472 -417 877
1025 -342 -35 1118
-1327 1151 -842 -854
378 271 253 -364
-1355 1155 -820 -891
345 258 285 -385
-1389 1203 -780 -909
315 289 295 -383
-1405 1218 -758 -939
328 292 336 -420
120 1 -347 272
-435 221 698 991
110 -21 -337 270
-432 208 686 994
109 -15 -311 269
-413 220 699 1004
93 1 -291 246
-421 215 700 991
-1414 1271 37 -513
1092 -353 -124 365
-1383 1280 19 -503
1084 -359 -134 365
-1383 1274 8 -504
1113 -340 -143 361
-1365 1268 -1 -502
1120 -346 -150 365
-411 -517 -890 556
840 -42 -71 -391
-413 -509 -868 556
855 -43 -74 -407
-406 -501 -887 548
823 -31 -73 -405
-407 -496 -897 529
831 -18 -54 -400
-366 -132 1054 250
-522 -462 -310 -484
-358 -94 1050 234
-531 -443 -286 -523
-364 -91 1045 225
-530 -435 -305 -520
-365 -89 1054 221
-526 -410 -281 -524
52 -68 200 -520
1319 41 -79 455
72 -63 180 -516
1323 42 -71 445
82 -54 178 -531
1333 49 -65 433
74 -51 183 -526
1353 50 -76 429
-776 143 296 -424
-509 -138 -348 479
-761 166 296 -408
-503 -119 -340 470
-786 170 282 -414
-490 -119 -344 474
-776 171 280 -419
-502 -111 -330 479
-461 169 -686 63
261 -27 314 -70
-477 173 -684 68
280 -30 292 -67
-474 173 -689 33
276 -27 292 -88
-464 173 -712 46
291 -31 288 -84
-126 702 -179 209
-96 306 441 1067
-140 732 -173 210
-88 320 436 1057
-121 732 -193 212
-102 311 426 1066
-132 722 -188 196
-70 330 415 1048
211 187 -556 -408
-595 60 -230 121
224 193 -568 -386
-592 45 -215 102
220 183 -573 -401
-590 65 -238 105
231 170 -571 -402
-589 43 -220 96
-31 -487 -309 51
-110 328 323 370
-17 -486 -325 44
-127 338 322 365
-20 -494 -292 52
-113 329 319 370
-7 -500 -310 51
-126 344 321 367
250 -286 -23 -43
-257 269 -135 -892
245 -295 -3 -33
-261 279 -145 -874
252 -289 -24 -42
-265 278 -137 -886
232 -272 -26 -38
-269 247 -142 -873
-1184 257 -941 76
-1105 247 -555 1108
-1165 247 -944 86
-1106 228 -568 1114
-1172 258 -963 90
-1094 232 -549 1133
-1174 251 -962 85
-1085 218 -580 1142
-195 124 -974 -377
-46 280 -53 74
-183 123 -976 -361
-56 246 -83 85
-173 100 -985 -349
-27 234 -100 98
-164 81 -1016 -360
-26 206 -85 112
-7 -61 1042 -303
-32 281 -715 92
-23 -71 1033 -270
-30 246 -736 104
-14 -111 1034 -238
-25 226 -743 147
15 -135 1018 -231
-29 208 -735 159
-174 83 -618 -199
-34 418 -26 -13
-165 59 -615 -189
-16 379 -33 5
-178 30 -631 -182
-23 376 -30 42
-169 18 -629 -133
-16 334 -34 62
683 -1076 322 -219
-422 350 -113 -4
685 -1091 323 -227
-431 345 -105 42
695 -1110 307 -196
-423 338 -99 41
693 -1132 338 -179
-438 324 -109 44
510 80 100 286
71 102 617 -205
514 67 105 299
66 115 626 -225
507 54 132 289
49 91 646 -214
484 54 148 304
23 108 652 -194
22 127 -363 477
-316 -421 -175 245
13 106 -356 475
-327 -425 -182 262
16 112 -322 480
-319 -439 -171 249
3 117 -331 498
-335 -408 -152 250
105 -160 219 -679
-373 210 149 -66
99 -169 236 -681
-362 198 157 -93
106 -159 243 -686
-358 214 138 -86
111 -170 238 -702
-346 218 143 -70
-128 18 -296 -176
-64 421 281 458
-114 24 -287 -188
-65 394 270 477
-94 31 -304 -165
-51 388 277 444
-77 41 -300 -185
-46 394 263 455
430 -651 -95 33
163 148 89 -487
436 -641 -111 43
177 147 66 -482
436 -650 -107 48
166 123 51 -493
463 -644 -134 47
187 138 66 -471
213 210 -105 430
-8 -354 250 -549
225 203 -110 429
9 -390 272 -544
223 200 -131 434
8 -396 255 -546
236 210 -117 453
6 -389 236 -509
-136 -172 519 -527
-200 -180 83 -18
-108 -172 504 -513
-201 -168 66 -14
-114 -197 503 -503
-184 -183 58 2
-121 -212 507 -501
-165 -195 49 -9
-68 301 -34 229
-672 636 -187 455
-51 285 -50 244
-650 639 -192 477
-47 278 -71 241
-641 629 -239 473
-24 265 -94 262
-617 636 -246 468
-224 140 -436 -197
-37 -655 -417 -226
-235 134 -459 -202
-31 -661 -423 -223
-199 129 -468 -204
-40 -649 -442 -221
-205 104 -493 -181
-26 -654 -453 -186
-681 -387 -614 26
-89 134 -101 48
-686 -383 -622 19
-80 134 -118 55
-672 -389 -630 35
-84 129 -112 68
-678 -390 -642 58
-93 144 -126 49
53 647 -305 -26
224 -265 -104 326
24 649 -303 -13
226 -263 -120 349
25 638 -277 2
217 -269 -92 330
23 635 -300 -16
204 -265 -90 327
188 -20 -284 -15
-510 191 208 -150
192 -39 -278 -17
-518 204 205 -150
168 -36 -283 -23
-535 214 216 -135
160 -38 -245 -8
-528 186 218 -132
240 -75 627 147
19 -233 -357 304
220 -80 632 151
29 -239 -372 307
240 -81 636 157
30 -220 -349 306
219 -73 644 146
16 -220 -359 278
-576 316 -770 -154
169 918 512 316
-560 332 -758 -169
156 898 512 327
-568 327 -760 -165
181 912 510 312
-573 339 -762 -164
172 900 496 320
-39 384 494 854
-348 102 -861 627
-37 366 469 856
-331 96 -885 616
-22 376 479 862
-296 115 -892 613
-24 385 458 851
-313 105 -909 614
-329 1172 42 208
-377 125 283 370
-320 1181 28 208
-370 95 269 382
-310 1173 9 201
-355 87 254 395
-285 1176 6 197
-321 94 257 373
-284 584 -620 250
78 77 -559 346
-285 573 -606 258
88 36 -569 329
-279 580 -619 275
90 34 -559 346
-286 552 -637 270
82 35 -591 348
383 201 275 -79
-557 47 303 -28
383 209 263 -64
-565 37 301 -18
384 196 253 -59
-568 28 299 -2
383 162 249 -48
-579 18 300 -2
63 -620 -258 -45
15 58 -715 -89
69 -640 -250 -43
23 57 -713 -100
60 -636 -265 -43
31 71 -707 -98
69 -619 -260 -25
22 70 -704 -96
-484 -262 -429 253
-487 555 685 464
-463 -277 -419 237
-477 574 669 460
-494 -254 -419 256
-474 571 674 450
-473 -246 -427 236
-476 569 668 443
449 570 -124 -16
-156 -80 -212 522
424 584 -126 -26
-138 -103 -194 512
455 570 -137 -24
-139 -98 -189 507
455 585 -117 -31
-142 -77 -198 511
-46 290 -192 -398
489 -122 34 337
-53 265 -196 -389
495 -113 49 332
-65 272 -194 -401
499 -99 63 335
-51 272 -177 -392
473 -95 55 346
-131 283 315 -32
-640 -104 -577 609
-162 292 312 -22
-647 -105 -574 589
-147 307 326 -42
-635 -107 -565 590
-173 313 311 -30
-640 -83 -568 590
-180 3 -276 12
-403 -362 125 -386
-164 9 -288 27
-374 -334 139 -386
-174 27 -278 15
-383 -338 122 -383
-155 28 -291 -1
-393 -329 123 -406
496 247 -67 -145
-434 -27 522 175
504 246 -55 -169
-429 -26 510 182
527 260 -59 -163
-442 -16 551 181
521 254 -81 -180
-440 -34 548 194
400 239 -1559 -101
-75 -157 69 287
387 241 -1544 -81
-109 -171 79 299
372 231 -1523 -88
-117 -161 85 308
360 252 -1514 -96
-132 -165 118 287
-598 -338 -286 -51
161 342 -30 603
-620 -336 -271 -67
148 344 -11 575
-639 -320 -267 -73
143 337 5 570
-665 -302 -254 -78
132 356 26 561
-1160 171 -120 -776
-1057 209 130 -40
-1160 176 -108 -794
-1094 194 119 -32
-1164 199 -122 -793
-1067 211 146 -21
-1145 179 -112 -792
-1082 196 153 -28
-1955 370 405 -94
-3528 1508 2267 -1434
-1990 372 423 -81
-3561 1503 2324 -1408
-1983 330 457 -49
-3552 1446 2342 -1362
-1979 296 474 -22
-3521 1386 2281 -1317
24503 7063 4431 -2358
-1757 -926 9595 15267
24479 7051 4511 -2343
-1727 -954 9562 15275
24520 6996 4459 -2302
-1658 -961 9523 15318
24641 6963 4389 -2245
-1510 -1026 9377 15391
1380 2086 2007 197
2497 3410 1000 529
1435 2074 1984 195
2529 3419 973 561
1531 2055 1879 216
2560 3378 906 583
1639 2022 1714 270
2625 3359 806 623
635 877 513 506
200 -1761 207 -1184
614 842 503 531
167 -1784 252 -1181
605 824 481 534
116 -1760 272 -1172
617 829 488 548
93 -1770 301 -1147
-116 -1152 -375 665
992 123 -739 599
-176 -1144 -341 650
952 152 -685 563
-221 -1119 -286 640
923 183 -645 544
-256 -1114 -240 629
878 218 -598 513
-2348 32 222 -202
-365 1692 123 -226
-2384 57 270 -228
-376 1700 108 -230
-2430 63 298 -273
-399 1711 148 -234
-2451 98 329 -310
-417 1721 158 -276
413 -177 -1336 120
-895 547 -742 832
405 -171 -1320 124
-907 538 -743 816
406 -174 -1327 129
-897 525 -750 829
404 -195 -1312 109
-910 529 -751 842
-817 1051 613 72
456 -362 -348 -129
-823 1033 609 97
462 -356 -383 -124
-822 1042 626 94
461 -382 -370 -97
-836 1026 607 116
454 -407 -376 -84
-293 -326 -281 1145
834 -26 332 -1435
-286 -340 -266 1162
846 -34 346 -1426
-309 -350 -288 1170
847 -41 320 -1424
-310 -364 -267 1185
862 -51 334 -1420
-147 -96 681 387
-428 -483 99 -4
-144 -119 672 398
-426 -479 73 12
-127 -114 665 405
-412 -492 90 22
-123 -133 658 421
-393 -492 60 16
412 18 -256 -396
42 651 -634 -180
420 37 -260 -389
61 631 -626 -191
436 29 -270 -393
48 639 -640 -176
443 13 -256 -355
67 642 -632 -183
-741 502 131 600
-174 355 -225 580
-732 522 141 609
-163 355 -221 578
-739 503 123 643
-156 349 -210 593
-733 479 138 633
-171 328 -224 587
831 -751 543 517
1283 341 788 -748
829 -759 537 515
1286 343 800 -749
820 -744 534 516
1274 333 814 -758
812 -752 538 502
1281 342 826 -763
121 -572 233 -76
-249 226 283 31
131 -550 240 -58
-242 221 312 28
110 -544 211 -83
-253 214 308 27
102 -563 217 -81
-263 233 300 7
75 190 -396 403
-613 -151 -450 -659
65 195 -399 399
-618 -167 -421 -670
76 197 -380 398
-639 -143 -420 -665
46 200 -372 413
-634 -157 -413 -676
253 -778 316 -24
16 413 -208 -604
240 -783 323 -27
14 415 -219 -605
252 -794 328 -16
14 415 -216 -607
243 -782 309 -22
1 413 -202 -589
-373 -495 -98 75
119 396 960 96
-364 -492 -89 74
139 406 930 93
-355 -497 -105 77
147 395 926 99
-352 -505 -93 84
163 381 902 108
849 -265 128 -728
-61 -639 123 52
855 -280 119 -703
-58 -653 115 71
863 -284 110 -698
-31 -669 100 67
875 -295 101 -690
-26 -673 90 88
-500 623 -763 -428
-821 -476 209 305
-497 603 -775 -445
-819 -452 210 310
-496 595 -773 -418
-843 -473 196 302
-492 605 -788 -397
-822 -470 197 332
-146 159 -423 457
-233 -19 -817 128
-156 151 -443 453
-240 -4 -808 125
-145 145 -437 442
-217 9 -813 123
-158 155 -436 469
-224 1 -807 98
4 238 -789 73
-318 610 762 280
13 271 -786 50
-311 611 740 281
-10 281 -786 33
-316 620 757 264
-9 283 -784 22
-318 603 768 257
66 328 -174 162
611 -100 329 337
52 318 -159 172
594 -119 323 333
48 336 -166 174
603 -116 307 340
54 326 -177 167
604 -117 338 356
71 609 52 35
-435 496 -278 153
73 599 48 53
-440 511 -260 139
78 584 57 64
-447 489 -266 156
81 592 48 72
-450 494 -253 185
414 182 877 364
-26 -657 -696 242
435 153 869 377
-42 -653 -709 247
424 174 895 391
-31 -663 -719 240
424 149 873 387
-31 -655 -708 242
-114 -585 100 126
-105 375 665 -60
-97 -565 103 134
-91 403 648 -83
-98 -560 79 125
-90 406 641 -120
-82 -536 77 107
-79 449 629 -125
530 318 -6 -205
368 149 221 515
535 324 -32 -242
354 156 226 483
538 361 -30 -256
355 178 203 490
543 362 -57 -273
363 200 201 459
115 -528 826 43
-104 561 -289 119
120 -507 829 22
-93 572 -288 99
120 -495 803 0
-101 600 -306 102
125 -493 825 3
-82 585 -313 96
414 379 323 169
320 -922 -302 -47
424 383 327 165
292 -925 -289 -45
431 394 337 154
304 -904 -264 -48
411 384 319 141
307 -905 -280 -65
841 195 515 -497
229 -273 362 726
856 223 514 -508
218 -251 382 713
848 201 526 -518
212 -248 382 698
843 229 539 -533
207 -248 383 699
-498 -418 301 -724
-656 81 -1300 -758
-493 -390 297 -716
-659 57 -1264 -771
-499 -398 296 -741
-653 79 -1278 -785
-518 -371 300 -751
-653 75 -1264 -781
-502 -82 273 321
-141 -232 -307 -143
-504 -53 268 325
-141 -227 -317 -128
-492 -67 281 324
-143 -221 -309 -121
-501 -48 285 326
-123 -225 -299 -146
610 -678 -89 -635
-626 363 -181 614
607 -660 -84 -626
-641 364 -189 622
588 -666 -97 -613
-643 377 -196 612
606 -668 -103 -626
-648 364 -166 611
540 -441 595 -467
131 -42 -770 15
514 -402 597 -457
136 -32 -743 9
533 -401 633 -470
125 -13 -729 -11
520 -387 631 -478
116 -10 -733 -5
-323 -207 147 -68
-121 58 56 -514
-305 -191 159 -75
-126 28 72 -518
-328 -197 160 -104
-103 38 69 -500
-330 -209 179 -99
-123 37 48 -503
-57 -357 173 -458
-213 167 -454 148
-36 -371 166 -454
-202 143 -458 125
-61 -374 162 -440
-196 133 -470 141
-48 -370 162 -451
-214 122 -466 158
95 102 297 120
591 -251 -336 -527
67 78 289 137
589 -246 -334 -506
78 87 301 141
587 -242 -323 -496
92 70 294 153
578 -260 -311 -497
-2 -587 495 2
-27 -280 64 4
-8 -570 488 -20
-28 -269 43 -17
-4 -573 483 -9
-30 -251 68 -7
-6 -596 505 -10
-42 -247 74 -12
273 391 591 260
18 888 -130 269
268 398 580 256
-4 897 -118 271
254 430 600 268
6 890 -109 247
276 425 590 245
-8 909 -106 228
-59 -708 -730 -107
256 476 494 483
-79 -686 -707 -123
239 492 500 483
-65 -697 -707 -125
221 483 493 478
-76 -703 -696 -139
234 501 491 466
-148 -82 23 79
-386 109 -131 -360
-142 -93 15 63
-397 112 -149 -337
-152 -99 35 55
-417 91 -131 -358
-176 -90 27 61
-418 106 -117 -347
210 -356 -568 -54
-44 -59 202 -66
204 -357 -549 -41
-68 -59 195 -73
200 -329 -553 -54
-77 -51 209 -68
194 -347 -538 -65
-83 -54 225 -71
17 672 178 388
-282 -150 -311 464
21 674 183 368
-293 -138 -300 477
8 672 188 391
-298 -133 -307 446
9 682 190 369
-289 -135 -277 436
-159 46 -98 0
395 -447 35 -676
-165 38 -94 -11
416 -441 43 -660
-168 40 -94 -24
390 -433 37 -674
-172 58 -96 -37
396 -450 47 -664
13 253 -193 98
-243 -482 347 240
10 255 -183 79
-245 -500 380 233
13 245 -162 83
-248 -481 362 249
22 249 -177 71
-261 -479 370 240
-3 142 -155 -730
-102 -336 192 -189
5 145 -135 -738
-118 -345 195 -172
0 125 -142 -728
-108 -351 194 -172
-7 128 -143 -722
-99 -340 195 -159
-210 110 -134 -60
177 100 -312 47
-203 104 -129 -63
184 99 -323 52
-225 95 -126 -68
186 71 -302 65
-195 82 -114 -52
198 69 -303 73
-23 -185 461 -173
833 -281 -78 36
-31 -173 464 -165
803 -306 -88 41
-32 -182 443 -167
818 -299 -90 46
-10 -170 436 -161
819 -304 -96 49
-423 319 76 -203
-469 -1063 229 -63
-397 300 66 -179
-463 -1075 214 -66
-394 294 69 -194
-456 -1089 185 -49
-401 295 55 -157
-446 -1113 208 -29
10 483 -271 -487
-264 9 -79 -419
22 492 -292 -474
-267 28 -105 -406
25 481 -313 -481
-261 16 -103 -381
52 475 -314 -466
-244 25 -112 -389
-51 -141 -246 263
-1187 -69 62 -115
-53 -165 -256 269
-1215 -78 66 -101
-41 -164 -247 284
-1191 -57 78 -88
-33 -178 -265 269
-1190 -89 67 -98
-770 540 1627 -230
-3224 2185 2334 -1601
-836 536 1664 -232
-3277 2191 2386 -1611
-833 547 1694 -207
-3331 2194 2434 -1567
-818 521 1722 -193
-3317 2127 2428 -1533
23862 5221 3513 -1958
3500 -1951 10761 13189
23779 5238 3616 -1930
3437 -1930 10821 13153
23756 5221 3625 -1908
3444 -1928 10859 13181
23821 5167 3588 -1876
3503 -1983 10801 13232
2067 1585 2649 124
-142 2963 473 550
2006 1575 2699 105
-159 2969 519 541
2040 1587 2697 118
-193 2930 496 564
2072 1519 2622 144
-151 2921 492 607
424 808 1064 -155
-5 -1680 690 -1411
419 790 1088 -149
-43 -1684 727 -1377
367 783 1093 -140
-107 -1703 761 -1366
346 778 1124 -97
-120 -1702 805 -1367
277 -1615 -308 -30
818 76 -341 169
237 -1607 -254 -31
782 70 -313 164
192 -1602 -215 -27
739 95 -261 153
158 -1619 -170 -19
693 102 -233 133
-1407 458 289 -273
-1065 1228 -1093 -550
-1447 463 327 -262
-1089 1217 -1074 -558
-1460 470 365 -261
-1105 1195 -1067 -541
-1496 465 388 -281
-1127 1189 -1053 -558
-458 186 -884 415
138 -62 -946 1695
-451 161 -861 418
129 -66 -924 1731
-490 154 -855 443
97 -89 -907 1746
-480 128 -835 440
92 -135 -887 1775
-612 1149 429 -937
804 189 -940 31
-643 1137 438 -900
780 153 -896 60
-643 1102 452 -859
771 119 -895 72
-678 1098 466 -845
728 108 -875 117
-227 -818 596 174
-245 -364 -5 -702
-225 -842 614 201
-262 -384 3 -693
-250 -872 635 229
-266 -408 19 -655
-260 -892 665 252
-294 -426 37 -647
-89 -590 624 -757
951 -359 -53 -8
-90 -612 621 -728
931 -403 -49 31
-120 -641 647 -722
944 -426 -72 21
-125 -659 652 -694
932 -438 -71 55
-484 22 347 -1275
168 32 -377 363
-476 22 364 -1252
144 2 -365 402
-487 -16 372 -1234
146 -25 -352 407
-516 -38 372 -1225
136 -45 -358 456
-352 12 -1101 -361
-750 42 -255 -421
-366 -6 -1088 -359
-759 29 -254 -400
-372 -37 -1062 -332
-776 -16 -204 -364
-379 -65 -1060 -283
-786 -32 -202 -361
72 -688 -452 57
-300 -299 446 -1019
75 -727 -413 70
-316 -328 460 -996
59 -745 -416 96
-318 -353 503 -980
20 -776 -391 141
-335 -360 510 -944
317 324 -296 216
86 -180 -148 278
298 306 -274 245
59 -187 -147 278
280 310 -256 270
69 -205 -132 300
266 276 -238 276
37 -214 -132 306
-364 416 -390 567
-816 1154 -46 692
-362 423 -387 574
-837 1167 -28 666
-390 417 -364 590
-833 1169 -4 670
-388 420 -337 574
-847 1168 -10 672
261 144 -444 566
-283 -750 -152 -216
244 142 -432 558
-287 -750 -152 -219
255 168 -437 552
-299 -746 -135 -229
247 135 -434 563
-288 -727 -143 -227
286 295 109 14
-23 92 147 -186
285 323 98 25
-21 103 155 -190
262 309 95 21
-15 83 146 -198
276 294 122 16
-13 88 150 -189
-71 1054 -9 562
766 -771 537 -35
-56 1034 -10 562
747 -784 538 -23
-61 1034 -9 570
757 -781 514 5
-54 1048 -11 565
766 -786 534 0
-9 605 360 302
-54 -20 184 -510
1 617 358 315
-40 -29 174 -511
10 608 368 329
-17 -15 161 -515
4 608 336 318
-5 -26 154 -515
-165 -266 61 621
-81 19 216 -173
-152 -277 50 631
-53 13 194 -151
-137 -275 12 631
-37 14 199 -162
-127 -282 4 644
-27 10 184 -167
-187 -36 -267 -88
472 -291 193 -405
-190 -45 -277 -107
464 -302 199 -416
-175 -61 -262 -102
480 -316 195 -422
-160 -38 -299 -82
488 -289 165 -405
434 -409 -468 288
-36 750 620 -496
431 -425 -480 269
-41 725 610 -510
444 -406 -460 271
-44 717 597 -494
463 -428 -467 269
-37 738 605 -500
122 468 -101 547
-159 235 487 725
107 461 -96 543
-171 247 473 729
111 454 -99 533
-150 241 496 736
110 449 -78 537
-151 264 504 734
-275 -445 -472 21
-143 -257 -58 73
-252 -442 -495 32
-130 -245 -50 58
-254 -437 -500 25
-155 -257 -72 49
-262 -431 -496 6
-132 -251 -81 60
202 172 496 -1056
117 -116 -397 220
205 157 500 -1061
143 -119 -400 236
212 165 491 -1068
151 -134 -404 246
216 135 470 -1071
148 -122 -384 239
87 -82 594 -322
455 -480 189 199
108 -86 599 -290
460 -507 168 193
84 -101 576 -303
460 -494 161 207
102 -116 570 -301
486 -503 159 200
-143 346 452 -448
311 -957 -365 -38
-158 334 438 -455
328 -948 -376 -51
-148 337 423 -453
330 -937 -394 -19
-118 325 416 -444
352 -933 -401 -33
-18 1431 -49 245
-767 58 -8 165
-16 1431 -47 228
-740 73 -22 174
-10 1436 -64 232
-738 72 -31 140
14 1442 -67 215
-721 88 -26 146
390 -745 491 408
538 -15 130 -12
408 -743 488 393
557 3 137 -20
413 -725 472 408
558 25 102 -33
404 -705 459 392
554 23 121 -39
404 -346 422 -308
3 372 -226 272
396 -324 418 -315
-22 402 -230 280
411 -295 437 -329
-22 393 -245 244
407 -294 416 -349
-25 422 -234 236
47 158 -317 649
-560 -669 224 -716
26 166 -322 606
-584 -663 227 -730
-2 192 -311 597
-563 -633 249 -753
26 192 -312 586
-567 -631 261 -765
-143 -360 -931 -329
88 612 174 669
-131 -340 -929 -347
95 618 191 652
-159 -328 -934 -350
70 630 179 633
-156 -309 -915 -369
72 646 203 616
151 -8 373 -160
-116 -59 -224 41
136 16 395 -156
-102 -36 -236 24
127 18 380 -173
-127 -46 -218 25
111 25 410 -194
-122 -28 -231 15
103 -265 512 -618
-134 138 -530 -260
89 -254 499 -621
-138 124 -539 -243
92 -244 501 -614
-120 133 -537 -253
97 -257 514 -609
-123 119 -557 -249
741 -431 743 -102
331 -811 -127 -263
733 -430 746 -105
341 -809 -112 -256
736 -423 739 -67
337 -839 -124 -239
734 -448 741 -60
308 -840 -127 -244
-456 248 15 -162
-141 170 208 255
-459 241 10 -165
-114 170 216 253
-463 254 14 -164
-129 167 210 250
-474 251 0 -169
-127 191 228 245
184 -1089 204 -545
32 -76 -54 -614
197 -1072 203 -569
25 -71 -57 -622
208 -1069 192 -560
63 -70 -46 -625
210 -1064 178 -565
96 -71 -82 -630
-693 721 589 401
547 227 -216 208
-679 700 571 407
554 233 -213 203
-658 724 562 403
572 212 -241 213
-640 704 531 414
582 210 -244 209
125 -282 -308 -54
-155 -279 -198 -168
128 -298 -324 -63
-165 -296 -211 -183
141 -277 -322 -68
-167 -303 -179 -162
140 -283 -318 -53
-180 -300 -191 -158
558 -161 289 -274
472 -175 63 -435
527 -157 285 -273
446 -166 90 -436
520 -175 298 -269
445 -160 102 -453
515 -171 311 -272
428 -159 116 -452
-6 -658 266 416
-72 234 -177 -129
-24 -654 273 394
-56 245 -191 -112
-5 -650 311 399
-65 250 -188 -143
-26 -629 314 402
-57 253 -179 -156
-189 643 174 405
11 -319 563 -524
-197 659 175 407
31 -301 574 -504
-198 640 157 394
40 -323 558 -514
-181 648 157 375
22 -319 550 -520
155 825 -295 257
-291 -337 76 125
166 815 -285 277
-290 -357 78 119
163 807 -295 283
-311 -352 68 130
181 801 -302 282
-305 -383 71 152
-844 -515 -812 -327
134 176 -167 -474
-828 -515 -825 -315
117 163 -172 -481
-840 -540 -826 -325
148 147 -177 -459
-824 -554 -845 -304
135 134 -181 -438
-399 -497 -424 683
492 257 313 -831
-410 -518 -424 705
509 248 288 -810
-403 -503 -422 699
501 219 286 -801
-397 -515 -429 701
487 218 289 -795
-62 645 -156 21
-460 -789 17 737
-45 643 -151 24
-459 -806 20 728
-68 635 -176 31
-458 -799 12 742
-79 637 -176 25
-451 -794 22 754
-22 441 37 -489
-477 -296 -139 -157
-21 444 46 -465
-483 -286 -132 -159
-16 438 53 -473
-463 -273 -129 -164
-16 430 14 -481
-467 -287 -144 -160
-754 20 -754 402
579 274 -448 -357
-752 15 -770 412
570 304 -452 -365
-755 14 -768 399
548 304 -454 -347
-768 14 -760 395
561 314 -438 -358
718 136 476 378
229 -76 459 348
700 160 509 389
219 -83 462 344
702 143 491 374
196 -51 459 345
693 169 514 370
188 -67 456 346
7 499 473 22
-349 -201 -266 212
-10 490 486 12
-387 -188 -238 230
-29 460 481 18
-399 -183 -195 218
-41 478 491 28
-421 -187 -180 209
-1216 1281 1313 -760
-1855 1257 2557 -680
-1288 1307 1383 -746
-2005 1282 2680 -697
-1359 1307 1445 -743
-2098 1302 2760 -669
-1366 1285 1486 -738
-2146 1260 2801 -672
24048 2107 2743 -1966
3751 -1314 9161 9628
23872 2138 2917 -1993
3582 -1273 9303 9585
23729 2149 3011 -1996
3454 -1295 9440 9581
23690 2107 3062 -1985
3420 -1331 9505 9641
2475 646 1997 -1631
-1480 1848 522 1006
2332 663 2173 -1654
-1575 1824 651 1022
2232 624 2274 -1640
-1686 1783 754 1047
2155 576 2305 -1590
-1721 1745 795 1107
770 248 2843 -944
703 -1472 706 -1441
689 232 2923 -917
656 -1493 743 -1427
650 195 2993 -885
621 -1493 809 -1404
601 180 3074 -843
577 -1518 864 -1365
-374 -2271 -54 -1436
1472 415 269 1357
-386 -2290 -16 -1416
1455 431 316 1370
-421 -2269 22 -1392
1409 444 322 1374
-462 -2281 40 -1397
1396 447 377 1353
-1327 -420 317 -645
-368 830 -777 -226
-1356 -403 335 -689
-380 823 -784 -244
-1372 -385 339 -684
-405 836 -743 -238
-1385 -382 381 -701
-414 829 -757 -254
-385 214 -690 -970
645 -437 -307 686
-408 202 -672 -959
628 -463 -288 691
-408 185 -656 -957
622 -479 -283 725
-430 153 -640 -946
611 -531 -265 727
-1314 123 541 -683
138 -530 -72 73
-1316 84 547 -670
168 -558 -73 90
-1293 61 546 -638
156 -546 -74 119
-1297 48 552 -626
171 -572 -97 130
65 -501 -46 -219
-149 -98 -54 -926
96 -489 -42 -213
-141 -76 -66 -914
89 -497 -65 -192
-133 -93 -89 -935
96 -488 -75 -185
-107 -94 -75 -920
189 25 107 869
-216 -698 -461 -487
181 33 93 874
-205 -678 -449 -478
200 30 95 876
-208 -694 -468 -503
197 42 76 872
-201 -677 -460 -499
21 1123 -76 -53
-46 664 -185 1388
23 1118 -84 -54
-52 666 -180 1371
23 1118 -89 -73
-53 673 -177 1349
25 1138 -72 -85
-50 690 -197 1350
-404 63 -274 918
-45 11 82 -399
-393 60 -263 897
-23 8 87 -400
-404 85 -271 871
-24 31 106 -393
-393 79 -264 874
-43 13 101 -417
-726 69 -3 -112
613 236 -446 474
-735 86 4 -116
593 242 -446 458
-737 81 -1 -126
594 250 -455 449
-748 103 -1 -131
578 259 -460 434
852 -69 193 -461
8 584 539 416
848 -90 202 -471
-2 593 570 431
823 -105 231 -483
-31 588 566 419
828 -77 232 -488
-20 601 587 414
342 433 427 819
238 130 -451 277
336 430 426 818
209 143 -455 256
344 448 451 815
206 148 -446 253
331 460 468 835
210 154 -432 251
-358 -262 511 380
488 -63 444 -534
-356 -269 513 354
468 -33 449 -544
-369 -234 487 348
457 -46 454 -563
-360 -241 528 327
483 -7 471 -581
441 236 114 482
-2 -43 96 -593
436 239 124 482
-11 -38 90 -585
436 251 104 469
-27 -54 106 -602
434 240 121 450
-32 -33 96 -597
121 -252 507 106
196 -160 -276 -380
113 -262 507 87
183 -133 -268 -359
107 -255 510 97
176 -146 -264 -360
108 -251 505 120
192 -157 -271 -359
353 282 -203 156
217 -371 -6 -31
337 284 -192 159
214 -385 -11 -37
347 284 -192 154
211 -378 -6 -23
334 290 -169 146
212 -394 -14 -26
-503 -144 773 -345
-1077 -293 -493 15
-491 -151 784 -345
-1056 -261 -517 11
-486 -132 778 -358
-1052 -277 -484 9
-499 -137 777 -359
-1041 -274 -498 -9
399 -599 -619 -39
-365 -29 -33 -655
407 -596 -620 -50
-352 -58 -19 -665
402 -598 -635 -64
-372 -51 -41 -656
413 -587 -632 -39
-355 -35 -29 -656
784 57 232 -308
411 561 47 -146
774 30 250 -315
411 545 68 -163
776 34 250 -292
371 526 68 -141
752 22 245 -293
374 521 86 -118
362 -75 384 12
460 132 716 424
343 -79 398 43
456 111 723 429
324 -100 399 33
432 113 735 458
324 -126 405 66
401 98 769 447
170 -277 -832 -13
158 262 398 430
143 -264 -803 3
128 298 398 424
116 -265 -794 -9
133 292 414 408
130 -278 -771 -13
117 304 451 417
-826 -154 322 302
-502 410 -832 -110
-848 -156 313 295
-491 434 -812 -109
-850 -153 338 277
-496 439 -818 -130
-847 -129 348 251
-482 439 -832 -133
-224 349 -408 68
-587 -100 440 786
-209 359 -421 60
-564 -102 427 789
-201 347 -432 62
-550 -75 421 769
-196 359 -419 61
-533 -95 419 755
-286 422 -595 183
-630 633 242 116
-264 449 -623 185
-634 647 230 123
-247 432 -623 186
-581 652 210 121
-227 444 -650 168
-588 647 205 112
284 -233 -895 187
519 298 277 211
299 -233 -896 205
503 301 294 197
306 -228 -920 179
493 315 287 225
308 -232 -925 203
508 319 277 211
-249 298 -419 365
478 533 -54 460
-263 299 -431 363
480 510 -38 459
-281 295 -424 360
456 527 -39 472
-282 297 -406 357
444 513 -24 467
-1209 502 221 365
-13 79 -125 -94
-1216 507 217 372
-20 78 -132 -104
-1220 512 247 390
-10 58 -117 -108
-1230 499 228 373
-34 56 -119 -90
14 -420 -848 -455
-430 -112 -526 -132
-5 -443 -838 -429
-429 -114 -526 -126
14 -436 -817 -428
-430 -105 -488 -109
6 -445 -831 -431
-447 -127 -489 -127
-178 439 -98 -220
436 -262 223 613
-198 439 -71 -226
472 -274 234 609
-184 399 -74 -201
462 -287 242 623
-194 391 -70 -198
460 -313 231 633
-118 -15 391 47
40 391 140 -674
-134 -12 395 66
36 374 141 -648
-104 -41 408 50
56 358 145 -636
-114 -63 400 82
38 347 121 -631
616 488 498 193
327 426 -96 267
638 484 499 208
335 391 -120 313
630 459 499 227
348 378 -112 338
635 440 483 243
351 347 -134 340
523 320 1187 729
-777 -75 -138 325
523 299 1169 730
-747 -94 -167 324
542 308 1174 766
-743 -95 -193 359
555 278 1162 792
-732 -114 -174 364
526 160 -513 -122
27 -305 657 -17
552 170 -515 -97
45 -286 652 -11
557 166 -530 -101
49 -316 632 -15
569 157 -549 -97
77 -302 608 -1
-204 -44 225 206
-97 -354 110 50
-173 -35 234 212
-96 -328 112 41
-171 -49 207 214
-68 -323 95 23
-153 -38 192 223
-64 -295 77 14
267 -509 -391 -629
76 271 166 -42
293 -508 -410 -638
79 274 135 -66
310 -487 -414 -643
99 299 127 -79
301 -483 -426 -655
91 310 135 -108
348 -243 688 251
-180 94 -256 -215
375 -228 690 253
-159 109 -257 -211
361 -221 674 249
-159 133 -265 -255
391 -222 658 230
-161 156 -264 -255
75 70 -40 401
256 -430 -151 27
80 88 -33 387
271 -427 -159 25
87 82 -42 398
263 -398 -164 3
94 92 -51 360
261 -394 -168 -21
-481 272 170 -570
-73 78 -83 207
-473 284 180 -591
-49 82 -81 206
-458 270 172 -592
-62 78 -97 191
-472 277 149 -593
-45 83 -85 194
-129 -355 82 -40
-450 910 303 226
-100 -358 87 -29
-437 922 287 219
-107 -354 64 -66
-399 905 255 236
-83 -360 76 -57
-392 920 246 224
658 322 -297 685
780 163 601 256
674 328 -314 695
791 157 586 258
690 339 -318 689
771 154 552 260
707 347 -337 697
786 144 539 264
-681 274 238 -644
-38 47 -356 616
-688 280 244 -636
-22 31 -352 625
-680 288 209 -634
-22 41 -352 629
-666 266 210 -624
-29 42 -351 650
-344 -412 6 114
172 169 -244 -112
-330 -424 2 108
191 165 -244 -123
-335 -418 -18 116
184 175 -257 -118
-328 -411 -11 127
185 174 -252 -136
-25 482 -11 295
-355 619 16 115
-27 468 -12 291
-359 613 23 96
-12 463 14 304
-343 625 22 118
0 470 -10 295
-367 602 6 119
62 -631 -657 140
-221 -110 207 -172
41 -646 -681 153
-219 -90 221 -184
32 -630 -666 157
-220 -87 234 -205
37 -648 -671 131
-230 -101 220 -186
310 229 -242 229
298 206 -276 436
315 228 -227 236
288 220 -241 428
296 230 -207 222
257 204 -216 427
266 233 -207 218
228 226 -215 417
-137 66 151 220
59 420 -55 -179
-171 84 158 209
28 440 -33 -176
-181 73 168 217
47 446 -8 -183
-200 75 201 183
20 440 6 -194
128 -423 550 -102
-164 807 -30 70
108 -421 565 -110
-187 802 -8 67
123 -417 579 -136
-202 818 41 63
108 -414 591 -111
-214 827 53 83
-1238 728 1236 252
-1927 2089 1988 -736
-1317 743 1282 234
-2064 2148 2113 -801
-1391 752 1345 240
-2186 2153 2199 -794
-1434 744 1374 230
-2235 2152 2236 -803
21418 -256 1834 -1911
-811 -1655 5121 8179
21200 -196 2022 -1938
-1011 -1632 5293 8140
21056 -197 2098 -1983
-1188 -1615 5455 8137
21023 -198 2175 -1944
-1270 -1677 5539 8182
3083 -431 89 -3363
-1163 200 -139 22
2886 -404 264 -3387
-1274 208 36 14
2767 -433 425 -3395
-1400 194 144 40
2676 -466 497 -3345
-1475 140 250 66
3 -574 2875 -1561
622 -1439 25 -1451
-70 -591 2996 -1547
575 -1437 101 -1426
-150 -603 3074 -1535
478 -1452 167 -1418
-243 -612 3191 -1517
438 -1474 248 -1410
-1021 -2385 -809 -2123
659 -782 1666 931
-1040 -2373 -766 -2119
632 -763 1707 909
-1073 -2372 -706 -2111
619 -746 1723 895
-1110 -2374 -690 -2099
606 -711 1731 886
-1289 -150 63 -587
-269 776 -285 -1295
-1293 -141 69 -604
-253 779 -303 -1296
-1266 -128 62 -621
-252 796 -325 -1305
-1258 -102 85 -623
-233 789 -321 -1295
-1097 -868 -1442 -101
1530 115 -470 -332
-1082 -875 -1454 -78
1551 111 -468 -322
-1071 -893 -1466 -81
1535 66 -488 -325
-1055 -870 -1487 -87
1571 51 -496 -303
-1121 184 1168 -36
-693 247 -1203 -71
-1151 160 1156 2
-696 249 -1202 -55
-1136 138 1151 28
-699 230 -1192 -37
-1119 128 1156 16
-701 227 -1216 -4
406 21 -32 52
402 -189 188 -636
403 18 -33 65
369 -213 174 -611
396 -1 -35 67
375 -232 175 -607
410 -32 -19 91
375 -233 199 -581
181 -115 -343 485
287 137 191 -244
160 -132 -361 499
261 116 208 -233
155 -147 -347 512
254 120 218 -231
143 -163 -335 524
245 102 254 -223
-341 99 -319 156
831 -172 245 90
-358 93 -328 169
834 -156 251 97
-373 108 -294 193
838 -181 280 107
-380 81 -287 187
797 -166 297 119
-628 -371 287 321
353 784 696 587
-624 -345 327 335
327 806 695 584
-631 -339 322 320
328 825 694 588
-630 -334 331 315
330 810 715 577
18 702 -347 63
138 645 -639 468
16 721 -329 53
153 642 -636 464
-10 709 -316 52
164 638 -630 472
-1 735 -335 22
129 642 -623 463
-64 -51 408 526
-1164 -16 183 212
-84 -66 414 523
-1171 -24 165 215
-88 -51 420 514
-1168 -6 192 201
-109 -58 425 507
-1196 -11 183 177
-22 -85 -1232 -130
353 -523 253 -44
-24 -71 -1206 -155
351 -515 270 -71
-23 -68 -1186 -164
356 -494 284 -70
-26 -61 -1210 -165
347 -493 279 -88
-197 35 -142 -608
424 -162 487 177
-170 24 -130 -624
409 -176 489 163
-185 59 -135 -630
423 -171 498 155
-196 40 -141 -641
433 -169 481 166
428 205 65 48
-507 460 57 -644
442 192 69 45
-492 437 73 -629
429 195 43 58
-484 409 51 -595
423 184 65 51
-463 387 47 -586
-180 643 248 466
104 -28 -362 -73
-181 611 255 486
96 -70 -392 -69
-185 598 241 505
96 -78 -375 -33
-161 562 242 528
85 -103 -387 -10
526 666 -806 913
45 105 458 -133
505 645 -799 943
39 83 461 -121
483 596 -795 969
27 81 468 -84
474 600 -792 991
8 58 523 -56
-641 -552 135 -118
506 -937 -349 -881
-638 -554 156 -89
471 -934 -340 -863
-666 -572 190 -82
457 -949 -324 -838
-671 -618 198 -62
441 -963 -294 -828
301 -415 502 -702
73 289 -158 93
279 -400 527 -665
63 274 -160 102
273 -398 544 -669
38 279 -114 106
257 -419 564 -668
23 280 -119 99
425 167 -114 832
-131 -241 256 139
400 168 -105 810
-159 -252 267 146
395 163 -93 808
-163 -256 292 155
390 158 -66 834
-192 -247 302 132
-35 81 -140 -513
-68 383 159 -147
-52 92 -123 -495
-101 402 153 -157
-48 85 -118 -501
-102 396 182 -159
-70 107 -101 -524
-98 392 193 -147
501 263 681 -155
313 -205 -51 504
497 237 675 -145
291 -206 -62 504
486 258 686 -137
296 -208 -53 515
477 233 697 -143
296 -234 -46 521
135 103 -441 384
-44 886 608 -44
123 107 -418 399
-41 864 592 -31
114 67 -430 402
-23 839 618 -28
106 75 -418 400
-41 825 610 -20
-499 265 -331 172
-214 -383 937 -289
-475 230 -324 187
-198 -409 929 -268
-486 219 -341 220
-195 -422 887 -260
-459 193 -356 229
-156 -426 877 -251
-24 265 168 -128
162 -911 -467 -441
12 254 159 -102
170 -909 -492 -447
26 249 132 -106
203 -924 -495 -429
40 237 121 -62
194 -931 -513 -431
-421 -83 -305 529
-232 -9 -404 -272
-395 -103 -303 530
-227 -7 -392 -293
-397 -83 -327 554
-233 -10 -421 -303
-378 -88 -346 561
-213 7 -441 -287
537 105 292 135
-48 -363 -302 -469
528 102 296 126
-52 -358 -327 -480
539 102 299 121
-51 -353 -311 -494
559 124 289 103
-38 -351 -307 -494
262 538 194 726
-220 -289 883 83
269 535 188 720
-224 -277 889 75
276 555 204 710
-214 -288 867 89
294 534 187 689
-218 -293 848 88
506 175 343 -439
243 610 -606 209
508 197 342 -410
232 627 -618 214
512 183 312 -413
229 622 -586 211
513 194 334 -431
226 619 -603 223
-104 -312 -271 237
-739 249 -512 153
-126 -329 -273 236
-740 249 -529 144
-110 -327 -259 240
-746 273 -510 145
-127 -320 -266 239
-754 278 -529 124
-304 173 627 320
805 -3 257 582
-310 175 636 319
816 -13 247 556
-283 201 616 304
804 19 228 562
-293 206 632 300
820 13 218 538
112 -238 139 -460
-348 -293 29 -895
117 -212 125 -459
-351 -309 35 -867
117 -217 117 -464
-354 -314 44 -881
130 -225 98 -484
-371 -297 29 -881
-180 654 -1025 278
-1152 364 -584 406
-187 665 -1020 287
-1154 361 -552 414
-205 651 -1015 292
-1158 367 -563 428
-202 646 -1012 293
-1180 339 -550 424
-344 58 -1236 481
-296 -830 277 100
-346 66 -1220 464
-310 -855 282 121
-343 68 -1233 494
-306 -826 305 111
-350 70 -1213 487
-322 -829 317 131
557 265 -173 -847
-640 -358 621 -177
576 289 -167 -845
-621 -342 636 -170
577 272 -166 -832
-609 -347 637 -193
559 276 -176 -835
-609 -353 621 -173
147 -29 155 8
146 121 -427 69
153 -33 143 20
149 122 -455 66
141 -40 164 39
145 117 -451 67
137 -57 140 15
138 133 -426 63
-396 -126 -494 199
91 427 -944 -161
-419 -148 -474 182
64 438 -952 -193
-417 -139 -479 187
50 442 -927 -188
-438 -131 -477 209
41 429 -922 -202
128 -307 710 603
-337 -353 -293 -526
114 -324 724 615
-331 -356 -273 -542
105 -318 736 605
-351 -346 -272 -523
89 -308 752 599
-356 -336 -249 -531
91 685 280 -146
259 -332 539 -340
91 677 267 -143
274 -346 549 -325
104 671 285 -145
250 -362 542 -309
75 643 285 -116
271 -371 540 -313
-40 -200 -116 -419
50 376 -151 467
-36 -212 -117 -405
50 367 -156 487
-33 -246 -127 -385
73 364 -142 488
-30 -259 -130 -376
74 361 -147 507
60 91 -65 303
-117 17 -72 248
65 88 -67 316
-111 23 -92 248
45 90 -92 325
-112 54 -80 240
46 66 -91 318
-129 56 -94 246
49 52 800 155
465 -42 -554 254
75 54 828 150
450 -44 -544 251
70 75 819 154
462 -26 -556 262
81 77 813 151
450 -27 -543 262
-820 151 -290 -574
117 254 162 6
-827 137 -295 -572
118 254 161 -12
-843 140 -284 -557
122 248 162 -10
-850 124 -291 -557
104 247 146 -4
-676 -742 -1042 -86
-554 671 -91 224
-682 -751 -1039 -79
-532 684 -74 237
-688 -761 -1037 -69
-553 661 -71 235
-715 -770 -1026 -86
-550 660 -89 250
94 259 -96 62
278 -208 235 -159
89 273 -95 93
273 -242 228 -162
78 248 -103 97
280 -237 249 -159
70 225 -94 94
260 -257 250 -156
-732 677 -649 289
412 480 70 414
-730 665 -643 287
415 453 91 433
-732 629 -615 298
412 452 87 430
-718 642 -638 306
408 448 77 438
328 -677 408 160
-434 564 -371 534
338 -655 431 148
-416 551 -380 539
338 -662 408 157
-420 555 -381 530
331 -674 414 167
-431 550 -380 525
-290 -285 -244 -768
-669 318 -255 -105
-302 -274 -227 -788
-709 346 -230 -102
-301 -285 -226 -761
-721 348 -181 -105
-326 -279 -218 -785
-743 345 -184 -91
-695 900 645 -318
-1100 1347 1900 -1133
-770 922 700 -338
-1228 1388 2020 -1173
-815 953 741 -348
-1328 1439 2083 -1182
-833 937 767 -366
-1413 1408 2132 -1196
17285 -3626 1745 -1976
-7264 585 -1282 7211
17090 -3548 1903 -2021
-7465 641 -1129 7150
16973 -3547 2039 -2071
-7597 634 -964 7141
16900 -3571 2104 -2053
-7669 586 -888 7154
2679 -776 -641 -4418
-577 -539 151 1464
2523 -761 -482 -4470
-687 -518 285 1477
2422 -789 -324 -4466
-790 -543 403 1488
2331 -846 -267 -4412
-867 -591 471 1526
814 99 1739 -2668
-32 -1278 -458 -788
719 79 1803 -2638
-70 -1271 -406 -773
665 93 1885 -2640
-124 -1287 -318 -756
587 58 1970 -2608
-185 -1302 -274 -749
-1165 -1954 720 -1611
-132 -858 425 449
-1207 -1954 761 -1591
-148 -866 463 435
-1223 -1987 807 -1580
-169 -862 467 456
-1267 -1970 841 -1580
-195 -861 490 466
-802 814 -606 -500
6 744 -201 -814
-786 785 -588 -490
9 747 -208 -792
-788 788 -593 -493
18 707 -214 -773
-790 769 -596 -466
36 693 -222 -783
-755 -558 -181 -117
-101 379 -1133 -279
-728 -599 -176 -110
-86 349 -1134 -242
-738 -618 -189 -93
-86 328 -1149 -219
-722 -620 -212 -47
-70 315 -1156 -203
-188 -857 226 531
-8 425 -322 -56
-178 -873 220 557
-35 426 -297 -59
-178 -870 196 577
-23 418 -306 -42
-160 -910 210 582
-4 401 -322 -35
-105 -280 306 -249
-738 -9 -388 -88
-89 -283 311 -253
-732 -14 -403 -91
-97 -278 310 -230
-732 -14 -384 -75
-93 -292 301 -251
-729 -3 -399 -106
528 -57 -420 -180
253 -415 -50 89
526 -47 -402 -153
240 -418 -31 70
533 -54 -409 -173
212 -426 -14 82
523 -56 -394 -174
215 -433 -24 71
280 -567 -404 -584
175 322 831 -234
257 -579 -381 -576
169 315 822 -225
255 -584 -384 -591
152 313 858 -223
238 -597 -376 -583
143 311 852 -216
-1157 -354 -131 -399
748 -149 -545 37
-1141 -370 -124 -394
744 -147 -548 38
-1149 -385 -128 -393
767 -142 -551 36
-1171 -359 -109 -378
770 -144 -546 50
-692 -187 569 -210
-164 -522 -103 -428
-710 -187 558 -208
-130 -525 -103 -418
-671 -184 549 -208
-113 -505 -143 -413
-638 -204 527 -199
-98 -498 -158 -424
221 -574 237 -471
210 556 829 370
259 -563 200 -469
237 559 817 358
260 -560 196 -451
269 560 795 347
300 -570 161 -473
281 564 768 342
-410 291 -494 455
-45 -437 -618 -391
-413 285 -519 456
-36 -448 -629 -395
-373 292 -531 455
-32 -448 -631 -426
-375 312 -555 453
-16 -444 -651 -416
189 -550 390 -797
-323 -161 168 -808
180 -523 380 -819
-308 -164 152 -795
212 -545 383 -833
-300 -149 150 -795
229 -551 365 -828
-304 -148 151 -797
759 -60 -49 1286
131 -87 -392 -434
736 -50 -52 1272
109 -63 -380 -447
738 -46 -36 1282
111 -88 -382 -468
754 -45 -71 1256
115 -84 -370 -451
-462 280 80 54
164 149 409 509
-474 302 65 51
175 149 442 499
-469 292 83 51
171 160 449 499
-485 303 82 59
161 128 465 507
339 457 -582 -16
-71 645 309 -27
337 458 -581 -25
-80 632 300 -25
322 448 -572 -10
-99 619 326 -18
337 468 -550 -16
-115 631 319 -3
-241 -432 -231 1
415 -320 321 -141
-255 -437 -240 14
407 -330 336 -137
-246 -464 -251 11
406 -323 340 -129
-264 -472 -236 21
427 -340 326 -121
-8 -436 415 115
-29 260 370 -22
17 -452 422 122
-29 245 379 -33
3 -433 409 141
-6 250 373 -12
29 -453 429 156
-5 237 360 -21
-8 -86 -246 -577
-567 -460 101 -267
-9 -107 -273 -554
-569 -460 110 -268
12 -102 -266 -544
-566 -466 90 -254
8 -117 -270 -527
-546 -474 96 -259
779 635 -638 -440
246 -34 82 548
778 620 -642 -430
234 -48 82 552
767 603 -626 -420
241 -70 105 562
770 606 -620 -391
215 -64 107 585
-54 -557 -21 -123
-366 70 143 92
-74 -564 3 -125
-379 61 140 102
-68 -553 14 -104
-396 71 154 106
-109 -563 1 -112
-402 65 182 118
-26 -81 -443 -678
-356 -45 134 -211
-43 -100 -439 -686
-363 -69 124 -194
-41 -103 -440 -656
-374 -66 132 -189
-43 -119 -416 -665
-359 -69 141 -179
-726 36 -384 278
-522 -152 -123 361
-699 33 -382 287
-523 -154 -144 341
-699 1 -397 294
-504 -144 -136 353
-713 10 -415 320
-501 -180 -168 365
-184 479 -614 -277
-212 -641 -834 -704
-182 477 -603 -268
-194 -630 -833 -694
-189 476 -621 -261
-211 -645 -850 -679
-161 457 -618 -261
-194 -660 -838 -683
-43 -113 168 569
-345 -241 -260 -254
-40 -116 181 573
-350 -237 -253 -253
-41 -123 156 566
-347 -234 -271 -227
-16 -121 167 581
-338 -218 -247 -255
-865 -377 71 -475
-194 200 -160 -58
-838 -386 48 -471
-188 223 -173 -52
-862 -386 36 -492
-181 207 -194 -67
-848 -389 39 -496
-169 209 -204 -82
268 -752 252 12
459 414 -135 -191
282 -731 251 -5
460 402 -124 -205
307 -738 241 -23
471 411 -146 -213
317 -711 212 -10
469 422 -162 -209
-284 -162 -317 -639
-624 250 -249 872
-305 -181 -340 -633
-629 259 -257 885
-288 -174 -328 -620
-615 271 -256 866
-283 -185 -360 -627
-623 257 -248 863
-27 -510 -895 -476
-333 199 184 -387
-13 -524 -904 -504
-318 188 209 -397
-23 -537 -895 -483
-323 188 198 -382
-23 -540 -904 -483
-324 172 185 -393
-5 2 451 168
-283 -59 -322 -243
-26 -7 437 154
-300 -77 -331 -255
-7 -2 445 160
-316 -72 -327 -252
-26 -2 439 173
-303 -80 -346 -244
-244 205 -663 522
-17 -775 -674 -383
-254 222 -654 538
-27 -772 -664 -389
-240 224 -651 528
-38 -781 -641 -384
-269 216 -649 551
-46 -758 -630 -388
132 466 168 -122
-137 504 277 683
116 448 178 -126
-139 492 292 688
110 449 186 -107
-150 508 282 681
97 458 195 -124
-150 516 295 699
-333 -5 -2 176
1129 796 520 24
-340 2 7 167
1135 790 508 29
-348 7 -5 174
1121 792 521 34
-335 8 -6 181
1137 810 521 33
431 -80 118 8
-232 150 128 881
424 -52 138 8
-236 174 103 880
422 -59 117 -13
-236 185 125 845
420 -43 108 4
-254 198 124 855
70 766 815 317
718 -312 83 789
75 767 801 313
729 -296 87 754
96 761 809 291
731 -273 84 770
94 777 805 291
725 -273 92 764
421 63 204 50
-308 -20 -42 -772
410 65 237 48
-318 -24 -36 -768
415 75 220 44
-308 -27 -18 -794
416 78 230 50
-318 -8 -19 -799
430 -57 183 516
-133 161 -69 -483
448 -70 191 492
-143 173 -53 -486
422 -48 201 508
-146 134 -50 -487
423 -68 211 508
-171 140 -48 -488
361 -287 -228 -58
-27 -125 462 -332
350 -302 -202 -70
-17 -122 476 -329
327 -307 -203 -64
-34 -122 475 -305
325 -326 -203 -48
-27 -125 488 -325
-338 -174 -157 175
-210 371 -234 204
-357 -175 -171 200
-213 387 -230 185
-364 -170 -152 201
-223 381 -226 170
-366 -173 -143 181
-221 380 -229 204
123 116 -113 -263
-554 5 -365 -103
122 111 -120 -259
-557 -6 -343 -116
124 103 -101 -269
-522 -11 -357 -103
133 112 -111 -261
-543 -33 -360 -92
546 266 366 477
-171 58 -114 241
553 262 384 476
-150 34 -126 277
561 256 388 499
-159 37 -109 286
550 258 393 502
-149 45 -112 289
-302 84 239 -176
-26 -140 -328 125
-310 75 232 -188
-22 -148 -309 136
-308 83 213 -166
-29 -130 -319 136
-300 71 233 -165
-10 -136 -312 148
237 23 85 339
119 -7 -306 -406
238 17 102 335
123 -16 -298 -400
225 12 97 348
110 -6 -311 -399
232 11 84 344
106 -8 -282 -402
-549 237 136 69
-663 46 -1343 392
-566 232 129 45
-658 31 -1328 401
-580 245 132 58
-681 46 -1330 397
-579 245 154 28
-675 36 -1325 403
-290 201 77 -41
736 145 20 169
-289 219 69 -42
738 140 45 167
-304 194 99 -46
727 141 54 152
-311 217 95 -55
709 139 87 148
137 -100 -22 219
-211 182 69 -625
113 -111 6 229
-258 161 79 -617
94 -95 17 230
-262 156 104 -598
71 -102 27 238
-287 143 132 -596
319 -220 -591 -309
274 -2 1070 -129
287 -229 -568 -306
246 -3 1067 -147
276 -259 -544 -276
213 6 1109 -133
269 -254 -540 -279
166 10 1130 -108
-1248 1112 499 138
-1703 1599 1106 -2030
-1323 1127 562 110
-1818 1651 1173 -2089
-1377 1170 570 105
-1912 1706 1229 -2096
-1405 1159 601 92
-1950 1697 1256 -2092
12116 -5053 1195 -1327
-10951 2971 -7986 7705
12003 -4977 1309 -1385
-11063 3006 -7870 7670
11900 -4979 1368 -1417
-11168 3027 -7739 7620
11872 -4977 1446 -1394
-11232 2979 -7697 7665
975 -390 -116 -3745
-398 123 266 3799
851 -363 -6 -3783
-464 126 361 3783
780 -383 80 -3766
-529 124 420 3789
734 -412 141 -3742
-586 127 492 3810
-376 -1385 -559 -4577
74 -1132 -638 -918
-432 -1353 -497 -4593
47 -1140 -598 -915
-479 -1350 -429 -4591
16 -1135 -563 -917
-535 -1352 -398 -4564
-26 -1152 -531 -913
-985 -918 765 -1259
-216 74 -171 974
-1000 -918 787 -1279
-252 65 -156 989
-1048 -931 822 -1261
-272 72 -129 984
-1068 -919 835 -1256
-266 82 -96 997
-1177 370 -1022 346
363 -167 456 -1493
-1185 362 -1026 356
355 -172 461 -1492
-1203 368 -1013 335
365 -157 463 -1478
-1190 363 -995 364
378 -155 459 -1491
-427 -896 -1466 387
-1440 392 -254 -623
-439 -886 -1458 378
-1422 387 -279 -633
-415 -881 -1492 391
-1382 383 -273 -643
-413 -875 -1503 384
-1384 403 -299 -635
-458 -619 -211 -354
-339 -130 469 1356
-454 -624 -226 -370
-331 -114 447 1349
-416 -586 -259 -374
-316 -102 413 1331
-399 -594 -297 -398
-276 -68 379 1327
344 657 -870 -191
402 -933 -147 154
334 672 -891 -229
436 -915 -150 124
350 699 -900 -225
432 -900 -156 95
374 710 -925 -246
436 -863 -172 86
-43 183 45 -415
875 -923 1011 -660
-29 179 73 -435
895 -907 1024 -684
-45 225 67 -444
917 -888 997 -703
-38 238 51 -474
923 -863 991 -741
-429 118 154 313
-375 285 -704 -586
-420 141 126 315
-368 286 -710 -573
-426 141 154 297
-339 304 -714 -607
-421 152 135 276
-331 310 -723 -599
-39 192 235 238
245 621 252 1310
-11 176 239 222
244 612 256 1298
8 179 235 218
257 624 210 1299
16 210 221 208
270 646 219 1290
58 306 622 66
321 212 -306 275
87 304 612 52
307 212 -295 276
73 299 606 55
327 213 -306 279
96 322 618 43
318 221 -297 291
291 1 -29 -931
32 551 -13 438
277 -23 -15 -930
40 538 0 468
268 -23 -18 -918
16 512 19 466
269 -33 -14 -933
13 510 5 463
-734 -120 -1013 89
-104 -482 343 -77
-751 -122 -1004 94
-121 -486 339 -87
-762 -131 -963 102
-120 -487 354 -72
-762 -140 -960 129
-143 -497 375 -77
-178 -464 -64 2
-572 -314 -1067 266
-186 -470 -56 25
-598 -300 -1066 252
-192 -462 -51 -3
-591 -288 -1049 257
-196 -459 -39 21
-595 -275 -1058 219
-555 60 -33 -621
855 216 736 -429
-567 64 -44 -639
865 214 745 -431
-567 73 -21 -658
871 237 748 -442
-562 96 -21 -639
855 261 760 -461
-833 44 -487 883
369 696 -423 282
-851 49 -441 859
358 712 -416 283
-847 52 -448 852
349 690 -420 267
-847 50 -452 847
343 710 -427 265
77 260 -344 489
-1004 576 -636 -369
92 249 -352 496
-990 582 -607 -343
83 248 -335 489
-1009 576 -609 -347
74 245 -316 492
-1012 570 -595 -350
557 -21 35 563
-849 -552 275 -360
562 -5 66 575
-853 -570 261 -368
549 -36 64 578
-845 -571 276 -364
543 -26 57 597
-864 -575 273 -349
214 -86 16 337
-8 311 563 -656
207 -90 12 352
-3 297 562 -657
206 -96 3 365
28 307 552 -639
243 -97 13 378
14 277 544 -638
882 -614 -363 -690
-547 419 -250 67
874 -622 -362 -674
-576 400 -272 81
888 -630 -352 -663
-571 378 -259 95
888 -662 -351 -664
-556 383 -273 109
-50 542 202 177
136 160 158 113
-49 526 199 194
123 140 156 119
-48 498 208 216
134 109 149 159
-71 474 199 229
146 81 171 193
160 84 -429 192
187 238 110 17
161 43 -420 218
183 221 115 39
164 43 -396 242
158 176 102 80
151 5 -418 249
150 159 112 102
297 -22 -21 -238
122 -115 792 412
294 -33 -14 -213
118 -129 797 424
283 -64 -1 -198
104 -142 809 421
277 -77 6 -172
109 -163 818 441
45 176 171 -300
-147 15 -80 -374
33 172 151 -298
-144 -8 -75 -379
38 139 155 -287
-137 -15 -74 -377
36 123 180 -277
-132 -33 -71 -354
-164 -380 -217 516
44 312 -364 -1
-158 -388 -220 510
30 314 -366 8
-151 -417 -226 507
36 325 -373 -6
-145 -414 -229 527
36 324 -377 -1
108 373 328 753
-109 -429 -227 113
99 367 308 769
-114 -440 -217 83
80 363 310 760
-136 -427 -197 98
81 376 336 779
-140 -425 -187 109
-378 -38 -682 -796
-198 29 -14 -449
-411 -43 -659 -802
-213 29 1 -467
-411 -42 -660 -767
-247 21 7 -463
-442 -43 -639 -781
-238 45 16 -467
33 -117 250 572
115 -116 -368 -338
21 -139 251 577
122 -99 -365 -358
30 -114 253 576
127 -112 -343 -363
23 -112 271 573
121 -104 -366 -367
-461 -327 44 240
416 -33 238 -417
-439 -332 52 235
413 -22 231 -403
-470 -311 53 237
402 -47 244 -414
-475 -319 47 241
386 -30 251 -402
302 -101 -476 -38
144 43 1037 309
280 -106 -483 -39
149 43 1067 302
266 -106 -490 -55
144 45 1052 294
282 -88 -459 -64
155 43 1074 305
-371 192 -623 -509
847 -559 193 -73
-388 198 -626 -512
859 -540 192 -58
-388 190 -609 -514
871 -540 183 -83
-367 197 -605 -519
860 -543 199 -65
-324 368 648 103
-219 -212 21 20
-297 352 640 100
-223 -224 4 -7
-296 370 638 119
-180 -225 -13 3
-294 380 624 94
-162 -201 -28 7
193 -367 -142 36
-228 63 18 -147
197 -331 -156 30
-218 59 20 -148
207 -317 -164 28
-203 103 -6 -153
221 -328 -187 23
-199 104 -27 -166
-155 202 276 315
33 17 441 171
-132 194 233 309
66 34 432 146
-119 206 214 308
50 36 416 142
-94 224 222 295
72 65 414 126
1095 413 -210 231
-317 349 243 -123
1078 424 -221 209
-325 349 261 -98
1094 427 -227 218
-323 338 243 -94
1085 413 -215 222
-318 354 232 -93
-569 41 -633 81
323 -902 304 -433
-563 58 -644 112
324 -925 302 -430
-563 43 -637 105
329 -915 300 -425
-558 51 -659 109
329 -920 302 -422
-369 -665 210 -677
191 -49 -407 -320
-355 -677 220 -670
185 -31 -402 -312
-360 -680 210 -702
177 -46 -390 -303
-365 -695 227 -676
198 -48 -412 -310
-534 -476 -128 41
-175 -532 198 -228
-555 -461 -151 14
-181 -544 192 -213
-537 -450 -159 24
-184 -515 197 -227
-542 -460 -147 13
-185 -510 186 -231
261 -748 -496 -805
-215 225 -834 74
278 -731 -483 -802
-212 239 -817 36
258 -720 -489 -813
-222 247 -812 45
265 -698 -481 -846
-224 254 -821 31
-310 492 239 227
558 -493 569 -558
-305 511 269 228
553 -475 570 -567
-313 522 257 186
530 -462 580 -571
-321 525 243 195
525 -443 587 -602
18 -671 -641 -44
-268 -447 26 -400
13 -652 -617 -55
-265 -471 15 -410
-14 -660 -629 -54
-276 -456 39 -419
-21 -647 -608 -60
-301 -437 36 -412
187 534 -73 52
-973 -66 447 69
193 553 -60 52
-959 -81 440 81
177 550 -60 67
-929 -89 443 77
182 554 -60 57
-950 -78 451 86
209 63 -457 -592
363 66 190 -105
199 60 -469 -583
386 49 205 -91
214 62 -466 -579
389 33 192 -81
234 38 -477 -577
400 15 175 -61
704 101 359 -21
375 -212 856 617
707 75 341 -2
386 -214 829 609
727 73 348 9
398 -219 801 618
742 72 330 22
419 -204 819 624
-631 -67 28 24
678 73 549 -48
-608 -55 16 14
692 76 568 -60
-601 -23 7 1
723 74 539 -52
-579 -41 -8 -6
729 74 538 -52
191 -26 43 136
109 142 121 124
220 -25 40 134
112 150 110 139
227 -15 34 129
115 176 106 119
240 -6 12 126
139 175 93 107
226 -161 439 -473
-236 -415 -58 52
225 -153 430 -467
-220 -402 -78 51
248 -144 414 -469
-207 -428 -82 62
268 -156 417 -482
-177 -418 -89 69
67 89 -59 -232
-666 1000 151 -7
71 86 -78 -246
-655 1006 157 -2
87 64 -98 -219
-674 1018 141 -14
92 60 -96 -233
-670 1016 127 -5
-341 622 192 -649
-577 1823 1380 -964
-368 629 179 -674
-644 1855 1430 -992
-382 650 185 -676
-688 1894 1450 -1003
-407 628 218 -665
-692 1888 1445 -989
6966 -7729 1707 -2259
-9050 6748 -11711 8577
6864 -7671 1761 -2302
-9144 6800 -11640 8524
6819 -7661 1817 -2324
-9204 6812 -11558 8513
6804 -7660 1861 -2311
-9236 6809 -11548 8536
-1561 1125 1208 -1439
-938 1721 -419 4729
-1621 1174 1264 -1482
-994 1735 -376 4679
-1668 1181 1310 -1511
-1032 1767 -357 4694
-1695 1188 1377 -1510
-1048 1772 -300 4665
1513 -1749 -345 -2792
362 -282 685 -1122
1483 -1717 -322 -2820
322 -281 696 -1149
1427 -1688 -289 -2835
315 -240 732 -1181
1386 -1665 -255 -2848
271 -225 745 -1184
-748 1159 700 -282
-238 -289 -688 2051
-788 1176 701 -291
-240 -273 -682 2040
-792 1168 738 -296
-255 -243 -664 2017
-796 1196 757 -310
-258 -256 -654 1997
1016 -175 465 403
-1039 144 3 -1242
1017 -165 459 375
-1033 156 27 -1233
1027 -156 473 395
-1021 150 -1 -1266
1025 -174 469 361
-977 164 -11 -1257
-527 -226 -468 369
599 179 259 -687
-509 -235 -464 347
625 185 236 -691
-477 -233 -495 354
630 207 209 -681
-459 -243 -510 339
654 196 213 -689
-191 213 -203 1088
-672 305 28 540
-179 208 -224 1082
-646 307 0 557
-148 209 -242 1093
-621 311 -11 519
-141 211 -259 1068
-613 329 -35 525
41 470 800 493
249 -1082 -1094 -707
54 456 801 483
272 -1054 -1109 -719
69 482 781 461
270 -1042 -1099 -745
100 514 740 431
280 -1028 -1124 -776
-490 49 -56 -328
542 257 19 251
-489 45 -46 -342
543 264 16 244
-465 71 -55 -362
537 260 29 226
-480 98 -63 -386
538 301 7 222
-471 -89 8 64
431 271 282 -549
-471 -70 -13 63
436 272 301 -559
-473 -63 -8 45
432 296 277 -572
-468 -45 16 32
440 290 297 -563
-855 149 -109 583
219 982 -257 1074
-860 131 -128 567
224 1006 -262 1048
-845 122 -126 566
257 1000 -283 1049
-830 165 -129 561
276 995 -303 1036
-38 618 813 560
-392 50 -1097 294
-30 626 805 557
-350 68 -1100 299
-18 633 810 542
-350 59 -1122 314
27 639 791 547
-328 49 -1141 305
537 343 425 -441
-465 -275 275 -131
525 332 411 -448
-489 -269 258 -131
556 346 400 -451
-466 -261 263 -140
549 349 392 -428
-481 -279 243 -136
-14 -41 -622 567
37 -447 -723 492
-1 -32 -604 576
28 -399 -716 478
-3 4 -598 580
26 -394 -709 464
-3 -4 -610 558
0 -381 -697 443
-396 618 -6 577
171 -327 -217 -63
-398 631 14 563
172 -303 -224 -85
-399 655 7 512
158 -307 -207 -105
-397 664 7 514
157 -278 -217 -127
72 187 781 -164
91 -638 305 -567
85 209 777 -175
91 -610 317 -586
72 230 786 -178
104 -603 313 -602
86 240 787 -213
87 -580 310 -619
-457 -203 -925 -188
-78 -271 98 136
-433 -196 -914 -191
-84 -274 79 105
-430 -165 -926 -217
-57 -245 87 106
-458 -164 -924 -215
-51 -223 86 94
-207 34 -133 334
263 145 129 -288
-225 65 -150 308
276 148 118 -284
-209 73 -135 302
284 183 120 -304
-209 93 -134 247
300 173 100 -321
375 -412 1015 -290
14 275 -105 -24
412 -412 1013 -302
24 282 -116 -21
407 -409 1000 -302
22 276 -133 -41
419 -390 983 -318
50 282 -117 -19
-295 -347 -459 -445
157 433 -655 136
-268 -355 -439 -450
152 440 -668 118
-260 -345 -456 -457
153 443 -654 118
-281 -362 -453 -460
143 463 -652 124
-112 -156 809 98
99 -578 294 -27
-115 -148 790 84
95 -570 307 -25
-122 -137 798 71
124 -567 291 -44
-105 -115 782 78
120 -569 300 -40
-210 285 -408 181
420 56 224 388
-194 272 -427 154
435 86 244 383
-197 288 -431 168
467 70 214 381
-159 267 -437 151
472 76 207 387
-767 213 537 -836
262 -1028 -409 -791
-748 200 524 -822
271 -1035 -426 -793
-755 193 513 -816
282 -1029 -437 -800
-720 183 502 -818
294 -1023 -438 -786
-337 24 -528 575
419 72 -102 -481
-300 29 -524 569
442 52 -91 -477
-306 -2 -538 594
421 56 -103 -466
-312 4 -550 591
429 57 -96 -469
-796 189 -498 169
-1070 3 -597 437
-798 180 -497 176
-1059 16 -591 439
-803 182 -476 172
-1065 12 -601 414
-812 187 -486 192
-1065 15 -567 439
100 32 58 212
349 -221 247 522
102 55 68 199
355 -230 233 536
114 63 55 190
382 -219 210 504
118 64 47 184
411 -211 213 500
-15 -273 506 -1008
198 428 -113 -72
16 -248 496 -1008
205 418 -134 -69
34 -242 509 -1016
206 431 -125 -66
22 -249 480 -1046
241 434 -145 -84
594 -169 -108 143
-700 480 -109 144
586 -174 -94 142
-698 473 -119 159
589 -178 -106 156
-698 448 -132 153
613 -179 -108 148
-704 448 -125 161
-114 609 -61 -110
-513 108 -728 509
-101 598 -59 -97
-503 100 -719 534
-111 584 -47 -82
-516 84 -722 560
-99 584 -39 -80
-507 60 -715 563
813 -366 880 -1
221 -594 203 -74
807 -376 887 20
227 -591 194 -66
808 -364 877 -11
216 -590 185 -67
783 -377 872 15
213 -588 181 -58
157 364 -17 95
373 -271 755 342
133 392 -9 84
347 -238 762 332
141 373 -27 79
343 -245 775 300
142 406 -4 66
358 -211 765 291
-176 -150 -426 -574
682 -750 -82 -684
-186 -123 -420 -574
690 -743 -95 -680
-188 -107 -401 -584
685 -710 -61 -701
-197 -78 -414 -588
674 -710 -51 -696
-200 -105 199 490
-426 560 -434 109
-192 -100 219 462
-419 576 -452 104
-205 -102 230 451
-416 592 -460 99
-220 -77 219 448
-425 574 -444 72
-94 251 532 -542
342 -620 27 286
-77 247 536 -535
339 -623 31 285
-77 244 524 -528
346 -623 14 285
-80 246 520 -541
353 -634 0 288
-330 -638 188 -691
107 177 -322 -480
-339 -649 179 -685
102 168 -306 -464
-338 -659 166 -679
107 164 -323 -454
-324 -670 149 -649
81 171 -310 -470
202 248 -416 307
-430 81 34 241
212 262 -414 332
-419 78 20 241
192 257 -411 334
-438 65 26 252
199 236 -404 338
-439 59 23 240
-645 47 -331 -597
13 -488 -481 233
-643 48 -331 -613
-8 -485 -467 245
-658 36 -337 -598
1 -508 -479 247
-646 34 -308 -593
-22 -501 -465 240
2 -400 117 38
158 367 -153 -638
8 -405 123 32
175 362 -161 -628
-14 -409 125 35
156 350 -150 -642
-13 -424 135 35
148 351 -151 -608
