51 19 0 0
392 65 -147 -30
51 20 0 0
361 68 -145 -35
25 11 0 0
307 76 -121 -42
24 11 0 0
279 87 -94 -34
1712 139 -846 -93
10513 1765 -3577 -301
1569 194 -761 -107
9290 1856 -3233 -387
1397 235 -679 -134
8039 1871 -2889 -470
1230 262 -594 -141
6880 1870 -2501 -506
-1803 7668 22752 14319
781 3579 1985 -3696
-1843 7641 22924 14360
856 3571 1974 -3681
-1798 7581 22985 14402
938 3545 1858 -3633
-1681 7501 22945 14514
1050 3487 1717 -3554
1259 3033 1805 -349
-161 427 2198 1798
1315 3025 1730 -332
-175 416 2153 1825
1369 2973 1666 -296
-173 406 2122 1834
1443 2975 1545 -277
-168 383 2066 1833
-195 -2362 924 310
-810 273 295 -167
-229 -2366 934 326
-835 238 366 -156
-253 -2379 955 344
-871 206 362 -143
-297 -2400 965 367
-883 172 399 -122
-105 26 229 -49
-21 9 48 -19
-103 18 226 -33
-21 7 47 -14
-99 9 218 -16
-21 5 46 -9
-93 2 204 -3
-19 5 43 -7
-3 2 8 -4
0 0 1 0
-3 2 8 -3
0 0 1 0
-3 2 8 -3
0 0 1 0
-2 1 7 -1
0 0 1 0
0 0 0 0
0 0 0 0
0 0 0 0
0 0 0 0
0 0 0 0
0 0 0 0
0 0 0 0
0 0 0 0
0 0 0 0
0 0 0 0
0 0 0 0
0 0 0 0
0 0 0 0
0 0 0 0
0 0 0 0
0 0 0 0
0 0 0 0
-3 2 1 0
0 0 0 0
-5 2 1 0
0 0 0 0
-4 1 1 0
0 0 0 0
-4 1 1 0
-26 15 9 -5
-124 113 69 -39
-34 14 13 -5
-121 107 90 -37
-32 11 12 -4
-139 86 84 -30
-31 10 11 -3
-135 77 83 -27
-49 336 143 -193
1029 569 -243 -461
-70 300 134 -179
952 492 -183 -404
-106 257 168 -162
928 419 -136 -338
-112 230 194 -135
933 320 -168 -270
12897 412 -3099 -569
-8480 10301 13908 13439
12808 319 -2992 -478
-8556 10182 13959 13562
12773 192 -2956 -379
-8599 10060 14032 13665
12790 73 -2944 -256
-8617 9961 14032 13820
-1574 -191 -526 -48
554 -1928 1365 1157
-1625 -283 -468 61
508 -1988 1421 1216
-1646 -365 -441 165
475 -2047 1472 1271
-1672 -450 -409 256
439 -2067 1490 1301
2185 -827 672 -146
-2849 -1575 674 -513
2155 -846 683 -123
-2886 -1572 694 -534
2136 -853 733 -100
-2896 -1551 704 -512
2103 -878 749 -80
-2924 -1551 748 -537
660 -64 -294 -1887
-124 -227 -809 668
642 -54 -263 -1874
-122 -197 -827 634
625 -44 -260 -1913
-119 -195 -819 623
629 -25 -234 -1909
-126 -150 -812 589
-1057 -475 -105 -1289
635 1451 134 -592
-1041 -453 -134 -1320
641 1484 132 -629
-1052 -422 -124 -1351
688 1512 116 -644
-1022 -386 -141 -1369
711 1524 82 -670
88 237 -923 768
568 -422 451 391
114 244 -941 737
583 -417 450 406
140 270 -974 722
591 -417 402 371
167 264 -1005 700
629 -401 364 355
-405 411 809 -602
755 -353 -1031 613
-388 431 774 -616
754 -339 -1056 628
-370 440 768 -608
775 -349 -1046 608
-346 429 755 -640
780 -330 -1053 601
272 -92 -347 762
-289 306 1005 -958
266 -80 -336 754
-317 328 1029 -975
251 -60 -327 746
-338 337 1026 -1014
248 -34 -322 734
-374 358 1055 -1012
-586 902 640 355
399 -150 863 633
-597 916 673 324
400 -125 877 619
-635 929 693 321
373 -126 888 596
-647 978 732 296
357 -99 894 574
-50 -1190 -954 -804
496 -162 617 -493
-42 -1172 -957 -822
482 -170 616 -497
-47 -1156 -955 -835
487 -156 637 -506
-51 -1138 -930 -858
463 -137 650 -516
-536 -29 254 -423
34 -365 -823 -523
-555 -4 246 -446
31 -362 -789 -549
-560 0 253 -457
28 -380 -787 -535
-570 -15 266 -435
37 -353 -788 -542
-380 575 -212 130
222 -597 -240 82
-393 597 -191 147
221 -613 -228 95
-397 582 -201 134
222 -599 -223 98
-414 569 -182 143
232 -615 -246 90
-518 -26 789 161
950 222 191 67
-503 -2 787 168
949 235 173 73
-495 -13 789 160
968 261 168 54
-510 -15 777 158
971 242 153 60
51 376 -250 12
-483 831 -396 -48
53 388 -239 -3
-469 843 -392 -49
71 380 -266 12
-480 840 -405 -71
81 388 -261 4
-466 843 -405 -70
-269 -33 -52 723
964 -215 413 -275
-267 -37 -55 724
975 -214 429 -274
-269 -25 -53 717
943 -192 442 -292
-282 -25 -51 693
953 -190 434 -297
-47 -395 579 -459
-786 -414 -309 -562
-74 -405 598 -452
-788 -406 -280 -538
-80 -388 613 -465
-815 -396 -293 -551
-104 -402 604 -457
-822 -413 -266 -569
-371 273 -167 -357
-13 -456 -200 628
-392 262 -156 -344
-23 -469 -171 644
-388 260 -129 -365
-31 -479 -146 658
-425 262 -109 -337
-39 -472 -142 658
231 -155 481 52
-260 -580 172 -295
210 -159 495 79
-265 -566 169 -286
197 -185 508 94
-291 -597 200 -275
175 -180 526 86
-297 -596 198 -265
559 -579 -123 -632
42 92 -374 300
523 -587 -106 -604
61 82 -373 296
543 -599 -111 -591
68 92 -376 309
531 -604 -101 -590
60 84 -369 307
-350 -339 312 -421
-38 449 432 -5
-327 -349 288 -409
-42 458 425 -6
-351 -348 290 -433
-31 488 398 -20
-340 -312 276 -421
-10 482 408 -18
345 132 8 -325
-3 -169 -406 222
348 134 -9 -355
22 -169 -418 204
362 144 -5 -367
5 -176 -411 217
371 168 -28 -359
32 -137 -430 203
-481 -747 -219 -247
16 393 -267 -21
-475 -761 -215 -274
10 371 -281 -11
-454 -750 -234 -287
10 368 -271 -11
-448 -745 -232 -282
13 356 -288 -5
-481 -233 -276 -178
175 -227 1 -114
-463 -219 -298 -166
188 -241 1 -106
-464 -248 -287 -138
162 -254 -27 -118
-454 -262 -281 -142
175 -239 -22 -98
-388 -111 -317 211
68 262 110 268
-379 -112 -314 215
76 268 117 258
-347 -112 -320 218
111 274 85 247
-333 -102 -319 214
108 264 77 269
241 230 -419 95
145 75 -209 190
257 223 -445 96
162 67 -226 200
289 217 -457 97
152 64 -228 206
274 245 -465 83
169 65 -239 206
-719 316 -288 296
241 510 -49 577
-705 342 -301 304
235 525 -46 561
-726 338 -316 298
225 523 -34 556
-717 340 -328 290
232 538 -32 545
299 340 291 208
46 6 297 -271
301 335 291 209
28 23 290 -275
296 365 295 192
33 2 298 -296
262 362 316 191
1 15 304 -301
-237 309 -346 871
78 -204 -188 -214
-265 309 -327 870
54 -198 -205 -207
-251 310 -305 850
68 -208 -195 -196
-262 296 -317 860
70 -207 -180 -215
-443 -203 -90 -12
-278 319 175 -576
-444 -198 -93 13
-265 309 197 -567
-456 -194 -72 14
-276 311 185 -591
-462 -205 -81 -2
-278 303 215 -584
-572 -861 192 -164
396 970 -958 453
-556 -861 199 -153
381 968 -937 438
-585 -849 208 -150
360 964 -934 449
-578 -852 195 -141
358 952 -947 441
-28 -907 355 590
-229 143 -483 -730
-38 -886 378 608
-220 126 -483 -733
-24 -896 368 623
-245 156 -472 -728
-57 -904 377 608
-245 141 -469 -730
-578 -471 142 -613
471 -129 409 44
-578 -456 135 -610
451 -111 425 27
-598 -456 143 -602
444 -130 414 35
-585 -440 157 -602
446 -112 445 17
7 565 209 -300
139 -147 -267 50
-6 568 207 -305
142 -155 -270 46
-30 566 235 -301
129 -134 -267 53
-16 573 242 -309
121 -143 -272 48
282 -513 50 102
271 700 200 492
268 -499 80 111
260 679 210 473
253 -517 87 105
266 687 233 471
236 -510 93 116
263 697 211 466
5 314 899 -319
-305 54 -837 627
-4 310 921 -312
-303 65 -838 636
0 313 912 -318
-294 56 -849 630
5 313 930 -323
-293 65 -831 640
-122 -413 -20 292
-498 979 -357 -388
-136 -402 -16 277
-471 964 -361 -375
-129 -414 -20 301
-475 956 -352 -391
-135 -411 -17 291
-475 979 -371 -372
51 37 412 447
174 -363 -330 254
79 33 411 453
171 -346 -343 263
71 32 412 455
179 -360 -332 258
69 44 411 448
173 -368 -338 280
-288 1004 -46 464
282 -21 60 414
-273 1000 -40 453
287 -32 66 394
-264 992 -61 448
299 -18 42 385
-253 992 -53 474
294 -39 55 398
29 93 -91 98
391 251 36 -8
22 108 -86 87
406 253 45 -22
19 126 -84 68
391 266 41 -40
22 136 -106 60
380 298 36 -43
163 144 -125 -339
340 107 1345 188
147 165 -141 -355
318 114 1342 183
149 168 -140 -342
337 118 1346 156
155 189 -141 -367
317 151 1346 162
232 535 100 75
-331 -204 -451 476
235 524 100 67
-321 -209 -471 481
249 524 113 74
-318 -190 -464 470
223 542 103 71
-322 -208 -477 477
-44 -196 62 -183
755 192 518 109
-26 -191 72 -155
776 163 509 116
2 -219 80 -171
759 181 520 104
-8 -213 55 -171
784 156 517 114
360 -249 -60 302
-388 -219 -874 -420
376 -235 -46 291
-378 -235 -897 -418
383 -253 -70 291
-375 -248 -892 -408
377 -267 -70 320
-378 -236 -914 -415
74 9 627 -554
112 782 447 536
101 5 634 -560
106 784 444 543
99 19 635 -526
110 791 447 548
100 19 610 -539
112 765 450 546
-300 77 -587 -128
436 -416 -357 -469
-297 63 -610 -136
437 -397 -360 -464
-298 52 -609 -146
452 -417 -368 -470
-290 65 -610 -140
453 -407 -344 -470
54 35 416 72
675 249 400 873
67 26 392 94
667 246 380 882
83 20 394 94
695 247 397 890
95 17 371 89
697 210 375 892
181 74 -305 168
-403 59 19 171
177 67 -326 151
-391 72 28 191
205 70 -319 178
-389 61 15 172
207 50 -350 171
-371 55 16 154
426 -316 534 -1198
-926 -326 -413 -23
420 -332 516 -1197
-922 -326 -437 -44
426 -327 524 -1231
-920 -313 -431 -45
436 -304 501 -1229
-924 -316 -431 -44
-721 -20 -159 237
104 -336 -368 -855
-720 -2 -187 222
93 -355 -347 -873
-701 -13 -170 225
106 -385 -378 -833
-699 -1 -196 213
123 -379 -368 -840
-588 -61 -294 -542
618 603 -257 -881
-596 -104 -298 -521
589 552 -230 -816
-621 -143 -289 -526
586 464 -210 -756
-584 -183 -303 -493
661 385 -271 -710
15340 -129 -2772 -231
-8475 11101 16510 16325
15328 -230 -2737 -139
-8442 10986 16496 16440
15373 -339 -2784 -48
-8368 10881 16454 16563
15484 -455 -2833 102
-8268 10739 16334 16710
19 1953 -2859 -1453
2637 -217 1490 232
84 1886 -2883 -1356
2657 -288 1424 304
135 1768 -2959 -1269
2719 -368 1362 378
253 1684 -3070 -1172
2775 -395 1308 418
779 -122 1658 2079
-3380 -2484 1585 395
812 -161 1641 2117
-3390 -2504 1601 446
807 -213 1606 2165
-3402 -2527 1605 476
815 -253 1563 2219
-3427 -2557 1585 502
1022 644 -1448 55
267 -376 -45 -113
1003 633 -1408 70
257 -372 -48 -118
978 629 -1393 86
241 -360 -18 -74
963 621 -1402 105
230 -359 4 -77
-967 859 167 -1413
921 38 -378 -982
-946 860 175 -1390
894 18 -369 -964
-973 865 182 -1402
893 35 -369 -977
-968 852 189 -1431
894 50 -373 -988
-1033 -150 482 2033
314 848 312 799
-1051 -161 506 2049
322 846 308 804
-1050 -155 493 2051
342 855 321 823
-1031 -149 487 2029
333 839 297 804
-881 1449 504 167
395 -656 -1359 1297
-862 1457 479 167
388 -679 -1356 1329
-881 1449 480 190
381 -701 -1346 1339
-877 1414 499 178
377 -705 -1342 1335
233 -565 -717 418
373 -431 846 -284
210 -594 -706 449
345 -442 848 -271
196 -613 -699 475
312 -468 879 -229
169 -611 -687 483
308 -451 897 -215
-773 577 1145 589
454 208 -279 291
-759 552 1166 588
451 216 -264 304
-778 544 1181 607
419 187 -255 279
-802 550 1197 612
428 183 -236 289
1273 -55 224 208
-517 -292 -117 198
1279 -83 217 232
-516 -325 -131 180
1288 -73 213 242
-512 -330 -146 196
1296 -92 231 240
-478 -346 -155 221
-210 175 222 -472
714 618 -413 104
-211 168 193 -477
709 624 -418 144
-191 174 205 -446
702 599 -428 145
-200 159 205 -453
719 579 -421 149
41 -393 149 316
-66 -506 344 159
28 -406 150 331
-92 -540 344 164
35 -423 164 326
-103 -541 356 180
26 -423 131 361
-102 -551 365 199
-185 314 577 210
-87 -261 -344 -744
-200 300 600 203
-66 -236 -331 -750
-202 317 590 228
-77 -250 -335 -771
-201 310 607 217
-87 -223 -310 -785
-5 364 -198 322
109 549 512 -177
-19 376 -198 323
126 574 507 -207
-18 392 -226 301
110 588 518 -238
7 417 -215 298
108 597 523 -239
328 29 -636 413
-794 59 149 -93
329 50 -655 411
-784 65 177 -105
349 72 -658 383
-787 100 162 -109
333 88 -644 359
-775 112 167 -152
402 580 449 -77
-195 41 -224 -43
390 589 427 -76
-186 19 -245 -48
409 601 444 -83
-154 38 -230 -49
399 611 424 -86
-141 36 -255 -43
391 -53 -391 427
-71 -525 -241 -199
395 -53 -391 440
-64 -541 -237 -178
402 -90 -397 466
-62 -538 -234 -184
416 -81 -403 445
-86 -548 -242 -171
32 215 527 48
538 -401 701 374
16 236 515 49
536 -396 719 366
13 224 519 64
546 -405 703 371
24 219 522 52
529 -412 705 372
121 584 37 -481
-31 -322 -272 499
109 607 23 -449
-20 -337 -275 508
99 601 5 -455
-22 -331 -277 488
113 607 30 -466
-16 -336 -287 499
-351 380 6 -76
-12 -508 249 646
-365 400 21 -80
-19 -476 249 629
-343 404 20 -79
-11 -480 237 640
-349 392 4 -67
-12 -486 232 629
148 357 -164 -385
-349 606 -2 -444
168 358 -180 -398
-343 642 9 -458
167 370 -166 -407
-320 638 10 -454
179 375 -184 -415
-322 649 -4 -480
95 -441 269 -211
612 538 616 -94
66 -441 276 -218
636 514 599 -108
87 -433 255 -246
627 513 589 -85
99 -413 244 -239
642 516 597 -90
55 -361 97 870
221 -24 106 -122
38 -349 87 877
201 -43 87 -122
52 -379 93 879
212 -34 102 -131
56 -374 99 886
221 -27 92 -121
-167 -231 -527 -385
555 -334 493 -283
-173 -236 -542 -378
561 -323 503 -283
-162 -240 -524 -376
556 -327 514 -278
-178 -238 -543 -375
570 -346 497 -291
268 -210 208 -738
621 -82 348 337
263 -234 215 -736
608 -97 348 326
257 -229 196 -750
618 -74 355 318
253 -217 201 -737
610 -88 352 333
428 265 410 249
-893 798 131 173
434 249 439 226
-909 814 126 173
430 258 418 234
-902 835 161 164
440 265 443 252
-911 820 152 152
1149 300 442 803
-272 429 -469 -137
1131 327 428 802
-289 443 -456 -136
1132 316 453 793
-296 462 -479 -160
1114 352 468 766
-292 452 -459 -175
-150 -329 448 -70
-433 -87 -213 -214
-153 -322 463 -84
-457 -85 -191 -223
-190 -317 466 -99
-468 -93 -196 -229
-187 -312 446 -110
-462 -92 -168 -237
241 -435 1068 -302
-134 423 -224 403
246 -435 1068 -293
-125 440 -224 404
250 -430 1096 -313
-113 425 -225 394
228 -425 1085 -306
-118 431 -217 430
5 240 205 78
255 355 -236 109
28 215 216 65
265 348 -259 113
35 212 213 71
264 340 -246 113
32 210 190 76
260 335 -259 113
-126 285 -29 379
337 -25 -734 412
-102 254 -36 374
338 -16 -735 422
-91 255 -33 378
340 -30 -764 414
-66 264 -66 379
363 -47 -757 434
-373 285 116 -43
-48 -560 78 -733
-374 309 137 -43
-34 -545 66 -728
-387 296 115 -47
-39 -533 86 -744
-381 293 103 -55
-21 -532 69 -735
399 -292 447 -357
-16 -382 -739 1127
415 -293 452 -362
-7 -369 -743 1139
433 -278 436 -353
-17 -380 -745 1117
422 -285 433 -380
-22 -383 -745 1144
789 330 395 -645
-881 94 421 -506
756 318 418 -646
-882 105 429 -513
758 339 428 -636
-885 92 433 -537
730 337 428 -666
-907 108 446 -550
-582 -314 -555 -552
-282 2 5 418
-613 -293 -542 -558
-303 -15 20 422
-616 -291 -518 -554
-305 1 27 415
-619 -286 -517 -560
-326 16 41 407
699 33 283 -26
-224 -60 -13 -82
694 32 290 -24
-199 -59 -27 -79
671 35 309 -30
-227 -61 -10 -76
676 36 314 -36
-223 -64 9 -72
125 -260 -322 -141
-324 -365 -31 172
123 -291 -308 -146
-322 -369 10 160
111 -288 -307 -140
-351 -343 17 180
102 -291 -314 -133
-374 -335 22 161
-9 148 12 -573
-125 574 -13 343
-1 162 31 -575
-118 566 14 333
-26 149 18 -596
-140 560 11 327
-19 157 41 -572
-165 589 33 325
67 296 -565 95
-262 -390 170 -163
54 307 -564 92
-293 -370 205 -160
50 326 -542 83
-319 -377 213 -169
14 311 -529 58
-323 -379 239 -206
-229 -450 319 57
-674 -210 -550 -417
-239 -422 338 48
-683 -220 -555 -401
-242 -409 356 49
-686 -224 -515 -409
-256 -428 374 38
-716 -196 -512 -403
292 -464 13 -46
200 241 32 -609
300 -477 41 -52
194 241 60 -605
277 -490 36 -58
193 242 66 -606
279 -477 45 -31
192 251 65 -613
-373 256 -523 536
-277 -36 -24 252
-375 265 -535 536
-268 -21 0 250
-386 274 -544 536
-290 -4 -10 246
-362 261 -551 523
-280 -11 11 236
-663 -100 -693 17
-369 128 152 -585
-666 -74 -685 2
-368 110 152 -596
-670 -88 -700 -19
-372 126 158 -620
-677 -72 -692 2
-364 145 160 -622
217 253 -619 446
166 36 -190 -374
206 263 -635 442
171 28 -167 -397
210 259 -637 419
183 40 -177 -381
226 278 -617 436
165 24 -170 -376
227 78 350 73
-202 -201 -21 515
226 70 354 78
-214 -190 -1 500
214 72 358 77
-222 -197 -10 518
210 65 368 85
-240 -220 14 499
216 117 -24 -224
575 127 960 -269
199 107 -19 -209
554 122 977 -294
174 113 -14 -223
547 102 1011 -291
170 112 7 -204
521 124 1005 -279
80 -82 779 -178
625 342 257 330
58 -60 814 -157
606 340 256 348
53 -74 813 -170
590 336 273 345
39 -80 818 -164
591 335 260 371
422 144 151 314
-266 -91 156 381
424 127 153 308
-272 -101 154 402
401 128 143 316
-276 -85 154 432
414 116 162 359
-285 -93 177 429
-286 246 -190 141
-897 223 208 83
-282 219 -166 150
-930 228 219 88
-299 234 -155 159
-973 187 224 105
-322 206 -141 172
-958 187 242 112
-76 495 -165 -320
3 1402 89 -248
-103 461 -141 -313
-38 1378 135 -207
-127 438 -112 -303
-16 1300 149 -159
-130 411 -108 -281
37 1242 116 -105
15690 -338 -3338 -389
-5466 9287 19152 17132
15696 -388 -3292 -337
-5420 9242 19090 17206
15766 -498 -3349 -258
-5313 9168 19038 17275
15906 -578 -3426 -140
-5148 9087 18875 17398
1135 3026 -1679 -3393
2328 762 576 -1012
1215 3004 -1738 -3337
2411 749 489 -958
1333 2954 -1884 -3274
2484 710 361 -947
1491 2895 -2057 -3199
2578 701 253 -900
716 375 2182 2215
-2404 -2331 1575 6
748 330 2128 2221
-2413 -2331 1581 39
764 322 2076 2241
-2443 -2351 1576 49
819 315 1973 2249
-2462 -2335 1559 36
-260 159 -1094 134
424 992 -124 127
-318 183 -1063 116
382 1012 -76 104
-356 202 -1046 130
366 1028 -50 85
-380 207 -1011 124
321 1064 -10 57
-1832 449 681 -1401
321 -447 -255 586
-1862 471 738 -1404
298 -440 -232 562
-1885 499 764 -1444
282 -417 -216 549
-1921 536 794 -1470
284 -424 -180 526
-456 -189 149 656
-2 842 762 605
-475 -178 165 677
7 822 785 615
-492 -196 181 657
3 827 795 592
-497 -183 210 654
28 846 785 608
-505 288 -178 -450
1124 -490 -1363 1328
-482 290 -206 -443
1119 -497 -1379 1320
-501 299 -208 -422
1138 -501 -1377 1341
-485 302 -209 -431
1139 -484 -1396 1348
-874 75 19 329
237 -109 -153 -653
-880 74 1 316
240 -105 -152 -686
-864 77 -4 331
230 -74 -154 -683
-854 88 -9 312
217 -72 -149 -694
310 245 1246 42
-332 -371 -489 -473
299 270 1261 17
-318 -358 -484 -475
292 282 1255 23
-313 -341 -480 -502
284 281 1255 -10
-339 -365 -485 -506
430 -301 -361 -579
733 422 -310 193
441 -294 -341 -590
723 431 -322 194
428 -283 -360 -605
725 423 -319 182
446 -281 -366 -607
744 441 -328 186
-512 -161 1145 -347
-335 248 -577 424
-529 -149 1150 -371
-348 250 -579 415
-497 -160 1132 -358
-346 254 -570 384
-513 -159 1135 -352
-345 251 -579 384
-675 278 -639 -202
431 -26 -95 -41
-639 284 -648 -213
418 -4 -99 -45
-641 290 -641 -228
434 -25 -83 -56
-646 290 -634 -234
437 -20 -111 -52
-240 492 29 0
345 873 160 924
-240 489 19 8
376 888 154 936
-223 490 0 -7
378 878 161 937
-224 481 14 -19
383 911 143 917
-178 -99 -535 -261
-568 26 180 220
-166 -97 -541 -271
-565 31 169 241
-160 -105 -540 -276
-576 28 168 220
-156 -109 -541 -263
-559 5 176 238
-179 -259 -455 140
169 626 229 -222
-190 -265 -437 124
154 640 209 -234
-201 -265 -444 136
159 622 202 -229
-200 -266 -459 126
168 646 218 -218
217 7 -222 -3
-225 -389 43 -750
229 4 -206 -18
-228 -390 54 -746
217 1 -234 -25
-214 -388 37 -744
232 -6 -228 -11
-220 -392 48 -741
-1254 -108 -505 440
-740 853 -796 847
-1253 -113 -529 422
-727 858 -792 877
-1270 -108 -519 447
-706 846 -811 866
-1245 -127 -533 438
-728 826 -818 864
-530 -108 -1262 -268
-192 204 -32 111
-525 -128 -1255 -265
-173 180 -47 120
-518 -137 -1252 -266
-156 165 -61 153
-509 -128 -1273 -253
-138 156 -78 154
864 -316 501 37
-250 159 -739 95
868 -315 491 33
-252 139 -751 124
879 -362 482 52
-250 123 -768 135
894 -371 472 76
-237 101 -792 169
-544 -219 -277 111
-123 68 57 163
-550 -223 -291 135
-116 22 47 187
-544 -270 -309 153
-106 14 61 200
-552 -282 -298 180
-132 -6 45 239
590 -934 139 423
-404 327 419 -582
590 -951 119 428
-428 303 413 -577
567 -978 136 460
-424 316 398 -563
560 -991 128 463
-428 292 409 -532
385 224 -199 301
484 -142 597 -107
368 228 -184 309
463 -142 585 -97
367 216 -181 345
451 -150 597 -110
362 192 -172 347
433 -153 615 -97
-167 287 -294 397
-368 20 31 169
-173 293 -301 412
-376 36 21 167
-179 304 -283 399
-406 42 49 168
-199 281 -259 409
-393 49 58 172
219 -406 -7 -747
-38 65 126 -88
220 -401 4 -723
-55 56 117 -94
221 -395 -7 -726
-50 67 120 -86
221 -410 3 -743
-35 56 119 -87
-172 -258 -447 99
223 453 101 338
-169 -251 -425 110
224 454 63 347
-176 -235 -453 85
245 426 65 344
-153 -243 -447 100
247 432 50 330
222 -322 -243 269
38 -135 325 -718
223 -331 -253 270
46 -135 303 -703
261 -309 -260 288
68 -147 316 -711
266 -318 -275 289
75 -143 293 -701
-71 454 107 328
20 -545 387 -203
-60 446 105 319
3 -547 395 -203
-42 441 70 341
3 -569 396 -213
-49 446 74 329
28 -582 389 -184
279 -484 304 -379
95 -180 -174 42
303 -482 288 -377
93 -208 -181 52
298 -493 284 -340
107 -200 -188 78
321 -504 287 -331
117 -223 -200 66
71 299 -285 37
-359 683 -183 309
94 294 -305 33
-349 669 -213 308
98 285 -315 51
-343 662 -207 304
122 290 -315 42
-321 638 -242 334
-202 -176 -726 235
-200 -635 -417 159
-192 -190 -748 219
-182 -631 -432 179
-170 -184 -772 243
-174 -664 -418 192
-158 -190 -774 246
-191 -664 -442 188
-821 -90 -215 -269
-25 301 -348 -343
-821 -95 -200 -279
0 288 -355 -323
-840 -89 -221 -264
-15 280 -367 -333
-824 -113 -235 -265
-27 293 -357 -328
-124 322 -233 -109
27 -59 1 631
-136 338 -228 -90
16 -72 9 653
-148 340 -242 -71
4 -49 16 660
-147 325 -215 -97
-4 -62 -7 661
-268 61 82 -204
-372 20 510 -132
-295 43 85 -200
-365 8 525 -149
-293 42 100 -210
-375 -9 522 -142
-298 53 115 -198
-372 12 537 -158
739 -62 -23 280
-74 106 -310 157
734 -59 -28 284
-81 104 -316 152
732 -58 -3 291
-67 102 -280 147
729 -51 -6 288
-83 145 -284 145
-941 134 -308 -358
416 527 95 311
-919 140 -290 -367
420 530 108 325
-940 135 -280 -377
426 539 102 307
-956 144 -297 -370
405 548 86 316
427 498 232 1075
-717 428 -616 527
436 509 223 1076
-708 422 -624 530
476 520 224 1074
-703 413 -635 531
471 492 224 1072
-673 444 -660 518
-175 782 -12 -51
212 15 -63 986
-187 758 -19 -54
222 25 -82 989
-169 765 -14 -54
242 4 -109 977
-159 789 -58 -65
222 12 -114 998
-280 352 -775 266
-272 107 -521 620
-267 339 -782 264
-271 83 -550 622
-273 347 -805 277
-266 89 -531 633
-262 333 -810 275
-279 63 -556 638
280 9 260 -5
-151 -141 475 209
275 -9 276 12
-156 -142 470 221
270 -18 267 18
-143 -160 479 217
270 -37 258 33
-146 -162 471 230
87 -445 -609 186
-483 50 -370 -416
82 -437 -594 172
-458 40 -366 -404
92 -451 -618 196
-471 33 -374 -416
96 -450 -611 185
-486 66 -380 -398
-806 15 73 173
262 803 284 -91
-811 29 87 169
269 812 259 -100
-809 45 82 163
290 821 276 -113
-808 29 77 172
291 822 283 -116
453 230 -672 107
-201 214 54 684
445 245 -663 108
-199 207 47 669
455 252 -691 110
-204 211 66 671
450 268 -683 83
-202 217 58 670
-143 -152 -169 -340
242 25 24 513
-150 -183 -167 -319
226 39 25 516
-130 -178 -153 -321
209 12 21 504
-141 -171 -151 -326
223 31 31 497
42 42 541 -58
-746 280 -322 575
16 48 541 -64
-729 267 -330 579
30 66 550 -77
-726 286 -316 564
19 59 542 -82
-749 280 -308 543
-256 160 -415 -195
-78 -369 41 -235
-263 170 -403 -177
-61 -369 30 -250
-252 167 -420 -211
-47 -365 46 -266
-228 182 -390 -200
-56 -375 20 -281
337 59 -424 -301
287 48 527 292
342 69 -423 -295
291 50 529 294
346 51 -422 -301
300 43 532 304
358 60 -422 -322
285 52 522 274
-685 -4 -1328 -74
-296 8 627 420
-703 12 -1330 -58
-307 -3 644 402
-725 2 -1336 -79
-317 0 666 405
-736 18 -1297 -68
-324 14 660 400
-671 -249 50 -89
105 805 -294 15
-678 -249 74 -84
110 807 -287 7
-673 -239 95 -113
74 819 -260 -10
-716 -204 112 -108
75 836 -244 -31
-736 -425 149 -424
-172 -45 -664 269
-725 -421 168 -427
-195 -43 -655 266
-735 -408 161 -437
-227 -51 -654 292
-759 -401 179 -451
-199 -81 -639 282
-524 278 -585 111
721 15 -316 -709
-558 248 -563 97
681 14 -256 -676
-584 242 -540 125
681 -44 -248 -661
-552 208 -531 136
732 -96 -292 -608
16335 -343 -3386 2
-812 8098 21780 14440
16325 -339 -3330 41
-795 8092 21747 14457
16338 -399 -3390 68
-732 8069 21727 14509
16460 -440 -3434 141
-591 7995 21592 14564
863 3536 1584 -3722
1153 2947 1853 -301
921 3531 1570 -3727
1179 2915 1802 -294
1015 3495 1462 -3722
1242 2906 1706 -276
1126 3474 1314 -3654
1327 2874 1637 -240
-203 396 2295 1907
-109 -2448 899 451
-187 363 2294 1924
-157 -2471 935 456
-204 356 2245 1950
-194 -2470 945 467
-200 333 2187 1956
-220 -2476 968 482
-488 -279 166 -17
-362 894 -227 -596
-549 -284 205 -10
-398 896 -188 -648
-578 -270 278 -14
-452 936 -121 -669
-633 -245 279 -17
-502 979 -83 -669
-1741 205 1557 -443
423 863 -1290 -418
-1775 213 1577 -496
404 871 -1238 -452
-1799 256 1632 -523
410 896 -1224 -457
-1826 297 1682 -554
380 897 -1220 -497
-433 -506 -1284 1280
-1374 812 255 483
-453 -503 -1283 1301
-1378 815 250 479
-448 -512 -1249 1280
-1379 776 247 494
-469 -511 -1252 1282
-1398 775 251 492
88 565 149 180
391 -739 -1046 781
77 539 124 198
379 -754 -1039 790
90 523 141 193
380 -766 -1039 826
75 519 128 224
383 -789 -1037 837
-357 786 59 590
655 -804 -56 -1327
-374 788 41 584
673 -793 -67 -1306
-353 751 55 602
670 -824 -73 -1310
-367 751 62 604
680 -820 -54 -1291
214 113 871 386
-29 -139 -124 -80
220 102 854 403
-26 -152 -128 -92
218 102 876 401
-11 -141 -133 -67
221 90 869 425
-2 -156 -140 -75
329 -41 -603 -648
-507 184 -101 -157
329 -28 -623 -634
-502 176 -108 -158
328 -44 -619 -636
-495 156 -114 -150
346 -64 -650 -631
-527 158 -102 -128
-411 445 390 794
-87 410 -593 629
-404 435 390 805
-89 387 -610 645
-413 438 378 833
-90 380 -597 629
-403 425 390 820
-96 384 -582 659
892 -5 8 512
1165 -100 636 -1109
908 2 -3 503
1180 -81 643 -1081
914 -2 16 520
1179 -86 657 -1093
892 0 0 507
1184 -90 646 -1108
-62 -463 860 297
33 219 357 -331
-68 -454 875 283
18 207 369 -323
-85 -464 870 284
5 228 355 -330
-68 -433 872 286
19 218 373 -325
-137 473 -423 281
-723 -568 -50 -315
-153 469 -412 279
-732 -564 -47 -317
-140 470 -392 269
-738 -562 -47 -320
-154 466 -388 267
-749 -573 -43 -320
459 -409 -160 108
-152 -41 -63 -906
443 -413 -157 113
-150 -41 -74 -898
443 -415 -161 121
-153 -36 -59 -894
441 -417 -160 103
-150 -39 -44 -889
-409 -320 95 454
823 478 271 -349
-412 -345 80 432
858 474 270 -368
-416 -345 67 455
865 476 257 -345
-395 -335 94 446
880 465 241 -340
722 -711 -250 -193
-13 -262 508 72
716 -723 -264 -178
-9 -273 501 103
737 -713 -265 -175
1 -298 489 88
739 -734 -281 -151
21 -305 473 124
-895 142 -331 -760
-226 -254 53 694
-876 154 -346 -755
-222 -263 35 693
-860 130 -362 -760
-219 -251 22 716
-874 124 -362 -722
-235 -254 49 696
6 507 -936 -92
-515 194 -601 -35
4 516 -929 -94
-532 200 -605 -37
1 527 -920 -101
-529 210 -594 -41
8 531 -942 -74
-543 216 -603 -39
-718 251 -387 -142
217 543 731 142
-728 274 -371 -135
224 564 717 143
-717 274 -393 -145
202 552 719 136
-722 303 -379 -143
200 547 742 127
46 193 -417 389
590 117 76 413
32 193 -414 393
592 137 86 409
19 181 -407 361
585 118 77 425
44 179 -397 373
601 102 104 416
-13 442 338 -161
-557 224 34 422
-2 430 323 -170
-564 205 28 420
-29 407 332 -168
-583 208 34 433
-32 413 349 -156
-567 202 43 445
993 147 218 594
-528 -292 -320 338
977 139 210 611
-524 -295 -336 354
999 132 213 624
-514 -283 -315 366
992 124 200 613
-513 -284 -336 383
-169 7 234 -355
442 439 335 -681
-177 12 235 -373
451 469 341 -697
-151 30 217 -371
476 470 333 -700
-158 42 221 -393
461 512 330 -729
431 -62 -337 -11
222 306 352 566
447 -35 -355 -21
221 337 355 538
446 -6 -348 -28
223 343 332 499
463 3 -367 -56
232 360 333 509
618 -219 654 117
-204 615 -249 -447
629 -215 639 94
-216 630 -256 -460
638 -203 622 75
-204 605 -254 -457
643 -177 636 71
-186 627 -252 -479
510 294 65 250
-149 -537 49 289
511 323 73 263
-175 -525 54 277
506 329 75 244
-152 -514 33 273
515 331 74 246
-145 -510 41 269
589 -103 549 -899
71 440 798 529
599 -83 562 -906
86 414 810 525
582 -105 579 -922
59 444 823 507
568 -89 573 -929
71 463 841 513
-65 -446 418 -746
-1224 -469 -947 -641
-86 -438 435 -761
-1229 -460 -942 -651
-100 -439 433 -779
-1228 -470 -940 -646
-111 -429 450 -782
-1241 -446 -910 -664
-60 97 35 396
-67 -153 -600 -126
-66 120 17 374
-52 -136 -588 -135
-48 107 40 378
-74 -129 -588 -131
-52 96 27 375
-80 -155 -591 -136
339 -794 -259 -395
-657 820 396 -82
346 -789 -253 -407
-659 806 404 -69
344 -807 -265 -406
-660 818 388 -67
321 -793 -265 -393
-668 816 406 -83
896 -518 -98 -184
-525 81 -257 -194
898 -514 -89 -179
-555 87 -234 -214
894 -504 -82 -209
-542 82 -232 -232
904 -493 -76 -212
-560 113 -216 -216
-269 -49 487 -116
-51 -207 -35 -473
-281 -43 478 -119
-45 -221 -43 -466
-295 -46 489 -143
-41 -207 -51 -474
-300 -39 504 -148
-69 -222 -38 -468
162 -565 19 -95
-389 182 -337 -50
172 -582 8 -93
-394 174 -326 -34
172 -579 -1 -84
-383 190 -346 -58
180 -601 -6 -78
-381 179 -337 -40
350 183 61 88
90 -558 -267 -221
352 180 42 92
86 -555 -288 -201
357 145 47 112
96 -566 -268 -170
352 130 59 123
72 -564 -280 -177
172 -403 723 80
6 -73 13 -317
177 -413 730 86
-24 -61 30 -333
166 -409 743 66
-15 -60 31 -320
156 -392 735 85
-15 -51 33 -340
637 545 229 -153
41 660 -103 152
639 542 219 -173
17 672 -80 165
624 554 232 -177
24 685 -71 144
622 573 216 -186
9 708 -79 121
-617 -686 -331 572
334 724 448 -191
-623 -677 -330 583
312 732 445 -188
-643 -687 -331 552
320 718 427 -198
-655 -671 -333 559
321 736 439 -173
-106 74 183 171
-227 -158 -123 -308
-131 69 186 159
-220 -137 -117 -316
-128 78 195 147
-216 -153 -115 -308
-121 70 204 163
-234 -133 -127 -320
-192 -294 -604 169
-14 -46 357 -201
-206 -305 -601 153
-41 -47 376 -207
-208 -293 -582 158
-22 -44 373 -220
-227 -307 -573 147
-51 -46 398 -227
139 592 53 108
-359 168 -161 629
135 616 57 103
-367 166 -144 615
120 607 82 86
-368 184 -153 621
117 631 85 80
-377 170 -136 613
-135 187 -156 -213
270 -696 -102 -335
-144 171 -154 -212
269 -697 -87 -337
-143 187 -158 -206
259 -689 -93 -347
-160 182 -154 -236
265 -678 -109 -358
-296 178 208 -130
59 -25 370 296
-280 178 193 -152
50 -39 368 284
-304 196 202 -135
32 -26 381 284
-305 201 191 -133
55 -39 366 304
-36 -262 -305 -809
119 -381 109 121
-47 -286 -300 -821
121 -403 108 120
-34 -276 -282 -832
111 -402 108 156
-41 -280 -286 -806
113 -416 105 154
-103 16 -202 -173
-148 59 -289 103
-127 19 -188 -178
-146 54 -287 132
-117 10 -192 -184
-149 51 -293 137
-106 -6 -173 -158
-142 48 -303 145
199 -268 487 15
332 -92 -163 -27
195 -285 486 12
331 -94 -169 1
199 -282 454 23
318 -110 -178 -17
226 -275 459 31
351 -109 -188 5
-496 108 748 -361
-79 -637 43 289
-496 115 755 -348
-78 -638 58 290
-500 90 740 -343
-54 -656 35 307
-493 98 740 -332
-63 -656 30 309
-39 219 -547 -1029
-170 -482 -29 166
-30 191 -562 -1021
-154 -482 -61 171
-12 196 -560 -1031
-146 -490 -63 173
-29 172 -558 -1029
-121 -493 -47 177
-149 -65 -329 431
-711 -86 150 -102
-160 -82 -334 438
-703 -86 162 -98
-135 -95 -328 419
-735 -94 146 -94
-139 -75 -361 435
-712 -88 149 -69
925 421 47 -257
959 107 150 -736
898 405 88 -260
908 128 220 -743
870 405 84 -270
862 117 260 -730
888 395 80 -236
887 75 241 -687
15391 -1048 -3701 969
2878 6630 21566 12089
15327 -1011 -3596 969
2826 6633 21636 12070
15263 -1057 -3565 997
2813 6644 21666 12075
15335 -1105 -3589 1040
2866 6572 21615 12150
253 3560 5359 -4333
-1598 3199 3194 -936
239 3565 5405 -4334
-1615 3175 3226 -929
245 3550 5399 -4325
-1628 3167 3212 -926
272 3514 5346 -4277
-1613 3153 3168 -887
140 334 1577 867
246 -2334 889 139
118 314 1604 870
217 -2347 919 151
94 291 1624 900
185 -2354 953 165
76 250 1625 908
123 -2382 976 189
-34 -967 -237 -318
-60 599 49 -1010
-64 -945 -201 -327
-107 597 114 -1016
-107 -972 -163 -310
-146 617 153 -1027
-124 -952 -115 -312
-187 618 187 -1035
-904 355 1129 -480
-1091 168 -1266 -196
-919 372 1164 -464
-1095 162 -1259 -189
-961 402 1194 -487
-1114 152 -1241 -189
-971 391 1229 -515
-1138 164 -1203 -196
-610 -233 -1021 1291
-636 1195 -637 1168
-638 -220 -990 1317
-661 1168 -616 1204
-669 -255 -979 1342
-666 1148 -627 1221
-661 -281 -966 1338
-677 1131 -618 1237
-86 192 607 -1036
-137 -335 -1043 977
-82 170 611 -1008
-138 -385 -1022 990
-110 142 635 -986
-160 -409 -991 1021
-139 119 662 -970
-201 -441 -970 1052
-5 -520 1075 598
-157 -531 -82 -790
-20 -559 1100 619
-171 -558 -68 -771
-34 -583 1107 635
-189 -586 -54 -727
-59 -598 1153 667
-206 -609 -33 -715
525 -869 126 -455
603 -20 -428 -216
524 -873 137 -434
597 -32 -438 -200
524 -901 148 -420
573 -68 -442 -188
507 -906 147 -401
589 -83 -414 -170
-148 -825 801 -959
40 149 -583 499
-157 -857 810 -947
26 123 -559 509
-141 -887 809 -931
28 93 -576 551
-147 -896 816 -910
16 67 -559 561
-1058 -268 -386 -159
-697 -405 60 -62
-1067 -272 -371 -137
-698 -426 68 -36
-1104 -322 -368 -116
-703 -465 84 -19
-1117 -336 -352 -92
-712 -505 96 20
-238 -364 -611 291
180 -776 402 -943
-251 -402 -591 326
161 -809 413 -932
-268 -403 -567 351
137 -833 429 -885
-285 -446 -541 370
121 -842 443 -864
137 244 -515 73
-152 -39 130 399
117 242 -482 114
-162 -44 126 416
90 207 -495 118
-175 -59 151 415
84 179 -471 150
-191 -69 174 443
-651 660 21 140
-466 1056 25 369
-642 655 37 151
-477 1058 32 379
-664 657 47 130
-491 1071 49 379
-661 658 66 140
-504 1058 62 373
-9 294 -819 937
-335 -564 156 13
-8 294 -810 909
-345 -534 153 19
-15 317 -798 919
-348 -539 172 12
-18 298 -790 929
-344 -537 186 -16
205 417 -86 -519
14 -99 265 -36
192 419 -64 -507
-13 -96 264 -49
210 406 -64 -532
-10 -81 267 -19
201 411 -74 -516
-8 -79 278 -34
-99 914 28 275
732 -684 216 719
-103 907 38 302
712 -674 204 715
-103 889 39 284
736 -684 192 747
-105 889 42 309
749 -706 186 735
82 697 637 -333
101 -558 89 55
103 694 622 -322
114 -589 76 54
95 697 616 -339
126 -581 66 61
119 692 593 -324
142 -585 49 73
-6 173 -58 556
230 3 -57 -366
-11 192 -62 567
263 20 -85 -353
1 174 -72 591
269 7 -102 -372
14 167 -82 588
268 14 -116 -355
-166 -52 -310 -89
522 -501 -107 -184
-168 -56 -337 -87
510 -500 -99 -172
-160 -48 -314 -64
525 -504 -130 -186
-132 -45 -327 -91
531 -503 -134 -175
-264 27 -25 73
185 125 844 -706
-241 22 -40 91
185 105 840 -704
-253 25 -45 79
179 116 847 -701
-247 23 -34 98
179 128 823 -697
-71 291 -63 873
296 449 349 766
-60 289 -64 883
276 461 350 761
-55 263 -62 876
298 461 360 761
-48 271 -64 879
282 446 364 742
-366 -269 -471 175
-112 163 -139 -253
-369 -269 -482 188
-109 160 -147 -291
-373 -257 -473 173
-92 171 -161 -291
-367 -249 -491 188
-89 181 -143 -291
559 -582 99 -866
-204 -54 -243 440
587 -585 88 -853
-204 -49 -259 462
579 -591 94 -868
-192 -75 -253 448
580 -559 75 -881
-205 -64 -260 463
396 -323 469 -157
339 -123 13 189
392 -322 483 -150
355 -152 1 204
409 -330 462 -162
368 -135 9 198
414 -332 449 -156
378 -161 -7 215
191 -80 512 -631
-54 -659 -401 410
196 -75 512 -636
-41 -675 -409 393
204 -80 514 -622
-31 -677 -419 398
214 -79 486 -630
-1 -678 -421 400
-206 1099 305 -614
-523 -223 197 993
-222 1095 294 -588
-509 -213 180 982
-201 1101 292 -602
-500 -212 185 975
-183 1109 260 -616
-486 -214 160 968
773 -230 -320 521
454 245 7 -589
783 -229 -319 501
467 272 0 -575
797 -213 -320 499
484 268 -11 -602
820 -201 -325 499
468 304 -32 -620
479 -300 434 -291
-209 494 84 -145
494 -278 448 -295
-210 476 75 -141
486 -265 448 -318
-210 513 68 -164
490 -251 423 -324
-224 520 91 -196
-323 616 -63 401
-131 -779 316 -411
-321 644 -58 379
-148 -758 326 -450
-348 661 -62 356
-158 -748 342 -456
-361 675 -48 341
-170 -730 329 -467
-613 -363 -882 -463
72 950 136 20
-624 -344 -891 -490
82 953 148 24
-615 -334 -862 -511
54 947 153 -14
-628 -322 -876 -506
65 966 168 -11
337 -111 240 99
-298 57 -93 5
341 -102 257 66
-291 54 -81 -1
347 -72 254 73
-287 63 -69 -13
308 -70 269 64
-289 58 -74 -16
461 -504 228 -360
-456 -105 -340 -210
471 -489 231 -378
-464 -128 -317 -207
470 -497 238 -363
-464 -125 -322 -212
473 -494 220 -378
-435 -139 -322 -188
922 -358 318 140
-13 -516 231 -294
931 -363 333 160
-16 -530 228 -280
921 -378 330 181
-13 -530 226 -293
911 -386 325 177
-22 -521 227 -267
-428 212 389 -667
137 299 -118 206
-421 193 379 -679
142 286 -113 211
-423 198 399 -656
150 282 -107 212
-421 210 393 -666
160 320 -102 215
327 -940 -112 -122
-74 -306 19 -931
355 -916 -111 -125
-74 -280 21 -944
346 -921 -119 -140
-67 -271 -1 -948
349 -926 -132 -136
-58 -285 2 -964
86 700 414 112
516 179 -837 461
112 677 397 118
533 189 -852 449
113 702 367 105
537 162 -864 449
138 693 376 89
557 163 -885 466
-150 -236 48 154
-359 -212 112 -219
-176 -243 48 145
-365 -218 103 -191
-156 -240 28 161
-365 -214 110 -193
-149 -259 36 160
-369 -242 93 -200
464 -201 108 -311
91 -489 390 -270
427 -205 108 -307
101 -480 405 -266
416 -208 143 -307
81 -477 404 -260
428 -214 145 -302
62 -471 425 -254
-26 -93 608 324
-322 269 18 -661
-48 -85 605 313
-320 281 31 -664
-43 -50 618 318
-312 286 35 -672
-70 -42 623 311
-321 303 52 -679
-146 747 225 148
508 -590 179 33
-139 757 246 150
513 -574 157 35
-145 781 252 120
516 -588 164 23
-120 794 242 120
530 -595 162 30
-7 644 -359 -19
-61 -251 146 605
8 621 -363 -16
-61 -270 145 622
-6 598 -378 -7
-58 -273 151 638
6 599 -357 -14
-52 -285 149 623
-941 -422 -561 -314
82 -265 -531 -527
-941 -427 -568 -302
88 -256 -539 -511
-927 -463 -579 -275
102 -289 -526 -495
-953 -465 -601 -270
79 -311 -540 -489
-585 224 -92 630
542 -286 -56 -938
-564 204 -109 635
527 -279 -57 -909
-552 195 -95 622
519 -296 -55 -899
-552 195 -101 648
533 -280 -68 -913
-245 92 197 280
-281 -142 98 1087
-252 65 174 290
-292 -140 110 1082
-243 47 195 302
-264 -133 128 1106
-235 57 182 317
-269 -153 106 1084
148 74 -281 -872
-200 -493 -158 301
151 64 -296 -883
-188 -494 -158 323
150 65 -289 -856
-187 -475 -151 313
158 61 -308 -872
-203 -500 -161 325
-709 304 -741 180
116 -134 -764 -262
-713 303 -732 162
103 -110 -757 -266
-711 304 -749 165
104 -121 -759 -283
-718 303 -735 150
93 -99 -752 -289
511 185 630 489
191 216 720 267
503 196 634 501
207 233 729 255
488 198 665 477
178 216 735 263
478 208 672 493
182 231 749 253
345 353 385 -203
-411 104 -191 387
297 368 404 -199
-428 87 -160 379
289 348 410 -196
-479 98 -165 391
297 364 407 -192
-496 75 -141 387
248 311 615 -701
2002 -122 -20 584
198 318 641 -711
1894 -98 96 585
109 322 666 -702
1786 -93 187 590
102 314 727 -703
1739 -111 226 589
14911 -2002 -3335 450
1709 5643 21073 7572
14732 -1958 -3177 429
1528 5679 21227 7541
14599 -1962 -3111 426
1413 5669 21364 7525
14583 -1995 -3041 462
1351 5635 21429 7563
-623 1392 5800 -4397
-3147 2795 4382 -561
-751 1388 5986 -4420
-3256 2784 4519 -560
-862 1361 6067 -4409
-3352 2767 4585 -519
-933 1330 6123 -4363
-3424 2723 4671 -486
1544 -175 2059 -301
660 -1941 727 -386
1475 -182 2141 -284
624 -1966 788 -341
1409 -250 2237 -261
556 -1967 838 -322
1358 -293 2262 -223
526 -2003 888 -288
-461 -2397 490 -960
869 1631 -76 -532
-485 -2389 529 -935
845 1624 -43 -514
-517 -2414 576 -946
816 1643 -7 -526
-552 -2417 609 -911
797 1661 -2 -510
-823 -356 1342 -619
-486 587 -1181 -617
-848 -333 1348 -643
-495 585 -1136 -600
-857 -325 1376 -639
-522 603 -1137 -618
-899 -309 1391 -644
-521 585 -1127 -647
-619 -833 -510 0
-32 43 -277 899
-635 -828 -491 -11
-45 18 -280 907
-655 -839 -467 7
-36 20 -269 934
-660 -846 -454 3
-63 -11 -241 953
-585 -346 1039 -712
350 -350 -944 316
-611 -370 1034 -690
347 -360 -951 338
-602 -397 1040 -670
372 -380 -932 368
-606 -429 1058 -645
376 -399 -950 398
83 -254 -83 -386
-127 -724 3 -741
66 -270 -97 -354
-96 -739 -7 -746
96 -277 -111 -349
-94 -749 -9 -758
116 -278 -122 -349
-93 -730 -40 -734
243 541 -83 625
-450 -603 -135 -345
255 556 -83 619
-445 -585 -146 -358
268 558 -77 598
-449 -582 -153 -337
260 574 -114 618
-455 -559 -161 -353
-79 589 -78 -554
-205 1011 -34 1393
-62 598 -44 -572
-205 1001 -31 1392
-63 628 -50 -579
-196 1031 -27 1396
-66 623 -55 -568
-197 1031 -21 1374
-465 681 -37 696
83 -147 -113 -397
-483 707 -44 712
90 -121 -130 -428
-469 696 -15 690
95 -111 -123 -424
-473 710 -25 686
80 -101 -125 -425
-237 -87 -38 -39
282 467 -922 308
-212 -90 -44 -45
270 462 -917 296
-229 -69 -52 -34
257 457 -935 280
-247 -70 -28 -64
261 486 -910 276
425 -429 394 -168
74 480 952 236
401 -429 409 -171
70 493 955 259
412 -411 432 -163
44 492 987 234
393 -406 418 -176
28 483 993 244
493 657 212 768
-367 147 -45 341
469 659 240 762
-373 157 -40 320
479 672 252 752
-382 161 -41 325
465 674 251 751
-392 171 -38 302
-44 146 678 285
689 -313 -73 -556
-80 158 674 275
687 -327 -66 -574
-83 171 681 267
671 -297 -86 -589
-81 184 690 257
676 -279 -62 -602
284 537 172 212
-113 -425 372 -284
285 557 178 208
-112 -410 359 -277
275 556 168 209
-145 -413 365 -279
294 550 164 187
-134 -420 372 -311
406 -108 305 180
-52 -298 -188 -338
422 -92 308 166
-48 -302 -185 -337
410 -82 307 186
-50 -299 -176 -335
402 -106 324 171
-70 -307 -181 -354
-95 231 89 23
-237 -249 425 176
-84 232 113 10
-251 -259 417 170
-80 225 93 28
-260 -241 435 179
-104 256 114 25
-256 -252 449 170
133 -246 814 -403
-631 -113 -642 -15
149 -249 806 -404
-615 -96 -641 -27
136 -233 819 -417
-627 -108 -644 -24
152 -235 813 -420
-607 -82 -647 -38
114 -155 -1188 -215
-258 -196 245 -906
134 -133 -1182 -231
-246 -189 249 -896
120 -150 -1181 -246
-247 -210 220 -916
117 -136 -1190 -233
-237 -208 230 -903
724 -121 -222 -231
83 116 424 -66
716 -132 -225 -226
69 104 426 -60
715 -152 -205 -211
60 106 454 -37
711 -136 -210 -194
48 84 456 -32
244 -304 554 518
726 244 597 316
234 -320 563 551
703 262 601 328
190 -329 591 552
688 246 608 327
194 -332 595 558
672 222 636 362
-632 -229 -199 79
35 498 627 26
-632 -207 -208 105
22 506 657 23
-659 -212 -183 98
-3 509 672 26
-684 -220 -161 96
-18 520 685 28
-255 210 442 178
-602 303 -999 -377
-291 228 451 171
-611 318 -1012 -372
-284 237 443 169
-597 340 -996 -400
-283 229 462 154
-609 316 -992 -399
-406 87 -421 238
80 409 220 705
-395 90 -431 239
73 418 210 670
-395 103 -438 233
104 417 185 664
-385 113 -445 213
98 446 178 671
-385 508 -835 -214
50 416 -19 138
-367 528 -846 -212
54 403 -38 141
-341 532 -868 -206
74 422 -62 128
-317 555 -886 -209
95 401 -88 136
-216 -128 -1126 556
439 326 335 -48
-191 -142 -1148 559
438 346 321 -45
-179 -152 -1144 554
446 330 329 -56
-159 -159 -1148 529
430 326 325 -69
-551 359 126 317
75 558 -31 313
-574 356 144 314
61 571 -5 327
-577 358 148 288
48 551 -12 327
-574 355 151 290
32 569 11 336
-673 473 679 400
275 -141 -907 267
-699 477 700 423
287 -141 -893 260
-701 457 690 411
281 -157 -875 261
-695 466 723 430
284 -162 -890 253
-466 -654 -594 12
-736 -143 -38 -165
-486 -667 -620 13
-765 -134 -32 -149
-492 -687 -599 -7
-757 -160 -16 -169
-494 -678 -585 8
-753 -154 -2 -155
-233 -8 -51 -189
359 163 56 726
-258 -11 -66 -165
354 151 48 715
-248 -21 -53 -160
345 149 61 726
-250 -29 -33 -131
339 127 51 725
116 296 525 -317
163 -153 -67 -563
110 287 513 -292
161 -184 -71 -535
101 269 505 -293
163 -190 -78 -524
121 250 506 -262
167 -218 -88 -522
760 177 155 450
-72 161 203 556
773 175 155 486
-65 141 192 577
760 152 140 476
-76 114 190 603
778 146 136 514
-72 96 177 629
976 499 905 730
-450 192 133 306
987 494 899 736
-461 167 118 329
1004 474 867 750
-431 150 106 326
1017 455 863 794
-405 154 96 364
42 59 -822 -228
311 -235 770 128
48 83 -847 -208
318 -230 737 157
59 72 -858 -202
344 -249 749 156
64 64 -865 -199
352 -259 721 150
116 169 79 -43
241 -72 -196 -77
138 171 66 -57
240 -47 -210 -63
145 165 55 -65
275 -44 -242 -87
140 168 31 -51
286 -34 -256 -88
-10 -611 -470 -563
11 118 306 -300
7 -610 -481 -583
36 136 293 -306
25 -584 -503 -590
50 157 283 -319
40 -592 -490 -580
43 169 264 -322
718 15 348 346
-205 -47 -65 -323
719 39 348 336
-199 -55 -75 -327
726 49 320 332
-192 -28 -88 -350
726 80 329 293
-187 -25 -99 -361
80 297 -115 281
7 -82 -82 -20
86 295 -127 272
17 -81 -87 -41
90 313 -139 251
11 -77 -86 -40
93 312 -151 269
16 -70 -87 -65
-221 -161 363 -701
26 90 -387 355
-210 -130 368 -699
26 99 -375 342
-205 -127 354 -711
36 105 -395 337
-199 -121 365 -727
39 104 -383 336
20 -261 -28 76
135 669 19 -187
35 -252 -40 80
157 669 -3 -191
68 -244 -61 83
156 669 -12 -199
55 -230 -80 58
175 675 -27 -209
378 469 -720 885
713 296 608 283
387 465 -748 896
708 293 598 264
415 477 -735 901
718 293 583 266
417 488 -765 907
734 283 543 272
-268 -434 616 -282
-56 245 -702 767
-253 -442 586 -285
-38 249 -705 760
-240 -424 581 -252
-47 243 -720 783
-263 -437 568 -254
-32 246 -716 783
-106 -117 -41 80
41 160 -449 -457
-96 -107 -48 108
48 172 -439 -451
-83 -106 -50 93
32 152 -442 -429
-83 -126 -51 114
40 169 -462 -422
-84 474 122 155
-113 293 26 249
-59 496 138 159
-116 281 24 256
-59 477 147 163
-114 276 26 240
-50 470 118 158
-105 297 21 259
-384 -430 -609 628
15 -117 291 -442
-376 -423 -612 627
-4 -99 271 -463
-389 -436 -629 613
-2 -105 298 -448
-386 -437 -607 641
-27 -95 284 -465
105 297 -363 17
-180 438 101 257
91 313 -335 21
-184 448 95 269
89 318 -314 7
-210 461 121 256
66 322 -331 19
-224 475 146 244
-179 289 465 73
-103 183 -29 -222
-194 299 485 68
-113 170 7 -219
-219 294 488 66
-118 189 13 -233
-248 300 520 62
-160 201 16 -219
442 -417 355 283
-165 513 6 -247
420 -414 383 281
-202 500 15 -241
407 -415 407 275
-255 521 14 -227
405 -426 406 277
-250 508 48 -245
171 498 650 599
1617 439 -286 -40
129 506 685 580
1494 474 -180 -96
71 520 731 582
1395 494 -134 -104
41 525 753 573
1380 486 -82 -92
13147 -3131 -3610 1134
-2737 5319 17591 5030
12973 -3076 -3436 1105
-2929 5339 17783 4983
12827 -3068 -3332 1082
-3090 5373 17946 4968
12778 -3084 -3253 1091
-3176 5311 18010 5013
-651 -179 2021 -5573
-3622 1350 4406 -1346
-817 -170 2199 -5597
-3759 1332 4562 -1367
-965 -178 2335 -5592
-3899 1307 4692 -1341
-1076 -228 2438 -5578
-3962 1282 4809 -1310
894 -734 2718 -1530
153 -1525 75 -1063
812 -734 2835 -1523
106 -1526 143 -1040
719 -746 2933 -1502
43 -1519 243 -1037
624 -777 3010 -1449
-40 -1543 301 -994
-1671 -2723 382 -1555
1405 710 639 -690
-1702 -2726 453 -1546
1401 720 651 -711
-1748 -2723 489 -1533
1371 743 683 -705
-1770 -2727 532 -1541
1340 759 717 -695
-587 268 295 -1435
130 -293 -1106 -1117
-595 268 294 -1452
138 -292 -1121 -1141
-594 307 299 -1438
160 -292 -1116 -1145
-595 316 299 -1466
165 -259 -1158 -1169
-1368 -817 -1000 790
425 -110 -853 -595
-1341 -807 -1033 791
431 -116 -862 -562
-1325 -834 -1036 790
452 -146 -856 -564
-1313 -838 -1045 796
470 -143 -899 -563
-152 7 1908 117
-917 -34 -1430 139
-146 -14 1913 133
-912 -60 -1428 163
-129 -36 1893 155
-910 -80 -1434 185
-141 -53 1893 168
-912 -104 -1408 205
310 -83 -422 329
307 -744 276 -152
317 -92 -431 349
294 -747 285 -126
309 -123 -436 354
302 -772 284 -109
309 -133 -441 373
282 -779 268 -82
-292 199 78 413
132 -61 410 -283
-313 188 111 406
114 -73 399 -272
-321 170 107 434
105 -77 428 -261
-340 158 111 432
102 -84 432 -252
-576 98 140 210
531 -103 13 153
-596 121 180 203
527 -107 21 159
-612 89 191 220
519 -101 26 166
-622 93 200 247
497 -106 67 152
-373 65 807 109
882 1065 -111 -164
-376 45 820 116
894 1075 -78 -152
-393 67 842 98
888 1081 -85 -173
-400 54 838 104
874 1077 -61 -180
-47 340 -254 237
-408 406 -345 730
-53 342 -258 223
-417 407 -328 705
-61 349 -259 229
-428 406 -311 706
-53 361 -245 210
-433 435 -329 716
73 101 539 762
-321 142 104 58
61 116 542 766
-323 160 92 66
59 109 545 757
-335 168 114 59
17 102 543 746
-340 165 109 53
-520 -132 -1552 -121
325 -245 205 -33
-529 -100 -1555 -138
294 -237 231 -42
-526 -98 -1542 -136
316 -212 232 -49
-543 -95 -1547 -162
296 -205 231 -53
-386 -306 221 -694
513 30 241 180
-392 -289 225 -712
534 45 237 163
-385 -291 241 -720
516 29 249 169
-390 -274 239 -740
532 48 244 153
139 348 217 -215
-434 -213 469 -357
156 362 239 -213
-428 -224 461 -365
142 351 232 -215
-409 -227 475 -324
165 335 223 -224
-409 -252 467 -321
214 472 -129 636
24 -327 -508 441
203 456 -120 641
22 -361 -507 467
215 417 -147 657
22 -390 -486 491
238 406 -128 689
30 -401 -498 506
-374 976 -423 525
59 -89 855 178
-362 943 -417 549
39 -121 842 205
-387 928 -420 559
36 -130 855 215
-371 893 -422 582
-3 -139 886 253
-202 -397 205 131
153 -1001 -702 -674
-241 -421 214 165
156 -1031 -685 -663
-253 -436 234 165
114 -1021 -680 -649
-271 -458 264 196
116 -1044 -669 -640
444 -602 569 -777
-90 176 47 -124
412 -602 586 -780
-107 165 77 -113
400 -604 599 -762
-116 163 71 -101
401 -611 629 -737
-162 160 85 -87
16 587 32 594
-60 107 567 11
4 605 44 579
-83 96 593 20
-6 606 52 597
-92 91 615 5
-32 617 74 612
-113 115 620 23
-163 -148 -84 -568
-24 15 144 19
-161 -163 -75 -560
-27 25 171 15
-202 -173 -49 -558
-49 37 166 7
-200 -164 -42 -567
-40 11 190 16
798 -242 232 310
143 9 72 657
779 -237 220 320
144 13 88 658
786 -237 248 330
118 1 88 668
768 -263 262 311
130 -1 97 681
-470 429 52 17
225 526 641 -221
-458 423 43 33
199 510 667 -192
-461 410 41 28
198 493 663 -193
-471 404 63 47
221 479 674 -167
-624 73 -121 630
611 -562 281 176
-602 65 -133 658
626 -581 262 188
-613 34 -134 647
645 -614 247 207
-613 11 -142 681
666 -605 257 203
432 20 -388 -165
-82 -1051 -529 186
460 -2 -393 -137
-56 -1040 -545 197
465 -14 -412 -137
-43 -1057 -557 198
490 -34 -440 -114
-40 -1059 -564 213
-470 461 36 -120
-431 -73 -330 -412
-478 456 19 -108
-414 -53 -340 -416
-449 468 -14 -95
-391 -63 -363 -406
-443 443 -32 -119
-404 -44 -361 -409
486 209 57 16
-412 -577 181 -182
488 201 55 8
-415 -576 182 -190
499 209 46 0
-404 -595 174 -186
505 234 47 0
-409 -583 175 -205
56 835 285 178
382 -11 731 223
69 853 272 154
409 -14 736 212
47 838 274 152
393 -21 744 213
51 860 265 152
401 -20 713 202
790 -123 -262 -493
-255 308 -234 276
776 -126 -257 -493
-253 304 -234 295
811 -135 -269 -494
-281 288 -228 270
805 -132 -269 -503
-275 300 -235 282
-419 -280 179 693
-1018 171 -23 -39
-421 -290 191 671
-1013 189 -28 -36
-426 -273 210 687
-1021 186 -25 -52
-419 -288 218 692
-1029 201 4 -50
310 183 111 347
782 448 -366 376
323 218 125 351
801 460 -351 355
310 225 102 347
800 469 -375 341
326 242 120 310
826 482 -368 321
57 -223 447 -414
-76 -731 85 -565
66 -235 435 -428
-75 -731 86 -576
73 -210 427 -433
-73 -737 89 -564
81 -223 412 -447
-72 -748 88 -572
-703 489 -803 80
-1003 263 -131 625
-726 475 -807 85
-1006 283 -134 629
-710 463 -803 90
-1012 257 -111 629
-733 463 -809 67
-1010 270 -114 660
-943 253 -1214 504
44 -221 189 106
-941 240 -1218 510
38 -231 203 100
-950 257 -1217 509
22 -235 178 87
-964 251 -1188 518
6 -244 206 108
220 -169 -406 -1155
15 -413 788 175
219 -175 -415 -1164
3 -390 781 178
210 -178 -393 -1179
4 -405 779 175
226 -157 -385 -1156
18 -412 787 168
544 30 -540 -141
-39 147 -425 -23
556 31 -545 -131
-25 144 -426 -26
538 35 -536 -143
-46 143 -427 -31
552 34 -550 -128
-44 147 -426 -34
-492 94 -146 162
-713 89 -648 -255
-519 97 -143 162
-724 90 -629 -285
-525 107 -117 159
-749 100 -609 -275
-524 92 -130 145
-763 86 -595 -270
388 221 700 675
-422 -358 -60 -605
374 205 721 683
-433 -342 -55 -603
368 214 716 659
-447 -355 -50 -591
353 230 744 684
-467 -364 -40 -610
227 382 11 -394
586 -551 232 313
242 368 18 -387
592 -570 242 305
214 365 19 -378
588 -592 236 328
228 354 28 -369
594 -618 249 325
-39 -494 -72 -198
-28 454 -115 257
-40 -516 -59 -205
-30 418 -115 259
-47 -525 -71 -168
-24 411 -146 272
-48 -554 -59 -170
-24 407 -147 288
-49 148 0 369
-232 153 36 185
-35 149 -4 385
-218 158 59 183
-29 151 -10 394
-229 153 45 182
-56 127 -19 392
-206 156 45 183
726 137 329 64
6 270 -581 113
733 126 326 65
7 268 -575 84
744 130 324 34
11 295 -572 88
749 162 348 40
10 292 -568 79
-819 -229 297 -451
390 -9 -411 165
-815 -222 301 -447
400 -6 -402 162
-834 -241 295 -461
390 -11 -403 167
-831 -239 300 -459
374 9 -404 179
-1066 -593 -534 312
-299 659 -247 -383
-1059 -609 -528 341
-289 650 -243 -387
-1082 -635 -527 332
-306 648 -242 -370
-1082 -636 -516 330
-299 640 -235 -354
106 102 -450 355
382 -370 76 167
124 96 -451 350
368 -363 72 183
106 84 -454 376
377 -394 88 193
112 69 -451 376
396 -379 66 178
-886 495 -127 40
318 320 -291 635
-908 497 -131 68
299 319 -308 644
-896 479 -128 59
303 327 -294 654
-893 463 -128 72
309 299 -308 657
408 -455 427 521
-551 904 37 -192
389 -459 437 523
-550 906 41 -211
408 -455 453 549
-572 921 25 -210
405 -477 426 543
-559 891 17 -206
-296 -709 -267 -197
-494 90 -216 -72
-303 -691 -270 -218
-514 115 -202 -76
-305 -712 -272 -218
-570 101 -204 -74
-315 -719 -247 -226
-580 105 -191 -92
210 241 -82 31
1718 -449 55 99
155 259 -55 23
1606 -408 135 83
103 263 -16 26
1504 -385 222 54
71 260 12 8
1483 -388 255 43
11133 -4645 -2609 1039
-9640 7002 12016 1657
10961 -4586 -2469 978
-9808 7043 12193 1596
10808 -4552 -2367 948
-9956 7061 12329 1552
10775 -4563 -2287 984
-10041 7034 12405 1594
-56 -1639 -1983 -4871
-2289 1941 3481 -306
-208 -1613 -1826 -4915
-2393 1932 3601 -325
-331 -1650 -1705 -4892
-2506 1936 3705 -293
-439 -1668 -1597 -4853
-2585 1896 3817 -266
762 -869 1812 -2947
-987 -1170 649 -138
670 -864 1928 -2949
-1042 -1172 711 -141
599 -894 2007 -2930
-1110 -1207 802 -134
548 -919 2078 -2885
-1171 -1223 865 -117
-561 -2050 1055 -1291
518 369 -506 -837
-595 -2053 1100 -1293
502 356 -502 -822
-624 -2065 1151 -1278
470 362 -464 -804
-652 -2082 1197 -1267
450 346 -430 -798
-665 742 -576 -1426
31 -251 -621 -189
-673 748 -569 -1433
7 -257 -609 -183
-687 749 -583 -1417
43 -283 -626 -167
-661 724 -574 -1413
47 -281 -634 -141
-420 -767 -60 800
-763 -187 -1052 -222
-405 -808 -80 832
-743 -220 -1065 -181
-409 -819 -99 854
-754 -247 -1088 -151
-379 -843 -107 876
-733 -272 -1084 -145
-64 -349 304 853
-294 350 -211 -626
-71 -354 292 883
-327 335 -217 -617
-48 -383 299 902
-312 320 -226 -607
-50 -385 288 930
-300 339 -233 -598
72 -433 302 149
-618 -80 -214 -99
88 -433 291 150
-599 -85 -211 -104
86 -432 284 152
-598 -88 -219 -109
113 -429 286 146
-605 -64 -233 -108
161 -207 -700 -29
-54 -150 354 112
133 -215 -715 -20
-53 -149 369 113
143 -217 -695 -14
-72 -161 394 99
153 -211 -705 -14
-96 -162 391 125
-450 -565 121 -560
384 150 902 -489
-448 -569 115 -576
351 141 933 -481
-470 -579 146 -561
334 143 941 -474
-488 -583 146 -579
346 143 959 -472
-735 -609 176 73
124 -59 -1054 -34
-731 -591 163 66
120 -88 -1058 -32
-740 -597 179 95
126 -85 -1046 -40
-746 -618 186 79
139 -101 -1038 -15
-220 -223 992 -160
-11 -558 -509 -227
-237 -232 996 -146
7 -556 -506 -216
-220 -231 986 -142
22 -574 -561 -220
-198 -241 973 -159
56 -564 -578 -242
340 -607 -54 -404
834 624 427 -177
336 -601 -98 -406
862 649 391 -199
374 -611 -111 -420
879 628 358 -197
410 -595 -126 -429
912 645 340 -193
-370 475 -379 441
-408 -446 -579 -101
-349 479 -402 436
-399 -457 -592 -125
-362 491 -404 414
-389 -448 -601 -108
-336 518 -433 424
-370 -437 -625 -122
288 -731 297 -619
-32 -738 212 -568
306 -752 293 -625
-34 -743 191 -585
300 -734 278 -626
-37 -750 174 -579
307 -736 257 -622
-38 -737 180 -585
493 910 -376 754
-444 -108 277 -630
506 889 -378 729
-444 -69 280 -633
521 895 -385 748
-456 -71 288 -649
507 916 -403 734
-437 -77 308 -640
-446 301 426 -153
505 489 -28 328
-460 299 444 -146
494 504 4 315
-462 306 434 -162
481 497 12 336
-451 306 462 -173
470 508 -8 327
-261 349 -328 -152
-46 235 594 194
-261 330 -335 -145
-18 213 585 213
-283 333 -331 -150
-35 205 606 195
-284 343 -317 -135
-49 185 595 210
-382 -473 -95 579
412 -280 70 -206
-373 -470 -69 585
405 -267 79 -191
-392 -491 -70 576
399 -281 92 -182
-384 -494 -61 585
396 -310 101 -170
183 -46 463 -93
346 396 121 -482
198 -38 464 -79
347 391 109 -475
187 -59 454 -67
351 388 100 -463
214 -42 449 -77
360 366 110 -474
-105 -440 -293 -248
-94 -453 60 -27
-82 -427 -302 -233
-85 -478 52 -34
-89 -445 -322 -227
-83 -477 53 -22
-66 -451 -306 -225
-104 -514 38 8
169 -22 -888 -472
-41 90 632 896
152 -24 -898 -453
-72 80 641 911
145 -63 -892 -447
-68 71 632 910
156 -65 -891 -427
-91 69 638 928
-242 -423 338 9
-146 318 184 -309
-256 -439 338 7
-163 302 199 -321
-271 -418 332 13
-140 328 222 -307
-307 -441 368 41
-159 315 217 -318
-298 -445 -477 -433
-141 -259 179 -29
-300 -463 -471 -431
-151 -264 185 -24
-305 -466 -442 -413
-159 -286 196 -9
-321 -484 -431 -412
-128 -282 185 -7
-583 120 -400 227
-115 244 -514 157
-556 127 -402 216
-106 240 -513 153
-571 107 -409 228
-103 231 -527 185
-550 109 -391 247
-97 241 -523 178
-209 233 -830 -423
-650 -1056 -546 85
-206 226 -815 -427
-648 -1063 -561 78
-191 230 -830 -433
-637 -1074 -583 103
-197 219 -861 -413
-646 -1093 -568 104
70 321 112 185
-386 -166 -147 -311
79 308 118 163
-374 -186 -146 -294
78 309 107 187
-390 -184 -124 -310
85 319 119 180
-369 -170 -123 -289
-356 -511 -61 -368
45 79 -749 -220
-348 -513 -94 -380
68 98 -760 -222
-320 -514 -78 -372
52 96 -778 -237
-318 -469 -80 -393
78 90 -789 -231
553 -402 -222 199
214 333 -107 -697
547 -381 -220 200
214 357 -129 -691
586 -382 -234 194
241 357 -124 -695
592 -386 -239 189
247 355 -157 -699
-521 -693 185 -73
-490 743 -93 505
-521 -673 180 -82
-483 742 -94 520
-518 -695 172 -92
-479 724 -94 504
-517 -685 166 -93
-470 730 -96 523
-628 -542 -801 -217
-221 -114 363 -526
-616 -541 -782 -214
-221 -106 362 -518
-628 -526 -801 -214
-232 -118 371 -500
-618 -554 -784 -222
-234 -104 375 -492
423 42 40 265
-185 -271 -364 -123
417 53 49 258
-205 -261 -369 -121
428 60 28 286
-183 -283 -345 -127
425 51 37 269
-197 -280 -355 -92
-447 503 -581 264
-540 -646 -387 -102
-446 501 -575 269
-542 -656 -405 -120
-462 507 -563 278
-557 -636 -388 -100
-452 487 -566 277
-544 -656 -366 -83
23 260 283 -572
-14 661 341 578
-10 269 292 -579
0 670 344 564
0 268 312 -563
-10 694 356 567
-5 280 334 -571
2 705 356 554
-164 99 -59 294
1109 450 -118 -104
-183 103 -72 304
1098 457 -124 -95
-173 116 -43 280
1089 467 -109 -95
-165 124 -46 288
1077 443 -120 -95
119 -351 630 616
-305 627 514 548
119 -351 635 618
-304 659 506 535
88 -339 629 614
-309 659 504 536
92 -357 604 584
-312 657 497 547
657 631 331 26
572 372 -219 807
657 680 330 13
562 367 -222 785
669 675 326 2
589 383 -197 764
674 682 326 -8
586 399 -207 768
251 449 479 -472
-330 -476 348 -584
235 441 472 -483
-316 -483 337 -587
231 448 482 -485
-332 -458 341 -612
260 443 477 -500
-351 -464 341 -619
397 367 -59 330
-172 -163 240 -440
384 371 -74 337
-177 -177 262 -452
382 377 -41 338
-201 -170 245 -452
368 355 -50 337
-203 -190 267 -458
-47 -272 -180 182
156 -309 595 -298
-28 -278 -164 174
142 -312 603 -268
-55 -270 -153 178
153 -321 606 -266
-67 -290 -149 176
130 -317 627 -263
-284 -3 -66 115
-216 454 -312 -120
-311 1 -64 136
-226 433 -304 -125
-307 12 -55 127
-231 454 -305 -128
-311 -4 -40 135
-204 456 -297 -91
23 -170 -196 8
-620 -208 8 140
43 -174 -185 4
-628 -224 5 130
24 -176 -184 19
-601 -218 -9 160
18 -182 -191 14
-626 -239 -2 154
644 422 -119 314
-265 227 227 228
648 422 -105 329
-240 232 214 231
647 395 -118 330
-255 233 222 240
659 396 -131 348
-245 195 212 240
64 -84 69 -138
-104 -57 -466 189
34 -85 71 -131
-100 -60 -468 219
46 -101 89 -117
-114 -60 -464 224
63 -80 71 -120
-98 -82 -453 210
259 338 -5 84
-232 -254 -16 -279
249 328 -36 79
-229 -275 -29 -280
227 345 -31 82
-244 -262 -31 -279
251 324 -30 82
-247 -257 -20 -300
-198 21 283 108
-1216 195 -1004 450
-222 33 299 126
-1227 193 -998 447
-207 24 302 123
-1222 198 -1005 445
-221 51 320 100
-1241 202 -972 437
-88 46 -109 -23
545 113 -297 234
-84 40 -105 -43
546 107 -293 237
-106 52 -87 -25
518 93 -294 242
-92 47 -82 -50
514 91 -263 245
-95 147 413 216
-79 -288 214 -483
-87 136 433 224
-105 -287 233 -473
-114 143 453 199
-136 -294 264 -440
-150 137 473 201
-165 -322 269 -444
-321 -527 -458 175
644 -227 920 14
-342 -537 -434 172
630 -233 968 20
-373 -532 -408 190
592 -219 973 43
-403 -563 -382 200
570 -236 980 32
-354 780 397 87
758 -1063 -491 -343
-390 778 438 73
667 -1019 -419 -382
-432 806 498 61
600 -987 -362 -399
-486 823 530 65
566 -1009 -337 -404
8620 -5140 -2740 1984
-15051 8983 5202 584
8499 -5068 -2636 1933
-15179 9010 5299 543
8432 -5061 -2564 1881
-15281 9066 5426 511
8382 -5053 -2517 1907
-15340 9004 5474 554
84 -1604 -3355 -3119
-820 3935 1503 1184
-9 -1589 -3247 -3192
-907 3922 1575 1169
-83 -1595 -3173 -3180
-973 3933 1675 1165
-130 -1607 -3092 -3152
-1026 3925 1737 1202
-922 -2916 21 -3841
-809 -1064 -87 -852
-994 -2919 106 -3873
-855 -1078 -61 -826
-1047 -2922 152 -3862
-911 -1069 -7 -827
-1078 -2940 183 -3845
-927 -1074 26 -823
-311 -1306 1006 -1152
32 892 -734 83
-335 -1313 1035 -1169
-2 895 -728 79
-361 -1330 1074 -1155
-10 901 -710 79
-414 -1337 1093 -1169
-23 891 -693 91
-1351 854 -636 -220
757 -1180 -413 -776
-1361 850 -613 -230
747 -1177 -386 -756
-1378 840 -589 -239
756 -1172 -394 -765
-1375 836 -607 -221
764 -1162 -384 -753
-1402 -337 -587 555
-1220 -61 230 -963
-1392 -332 -588 546
-1214 -39 236 -943
-1392 -326 -590 538
-1201 -38 216 -967
-1390 -323 -599 561
-1187 -55 192 -955
-286 -905 -781 270
416 960 -109 507
-261 -893 -802 267
434 982 -121 499
-244 -887 -824 272
450 999 -157 493
-210 -877 -853 251
484 1019 -179 486
-168 439 -1013 -644
-45 -451 194 518
-168 450 -1016 -636
-41 -425 192 503
-129 474 -1048 -662
-22 -420 175 474
-117 502 -1068 -693
-6 -376 166 446
-309 70 543 -917
1068 -1024 580 -146
-316 96 511 -938
1082 -1012 590 -154
-301 115 514 -959
1068 -983 584 -192
-290 142 520 -963
1090 -968 589 -202
-210 513 579 -317
-651 -245 -593 -403
-208 516 561 -341
-646 -239 -588 -420
-193 523 563 -346
-631 -235 -618 -440
-196 544 545 -378
-639 -206 -610 -424
169 -35 35 479
294 1165 32 813
178 -25 36 475
339 1185 26 822
165 -14 21 470
342 1170 17 822
182 -13 -4 465
350 1194 0 804
596 187 344 133
144 324 -408 315
598 179 351 152
136 323 -403 315
607 175 336 145
144 321 -409 310
619 184 320 123
152 329 -416 297
94 -800 142 -330
-2 363 209 530
110 -818 138 -341
-15 349 218 547
98 -823 147 -340
-19 345 231 531
73 -814 160 -348
-33 336 221 543
-1244 -229 -315 514
182 -449 33 78
-1262 -256 -318 527
160 -428 18 84
-1284 -240 -290 543
159 -451 47 103
-1272 -265 -286 555
132 -460 60 97
0 -243 -164 -178
-1044 231 -660 -184
-4 -234 -155 -167
-1052 234 -627 -204
-13 -227 -145 -172
-1081 254 -633 -208
-29 -219 -130 -155
-1088 257 -628 -227
-382 -174 -75 -726
1143 -327 -75 -137
-409 -164 -69 -729
1152 -331 -73 -130
-419 -162 -66 -763
1149 -305 -64 -142
-401 -132 -56 -760
1144 -302 -58 -168
-803 511 161 773
44 619 -696 -20
-804 492 159 768
29 628 -715 -32
-800 516 188 763
17 625 -710 -25
-821 502 173 759
29 639 -693 -43
-352 458 131 587
-1173 -35 67 -146
-362 445 128 598
-1170 -44 75 -131
-349 446 167 580
-1204 -63 75 -140
-359 439 161 589
-1199 -65 81 -133
335 148 -404 855
-413 -627 603 -93
335 158 -417 856
-417 -634 609 -121
340 139 -405 877
-407 -644 608 -93
330 132 -384 865
-425 -663 628 -88
320 372 -620 -101
549 -151 272 -593
303 354 -612 -91
545 -172 271 -574
317 365 -627 -96
564 -172 275 -596
320 354 -606 -86
571 -189 239 -582
364 -1014 -490 54
-789 255 587 -144
339 -1027 -483 47
-788 235 582 -135
363 -1006 -508 72
-793 228 597 -109
372 -1025 -502 66
-793 207 587 -95
89 296 -27 340
276 0 -10 458
88 285 -22 353
255 -13 -6 458
85 252 -15 380
270 -69 5 487
50 244 -18 396
271 -70 -22 533
-230 101 -202 256
48 138 255 46
-217 74 -194 275
65 117 245 40
-216 45 -210 306
38 99 258 83
-235 50 -190 337
46 52 259 111
-15 -317 138 64
497 189 700 312
-11 -333 163 96
490 165 697 347
-26 -358 156 106
476 160 728 353
-26 -360 188 131
479 141 727 361
207 -31 -1 -353
-73 -410 -77 -4
198 -44 5 -337
-62 -413 -102 -9
199 -63 10 -297
-57 -425 -99 -7
197 -80 40 -283
-52 -452 -96 0
-133 90 -224 450
-224 279 -305 -406
-126 58 -231 462
-219 292 -307 -394
-121 69 -234 484
-213 286 -308 -380
-119 70 -236 486
-214 279 -308 -391
311 748 208 490
-74 -28 -174 103
316 749 219 474
-80 -24 -164 89
296 754 221 489
-83 -27 -149 107
301 729 236 468
-130 -23 -143 96
-681 -395 -385 -813
-166 -468 -89 -110
-682 -392 -366 -813
-167 -472 -72 -101
-707 -400 -358 -809
-187 -466 -62 -121
-710 -396 -360 -814
-190 -469 -42 -114
269 239 2 519
-176 -268 -251 -303
273 246 -10 530
-192 -272 -235 -320
257 243 17 522
-201 -272 -242 -310
248 224 10 524
-183 -275 -245 -326
-308 45 251 139
565 -178 -209 -504
-322 54 245 127
537 -184 -218 -529
-316 67 279 143
544 -171 -225 -514
-318 52 265 121
545 -180 -201 -536
-347 -88 -102 -21
689 304 901 69
-339 -93 -79 -20
696 318 904 76
-353 -90 -78 -23
677 315 901 66
-369 -89 -73 -24
685 309 911 57
-635 -240 -328 -367
479 -496 -36 298
-648 -236 -318 -363
484 -479 -39 302
-665 -258 -304 -368
490 -491 -45 303
-636 -248 -293 -366
468 -490 -39 292
4 331 1031 -235
-14 -205 -197 249
16 311 1019 -254
-2 -190 -210 233
29 332 1009 -263
13 -207 -226 230
33 317 1008 -253
14 -188 -236 241
88 -129 -304 -52
-140 32 136 -349
119 -110 -306 -68
-131 28 107 -361
118 -98 -318 -74
-110 48 102 -359
156 -86 -348 -59
-106 44 75 -367
189 333 -43 178
579 181 -65 128
199 330 -39 169
594 193 -68 99
222 366 -68 163
595 185 -90 95
235 367 -61 154
626 195 -100 64
584 482 -457 9
-200 71 845 86
574 462 -492 5
-193 55 869 82
580 472 -488 -14
-189 69 848 81
601 493 -495 -13
-197 49 856 97
-774 -46 -393 355
384 -833 -78 -27
-764 -44 -410 365
392 -834 -65 -26
-797 -40 -409 369
386 -845 -86 -19
-796 -42 -396 381
409 -863 -75 -9
-13 -706 314 -783
-58 -152 -529 -526
-33 -715 282 -757
-63 -164 -532 -534
-29 -704 294 -763
-54 -174 -545 -518
-11 -711 294 -764
-42 -155 -538 -519
-509 -224 167 63
206 -285 -191 -417
-493 -213 149 63
187 -262 -207 -411
-486 -223 160 52
204 -262 -213 -412
-492 -205 156 43
190 -261 -199 -420
-23 -835 -559 -717
-902 291 -140 -385
-21 -831 -583 -740
-908 305 -109 -402
-6 -828 -572 -756
-913 329 -105 -422
-28 -784 -564 -773
-913 314 -126 -427
-198 484 383 129
832 -753 63 47
-200 478 381 95
809 -765 73 34
-218 492 385 101
821 -740 66 28
-222 514 384 82
799 -743 77 8
-513 -345 -141 -102
-264 -287 254 -675
-519 -342 -123 -137
-271 -286 265 -685
-526 -303 -112 -142
-291 -285 280 -673
-545 -307 -92 -145
-298 -275 267 -684
-50 530 -124 -429
-226 66 495 281
-48 526 -103 -431
-210 64 499 269
-43 539 -109 -439
-193 37 503 273
-42 535 -87 -416
-215 33 505 264
99 -355 -1033 -397
344 -182 123 161
105 -369 -1035 -407
340 -197 119 150
107 -361 -1039 -372
368 -197 123 181
117 -383 -1066 -379
359 -200 120 189
493 -149 321 158
607 234 876 508
513 -171 332 177
633 226 859 512
514 -167 318 206
633 220 833 512
512 -185 288 196
648 216 825 517
-399 102 230 -244
971 59 -251 -139
-358 87 229 -239
984 91 -258 -155
-351 118 223 -233
992 92 -260 -164
-346 120 189 -237
1015 88 -293 -165
142 82 200 83
97 287 152 -51
150 94 184 70
113 275 144 -58
183 101 182 65
120 306 134 -57
189 137 164 69
125 298 128 -68
423 -419 241 -210
-167 -175 36 77
455 -425 264 -216
-156 -159 39 67
456 -420 249 -205
-139 -179 16 77
457 -426 237 -213
-129 -163 -6 66
52 28 -201 -450
-214 555 149 -55
50 1 -212 -450
-200 569 147 -70
55 9 -228 -435
-214 582 130 -58
81 -6 -230 -439
-203 574 126 -43
111 -357 -456 336
1165 -247 222 189
93 -339 -445 339
1095 -218 255 156
63 -355 -416 329
1073 -193 293 155
85 -350 -432 316
1050 -219 282 166
6341 -7176 -1156 1711
-15413 11949 -722 -971
6278 -7147 -1091 1655
-15511 12004 -638 -1022
6224 -7106 -1051 1637
-15577 12027 -589 -1063
6213 -7121 -1027 1647
-15607 12020 -564 -1033
-623 -42 -1014 203
-610 4711 -917 2674
-669 -20 -944 148
-662 4749 -882 2629
-719 -1 -900 153
-678 4757 -828 2600
-775 4 -845 146
-734 4768 -778 2610
731 -2365 -968 -1587
188 -673 1384 -1425
694 -2326 -941 -1606
172 -660 1431 -1432
642 -2303 -892 -1643
133 -632 1445 -1473
634 -2282 -874 -1647
134 -603 1465 -1488
-17 163 758 -233
-445 965 -947 2024
-28 205 780 -254
-449 977 -940 2029
-29 208 802 -288
-463 978 -908 2004
-71 198 842 -280
-463 979 -904 1987
810 711 67 -421
-836 -492 792 -1201
796 737 67 -450
-830 -501 791 -1214
808 756 79 -453
-803 -474 801 -1218
805 752 73 -467
-793 -480 794 -1230
-527 138 -691 393
611 -431 -217 -551
-501 149 -692 379
621 -449 -236 -561
-462 156 -733 388
641 -440 -264 -563
-459 134 -753 368
656 -444 -281 -555
-368 667 194 895
-410 523 61 255
-347 667 178 902
-394 531 26 248
-318 649 160 892
-354 545 29 236
-301 664 143 867
-343 553 -3 217
994 621 -132 271
-388 -1177 -970 -20
1003 642 -137 274
-388 -1132 -1004 -26
1001 644 -161 259
-375 -1130 -994 -36
1019 681 -166 222
-346 -1101 -1027 -95
-405 -145 331 -664
353 283 -292 180
-415 -135 320 -682
362 289 -294 187
-400 -98 321 -712
358 287 -298 144
-408 -82 306 -736
366 306 -302 146
-408 14 410 173
477 -351 -140 -326
-414 34 414 169
475 -332 -114 -331
-399 34 407 146
485 -340 -127 -349
-414 33 415 123
506 -321 -138 -354
-594 197 251 684
-8 1214 -646 562
-611 211 239 692
-5 1249 -668 539
-585 207 229 691
1 1231 -677 542
-597 197 239 694
33 1224 -669 518
606 626 591 658
-912 233 -727 461
630 629 587 663
-904 247 -731 466
625 661 574 662
-881 224 -767 458
663 656 562 650
-868 238 -786 436
503 -119 143 -303
-85 -497 490 340
513 -125 126 -295
-71 -498 470 360
526 -135 130 -309
-86 -509 444 337
554 -117 105 -291
-78 -503 452 355
-219 305 -694 313
-576 196 -307 172
-210 312 -703 290
-586 213 -290 133
-218 322 -704 295
-607 221 -291 127
-222 330 -713 303
-587 239 -290 120
-375 1046 318 -325
-169 -73 -270 29
-379 1070 331 -354
-172 -53 -247 9
-389 1094 320 -381
-170 -43 -253 -5
-396 1115 330 -381
-176 -23 -228 -23
507 246 630 -473
477 -719 -15 -182
501 252 623 -473
459 -710 -14 -191
498 270 615 -505
457 -693 -17 -205
490 284 615 -511
481 -670 -11 -221
-817 -213 -533 -371
24 -34 -92 -6
-808 -180 -556 -380
29 -18 -91 -27
-808 -171 -553 -405
35 -2 -87 -43
-805 -168 -557 -400
42 18 -81 -59
-213 428 -120 -119
195 20 -52 -320
-203 441 -122 -124
210 47 -73 -359
-197 468 -122 -136
206 57 -87 -369
-179 470 -126 -159
214 67 -78 -377
930 -440 602 -31
76 238 -77 -269
939 -432 600 -28
78 217 -90 -282
977 -420 585 -49
99 237 -97 -289
985 -410 588 -70
88 247 -106 -294
-367 -604 -272 -26
-478 299 -472 -61
-371 -587 -259 -32
-446 295 -458 -59
-364 -574 -283 -15
-456 292 -455 -55
-333 -601 -290 -32
-465 318 -454 -64
330 -139 712 377
432 -305 -77 -25
329 -132 721 364
424 -306 -83 -22
328 -127 715 354
447 -297 -81 -20
330 -133 708 344
441 -286 -89 -46
-363 480 -258 -388
329 555 45 136
-362 483 -266 -418
331 554 24 129
-362 481 -280 -420
362 560 11 124
-321 478 -287 -421
363 559 11 119
-26 -299 620 -655
222 -1311 -946 -14
-22 -290 602 -646
247 -1321 -957 -24
-8 -312 578 -647
247 -1343 -986 -20
11 -312 557 -637
242 -1340 -988 -7
-482 595 -162 -133
225 -185 -225 -472
-476 566 -176 -139
211 -189 -238 -475
-476 571 -181 -132
228 -186 -241 -440
-477 571 -189 -126
203 -201 -250 -446
-891 133 122 161
-943 234 -529 345
-905 140 139 181
-954 242 -544 365
-904 142 149 174
-959 254 -536 356
-904 143 139 170
-963 258 -528 350
275 139 -587 49
388 403 34 206
305 136 -612 49
389 421 20 212
325 166 -609 53
414 419 23 198
313 173 -613 19
419 446 -11 196
396 -662 400 -867
154 97 -258 -86
399 -659 396 -879
163 102 -265 -81
407 -669 387 -887
171 115 -276 -105
425 -634 377 -901
186 126 -264 -110
211 -155 4 449
-654 368 470 -16
201 -154 -21 461
-644 375 472 -6
214 -149 -34 469
-648 345 477 -7
223 -147 -19 480
-642 344 480 4
54 69 -383 218
-785 144 -423 858
58 41 -381 243
-793 129 -421 855
50 27 -399 241
-788 109 -428 878
50 42 -393 243
-814 87 -418 899
1124 -328 155 173
205 -334 373 -141
1100 -304 171 180
204 -352 376 -135
1115 -326 162 182
193 -337 371 -137
1099 -319 154 195
222 -320 379 -147
-56 383 113 -390
709 122 481 335
-60 390 125 -391
708 151 512 350
-65 370 107 -410
706 167 496 326
-62 388 109 -424
695 168 512 327
-365 -321 -110 -555
238 -969 -92 -263
-383 -310 -128 -563
209 -939 -115 -288
-399 -283 -120 -578
207 -948 -101 -294
-387 -265 -103 -617
208 -919 -93 -321
-211 417 698 -78
-691 648 -174 -316
-201 422 718 -98
-676 649 -168 -334
-210 420 721 -107
-682 666 -173 -337
-227 441 728 -131
-673 669 -162 -334
322 -338 178 -65
301 -256 -213 558
344 -357 167 -57
298 -257 -223 544
316 -334 187 -73
319 -269 -236 555
339 -346 180 -70
315 -276 -246 573
1 -663 252 -703
54 -202 -502 -610
-18 -674 245 -691
33 -192 -523 -598
3 -683 242 -705
49 -194 -518 -585
-7 -694 234 -692
19 -222 -511 -582
-201 227 -185 368
-328 210 320 283
-202 221 -199 391
-342 211 338 289
-217 219 -187 390
-337 203 328 295
-195 215 -189 393
-352 191 346 304
-488 -499 -342 -273
-216 -249 -655 409
-474 -508 -343 -249
-210 -248 -669 414
-496 -516 -327 -252
-226 -255 -668 425
-478 -495 -330 -247
-206 -255 -640 430
127 -7 76 -296
4 -119 -144 -754
110 -20 78 -273
-19 -126 -151 -752
118 -13 73 -281
-24 -134 -149 -728
123 -27 90 -258
-21 -113 -149 -720
