23 12 0 0
225 73 -91 -37
23 13 0 0
198 79 -66 -28
22 13 0 0
148 60 -64 -30
21 14 0 0
123 61 -41 -18
1041 268 -513 -151
5742 1793 -2149 -545
861 260 -433 -147
4677 1669 -1784 -542
687 250 -335 -131
3676 1499 -1412 -506
543 230 -262 -116
2752 1260 -1078 -439
-1476 7378 22762 14659
1231 3415 1528 -3486
-1190 7256 22467 14826
1433 3342 1310 -3369
-824 7113 22031 14995
1648 3267 1000 -3240
-403 6960 21520 15188
1906 3185 672 -3123
1527 2926 1385 -242
-129 358 2031 1878
1631 2916 1274 -177
-100 354 1965 1866
1742 2869 1099 -99
-59 359 1900 1896
1837 2820 943 -58
-28 372 1867 1911
-305 -2388 975 370
-889 111 424 -118
-311 -2386 965 385
-881 90 420 -124
-311 -2379 970 381
-876 36 438 -112
-312 -2377 948 382
-835 12 425 -91
-87 -5 188 13
-18 3 40 -1
-74 -8 169 22
-15 2 35 0
-64 -13 147 32
-13 0 31 3
-51 -15 118 34
-11 -2 25 6
-2 1 7 -1
0 0 1 0
-2 0 6 -2
0 0 0 0
-2 0 5 -2
0 0 0 0
-1 0 5 -1
0 0 0 0
0 0 0 0
0 0 0 0
0 0 0 0
0 0 0 0
0 0 0 0
0 0 0 0
0 0 0 0
0 0 0 0
0 0 0 0
0 0 0 0
0 0 0 0
0 0 0 0
0 0 0 0
0 0 0 0
0 0 0 0
0 0 0 0
0 0 0 0
-4 1 1 0
0 0 0 0
-4 1 1 0
0 0 0 0
-4 1 1 0
0 0 0 0
-3 1 1 0
-31 9 12 -3
-137 66 83 -23
-29 7 11 -3
-121 57 77 -19
-27 6 10 -2
-110 47 72 -15
-23 5 9 -2
-83 39 62 -12
-95 165 150 -112
957 230 -198 -231
-52 133 150 -83
1033 139 -268 -151
13 70 79 -61
1156 58 -345 -103
94 41 57 -33
1303 18 -436 -29
12827 -30 -3012 -171
-8571 9863 13998 13925
12924 -144 -3090 -75
-8506 9749 13901 14008
13041 -232 -3214 5
-8397 9687 13766 14108
13202 -319 -3388 114
-8265 9622 13608 14172
-1706 -510 -438 332
419 -2109 1488 1363
-1681 -557 -465 430
412 -2092 1498 1386
-1613 -595 -559 461
419 -2123 1488 1416
-1558 -622 -643 507
383 -2101 1456 1434
2069 -880 785 -64
-2951 -1557 765 -524
2047 -876 818 -41
-2957 -1533 785 -523
2044 -839 844 -47
-2966 -1533 806 -518
2017 -837 865 -75
-2984 -1538 838 -538
610 3 -219 -1903
-117 -146 -812 581
600 9 -205 -1947
-119 -141 -810 576
593 22 -193 -1912
-118 -101 -812 553
594 15 -178 -1918
-121 -94 -791 560
-1021 -383 -133 -1413
731 1555 80 -687
-983 -350 -149 -1427
735 1568 61 -721
-991 -313 -168 -1447
770 1587 27 -754
-964 -310 -176 -1431
781 1638 14 -782
200 307 -1040 647
652 -377 357 357
220 336 -1046 626
690 -379 320 324
256 362 -1091 606
720 -352 311 297
281 364 -1104 577
714 -328 275 308
-315 443 715 -640
787 -310 -1067 588
-320 460 698 -638
791 -294 -1073 579
-295 482 690 -644
807 -277 -1093 567
-262 477 658 -688
802 -269 -1123 561
232 -38 -318 714
-378 372 1066 -1055
224 -9 -346 706
-381 401 1074 -1063
241 -5 -340 688
-390 411 1084 -1079
226 29 -343 683
-397 419 1065 -1100
-677 968 722 281
324 -94 937 556
-695 990 757 244
338 -64 956 539
-707 1012 760 239
324 -75 965 552
-723 1024 766 235
308 -50 978 541
-66 -1132 -926 -841
472 -128 645 -519
-70 -1150 -909 -865
448 -120 663 -517
-86 -1142 -884 -877
454 -141 660 -524
-91 -1138 -898 -891
427 -133 682 -525
-569 -10 273 -444
9 -366 -799 -530
-569 -17 284 -449
10 -380 -771 -548
-572 -19 293 -452
21 -363 -781 -528
-601 -23 301 -458
-4 -380 -760 -543
-419 580 -190 169
236 -603 -244 88
-421 576 -203 149
239 -634 -242 113
-397 561 -180 164
243 -629 -245 117
-401 582 -191 153
244 -623 -244 115
-493 -24 776 154
966 251 166 73
-485 -11 777 170
980 237 144 48
-476 -20 781 171
992 253 121 61
-494 -31 751 176
1004 232 132 73
100 397 -288 -9
-479 852 -418 -73
85 405 -297 -21
-463 854 -416 -74
99 410 -301 -3
-447 863 -421 -76
117 417 -306 -11
-469 868 -426 -79
-283 -2 -52 709
936 -194 442 -297
-285 -14 -54 691
912 -161 453 -321
-288 10 -54 707
922 -157 470 -328
-263 6 -76 688
907 -153 443 -332
-108 -374 644 -474
-840 -403 -235 -558
-143 -377 645 -502
-842 -387 -236 -575
-140 -355 646 -493
-851 -366 -213 -597
-141 -351 648 -523
-859 -380 -219 -593
-421 261 -112 -361
-54 -485 -115 674
-458 251 -90 -386
-72 -502 -109 662
-456 266 -63 -374
-87 -491 -80 658
-488 255 -71 -397
-102 -479 -79 654
181 -209 556 106
-302 -627 193 -254
165 -209 546 132
-285 -628 227 -241
140 -234 570 116
-295 -627 227 -228
145 -227 601 137
-311 -657 228 -223
522 -614 -94 -579
61 76 -368 309
517 -626 -87 -574
58 91 -367 320
512 -636 -79 -569
56 86 -367 322
546 -649 -99 -560
92 79 -374 326
-338 -318 290 -413
-1 506 377 -30
-325 -311 274 -445
-7 513 380 -59
-316 -307 258 -444
25 546 388 -48
-315 -306 271 -441
24 556 363 -76
387 178 -23 -401
27 -135 -426 183
364 184 -47 -414
45 -129 -438 163
379 219 -43 -423
34 -127 -432 141
387 225 -33 -439
57 -95 -452 128
-474 -736 -227 -299
14 347 -297 -1
-458 -740 -251 -285
6 348 -281 -26
-457 -735 -236 -303
10 374 -295 -17
-449 -729 -227 -323
8 370 -278 -15
-449 -271 -272 -148
178 -251 -11 -89
-441 -253 -292 -122
189 -256 -5 -85
-474 -262 -287 -135
204 -269 -22 -76
-472 -278 -275 -143
178 -247 -15 -93
-321 -131 -344 208
132 269 80 262
-319 -134 -339 239
133 275 47 251
-312 -125 -335 238
127 277 49 269
-309 -120 -356 234
153 287 57 254
293 239 -469 82
189 72 -258 209
293 227 -484 86
174 74 -251 186
314 251 -486 94
200 73 -274 190
313 246 -503 94
186 70 -267 198
-721 343 -336 308
229 545 -54 565
-721 346 -339 299
220 524 -44 550
-724 347 -317 293
214 536 -32 539
-727 348 -318 286
211 551 -23 528
261 357 317 194
13 15 309 -305
261 360 318 168
-6 28 305 -315
264 391 319 173
1 31 340 -326
258 394 351 170
-25 33 344 -336
-271 326 -310 848
46 -209 -175 -211
-283 323 -298 858
59 -205 -164 -204
-292 314 -289 845
38 -176 -160 -221
-268 312 -305 829
52 -179 -158 -215
-472 -190 -82 -7
-292 302 204 -584
-454 -209 -54 13
-287 292 232 -574
-468 -190 -57 3
-314 294 227 -579
-481 -203 -67 -6
-306 298 227 -580
-599 -851 205 -135
345 977 -922 467
-602 -856 227 -156
364 965 -925 458
-589 -864 216 -147
360 957 -913 450
-616 -869 232 -140
351 950 -925 471
-52 -916 397 624
-243 131 -445 -729
-44 -899 380 621
-268 125 -462 -734
-71 -916 393 613
-274 156 -436 -734
-65 -933 381 639
-267 147 -448 -703
-610 -452 163 -613
427 -98 442 6
-610 -427 182 -622
407 -85 438 20
-629 -439 162 -609
418 -97 472 3
-630 -422 179 -615
396 -75 471 -12
-26 570 240 -313
102 -125 -242 23
-50 612 244 -319
120 -130 -232 10
-73 620 275 -327
107 -117 -232 13
-61 605 283 -349
95 -98 -234 13
223 -487 101 87
274 707 229 484
245 -508 107 88
258 689 233 475
229 -497 116 65
274 714 218 463
225 -491 86 75
256 702 224 450
-19 315 913 -330
-289 43 -840 641
-14 313 909 -334
-278 58 -858 651
0 309 896 -314
-277 34 -848 658
8 302 891 -322
-265 43 -872 643
-102 -418 -11 288
-484 975 -363 -393
-106 -417 -9 309
-457 969 -376 -383
-98 -415 -40 305
-473 966 -364 -377
-101 -411 -40 298
-449 967 -378 -376
81 37 426 450
193 -358 -365 289
80 25 423 457
189 -371 -375 262
78 17 399 461
211 -361 -377 272
80 12 400 464
196 -378 -352 277
-244 990 -79 465
304 -15 33 384
-266 994 -77 459
308 -5 47 404
-264 997 -68 452
319 -20 27 386
-256 998 -85 477
290 -8 36 406
45 148 -96 72
398 302 35 -57
44 166 -91 57
394 312 29 -72
41 152 -89 37
383 327 25 -87
40 164 -111 56
407 337 24 -101
158 201 -151 -386
332 149 1355 132
153 225 -125 -411
304 155 1367 128
145 206 -126 -409
321 158 1352 103
141 227 -135 -435
326 161 1371 103
235 556 122 43
-327 -214 -468 452
242 540 120 37
-333 -205 -483 476
223 548 130 40
-343 -226 -466 460
206 561 115 39
-326 -220 -444 482
5 -217 70 -140
782 151 503 139
-11 -243 52 -148
801 123 503 157
1 -253 74 -142
797 121 493 154
-15 -256 56 -140
788 117 518 178
380 -262 -68 314
-379 -258 -909 -404
390 -295 -100 338
-382 -278 -908 -384
391 -300 -98 336
-395 -271 -899 -363
392 -307 -93 368
-403 -291 -923 -344
91 8 619 -544
113 775 459 556
80 -7 633 -517
113 790 471 565
70 -15 622 -524
114 770 480 568
86 -32 645 -496
91 757 483 573
-294 57 -607 -153
469 -429 -354 -478
-295 41 -603 -135
487 -424 -365 -474
-295 65 -603 -141
469 -419 -379 -448
-295 56 -568 -123
480 -442 -358 -453
107 4 372 91
710 209 349 907
124 22 372 98
717 201 355 920
137 3 350 101
728 200 328 909
148 -15 356 106
749 189 301 930
212 62 -359 197
-375 78 6 172
236 52 -355 183
-348 74 -28 183
250 59 -400 208
-352 74 -40 162
256 44 -415 197
-334 77 -43 174
432 -312 516 -1239
-889 -303 -448 -71
449 -315 489 -1248
-892 -308 -450 -63
460 -285 498 -1256
-896 -301 -449 -61
472 -299 474 -1236
-865 -273 -478 -77
-677 -15 -186 220
126 -374 -402 -843
-673 6 -210 206
177 -401 -406 -861
-669 -3 -233 214
197 -407 -417 -837
-644 -8 -219 190
261 -399 -459 -851
-533 -247 -363 -470
756 265 -330 -639
-477 -257 -389 -424
879 173 -440 -552
-372 -326 -451 -427
1034 63 -562 -497
-282 -362 -527 -392
1270 -22 -717 -410
15624 -600 -2980 188
-8089 10621 16171 16831
15810 -733 -3147 296
-7919 10519 15970 16973
16024 -856 -3334 431
-7687 10413 15754 17098
16274 -965 -3578 549
-7439 10338 15501 17174
358 1615 -3225 -1069
2854 -457 1192 455
510 1557 -3395 -966
2925 -459 1081 512
645 1498 -3591 -893
3001 -476 992 549
841 1477 -3803 -820
3071 -501 862 582
845 -268 1505 2240
-3426 -2587 1601 529
902 -279 1489 2273
-3425 -2591 1589 550
906 -288 1428 2271
-3429 -2630 1586 579
937 -305 1404 2258
-3437 -2642 1566 585
940 585 -1389 118
227 -350 -8 -77
939 587 -1378 138
226 -366 7 -93
941 596 -1372 157
224 -353 18 -73
945 565 -1370 172
221 -334 -9 -79
-960 878 199 -1429
903 72 -389 -991
-971 907 193 -1430
906 94 -375 -1028
-961 920 198 -1449
924 114 -399 -1033
-940 940 172 -1472
946 135 -431 -1079
-1046 -150 475 2034
344 858 292 788
-1034 -102 471 2012
328 859 275 778
-1019 -92 465 1989
334 895 297 748
-1014 -40 458 1938
342 914 292 731
-895 1425 479 155
341 -706 -1343 1349
-897 1429 506 163
338 -701 -1337 1335
-916 1446 492 127
308 -697 -1311 1315
-915 1464 521 114
307 -697 -1277 1297
136 -631 -671 478
295 -464 920 -212
137 -618 -657 481
251 -475 930 -209
99 -634 -609 471
233 -488 958 -205
98 -623 -597 472
214 -465 980 -235
-809 521 1230 617
436 172 -251 310
-836 525 1227 629
416 167 -241 320
-838 529 1261 642
429 158 -229 334
-869 504 1264 643
406 150 -217 348
1294 -94 203 253
-487 -347 -139 211
1309 -118 223 256
-486 -362 -154 241
1296 -121 230 268
-497 -368 -166 235
1292 -121 207 280
-475 -381 -143 263
-205 135 183 -432
717 581 -433 164
-174 119 195 -438
714 558 -417 169
-176 129 173 -411
720 563 -432 177
-177 119 183 -423
719 533 -418 213
35 -443 140 354
-111 -554 378 219
38 -453 150 393
-108 -563 357 214
16 -479 151 389
-87 -571 379 237
25 -487 127 400
-93 -584 358 234
-205 306 598 234
-88 -211 -316 -766
-211 304 618 223
-88 -216 -322 -790
-207 302 605 244
-93 -205 -299 -774
-211 301 597 234
-95 -183 -307 -794
-7 409 -214 265
101 626 510 -274
-13 431 -214 269
97 639 524 -279
-27 461 -209 243
95 660 511 -289
-9 453 -202 244
126 676 530 -294
330 80 -664 350
-787 119 158 -162
317 103 -653 324
-779 127 163 -175
338 127 -640 325
-770 131 164 -157
333 116 -640 297
-764 106 168 -168
423 597 445 -98
-134 11 -254 -45
424 611 425 -102
-127 21 -251 -45
422 597 407 -112
-144 29 -287 -43
450 614 427 -116
-135 37 -287 -46
426 -87 -407 461
-78 -555 -244 -182
439 -78 -412 467
-74 -555 -245 -171
420 -107 -422 470
-72 -561 -241 -183
437 -100 -430 477
-67 -536 -245 -166
3 242 513 45
538 -418 721 372
12 230 513 63
525 -388 723 382
14 220 518 50
550 -392 700 356
20 247 520 35
536 -392 705 356
116 599 7 -475
-15 -319 -267 495
138 602 25 -463
-1 -330 -282 509
134 601 27 -478
10 -340 -296 499
136 597 2 -462
24 -360 -315 492
-323 390 -4 -90
0 -483 217 613
-326 383 -23 -76
4 -500 210 639
-296 367 -37 -60
22 -474 192 639
-270 354 -53 -74
65 -492 182 640
190 386 -179 -395
-319 657 -20 -481
203 401 -202 -402
-296 660 -27 -480
187 385 -207 -390
-303 668 -37 -479
210 405 -243 -399
-308 650 -53 -489
105 -425 259 -235
619 510 601 -90
110 -430 245 -264
643 512 576 -95
120 -412 235 -254
628 515 580 -102
94 -424 220 -248
641 513 594 -106
66 -362 80 866
208 -50 69 -115
49 -361 75 877
213 -43 94 -101
51 -365 86 891
197 -60 78 -124
57 -395 94 871
209 -52 99 -108
-163 -213 -525 -359
547 -338 498 -292
-176 -216 -543 -357
553 -337 513 -288
-168 -218 -523 -354
554 -330 529 -287
-191 -221 -510 -353
534 -321 511 -286
242 -217 214 -725
621 -77 360 330
236 -208 220 -746
607 -90 358 317
268 -207 201 -736
603 -80 347 316
262 -204 209 -728
623 -65 349 315
428 251 423 225
-903 843 157 142
449 260 414 239
-914 832 149 125
428 282 427 219
-903 854 125 140
451 264 408 228
-890 843 124 127
1114 350 445 757
-304 467 -460 -172
1112 370 457 762
-314 494 -462 -206
1119 369 432 756
-301 516 -462 -210
1128 399 435 759
-279 508 -470 -222
-196 -281 461 -115
-476 -61 -180 -241
-198 -274 475 -131
-472 -67 -154 -244
-197 -272 454 -145
-495 -68 -166 -249
-201 -275 465 -154
-491 -67 -174 -285
228 -427 1118 -302
-116 413 -214 428
205 -431 1115 -320
-111 433 -212 431
212 -440 1120 -307
-145 415 -217 434
220 -451 1123 -294
-144 395 -218 440
51 206 207 82
300 324 -272 114
50 207 215 110
302 312 -257 146
46 172 199 111
279 301 -279 152
39 169 212 118
278 292 -261 155
-79 263 -82 384
363 -19 -784 432
-56 231 -84 384
366 -32 -789 432
-67 231 -89 390
359 -38 -786 424
-48 233 -89 394
389 -55 -785 452
-366 294 91 -43
-44 -555 75 -735
-370 298 115 -52
-32 -547 64 -730
-369 298 111 -35
-21 -544 50 -723
-364 301 101 -47
-19 -532 70 -754
434 -279 448 -363
0 -360 -741 1138
424 -272 449 -350
-7 -382 -746 1131
417 -296 449 -372
-16 -373 -752 1137
415 -297 422 -359
-20 -399 -763 1142
738 334 430 -643
-913 109 450 -530
743 330 437 -643
-932 128 460 -547
724 338 406 -652
-948 114 471 -542
728 340 409 -655
-937 135 486 -563
-667 -275 -495 -593
-345 -4 33 390
-675 -268 -493 -602
-333 11 55 381
-685 -265 -464 -603
-356 26 76 375
-692 -260 -467 -612
-383 42 96 366
649 41 313 -66
-239 -65 -6 -69
650 40 345 -73
-243 -69 15 -65
627 34 345 -77
-274 -69 34 -91
633 33 351 -82
-268 -47 53 -81
82 -288 -284 -127
-370 -343 40 175
94 -292 -278 -118
-392 -342 15 161
77 -292 -276 -113
-397 -348 37 178
59 -293 -247 -137
-400 -343 56 163
-53 174 58 -579
-161 589 43 312
-47 163 81 -598
-190 596 69 299
-74 181 68 -608
-206 633 66 290
-73 167 94 -596
-203 636 100 279
14 332 -515 45
-352 -358 250 -209
8 351 -495 57
-358 -335 272 -214
-29 349 -454 27
-398 -346 296 -224
-36 375 -441 6
-404 -326 288 -231
-303 -412 393 34
-721 -201 -493 -412
-316 -427 416 24
-752 -209 -489 -414
-328 -415 443 26
-753 -215 -448 -421
-342 -402 468 24
-756 -191 -438 -425
285 -490 49 -35
206 254 61 -617
259 -467 51 -33
204 255 64 -598
264 -478 86 -37
184 231 55 -610
244 -491 84 -41
186 235 85 -619
-378 270 -534 524
-297 6 5 233
-365 279 -538 524
-285 -8 1 224
-387 256 -517 524
-310 7 0 225
-400 264 -529 525
-301 -10 31 220
-696 -76 -674 -20
-363 125 140 -628
-676 -86 -658 -34
-367 136 146 -625
-684 -66 -675 -15
-360 121 153 -632
-699 -73 -662 -28
-364 126 167 -599
207 258 -633 427
176 41 -180 -388
218 250 -643 412
184 15 -197 -377
205 265 -632 438
193 -2 -179 -370
226 252 -646 430
178 9 -204 -355
198 65 374 84
-219 -221 10 519
204 54 344 65
-234 -226 27 515
196 46 351 74
-244 -227 15 541
196 62 357 86
-255 -229 32 536
146 114 6 -188
524 114 1034 -279
142 122 23 -204
527 100 1035 -276
141 94 36 -195
496 85 1031 -268
145 98 47 -180
495 107 1062 -262
27 -98 848 -150
575 303 280 361
23 -107 847 -167
576 291 293 391
39 -99 858 -143
575 285 275 389
33 -117 859 -129
578 280 287 389
422 86 157 365
-297 -113 175 460
401 77 170 380
-299 -127 173 458
417 69 154 392
-302 -141 165 457
396 65 165 402
-279 -166 167 491
-303 216 -153 192
-960 162 241 130
-321 187 -141 208
-931 161 254 138
-304 164 -128 222
-925 127 252 167
-319 164 -153 247
-878 128 224 169
-103 344 -109 -231
136 1153 40 -51
-23 310 -126 -204
258 1050 -89 15
47 243 -200 -183
434 955 -188 88
169 210 -247 -157
674 863 -334 150
16075 -697 -3560 -53
-4929 8979 18681 17509
16290 -813 -3742 38
-4681 8864 18424 17614
16545 -926 -3980 155
-4392 8763 18143 17747
16836 -1073 -4246 288
-4112 8636 17848 17857
1669 2844 -2235 -3131
2712 674 65 -892
1888 2779 -2483 -3036
2831 667 -85 -832
2085 2709 -2760 -2939
2958 650 -220 -790
2309 2675 -2989 -2861
3041 620 -424 -753
876 310 1912 2242
-2460 -2334 1556 55
919 341 1823 2257
-2449 -2323 1525 52
988 327 1773 2269
-2444 -2314 1490 36
1037 349 1684 2274
-2439 -2311 1465 19
-404 212 -1010 90
316 1107 -1 24
-412 262 -983 93
271 1127 36 3
-419 277 -993 87
268 1184 38 -39
-419 300 -1010 52
267 1218 29 -65
-1953 563 822 -1498
254 -396 -158 479
-1953 604 831 -1534
238 -375 -148 461
-1985 641 827 -1579
217 -350 -131 415
-1986 687 831 -1629
206 -299 -121 404
-489 -162 210 638
10 841 803 609
-526 -148 231 628
2 846 797 579
-526 -151 231 575
19 857 823 577
-538 -129 258 561
5 870 822 571
-466 298 -228 -437
1142 -494 -1419 1321
-478 303 -230 -453
1170 -474 -1399 1331
-459 297 -225 -437
1142 -493 -1431 1313
-469 299 -221 -460
1144 -482 -1425 1330
-878 100 -19 299
237 -69 -131 -703
-875 107 -23 315
218 -69 -122 -709
-885 116 -13 304
199 -77 -138 -713
-892 96 -8 317
206 -87 -117 -685
272 296 1282 2
-325 -357 -483 -499
263 275 1286 12
-325 -351 -447 -518
285 294 1298 -2
-341 -341 -460 -514
272 275 1305 13
-328 -372 -458 -504
435 -280 -360 -615
732 420 -341 185
456 -282 -372 -621
743 436 -352 190
452 -289 -362 -594
746 419 -326 195
445 -298 -354 -590
757 402 -340 201
-532 -159 1151 -368
-350 245 -584 386
-509 -164 1137 -359
-348 245 -572 389
-496 -175 1130 -343
-340 236 -591 399
-511 -188 1118 -326
-344 231 -571 411
-644 289 -658 -242
458 -10 -101 -51
-651 284 -648 -218
454 -8 -125 -43
-649 281 -644 -224
455 2 -123 -40
-619 276 -664 -199
451 -30 -122 -35
-210 504 -7 1
381 900 155 920
-208 501 -24 -14
391 886 133 929
-199 491 -12 4
374 873 136 942
-197 477 -28 -2
388 869 115 922
-142 -124 -575 -264
-562 22 172 232
-144 -101 -579 -262
-544 -1 153 251
-144 -120 -552 -263
-560 12 161 250
-136 -140 -564 -237
-570 -15 166 248
-210 -268 -439 138
155 632 199 -213
-180 -269 -448 130
164 628 212 -210
-189 -275 -456 149
182 617 199 -205
-195 -280 -436 144
159 614 215 -202
222 -6 -225 -20
-211 -387 63 -745
233 -11 -220 -1
-209 -396 44 -742
223 -13 -223 -13
-204 -402 57 -744
235 -13 -216 4
-202 -409 38 -746
-1255 -146 -520 455
-712 807 -808 891
-1232 -139 -534 456
-694 804 -804 881
-1251 -128 -519 457
-705 790 -832 906
-1232 -159 -532 456
-683 779 -828 906
-489 -150 -1275 -249
-152 142 -73 161
-485 -166 -1275 -223
-142 128 -87 198
-477 -189 -1272 -223
-122 115 -100 205
-498 -179 -1279 -221
-119 101 -74 209
887 -388 460 103
-242 84 -777 173
901 -427 449 122
-208 62 -797 212
894 -443 462 149
-210 43 -791 216
925 -446 453 140
-203 28 -793 244
-524 -300 -306 207
-124 -13 58 246
-530 -313 -326 233
-120 -36 48 288
-539 -327 -338 229
-110 -53 39 296
-518 -344 -315 251
-108 -70 60 305
579 -1020 149 500
-464 267 412 -526
569 -1051 135 514
-477 277 429 -514
554 -1041 151 528
-490 256 450 -487
542 -1070 139 543
-503 238 472 -485
347 194 -156 357
436 -165 648 -84
331 199 -142 360
422 -170 640 -75
320 166 -129 366
401 -178 665 -89
277 168 -120 374
381 -154 693 -73
-208 295 -270 397
-409 29 54 163
-227 302 -246 414
-402 42 63 163
-214 284 -218 395
-420 55 62 163
-231 294 -195 410
-413 73 71 158
219 -411 17 -743
-25 74 122 -113
199 -395 -10 -755
-41 66 117 -121
199 -382 5 -769
-23 89 115 -121
201 -367 17 -785
-6 76 113 -126
-152 -232 -480 74
258 434 33 340
-132 -239 -470 87
293 439 24 325
-137 -237 -475 95
299 438 11 338
-110 -235 -472 75
308 439 -6 352
269 -327 -265 294
81 -139 270 -692
289 -333 -292 297
81 -156 275 -695
297 -344 -313 304
79 -150 254 -689
307 -351 -338 311
112 -170 236 -691
-44 443 74 320
18 -586 400 -182
-50 434 79 346
11 -594 387 -179
-48 434 53 337
26 -600 410 -181
-55 428 56 361
9 -576 402 -176
312 -509 291 -328
122 -216 -202 89
303 -520 296 -321
131 -242 -207 79
327 -526 304 -317
145 -233 -218 103
321 -538 281 -312
156 -227 -225 98
131 278 -353 61
-312 663 -240 340
159 272 -352 53
-289 645 -273 338
162 264 -362 72
-278 629 -270 339
160 263 -369 58
-256 620 -301 333
-142 -217 -800 260
-177 -666 -459 218
-126 -224 -804 261
-155 -669 -480 219
-107 -231 -836 262
-139 -706 -500 215
-84 -240 -843 291
-128 -720 -491 254
-817 -102 -249 -228
-7 281 -368 -309
-806 -122 -239 -225
-17 264 -358 -313
-797 -143 -256 -219
-21 258 -380 -320
-790 -129 -269 -209
10 280 -398 -298
-154 333 -239 -79
-18 -60 1 657
-145 337 -219 -92
-11 -64 16 625
-156 312 -241 -83
-25 -46 24 636
-168 321 -236 -72
-39 -54 32 639
-301 46 131 -174
-400 -5 547 -149
-311 42 116 -179
-389 3 532 -132
-318 36 133 -186
-419 -4 547 -157
-329 35 151 -192
-415 15 570 -148
726 -46 -4 293
-94 148 -289 136
719 -32 20 262
-84 156 -283 124
721 -20 19 261
-96 141 -290 103
695 -41 38 255
-121 154 -260 94
-944 145 -276 -387
411 561 104 292
-935 189 -285 -403
427 573 90 292
-957 190 -267 -391
435 581 115 271
-954 206 -268 -418
422 593 98 275
485 510 215 1066
-674 454 -666 509
467 527 196 1065
-646 458 -664 504
477 549 187 1030
-658 465 -668 496
487 566 208 1029
-666 476 -671 489
-143 767 -49 -54
241 19 -138 999
-147 788 -53 -65
262 1 -132 986
-119 808 -74 -81
245 15 -134 980
-131 825 -66 -101
266 29 -126 943
-239 308 -826 276
-261 73 -547 621
-261 324 -815 284
-250 76 -560 632
-249 314 -826 277
-236 52 -578 637
-229 334 -813 275
-259 59 -569 643
267 -46 275 39
-149 -186 468 229
268 -28 262 56
-152 -185 461 237
270 -43 251 68
-155 -183 455 247
266 -55 245 75
-124 -187 456 257
98 -465 -603 214
-471 59 -377 -411
108 -464 -601 206
-482 54 -385 -398
115 -477 -600 234
-473 50 -382 -414
96 -479 -610 230
-467 48 -379 -402
-805 46 68 165
264 842 283 -134
-817 37 99 151
264 827 297 -155
-831 61 101 142
273 843 278 -143
-811 45 110 163
248 864 284 -159
446 250 -672 70
-201 226 51 676
444 255 -668 71
-200 213 42 639
450 268 -670 67
-210 232 65 637
451 280 -669 60
-212 247 60 637
-148 -156 -149 -336
204 41 33 519
-157 -145 -148 -344
219 29 39 507
-159 -141 -175 -327
202 46 38 503
-135 -130 -169 -342
220 63 36 497
24 87 555 -79
-741 304 -321 555
10 79 551 -80
-733 298 -305 537
17 70 560 -83
-726 318 -322 526
4 99 556 -85
-751 313 -311 535
-220 180 -409 -206
-41 -350 36 -259
-222 204 -393 -199
-51 -344 16 -280
-217 203 -411 -236
-34 -343 35 -298
-223 203 -389 -240
-46 -346 20 -283
366 76 -423 -325
295 60 525 272
347 61 -433 -332
276 55 522 279
355 77 -438 -333
291 63 523 278
367 93 -442 -333
284 69 515 278
-731 7 -1298 -65
-350 35 685 395
-765 32 -1302 -85
-368 24 688 379
-765 20 -1309 -83
-394 42 720 376
-772 40 -1284 -75
-414 59 724 370
-727 -218 118 -123
67 846 -230 -16
-742 -208 148 -125
35 837 -225 -43
-757 -193 153 -132
26 856 -211 -36
-770 -181 185 -137
12 853 -165 -67
-744 -398 180 -461
-188 -78 -641 281
-769 -397 207 -472
-171 -83 -640 284
-755 -365 209 -482
-177 -82 -654 281
-778 -369 211 -497
-143 -84 -659 255
-543 176 -580 172
809 -165 -350 -561
-459 130 -598 185
949 -248 -448 -525
-397 87 -672 225
1142 -314 -599 -444
-270 44 -718 238
1382 -421 -724 -369
16609 -549 -3576 210
-395 7914 21412 14652
16842 -657 -3768 318
-158 7796 21158 14776
17086 -767 -3961 426
126 7700 20886 14893
17398 -904 -4240 533
441 7573 20555 15019
1267 3411 1128 -3567
1382 2850 1473 -220
1485 3341 916 -3501
1494 2821 1338 -165
1677 3252 675 -3393
1600 2799 1209 -104
1910 3195 405 -3265
1696 2742 1022 -25
-188 332 2146 1957
-267 -2483 976 495
-122 322 2121 2006
-275 -2457 991 504
-116 306 2052 1995
-286 -2439 973 495
-72 322 1982 2010
-290 -2419 979 486
-677 -224 328 -21
-521 1005 -66 -713
-705 -217 367 -31
-549 1031 -19 -723
-727 -177 371 -70
-575 1074 19 -781
-755 -172 399 -81
-610 1105 27 -800
-1866 306 1694 -591
346 927 -1182 -531
-1893 353 1725 -626
357 946 -1176 -541
-1909 371 1752 -642
345 941 -1155 -554
-1897 418 1760 -679
338 970 -1140 -598
-466 -503 -1244 1274
-1384 764 266 519
-458 -503 -1251 1244
-1403 766 272 515
-498 -509 -1224 1252
-1404 732 271 508
-500 -507 -1234 1225
-1407 738 299 532
86 489 150 216
374 -782 -1036 863
64 477 170 247
371 -804 -1034 853
51 478 161 247
362 -833 -1035 873
41 438 185 266
358 -840 -1008 910
-350 751 51 633
665 -828 -53 -1267
-379 726 67 630
680 -833 -67 -1243
-366 698 60 659
664 -878 -61 -1222
-393 673 83 690
676 -895 -45 -1199
223 88 864 424
14 -175 -147 -54
224 70 857 462
23 -161 -153 -54
263 62 858 473
7 -183 -142 -30
262 48 855 485
26 -191 -150 -39
345 -54 -648 -619
-528 141 -103 -127
376 -75 -667 -618
-499 138 -102 -108
376 -69 -662 -607
-507 121 -100 -131
376 -92 -665 -573
-525 118 -96 -111
-428 407 392 839
-94 366 -597 681
-415 412 397 838
-98 347 -585 670
-438 390 404 862
-100 360 -570 698
-427 394 392 863
-98 338 -559 691
905 2 13 531
1161 -72 647 -1085
890 7 -8 521
1162 -71 660 -1104
903 -17 10 533
1168 -85 671 -1088
881 -12 22 526
1178 -63 650 -1105
-80 -443 869 284
2 241 390 -335
-71 -445 874 284
-7 230 375 -325
-96 -424 872 298
6 225 372 -347
-84 -428 875 268
-12 248 390 -333
-165 467 -379 260
-733 -545 1 -315
-180 463 -367 257
-748 -558 12 -315
-172 465 -354 252
-760 -565 -11 -319
-186 467 -377 243
-779 -578 2 -319
425 -421 -129 111
-149 -42 -56 -884
423 -392 -127 102
-154 -34 -39 -890
415 -399 -125 118
-157 -38 -52 -886
414 -399 -124 104
-164 -75 -36 -890
-394 -332 79 443
887 445 256 -326
-400 -368 71 463
873 418 234 -307
-373 -370 66 465
892 404 246 -295
-384 -377 64 474
886 383 226 -280
766 -765 -287 -150
30 -312 462 135
764 -767 -303 -140
36 -343 454 135
765 -803 -324 -108
47 -358 443 183
793 -812 -309 -97
53 -391 434 191
-862 101 -376 -729
-232 -277 41 716
-853 94 -389 -691
-229 -274 35 745
-850 58 -372 -690
-222 -298 30 744
-847 51 -384 -656
-219 -292 26 777
4 499 -935 -75
-526 218 -629 -62
10 510 -934 -78
-524 227 -626 -65
-13 519 -942 -78
-515 235 -623 -67
-2 496 -947 -53
-509 239 -624 -63
-735 303 -369 -180
206 569 734 127
-746 302 -385 -187
211 560 726 123
-725 297 -366 -191
184 549 742 122
-741 292 -379 -193
191 536 738 120
33 185 -397 378
580 112 100 443
23 181 -400 393
569 96 93 436
8 179 -395 406
579 87 97 427
-1 151 -397 384
563 66 92 456
-26 386 340 -159
-582 175 43 422
-25 393 358 -151
-591 166 43 437
-22 367 345 -120
-577 158 51 457
-21 375 334 -114
-594 143 57 474
980 106 194 639
-500 -297 -342 362
977 95 215 633
-483 -290 -324 382
978 76 201 661
-497 -284 -344 402
983 87 189 665
-488 -305 -329 385
-143 30 206 -396
492 513 295 -730
-123 47 222 -389
481 543 288 -728
-133 69 204 -386
506 554 289 -739
-114 56 193 -384
502 567 283 -778
476 26 -368 -62
231 387 337 486
451 58 -393 -107
262 384 323 454
463 49 -391 -121
266 406 328 439
469 75 -385 -133
267 391 306 449
622 -179 614 55
-193 646 -290 -497
641 -179 593 44
-170 651 -298 -481
654 -182 607 33
-155 639 -304 -504
678 -154 587 34
-159 653 -322 -495
524 333 72 250
-140 -495 46 267
543 329 65 231
-163 -488 42 239
559 326 27 243
-147 -516 11 237
547 321 15 253
-139 -513 14 244
584 -76 574 -909
44 457 850 513
589 -65 581 -919
53 456 837 484
578 -51 571 -924
56 483 855 493
593 -73 568 -939
38 481 832 469
-95 -409 458 -782
-1240 -434 -915 -651
-106 -393 450 -787
-1249 -454 -914 -674
-117 -409 443 -801
-1256 -441 -916 -688
-134 -388 470 -810
-1241 -436 -910 -674
-64 112 43 389
-63 -144 -579 -138
-68 99 34 368
-74 -143 -583 -134
-80 113 56 385
-61 -143 -575 -133
-83 101 47 364
-67 -170 -581 -136
321 -801 -257 -396
-670 809 390 -66
325 -790 -249 -387
-680 810 405 -81
332 -805 -275 -413
-677 812 386 -94
336 -794 -269 -398
-689 810 408 -78
876 -489 -79 -209
-558 117 -211 -234
882 -487 -74 -212
-546 116 -219 -251
866 -479 -53 -215
-583 114 -193 -239
882 -478 -54 -216
-579 119 -203 -257
-309 -46 491 -143
-54 -214 -51 -475
-316 -36 507 -176
-51 -230 -32 -468
-299 -11 509 -165
-42 -214 -47 -485
-303 -6 497 -168
-65 -235 -35 -473
185 -585 12 -101
-388 146 -323 -39
157 -613 -1 -93
-382 135 -339 -19
166 -607 -14 -83
-384 131 -329 -6
163 -607 14 -65
-390 130 -343 7
359 129 39 133
83 -593 -263 -164
326 116 44 142
55 -598 -272 -169
330 113 57 147
60 -602 -251 -148
332 102 40 182
64 -605 -264 -154
154 -398 749 99
-41 -46 54 -327
141 -405 745 82
-33 -37 53 -345
128 -409 768 94
-55 -23 47 -336
120 -416 762 111
-56 -17 78 -322
608 567 238 -204
19 712 -75 133
606 588 251 -217
8 693 -84 103
605 580 266 -204
19 702 -56 114
609 601 248 -216
7 713 -69 90
-638 -661 -332 546
322 727 445 -185
-649 -657 -336 536
297 754 449 -190
-633 -656 -335 557
305 746 458 -201
-623 -648 -333 546
317 741 434 -183
-140 80 176 148
-233 -147 -121 -312
-133 76 189 162
-237 -128 -88 -325
-127 84 195 147
-262 -142 -94 -317
-153 80 197 165
-256 -124 -89 -332
-229 -288 -555 148
-42 -50 398 -210
-251 -272 -575 147
-58 -41 391 -224
-246 -291 -558 145
-54 -40 422 -232
-244 -272 -546 144
-75 -41 417 -212
122 613 79 68
-372 195 -126 592
110 633 109 86
-375 190 -138 585
112 626 104 71
-379 212 -125 589
115 649 99 59
-382 203 -111 587
-166 202 -128 -234
250 -678 -112 -369
-168 194 -131 -236
257 -674 -107 -377
-170 191 -133 -244
272 -680 -105 -352
-168 215 -137 -241
253 -679 -109 -362
-303 196 211 -154
42 -25 375 308
-296 190 196 -144
29 -42 383 304
-304 187 216 -163
50 -50 370 298
-302 178 206 -151
38 -32 382 299
-52 -280 -281 -815
110 -410 105 162
-62 -284 -278 -822
108 -423 106 130
-37 -290 -276 -802
119 -420 95 143
-45 -288 -275 -818
120 -414 93 151
-114 -13 -193 -166
-131 48 -317 147
-90 -26 -210 -142
-116 43 -337 152
-91 0 -209 -145
-105 11 -325 146
-63 -6 -231 -155
-95 10 -346 148
229 -302 451 32
340 -129 -198 -4
233 -298 442 42
366 -128 -209 20
248 -300 433 55
359 -117 -197 14
293 -326 395 59
393 -143 -221 37
-470 77 734 -328
-47 -661 7 322
-464 81 709 -318
-55 -658 5 297
-465 63 693 -321
-31 -658 10 306
-443 72 710 -313
-35 -657 -22 315
-12 181 -586 -1020
-106 -493 -81 174
7 193 -581 -1018
-97 -504 -82 173
-3 177 -588 -1023
-93 -512 -78 178
15 193 -588 -1027
-88 -492 -77 182
-113 -90 -359 447
-706 -120 135 -73
-128 -103 -358 429
-661 -113 103 -76
-103 -91 -355 450
-649 -115 91 -78
-103 -97 -388 430
-627 -151 80 -52
905 354 56 -226
932 11 200 -669
972 302 49 -193
1062 -91 92 -598
1028 252 -44 -184
1216 -156 -13 -546
1146 225 -74 -164
1415 -247 -158 -462
15442 -1202 -3697 1103
3006 6497 21482 12230
15620 -1304 -3842 1185
3161 6382 21296 12348
15837 -1410 -4033 1323
3400 6248 21063 12487
16098 -1580 -4258 1435
3677 6099 20784 12652
377 3439 5225 -4207
-1595 3113 3112 -836
507 3365 5082 -4108
-1538 3063 3027 -780
636 3249 4882 -3963
-1450 2998 2910 -687
841 3119 4653 -3825
-1380 2921 2775 -593
63 258 1605 931
92 -2394 1005 202
84 225 1601 958
73 -2393 1041 219
76 210 1578 1030
51 -2392 1037 249
70 201 1551 1059
26 -2390 1061 251
-175 -964 -77 -297
-192 626 203 -1041
-211 -935 -45 -300
-234 644 238 -1056
-224 -936 -8 -313
-245 655 247 -1070
-256 -933 -15 -327
-264 674 283 -1059
-1010 414 1258 -510
-1152 142 -1191 -190
-1017 403 1300 -518
-1169 157 -1154 -208
-1053 432 1301 -550
-1181 126 -1153 -199
-1059 425 1311 -557
-1187 132 -1157 -214
-683 -279 -961 1345
-708 1114 -595 1279
-676 -317 -950 1376
-735 1075 -580 1290
-703 -322 -945 1362
-726 1075 -584 1298
-693 -330 -943 1376
-760 1057 -565 1300
-141 85 678 -953
-223 -436 -945 1063
-176 92 683 -936
-251 -467 -917 1095
-209 63 719 -934
-280 -471 -889 1109
-209 66 736 -903
-306 -472 -867 1117
-79 -631 1167 685
-219 -629 -16 -703
-106 -637 1187 717
-238 -650 4 -693
-133 -631 1212 710
-259 -671 26 -660
-164 -663 1240 730
-277 -658 49 -651
506 -941 186 -388
583 -93 -428 -145
490 -942 187 -369
565 -127 -409 -137
468 -947 191 -350
588 -126 -418 -122
482 -982 228 -340
573 -160 -407 -108
-162 -907 832 -890
16 39 -571 575
-166 -944 818 -881
3 3 -556 624
-140 -961 834 -835
4 -25 -551 642
-147 -981 820 -817
10 -16 -577 633
-1129 -357 -340 -63
-758 -507 106 40
-1111 -382 -346 -36
-765 -552 118 56
-1130 -405 -333 -11
-776 -567 139 77
-1155 -423 -318 5
-788 -583 131 97
-300 -493 -541 418
104 -868 459 -837
-319 -504 -518 448
87 -913 475 -826
-338 -547 -492 471
65 -940 496 -803
-353 -553 -500 498
54 -967 512 -753
73 179 -445 164
-202 -79 169 465
72 135 -428 209
-216 -90 189 466
66 136 -438 225
-201 -102 187 491
34 98 -430 239
-213 -111 179 492
-664 653 87 150
-511 1065 47 377
-692 649 99 159
-494 1078 73 377
-687 650 82 167
-498 1057 53 374
-684 619 99 172
-505 1068 68 375
-23 296 -786 904
-356 -550 159 -13
-22 316 -786 919
-356 -517 173 -9
-21 307 -788 900
-353 -525 188 -7
-23 324 -789 917
-341 -533 170 -2
187 419 -52 -531
-5 -88 286 -48
208 408 -57 -528
-1 -101 289 -27
195 419 -67 -515
6 -105 265 -39
186 406 -49 -539
6 -88 273 -13
-94 893 40 304
738 -702 194 732
-94 867 40 294
757 -700 181 733
-91 871 39 317
783 -699 165 731
-79 881 7 306
768 -695 175 728
135 685 606 -315
154 -585 38 52
127 687 576 -306
160 -563 31 69
150 695 581 -303
171 -572 47 78
167 670 563 -305
184 -582 36 59
23 167 -89 583
302 3 -124 -352
40 158 -127 583
307 25 -140 -374
57 187 -136 589
315 10 -127 -375
66 186 -143 591
320 32 -140 -372
-132 -60 -355 -79
532 -506 -135 -187
-102 -33 -373 -71
548 -510 -145 -177
-114 -39 -363 -93
562 -506 -178 -196
-83 -48 -383 -88
574 -506 -188 -212
-227 32 -59 83
177 106 827 -709
-244 42 -63 68
166 121 842 -717
-240 52 -57 80
164 138 823 -726
-227 74 -85 59
157 148 837 -709
-76 285 -70 854
297 455 384 761
-82 289 -64 855
286 472 365 749
-79 293 -65 860
276 484 373 739
-79 300 -65 834
265 504 385 724
-341 -258 -473 158
-106 179 -167 -303
-344 -242 -490 165
-99 172 -176 -316
-346 -223 -478 139
-93 204 -154 -328
-355 -202 -463 142
-88 200 -159 -314
605 -570 94 -871
-177 -82 -267 451
610 -576 71 -890
-192 -70 -276 446
609 -550 81 -883
-171 -59 -280 467
615 -559 58 -907
-156 -83 -285 459
398 -345 446 -142
394 -143 3 212
409 -352 431 -136
382 -155 -28 198
425 -358 440 -130
402 -146 -25 224
441 -362 421 -152
428 -157 -58 210
224 -79 487 -621
10 -672 -435 401
242 -78 458 -607
28 -667 -456 404
256 -79 456 -628
32 -660 -471 377
278 -47 450 -615
41 -653 -461 380
-173 1116 262 -605
-473 -214 140 963
-186 1122 257 -596
-467 -194 157 968
-174 1107 231 -628
-490 -205 135 970
-165 1119 238 -626
-482 -226 154 974
810 -207 -339 492
481 294 -41 -613
807 -183 -349 490
486 295 -21 -611
831 -201 -352 491
506 298 -37 -636
825 -212 -333 465
489 291 -55 -628
511 -233 434 -348
-225 550 80 -188
504 -225 409 -341
-207 554 81 -217
498 -211 411 -337
-213 553 74 -212
523 -205 423 -358
-219 556 62 -239
-362 683 -41 328
-177 -716 342 -501
-358 696 -66 315
-184 -711 357 -505
-370 706 -54 305
-195 -674 346 -505
-346 722 -41 290
-202 -665 361 -510
-653 -308 -858 -530
60 981 191 -10
-644 -302 -834 -547
37 1007 199 -41
-666 -284 -848 -572
36 1005 222 -50
-663 -277 -825 -557
15 1032 204 -52
317 -64 262 28
-286 94 -63 -15
317 -33 287 23
-282 93 -50 -24
318 -35 281 18
-283 97 -66 -29
291 -37 299 11
-285 95 -48 -30
473 -502 229 -366
-449 -138 -327 -192
447 -510 232 -379
-452 -149 -332 -193
458 -515 208 -361
-456 -158 -343 -163
463 -525 220 -374
-432 -171 -347 -164
934 -395 305 201
-27 -528 221 -250
930 -411 304 201
-40 -543 251 -260
920 -427 306 232
-16 -556 256 -239
912 -440 305 233
-31 -570 256 -217
-420 188 388 -650
134 315 -102 222
-454 200 383 -660
143 315 -90 218
-459 206 409 -637
128 323 -91 186
-437 189 420 -655
138 320 -86 188
366 -894 -125 -143
-20 -271 -18 -950
367 -898 -135 -160
-18 -286 -12 -966
358 -909 -109 -146
-6 -265 -38 -978
390 -880 -117 -154
-3 -286 -34 -965
145 701 341 108
573 168 -908 453
184 690 318 90
570 168 -947 468
195 679 317 102
586 133 -944 483
210 692 288 92
614 137 -949 467
-127 -252 8 169
-374 -240 100 -203
-120 -270 16 169
-347 -243 88 -170
-99 -266 -12 184
-352 -242 97 -172
-87 -290 -10 188
-350 -239 77 -173
399 -216 139 -301
73 -463 431 -250
407 -221 133 -297
59 -461 420 -243
414 -231 131 -293
68 -456 418 -267
428 -236 122 -293
86 -458 409 -259
-63 -63 631 299
-314 320 56 -684
-57 -58 641 297
-316 338 64 -696
-50 -46 617 294
-310 326 37 -714
-40 -34 621 296
-313 341 43 -697
-132 780 251 110
533 -588 172 38
-139 795 234 108
542 -585 178 40
-125 774 253 106
525 -579 146 19
-135 792 239 105
540 -616 149 22
26 576 -366 -6
-69 -306 139 646
13 583 -383 10
-64 -317 144 662
27 561 -393 20
-56 -336 144 684
4 564 -378 10
-45 -321 118 677
-927 -468 -568 -259
101 -300 -559 -478
-917 -474 -583 -221
112 -290 -544 -466
-914 -504 -597 -221
127 -318 -561 -456
-902 -505 -615 -219
115 -304 -556 -482
-539 185 -92 655
527 -302 -66 -905
-561 176 -114 666
537 -288 -49 -898
-556 200 -128 655
527 -275 -74 -896
-552 196 -109 664
516 -286 -67 -933
-255 45 194 297
-278 -143 126 1107
-252 51 183 313
-286 -131 111 1096
-243 67 172 293
-294 -142 126 1076
-249 77 196 277
-270 -123 122 1065
146 72 -288 -853
-196 -483 -182 310
150 62 -306 -878
-185 -466 -178 297
148 79 -290 -867
-181 -457 -173 285
150 110 -281 -898
-169 -447 -170 301
-720 311 -754 152
113 -88 -745 -270
-694 316 -737 157
105 -106 -750 -285
-694 325 -758 132
91 -85 -748 -301
-696 332 -748 138
85 -73 -750 -314
475 204 668 470
164 214 750 266
463 216 672 464
166 232 761 254
491 197 651 477
144 215 759 243
482 214 654 469
155 230 769 262
282 345 442 -190
-493 90 -133 397
284 332 439 -194
-498 65 -142 401
253 344 432 -188
-477 79 -142 407
261 328 457 -191
-447 60 -120 412
88 291 709 -685
1759 -160 186 628
106 271 706 -683
1809 -225 141 655
163 224 656 -657
1925 -276 66 705
254 190 633 -625
2087 -384 -53 757
14612 -2067 -3068 486
1352 5531 21406 7646
14682 -2160 -3137 583
1450 5412 21298 7743
14839 -2277 -3262 672
1599 5300 21156 7893
15045 -2417 -3458 773
1797 5114 20929 8043
-949 1245 6148 -4271
-3470 2655 4687 -426
-888 1164 6083 -4184
-3486 2593 4698 -325
-833 1021 5964 -4037
-3459 2526 4645 -241
-680 888 5817 -3887
-3428 2417 4554 -128
1308 -298 2316 -167
494 -2048 933 -251
1302 -344 2354 -116
466 -2065 981 -217
1276 -400 2395 -58
446 -2077 982 -199
1270 -419 2363 -3
423 -2099 1003 -175
-582 -2425 649 -900
774 1655 28 -533
-569 -2424 662 -893
758 1656 50 -529
-604 -2429 699 -854
767 1664 55 -526
-627 -2437 704 -841
743 1678 76 -527
-899 -281 1419 -678
-554 600 -1100 -640
-941 -300 1445 -694
-556 611 -1089 -661
-940 -281 1439 -704
-552 590 -1066 -660
-946 -268 1440 -684
-571 606 -1077 -684
-681 -869 -430 25
-55 -41 -231 953
-693 -884 -443 14
-84 -73 -231 981
-708 -913 -424 17
-76 -70 -226 989
-726 -905 -407 14
-76 -98 -219 1019
-596 -435 1068 -611
378 -404 -943 394
-594 -467 1055 -590
394 -424 -974 428
-615 -501 1063 -573
407 -437 -972 429
-603 -499 1050 -552
393 -449 -981 458
135 -286 -134 -320
-55 -744 -61 -744
137 -290 -162 -320
-52 -722 -61 -754
157 -283 -147 -327
-49 -744 -89 -737
152 -287 -168 -301
-14 -735 -81 -743
278 568 -118 604
-428 -577 -164 -372
296 566 -118 615
-433 -566 -175 -354
292 557 -159 607
-438 -558 -184 -365
313 590 -166 599
-415 -574 -190 -356
-67 624 -66 -585
-198 1025 -16 1380
-70 611 -71 -569
-203 1052 -8 1366
-74 645 -75 -583
-205 1050 -2 1372
-50 634 -78 -566
-206 1047 -30 1355
-486 719 -29 687
84 -80 -112 -461
-473 742 -24 676
87 -64 -102 -469
-489 765 -26 666
61 -76 -94 -486
-481 759 -21 653
74 -63 -116 -492
-255 -43 -37 -62
244 490 -903 256
-234 -31 -37 -95
263 487 -896 273
-246 -6 -41 -85
243 489 -888 258
-256 -7 -18 -116
226 494 -883 243
394 -406 444 -187
50 481 1004 251
370 -420 455 -188
34 506 1011 241
378 -393 449 -191
18 500 1016 249
381 -402 442 -197
46 497 992 232
446 682 272 773
-376 176 -29 310
436 691 269 761
-389 190 -27 283
455 704 268 754
-377 224 -24 294
450 682 282 741
-395 233 -24 271
-78 208 694 244
694 -297 -48 -595
-81 197 709 225
680 -269 -66 -609
-72 216 686 212
664 -248 -59 -628
-72 237 702 201
685 -255 -47 -654
268 579 182 177
-133 -394 361 -312
285 581 178 183
-133 -407 373 -315
296 588 174 159
-125 -423 353 -317
285 588 157 169
-118 -403 366 -316
398 -93 312 186
-72 -304 -179 -354
428 -110 307 174
-65 -315 -184 -346
432 -96 289 167
-57 -321 -189 -342
434 -115 303 184
-50 -325 -195 -337
-86 253 104 42
-264 -256 441 169
-102 249 87 33
-259 -243 450 177
-98 248 110 22
-251 -260 429 180
-83 239 97 43
-248 -247 435 191
136 -232 833 -395
-619 -99 -648 -26
121 -234 825 -401
-602 -115 -643 -42
140 -231 820 -404
-612 -96 -653 -23
130 -235 814 -407
-624 -115 -625 -35
112 -148 -1194 -245
-255 -204 233 -888
139 -138 -1195 -250
-236 -199 237 -906
135 -151 -1202 -238
-257 -226 246 -899
119 -133 -1173 -246
-239 -220 230 -891
673 -151 -219 -185
60 58 468 -20
667 -161 -200 -209
44 68 466 -7
667 -180 -207 -193
33 35 464 8
669 -165 -189 -178
51 39 465 20
187 -353 598 570
655 230 636 378
183 -374 604 607
646 213 633 386
185 -392 606 591
632 193 660 393
185 -383 607 608
629 204 652 406
-707 -228 -168 88
-1 525 704 32
-705 -216 -142 125
-16 535 716 35
-731 -226 -151 123
-37 515 733 33
-735 -242 -127 121
-53 520 718 41
-307 246 470 150
-622 332 -982 -398
-305 234 493 139
-598 347 -971 -392
-329 246 478 171
-612 329 -965 -394
-324 231 498 165
-626 342 -961 -389
-376 121 -452 211
108 447 171 670
-376 126 -431 215
134 446 176 673
-371 122 -434 227
141 450 172 647
-372 121 -437 234
143 449 172 655
-327 535 -883 -213
109 417 -103 125
-300 554 -910 -213
132 434 -129 140
-274 540 -906 -220
153 421 -122 120
-278 559 -936 -223
150 429 -148 136
-165 -132 -1188 533
442 317 332 -58
-150 -145 -1196 537
432 343 297 -63
-131 -153 -1203 543
446 334 301 -46
-140 -131 -1218 524
431 333 303 -65
-577 344 154 293
18 560 5 307
-615 344 149 290
28 582 12 310
-581 375 154 298
18 571 28 305
-588 375 157 296
30 592 27 308
-700 463 715 408
276 -168 -871 276
-713 477 707 423
285 -172 -889 269
-724 462 733 405
252 -153 -882 270
-700 485 732 383
267 -157 -880 257
-489 -699 -600 16
-780 -189 4 -139
-498 -692 -587 34
-772 -190 -10 -119
-469 -718 -596 12
-773 -185 3 -129
-475 -712 -590 28
-767 -221 -10 -114
-266 -35 -52 -125
338 119 67 770
-267 -75 -37 -130
331 93 53 780
-256 -95 -52 -94
320 87 70 800
-253 -113 -35 -86
314 59 57 814
114 242 527 -263
160 -232 -62 -485
103 192 520 -238
165 -237 -69 -472
122 179 521 -240
168 -248 -80 -466
112 173 518 -213
178 -292 -88 -435
795 105 130 514
-70 68 165 634
784 94 116 553
-40 64 163 674
807 84 106 562
-41 36 153 675
797 71 120 576
-46 5 147 680
1034 433 857 811
-414 134 80 364
1023 414 844 826
-392 116 75 363
1042 399 840 842
-395 128 57 397
1035 378 832 862
-405 108 75 396
77 49 -900 -191
351 -249 724 159
109 40 -898 -183
355 -264 698 159
114 22 -903 -147
389 -254 715 169
110 11 -904 -141
384 -271 700 170
161 177 21 -68
290 -33 -272 -87
189 170 6 -47
289 6 -256 -108
174 180 16 -66
296 11 -267 -111
193 185 8 -51
301 19 -279 -113
27 -563 -516 -590
62 196 259 -340
41 -557 -529 -618
73 189 254 -361
54 -527 -516 -633
58 214 244 -377
67 -529 -534 -653
71 232 241 -388
741 63 329 279
-218 0 -89 -382
751 81 303 276
-207 22 -103 -380
753 98 312 269
-207 18 -112 -416
765 122 316 232
-211 42 -91 -417
90 328 -153 250
9 -23 -83 -61
88 344 -132 233
8 -15 -80 -62
86 353 -139 220
-1 -2 -74 -93
85 371 -144 202
-8 -16 -70 -101
-190 -114 352 -722
50 86 -373 321
-228 -108 368 -739
51 93 -382 318
-225 -102 360 -759
55 100 -369 314
-228 -102 385 -745
27 108 -357 314
73 -245 -65 54
202 663 -20 -182
89 -236 -74 57
198 668 -48 -194
80 -225 -93 58
192 675 -41 -207
85 -240 -64 55
222 671 -58 -185
421 465 -768 881
737 280 535 253
431 474 -801 887
766 301 563 266
430 484 -798 893
766 294 561 271
431 495 -802 871
765 296 558 242
-254 -452 571 -259
-43 205 -729 781
-239 -439 569 -257
-57 208 -710 783
-236 -430 576 -252
-36 201 -716 789
-262 -455 580 -256
-49 190 -724 802
-73 -110 -52 119
55 154 -456 -432
-64 -124 -51 141
70 140 -452 -434
-88 -130 -59 130
83 124 -474 -410
-76 -144 -60 125
68 142 -479 -411
-48 492 121 163
-103 284 22 268
-47 477 123 164
-98 275 21 252
-40 466 94 166
-86 285 16 274
-38 454 101 162
-109 270 10 257
-372 -428 -618 645
-23 -100 306 -452
-396 -448 -635 641
-13 -94 303 -437
-390 -449 -618 647
-31 -94 290 -453
-380 -445 -629 656
-23 -93 315 -440
58 330 -311 2
-245 458 143 223
59 307 -298 11
-232 462 172 248
25 312 -287 -2
-256 474 171 236
26 310 -275 18
-244 483 167 228
-234 298 527 65
-168 186 45 -242
-263 302 556 64
-178 200 53 -228
-255 309 565 60
-180 179 51 -221
-275 309 564 61
-187 190 53 -238
393 -404 430 289
-269 527 43 -236
360 -411 417 293
-246 503 42 -222
361 -428 436 305
-226 484 65 -239
366 -434 424 282
-221 464 46 -228
42 506 746 594
1366 461 -85 -66
59 482 742 601
1379 407 -126 -52
117 444 703 610
1492 329 -187 8
170 408 684 654
1636 225 -288 77
12784 -3156 -3271 1132
-3187 5224 18038 5089
12864 -3240 -3329 1217
-3147 5127 17958 5199
12953 -3361 -3428 1308
-3047 4993 17865 5331
13118 -3507 -3611 1442
-2849 4822 17657 5494
-1123 -309 2476 -5482
-4044 1229 4852 -1245
-1128 -399 2450 -5356
-4098 1173 4883 -1137
-1067 -542 2352 -5227
-4085 1088 4862 -1053
-965 -689 2227 -5064
-4059 985 4797 -925
566 -798 3082 -1412
-95 -1550 355 -978
520 -830 3146 -1377
-147 -1577 437 -951
491 -875 3161 -1296
-160 -1600 475 -928
477 -941 3170 -1260
-207 -1631 500 -898
-1813 -2742 584 -1516
1351 767 730 -724
-1840 -2756 631 -1520
1339 760 760 -720
-1878 -2742 676 -1482
1329 779 762 -724
-1886 -2767 703 -1473
1317 790 790 -719
-582 339 293 -1469
193 -262 -1163 -1174
-575 353 318 -1508
204 -240 -1177 -1207
-563 341 310 -1495
245 -224 -1196 -1203
-549 373 298 -1515
261 -234 -1218 -1213
-1314 -835 -1099 808
467 -156 -907 -530
-1297 -831 -1112 781
495 -179 -911 -545
-1271 -828 -1129 766
498 -168 -927 -555
-1255 -823 -1145 752
529 -165 -968 -534
-124 -40 1882 162
-894 -94 -1422 228
-111 -66 1867 178
-884 -109 -1438 215
-118 -78 1849 186
-909 -128 -1430 232
-101 -64 1839 170
-893 -109 -1450 216
310 -141 -427 385
291 -803 290 -98
315 -148 -441 398
274 -812 272 -72
318 -153 -448 411
289 -817 260 -49
330 -159 -467 418
303 -824 274 -55
-351 139 109 463
92 -99 462 -238
-339 126 114 464
59 -109 452 -230
-359 109 110 497
47 -124 456 -218
-344 98 111 499
45 -137 453 -210
-645 73 216 238
484 -103 78 186
-671 74 236 268
463 -110 94 175
-662 53 228 261
452 -129 99 200
-688 50 244 295
428 -116 115 202
-422 72 868 88
869 1115 -65 -195
-435 68 868 94
863 1115 -42 -181
-452 87 901 110
825 1130 -24 -205
-477 87 911 85
832 1141 -33 -199
-63 364 -248 210
-448 437 -309 688
-83 379 -246 184
-461 437 -317 689
-71 388 -235 186
-449 434 -290 693
-93 422 -208 194
-472 468 -295 668
10 124 553 745
-347 177 132 40
2 116 564 740
-349 182 153 35
-10 138 575 742
-378 187 136 25
11 132 594 732
-369 195 153 14
-537 -91 -1542 -162
311 -214 230 -66
-552 -60 -1551 -150
297 -191 226 -75
-541 -56 -1554 -179
317 -173 224 -80
-528 -56 -1535 -177
339 -190 220 -87
-385 -253 226 -732
524 31 223 161
-386 -270 218 -734
545 49 210 152
-344 -249 205 -731
538 31 213 165
-338 -265 190 -758
573 17 192 152
150 319 211 -225
-412 -278 440 -320
175 327 196 -193
-410 -279 436 -314
195 317 186 -198
-379 -317 439 -279
179 299 196 -169
-385 -326 415 -267
243 374 -151 708
46 -427 -512 557
247 367 -145 736
20 -477 -528 567
257 321 -145 768
21 -476 -510 600
236 315 -175 768
28 -500 -523 619
-405 886 -397 619
-9 -183 905 284
-410 839 -387 655
-19 -196 924 296
-419 810 -378 651
-57 -208 909 333
-426 804 -374 686
-70 -250 933 330
-306 -480 279 209
102 -1046 -625 -620
-320 -494 304 215
64 -1070 -622 -611
-333 -490 331 259
64 -1071 -617 -596
-338 -508 356 267
57 -1099 -582 -586
372 -651 626 -751
-178 155 113 -98
362 -661 638 -722
-161 148 113 -85
361 -663 670 -730
-176 146 135 -72
329 -679 670 -700
-185 141 126 -86
-49 601 85 590
-139 115 653 5
-39 608 99 605
-145 115 647 -18
-62 624 112 618
-167 147 653 -9
-87 616 124 594
-156 152 662 -4
-209 -168 -32 -572
-70 24 181 3
-243 -138 -4 -572
-64 33 212 -14
-248 -129 2 -588
-87 44 203 0
-248 -126 3 -600
-79 52 228 -16
784 -266 258 323
138 -12 100 693
774 -264 270 305
114 -14 99 702
765 -270 253 320
121 -18 102 715
759 -247 262 310
133 -20 101 697
-476 396 55 38
213 473 674 -175
-489 392 56 54
210 455 649 -151
-468 385 55 73
199 443 652 -159
-479 390 49 54
222 431 662 -142
-596 5 -133 706
661 -638 229 221
-609 0 -131 705
697 -632 210 242
-581 -3 -156 701
697 -667 210 260
-598 -13 -154 698
736 -658 190 249
535 -48 -455 -114
-4 -1086 -594 221
553 -67 -460 -87
35 -1086 -624 239
577 -53 -491 -83
37 -1084 -663 252
577 -75 -506 -60
74 -1087 -666 242
-412 446 -47 -99
-378 -51 -388 -428
-411 458 -69 -87
-359 -31 -410 -413
-366 439 -116 -81
-364 -41 -418 -430
-362 456 -136 -69
-334 -54 -447 -421
517 230 35 -4
-412 -570 172 -220
534 234 -6 -14
-378 -565 170 -207
541 231 -13 -17
-379 -554 136 -221
560 259 -31 -15
-384 -543 133 -239
60 854 251 142
432 -14 718 193
67 849 262 136
428 -14 719 185
79 852 246 125
433 -14 718 204
81 878 236 153
444 -6 687 189
803 -107 -271 -475
-280 303 -241 290
810 -108 -302 -485
-276 315 -255 270
811 -101 -306 -500
-249 333 -260 274
826 -97 -319 -516
-253 347 -245 248
-417 -263 202 674
-1037 201 5 -71
-425 -232 218 651
-1038 229 -21 -55
-424 -241 198 654
-1013 230 -15 -72
-424 -215 182 632
-1027 231 -8 -92
323 250 94 303
826 493 -370 309
347 268 107 290
827 507 -379 321
342 246 111 280
859 517 -377 311
341 254 90 274
862 505 -387 289
87 -204 405 -453
-67 -753 92 -589
92 -209 394 -467
-59 -767 90 -567
91 -193 384 -475
-49 -744 61 -573
127 -204 379 -488
-71 -757 52 -581
-725 450 -806 72
-1045 254 -122 659
-743 464 -813 90
-1059 227 -85 658
-741 451 -813 97
-1069 236 -81 667
-739 434 -813 108
-1074 238 -77 676
-985 231 -1180 539
5 -214 202 112
-1000 217 -1176 530
-11 -220 232 106
-992 237 -1167 550
-12 -222 228 126
-1015 222 -1133 541
-28 -221 265 119
207 -161 -360 -1150
16 -420 763 165
193 -167 -366 -1166
-2 -411 771 177
176 -175 -341 -1155
-16 -428 783 184
157 -185 -341 -1145
-31 -415 801 197
535 12 -539 -120
-38 135 -420 -2
525 16 -560 -137
-66 140 -423 -10
541 15 -543 -117
-58 140 -425 -14
529 -14 -533 -105
-56 135 -424 -13
-539 90 -105 151
-749 101 -599 -289
-540 95 -111 177
-778 114 -580 -280
-545 79 -91 169
-808 99 -558 -277
-552 88 -98 169
-799 111 -567 -271
336 227 768 664
-460 -343 -20 -619
324 232 771 644
-481 -355 -12 -609
311 224 776 662
-507 -366 0 -626
296 225 807 647
-500 -348 17 -610
230 351 37 -368
597 -622 235 362
208 342 41 -360
595 -644 256 359
212 332 54 -353
606 -642 241 365
190 357 59 -347
574 -639 256 367
-43 -557 -76 -165
-25 403 -149 297
-41 -565 -91 -129
-28 397 -149 309
-45 -595 -79 -135
-34 365 -146 316
-15 -596 -87 -132
-36 367 -147 324
-45 133 -23 399
-224 165 62 177
-45 139 -21 405
-242 174 56 170
-46 146 -18 414
-224 153 54 158
-43 127 -18 411
-250 156 83 187
731 165 344 34
9 290 -561 74
743 170 344 28
8 290 -561 70
724 173 366 26
3 290 -557 65
709 176 364 22
-7 295 -555 58
-824 -232 310 -458
391 2 -368 180
-825 -225 321 -461
382 -7 -370 184
-828 -218 337 -465
372 -15 -370 187
-831 -242 324 -476
366 -27 -375 195
-1106 -639 -518 334
-308 635 -236 -340
-1100 -650 -509 341
-333 643 -205 -360
-1106 -653 -498 346
-311 644 -199 -351
-1112 -624 -487 357
-328 619 -194 -352
97 63 -429 371
381 -377 71 193
113 85 -430 399
403 -406 73 200
102 77 -413 392
389 -403 73 215
92 64 -424 389
410 -399 77 202
-882 468 -123 97
321 298 -298 666
-898 450 -136 88
302 294 -292 680
-897 460 -130 111
313 294 -310 689
-886 441 -130 96
330 294 -304 669
405 -471 427 545
-562 906 46 -206
393 -468 435 549
-561 915 45 -203
422 -462 412 550
-559 904 35 -212
417 -458 411 555
-555 921 31 -216
-320 -718 -249 -215
-585 112 -182 -83
-329 -684 -250 -227
-577 77 -206 -80
-298 -691 -252 -211
-563 72 -208 -61
-297 -703 -259 -227
-552 63 -206 -71
60 240 0 29
1460 -425 283 83
70 203 0 33
1450 -474 234 129
100 182 -5 79
1522 -568 218 207
146 129 -22 87
1649 -668 156 281
10736 -4645 -2287 1026
-10071 6941 12455 1684
10785 -4731 -2314 1078
-10049 6820 12390 1790
10831 -4866 -2375 1207
-9978 6664 12315 1920
10963 -5043 -2512 1346
-9865 6471 12199 2101
-486 -1743 -1578 -4791
-2637 1814 3863 -208
-468 -1847 -1548 -4663
-2670 1758 3884 -95
-458 -1982 -1635 -4516
-2667 1673 3868 -3
-349 -2134 -1731 -4331
-2670 1585 3815 106
469 -937 2127 -2837
-1205 -1248 902 -84
443 -995 2200 -2804
-1252 -1282 958 -36
413 -1042 2196 -2718
-1290 -1282 981 -17
391 -1076 2225 -2653
-1305 -1323 1007 34
-690 -2073 1251 -1239
445 357 -430 -784
-741 -2098 1268 -1220
436 342 -400 -774
-766 -2122 1291 -1201
433 339 -378 -768
-759 -2152 1322 -1171
406 303 -370 -761
-659 731 -575 -1407
56 -308 -638 -160
-668 714 -573 -1418
102 -306 -670 -145
-634 728 -573 -1390
118 -308 -685 -131
-633 718 -578 -1405
134 -305 -697 -148
-379 -852 -123 869
-707 -268 -1108 -110
-339 -876 -145 889
-682 -299 -1114 -106
-332 -891 -167 882
-653 -289 -1149 -107
-289 -872 -188 877
-655 -311 -1194 -117
-46 -410 273 946
-280 333 -245 -596
-13 -401 265 942
-258 334 -268 -607
-4 -390 250 962
-244 334 -284 -619
9 -402 204 948
-220 334 -308 -601
113 -429 276 143
-576 -75 -236 -111
119 -426 263 137
-570 -77 -254 -120
161 -392 224 136
-564 -78 -277 -131
169 -393 210 131
-523 -53 -292 -132
135 -210 -732 -36
-79 -144 393 119
144 -213 -720 -31
-72 -158 395 107
164 -217 -745 -25
-89 -148 387 104
179 -211 -744 -57
-72 -165 351 122
-506 -590 170 -570
329 140 967 -468
-492 -595 168 -560
310 117 972 -475
-510 -597 165 -582
327 118 984 -476
-498 -603 159 -570
320 121 957 -478
-761 -616 205 77
159 -95 -1064 -27
-757 -616 185 104
145 -100 -1072 -7
-758 -615 192 98
165 -93 -1077 -21
-757 -614 201 92
180 -88 -1083 -36
-163 -242 953 -154
62 -551 -577 -237
-146 -215 948 -142
92 -541 -592 -234
-152 -218 932 -139
107 -538 -619 -227
-132 -222 925 -137
116 -562 -644 -253
416 -587 -145 -406
918 665 320 -189
460 -600 -195 -422
939 658 286 -193
467 -585 -184 -428
973 650 303 -196
471 -577 -203 -429
993 667 277 -192
-311 521 -458 425
-356 -424 -646 -132
-281 498 -461 419
-342 -454 -638 -112
-254 497 -494 426
-323 -450 -662 -121
-259 501 -501 396
-308 -444 -681 -130
338 -754 245 -630
-24 -754 150 -569
343 -763 227 -612
7 -752 162 -566
348 -758 207 -607
18 -778 132 -543
389 -765 190 -597
33 -782 128 -539
515 898 -388 752
-444 -81 284 -621
542 907 -411 749
-455 -86 287 -640
530 886 -439 776
-428 -96 269 -621
550 871 -434 772
-411 -106 249 -604
-458 298 452 -153
486 483 10 312
-463 301 444 -165
474 489 19 333
-471 291 462 -140
465 498 27 327
-450 258 460 -149
462 470 -3 349
-281 324 -309 -151
-42 200 624 235
-282 325 -297 -132
-54 181 616 222
-287 332 -286 -117
-40 182 615 248
-284 309 -314 -135
-56 161 609 236
-384 -502 -55 622
403 -299 78 -150
-407 -512 -56 636
396 -313 93 -168
-400 -513 -53 616
394 -334 102 -156
-395 -523 -46 631
388 -325 114 -136
226 -64 476 -68
368 357 99 -462
212 -83 469 -55
374 364 90 -459
200 -71 462 -34
389 372 76 -460
220 -81 460 -25
396 348 92 -437
-71 -444 -330 -240
-96 -506 36 -16
-44 -462 -345 -239
-81 -508 29 -6
-54 -450 -339 -233
-69 -505 28 0
-26 -438 -358 -224
-77 -500 15 6
165 -64 -898 -421
-97 60 658 949
139 -74 -913 -409
-99 52 652 942
143 -80 -922 -400
-101 46 643 937
151 -81 -905 -396
-108 36 665 963
-296 -449 377 40
-176 297 232 -303
-316 -459 376 35
-198 284 254 -288
-309 -469 381 32
-215 277 271 -276
-340 -455 388 68
-202 266 269 -264
-327 -462 -423 -406
-139 -307 200 9
-342 -481 -412 -405
-149 -307 187 13
-351 -506 -405 -373
-162 -310 205 19
-332 -489 -397 -372
-145 -341 226 46
-564 91 -395 259
-83 205 -541 203
-543 94 -397 278
-72 216 -536 195
-560 77 -401 260
-62 216 -556 222
-538 51 -407 278
-82 198 -554 211
-187 210 -850 -413
-646 -1072 -584 110
-179 203 -840 -397
-662 -1094 -596 112
-191 199 -868 -409
-643 -1080 -571 119
-181 193 -857 -392
-656 -1105 -582 124
68 298 121 190
-382 -170 -125 -305
77 316 102 182
-373 -180 -123 -297
57 327 108 200
-390 -148 -123 -315
64 319 122 185
-379 -152 -119 -308
-320 -473 -71 -382
97 116 -799 -236
-311 -471 -99 -404
98 109 -825 -251
-305 -472 -92 -400
126 137 -811 -260
-302 -475 -84 -389
127 130 -834 -274
612 -389 -276 181
282 354 -157 -705
622 -363 -282 185
287 357 -195 -717
643 -361 -291 177
287 355 -203 -696
665 -365 -301 178
326 359 -211 -706
-514 -687 156 -91
-470 741 -95 515
-485 -681 157 -95
-481 720 -139 530
-480 -686 119 -90
-474 738 -143 521
-477 -692 108 -87
-465 723 -146 509
-615 -549 -793 -225
-202 -124 360 -498
-607 -548 -776 -224
-210 -133 369 -504
-630 -551 -797 -197
-209 -124 351 -500
-621 -548 -815 -200
-223 -143 366 -503
430 57 40 269
-210 -277 -365 -85
430 31 47 290
-181 -306 -375 -81
411 39 45 289
-199 -305 -355 -74
422 12 21 285
-204 -307 -374 -63
-445 489 -569 285
-559 -656 -384 -104
-463 463 -558 294
-550 -646 -360 -77
-455 466 -562 303
-568 -654 -375 -95
-471 476 -578 312
-561 -667 -354 -80
-22 264 317 -567
-21 697 378 579
-26 279 340 -583
-5 675 373 558
-22 288 334 -567
-20 683 360 549
-15 266 324 -555
-7 685 386 543
-164 130 -41 274
1104 450 -128 -91
-176 126 -57 290
1098 460 -113 -114
-167 129 -59 300
1100 461 -133 -108
-150 110 -64 275
1100 436 -125 -107
94 -366 600 590
-307 659 487 528
126 -336 609 604
-316 663 511 536
120 -340 612 586
-323 660 510 552
110 -358 617 607
-302 630 520 538
648 685 343 -21
582 408 -215 780
666 677 340 0
586 402 -204 756
650 676 331 -8
587 379 -219 768
672 663 322 19
585 390 -210 791
254 465 465 -503
-348 -446 358 -621
240 454 485 -482
-327 -466 342 -618
237 445 471 -489
-349 -453 350 -614
258 439 464 -470
-330 -472 329 -615
376 371 -54 341
-198 -186 254 -432
364 352 -40 318
-233 -179 271 -435
344 365 -49 326
-230 -199 263 -449
362 349 -32 333
-232 -194 280 -425
-86 -283 -145 183
118 -324 617 -262
-75 -274 -127 188
128 -324 643 -263
-96 -298 -122 190
112 -330 637 -259
-84 -290 -112 197
119 -332 664 -259
-337 7 -36 126
-212 437 -293 -98
-326 13 -30 146
-218 458 -266 -103
-323 -4 -21 130
-219 441 -268 -108
-314 5 -45 150
-221 428 -272 -118
42 -163 -185 17
-636 -229 -1 152
24 -174 -182 36
-619 -256 -16 152
18 -187 -185 32
-635 -254 -7 159
40 -200 -184 27
-620 -256 5 167
645 369 -131 351
-258 197 195 248
665 370 -130 370
-255 200 215 252
650 373 -127 384
-245 198 208 256
644 350 -131 362
-273 201 226 260
39 -93 83 -108
-108 -76 -475 212
56 -105 68 -97
-93 -70 -467 214
73 -111 80 -118
-103 -54 -466 209
58 -92 66 -102
-87 -44 -456 205
235 321 -29 71
-257 -241 -25 -302
247 352 -24 65
-239 -255 -31 -317
240 348 -26 82
-256 -245 -9 -319
257 353 -24 66
-235 -228 -19 -328
-235 42 315 96
-1254 202 -972 437
-217 65 311 102
-1259 216 -978 427
-235 60 308 69
-1244 251 -974 428
-245 86 298 70
-1261 266 -975 417
-118 67 -84 -64
505 120 -252 250
-114 57 -49 -62
473 119 -259 253
-128 78 -55 -85
470 125 -225 219
-152 100 -51 -79
466 124 -224 218
-149 134 472 200
-168 -322 304 -441
-159 129 504 204
-195 -328 304 -436
-198 129 528 202
-205 -326 349 -439
-202 132 527 202
-227 -324 347 -443
-401 -556 -356 213
564 -226 1025 51
-433 -544 -333 196
547 -252 1033 66
-432 -576 -336 206
562 -246 1043 62
-463 -577 -317 222
550 -276 1050 53
-486 790 519 70
562 -1036 -326 -379
-479 780 543 87
568 -1101 -364 -330
-469 722 500 106
630 -1189 -361 -267
-439 692 511 131
715 -1287 -436 -211
8374 -5134 -2525 1941
-15356 8950 5484 621
8378 -5211 -2534 2020
-15341 8821 5443 730
8444 -5364 -2591 2139
-15300 8704 5399 861
8546 -5522 -2680 2280
-15212 8525 5311 1025
-179 -1651 -3046 -3075
-1071 3890 1772 1265
-194 -1758 -3070 -2991
-1085 3840 1777 1305
-187 -1859 -3096 -2855
-1085 3779 1775 1385
-120 -2015 -3156 -2684
-1081 3695 1733 1484
-1102 -2961 237 -3828
-952 -1081 80 -837
-1125 -2958 266 -3779
-979 -1088 89 -809
-1149 -2993 259 -3762
-1001 -1108 108 -779
-1171 -3004 290 -3722
-1025 -1123 94 -774
-428 -1330 1128 -1143
-26 899 -655 90
-448 -1351 1162 -1128
-24 880 -653 112
-456 -1342 1164 -1124
-38 868 -670 99
-460 -1367 1164 -1101
-28 890 -650 129
-1358 867 -582 -227
780 -1155 -404 -775
-1358 862 -606 -218
814 -1154 -437 -794
-1354 873 -600 -241
846 -1163 -439 -785
-1319 850 -623 -243
858 -1135 -490 -799
-1350 -322 -634 557
-1128 -23 168 -974
-1344 -308 -657 552
-1109 -34 142 -970
-1308 -291 -673 520
-1082 -36 112 -973
-1270 -309 -726 513
-1063 -15 89 -967
-174 -874 -866 251
520 1053 -202 478
-163 -871 -912 232
525 1055 -229 459
-124 -872 -922 244
569 1065 -257 446
-79 -846 -966 233
587 1080 -292 427
-105 527 -1089 -699
0 -340 154 427
-68 528 -1105 -745
19 -331 106 400
-51 555 -1136 -755
37 -288 90 377
-31 583 -1168 -772
49 -280 76 353
-279 183 497 -1000
1086 -944 553 -218
-292 184 460 -1038
1112 -926 555 -253
-277 223 465 -1051
1108 -903 547 -266
-260 261 439 -1093
1107 -880 538 -309
-180 556 544 -381
-603 -205 -630 -450
-183 578 528 -417
-602 -168 -624 -475
-159 599 522 -425
-601 -161 -623 -507
-172 632 512 -437
-603 -131 -643 -504
197 5 -11 428
357 1201 -16 793
210 15 -6 417
372 1232 -32 793
198 22 -9 414
370 1249 -10 753
208 37 -2 379
374 1258 -21 743
632 189 303 131
122 347 -430 281
611 211 310 100
128 359 -435 292
628 223 296 99
128 347 -413 266
642 272 282 71
137 371 -426 238
91 -813 155 -330
-44 314 231 562
78 -810 166 -340
-58 314 248 545
63 -806 150 -351
-59 336 229 566
82 -803 165 -370
-69 330 238 547
-1302 -258 -284 549
137 -444 60 97
-1296 -275 -278 556
111 -460 78 123
-1332 -271 -246 573
116 -444 80 121
-1330 -291 -240 552
93 -455 99 116
-40 -232 -120 -181
-1063 293 -617 -238
-51 -221 -108 -162
-1075 299 -612 -258
-29 -194 -96 -184
-1086 305 -614 -254
-34 -211 -91 -173
-1096 318 -611 -275
-410 -130 -60 -771
1141 -278 -51 -183
-402 -115 -47 -814
1175 -292 -73 -175
-404 -83 -75 -818
1151 -267 -80 -192
-415 -79 -69 -831
1160 -247 -84 -204
-809 529 167 756
17 642 -692 -41
-805 530 152 721
44 623 -721 -45
-794 522 144 716
34 630 -723 -70
-783 552 131 716
61 645 -726 -74
-370 439 158 568
-1207 -57 98 -134
-381 431 148 583
-1219 -60 114 -129
-369 464 152 566
-1217 -59 94 -134
-351 464 146 573
-1227 -60 109 -136
309 117 -386 883
-412 -654 631 -70
321 132 -383 885
-425 -668 620 -95
306 123 -361 876
-412 -660 654 -81
288 142 -365 873
-430 -653 654 -69
312 348 -634 -80
565 -194 234 -575
330 341 -623 -71
570 -178 222 -559
320 335 -621 -65
578 -185 215 -586
345 342 -612 -95
585 -195 234 -587
383 -1052 -523 90
-774 188 588 -83
396 -1042 -523 89
-780 177 581 -80
372 -1066 -528 84
-784 159 550 -69
386 -1061 -531 88
-764 144 552 -62
61 198 -48 403
259 -97 -27 547
66 177 -43 447
249 -124 -29 558
72 166 -40 461
277 -158 -29 600
82 149 -40 474
268 -193 -35 616
-216 12 -192 367
44 39 283 126
-230 -14 -200 394
11 0 278 160
-253 -53 -181 428
8 -15 283 175
-239 -80 -184 427
12 -31 280 215
-56 -393 183 142
468 151 735 383
-59 -424 192 189
461 125 740 432
-62 -428 198 209
452 106 746 443
-69 -465 233 225
442 86 756 460
201 -85 44 -277
-49 -475 -93 33
174 -108 39 -257
-46 -476 -84 54
177 -127 40 -243
-43 -505 -82 65
180 -118 42 -224
-38 -510 -79 84
-118 45 -237 509
-221 268 -304 -367
-116 15 -236 505
-223 253 -302 -373
-115 17 -236 541
-229 244 -296 -352
-146 -8 -240 541
-238 232 -288 -331
282 734 216 487
-136 -24 -126 114
255 739 228 475
-144 -11 -110 95
257 747 249 493
-154 -6 -96 109
230 718 265 509
-163 7 -80 93
-711 -370 -340 -808
-211 -468 -34 -139
-750 -363 -324 -819
-214 -473 -7 -130
-762 -365 -300 -826
-202 -446 -20 -143
-769 -364 -277 -837
-230 -460 -5 -160
245 249 33 530
-203 -275 -225 -320
238 238 26 532
-188 -287 -231 -307
234 228 44 532
-202 -285 -245 -330
237 253 34 510
-190 -262 -223 -319
-337 64 264 139
552 -165 -207 -523
-311 76 260 129
525 -142 -198 -545
-327 64 257 138
539 -156 -209 -538
-302 85 257 121
523 -137 -201 -533
-360 -90 -62 -26
692 334 917 57
-373 -85 -87 -32
679 333 916 44
-363 -78 -80 -32
697 327 918 65
-353 -76 -72 -35
690 330 916 52
-643 -241 -319 -369
477 -475 -51 297
-656 -231 -313 -371
488 -477 -60 290
-635 -229 -307 -371
500 -485 -76 260
-640 -221 -307 -377
500 -462 -56 264
45 330 999 -266
28 -174 -250 219
62 320 990 -257
38 -193 -234 225
70 341 985 -273
48 -182 -249 233
79 326 952 -265
61 -166 -263 213
152 -78 -359 -71
-85 76 71 -401
151 -92 -367 -86
-88 70 60 -407
180 -76 -370 -99
-93 97 47 -412
172 -61 -377 -81
-75 92 48 -421
228 380 -98 132
627 200 -118 60
251 388 -91 122
627 202 -110 59
235 397 -89 106
631 205 -125 57
256 402 -81 97
635 206 -115 59
610 471 -494 -15
-207 55 841 102
590 486 -503 -13
-183 44 837 87
608 500 -510 -11
-193 60 852 82
618 490 -517 -47
-174 74 847 74
-787 -35 -415 359
393 -837 -74 4
-780 -64 -409 361
392 -853 -74 19
-777 -68 -398 369
388 -865 -72 -1
-774 -66 -421 375
419 -879 -100 10
1 -714 276 -743
-38 -153 -554 -532
-11 -709 272 -747
-28 -169 -543 -513
0 -711 281 -752
-15 -147 -566 -517
22 -712 278 -758
-42 -156 -564 -530
-476 -227 134 65
217 -246 -212 -452
-485 -213 133 65
212 -212 -200 -454
-469 -193 141 57
214 -207 -224 -466
-453 -204 122 48
220 -196 -249 -474
-3 -786 -564 -767
-919 338 -126 -448
-11 -781 -566 -794
-931 360 -118 -474
-25 -740 -571 -814
-907 386 -137 -472
6 -740 -579 -806
-919 377 -133 -500
-234 533 387 85
798 -721 100 2
-212 528 398 46
783 -732 104 -10
-222 546 399 50
773 -719 80 -14
-231 566 407 22
785 -707 92 -16
-526 -311 -99 -151
-288 -273 290 -693
-545 -309 -83 -151
-297 -306 279 -678
-563 -315 -69 -151
-321 -298 305 -687
-551 -318 -81 -147
-303 -301 298 -664
-37 548 -99 -425
-198 37 513 278
-68 517 -83 -433
-214 30 524 272
-75 524 -85 -413
-189 24 504 291
-77 530 -66 -422
-204 27 514 276
123 -408 -1074 -359
356 -229 114 188
126 -400 -1076 -360
384 -231 118 190
124 -389 -1055 -365
386 -240 86 226
132 -410 -1061 -376
380 -239 85 231
543 -184 290 232
671 211 837 521
540 -200 280 222
664 200 819 559
531 -196 279 225
680 198 811 563
559 -228 281 253
667 192 826 575
-341 123 184 -241
1030 86 -298 -167
-337 122 185 -242
1048 117 -300 -162
-331 123 153 -248
1066 115 -306 -163
-300 124 164 -253
1058 112 -320 -163
193 146 150 63
131 292 125 -73
189 123 140 48
141 309 92 -65
221 131 134 44
148 309 86 -73
219 138 124 41
152 305 86 -80
469 -421 220 -225
-118 -182 0 78
473 -397 205 -229
-104 -169 -23 66
484 -407 189 -209
-95 -184 -16 52
488 -409 175 -220
-86 -165 -39 72
82 9 -241 -430
-211 548 114 -44
83 -2 -252 -465
-184 534 109 -29
83 5 -261 -458
-188 530 98 -50
111 -11 -265 -432
-157 521 90 -38
91 -375 -438 354
1046 -239 279 197
101 -375 -448 362
1075 -318 236 218
139 -425 -468 378
1106 -397 235 283
166 -481 -488 425
1189 -476 167 350
6212 -7190 -1035 1692
-15624 11982 -567 -983
6228 -7274 -1049 1749
-15610 11888 -565 -893
6288 -7360 -1118 1847
-15579 11785 -627 -779
6359 -7488 -1187 1997
-15517 11661 -672 -659
-786 -4 -818 196
-767 4790 -760 2613
-805 -36 -818 250
-791 4794 -734 2615
-802 -110 -838 320
-821 4789 -720 2654
-790 -176 -873 419
-858 4764 -697 2709
621 -2294 -815 -1677
85 -594 1511 -1518
571 -2269 -809 -1694
61 -606 1523 -1511
547 -2264 -763 -1678
44 -597 1551 -1506
525 -2259 -740 -1670
33 -583 1545 -1527
-78 228 872 -301
-464 1012 -909 2006
-97 210 852 -314
-464 1002 -889 2004
-95 225 869 -318
-455 1002 -905 1996
-111 227 880 -299
-449 966 -892 1998
833 750 72 -454
-779 -487 786 -1243
828 747 66 -470
-762 -467 751 -1248
861 752 60 -461
-720 -484 747 -1231
860 753 45 -444
-704 -465 711 -1241
-427 140 -766 386
675 -434 -307 -560
-421 157 -790 372
695 -425 -330 -568
-382 141 -813 359
715 -414 -357 -575
-375 156 -836 378
732 -405 -381 -586
-272 687 125 861
-335 577 -4 220
-289 705 104 858
-329 609 -27 186
-270 704 89 847
-324 635 -24 188
-261 727 79 845
-314 674 -45 148
1023 697 -184 197
-366 -1081 -1033 -118
1059 718 -196 168
-341 -1057 -1042 -144
1067 767 -215 144
-324 -1007 -1049 -167
1078 792 -207 109
-342 -985 -1060 -195
-386 -74 282 -756
342 337 -321 114
-396 -52 273 -779
352 331 -329 104
-373 -5 274 -800
355 360 -310 66
-352 16 251 -827
370 388 -326 59
-387 56 404 136
485 -315 -131 -363
-406 56 414 115
500 -298 -142 -374
-382 87 401 92
517 -288 -133 -388
-398 93 412 66
537 -275 -150 -399
-580 224 236 671
51 1256 -711 517
-553 219 223 674
60 1248 -725 518
-553 248 202 654
74 1245 -738 514
-526 238 188 664
123 1275 -752 518
678 657 538 657
-846 246 -803 444
697 661 487 642
-833 221 -823 448
715 661 464 626
-815 227 -844 457
737 653 436 640
-801 234 -866 438
540 -141 101 -276
-61 -509 437 356
569 -160 73 -283
-46 -506 442 357
593 -148 76 -262
-55 -514 413 389
588 -171 44 -277
-28 -525 387 396
-220 338 -724 284
-599 244 -299 118
-221 310 -737 294
-592 253 -298 122
-219 310 -752 313
-614 265 -303 124
-218 307 -740 337
-606 273 -304 129
-415 1140 352 -409
-176 30 -232 -33
-389 1164 345 -408
-176 10 -216 -54
-405 1156 340 -414
-179 24 -221 -62
-418 1148 332 -416
-186 36 -227 -71
493 275 610 -530
476 -689 16 -238
480 293 639 -558
475 -677 13 -249
475 307 641 -562
442 -662 2 -261
472 324 643 -566
439 -653 29 -271
-810 -163 -552 -416
46 35 -74 -75
-812 -155 -549 -437
24 54 -72 -94
-822 -118 -541 -424
29 45 -60 -120
-834 -107 -534 -446
35 59 -48 -105
-171 504 -127 -173
226 90 -98 -396
-199 508 -129 -197
222 104 -108 -410
-186 511 -130 -217
225 118 -94 -424
-180 551 -130 -235
228 108 -108 -449
970 -405 580 -62
87 259 -114 -299
983 -385 553 -87
110 240 -120 -284
998 -377 557 -107
107 255 -135 -293
1011 -372 559 -94
131 277 -143 -304
-336 -587 -278 -44
-469 313 -450 -58
-341 -579 -297 -49
-480 311 -471 -52
-348 -575 -282 -59
-467 307 -453 -73
-348 -572 -301 -38
-486 298 -444 -61
334 -136 730 340
433 -284 -67 -36
335 -117 727 375
431 -283 -77 -27
337 -127 723 374
468 -286 -86 -12
341 -139 723 377
464 -318 -67 2
-322 471 -297 -418
364 552 -10 121
-325 476 -309 -419
398 521 -24 141
-321 470 -298 -413
402 521 -16 141
-294 458 -304 -373
403 525 -38 140
20 -305 543 -656
276 -1337 -1011 3
41 -306 519 -644
276 -1364 -1016 14
54 -309 535 -637
274 -1369 -1019 35
41 -349 515 -633
274 -1378 -1022 34
-468 545 -204 -129
215 -212 -222 -451
-471 547 -211 -88
191 -205 -229 -420
-475 524 -213 -86
205 -223 -231 -425
-483 538 -217 -81
213 -209 -234 -402
-913 139 158 197
-944 276 -505 341
-926 152 152 186
-938 257 -525 350
-936 121 171 177
-947 272 -511 345
-916 119 167 206
-954 288 -496 334
338 178 -616 12
448 452 -12 183
329 182 -595 10
436 460 -13 172
325 219 -600 7
464 477 -11 150
323 226 -608 -1
462 493 -16 134
436 -629 367 -921
202 131 -282 -110
449 -629 331 -941
216 148 -302 -141
465 -596 319 -932
207 157 -330 -144
482 -587 313 -961
219 169 -320 -148
209 -166 -45 451
-644 353 492 9
217 -159 -59 457
-636 325 468 6
224 -149 -43 436
-645 334 483 5
231 -144 -60 446
-640 348 462 -27
68 12 -374 267
-801 111 -434 904
67 16 -367 271
-801 95 -413 899
64 -6 -389 263
-790 79 -425 897
35 0 -388 257
-822 94 -405 897
1113 -331 172 216
221 -341 371 -129
1105 -321 157 226
211 -322 367 -139
1095 -337 170 224
210 -328 361 -154
1121 -319 194 225
202 -312 384 -135
-42 399 127 -430
698 200 490 292
-45 421 107 -448
692 214 476 289
-48 435 115 -431
722 201 494 253
-51 457 95 -452
729 217 473 250
-399 -271 -100 -615
207 -925 -83 -320
-378 -256 -121 -628
209 -904 -79 -343
-396 -236 -120 -643
208 -885 -101 -335
-375 -217 -117 -661
210 -896 -99 -361
-239 440 735 -111
-692 664 -161 -351
-225 460 750 -132
-677 664 -157 -350
-234 443 727 -153
-699 667 -157 -374
-221 460 742 -136
-692 671 -150 -374
329 -333 170 -82
305 -276 -246 559
343 -328 195 -68
326 -282 -243 549
334 -342 188 -94
315 -288 -244 570
325 -339 178 -79
304 -255 -246 565
9 -675 239 -674
35 -220 -505 -577
-8 -680 234 -695
54 -215 -528 -571
9 -695 238 -684
31 -205 -527 -595
-5 -697 239 -683
43 -200 -520 -593
-213 207 -175 391
-362 191 344 281
-224 210 -164 383
-372 193 371 280
-242 211 -173 377
-383 185 370 284
-233 213 -151 371
-390 184 367 286
-496 -504 -339 -254
-219 -266 -643 444
-491 -520 -308 -230
-227 -269 -649 461
-504 -509 -320 -227
-241 -271 -622 443
-527 -525 -296 -234
-259 -276 -622 461
101 -27 76 -264
-28 -116 -140 -728
103 -31 100 -243
-31 -119 -138 -737
72 -20 123 -259
-44 -132 -126 -717
82 -17 117 -241
-53 -138 -92 -730
