0 0 0 0
76 5 -27 -7
27 8 0 0
152 12 -49 0
27 8 0 0
196 4 -102 -18
52 18 0 0
270 21 -123 -16
296 -19 -148 8
27496 6571 -730 5
595 -19 -295 7
27043 6765 -1403 -18
862 9 -419 -9
26436 6977 -2017 -90
1101 46 -535 -21
25724 7220 -2538 -190
774 -2354 6031 16112
2788 1313 89 1317
494 -2259 6375 15965
2601 1398 322 1233
160 -2117 6812 15817
2381 1452 601 1144
-231 -1957 7295 15605
2190 1533 885 1040
3114 3288 70 1011
921 1087 47 361
3011 3329 199 967
916 1094 88 351
2911 3332 327 897
905 1071 127 341
2849 3358 476 879
870 1089 190 344
441 -1456 -66 -1539
-28 19 -615 435
459 -1444 -60 -1540
-65 30 -612 429
470 -1444 -54 -1547
-108 39 -605 425
451 -1463 -43 -1519
-149 48 -591 397
-5 5 12 -8
-1 0 2 -3
-13 7 27 -15
-2 3 5 -5
-21 11 43 -19
-4 4 9 -5
-29 12 64 -19
-5 3 14 -7
0 0 0 0
0 0 0 0
0 0 1 0
0 0 0 0
0 0 1 -1
0 0 0 0
-1 0 2 -2
0 0 0 0
0 0 0 0
0 0 0 0
0 0 0 0
0 0 0 0
0 0 0 0
0 0 0 0
0 0 0 0
0 0 0 0
0 0 0 0
0 0 0 0
0 0 0 0
0 0 0 0
0 0 0 0
0 0 0 0
0 0 0 0
0 0 0 0
0 0 0 0
0 0 0 0
0 0 0 0
0 1 0 0
0 0 0 0
-1 1 0 0
0 0 0 0
-2 1 1 0
-1 2 0 -1
-6 46 2 -6
-4 5 2 -2
-32 68 11 -14
-8 8 3 -3
-57 83 22 -21
-16 11 6 -4
-100 105 42 -28
-81 300 24 -128
-274 1084 148 -564
-120 353 57 -148
-340 1185 221 -655
-184 378 113 -187
-443 1293 310 -724
-283 426 169 -206
-606 1363 435 -773
21533 7308 384 -2184
-4369 4538 -1818 14333
21438 7413 479 -2293
-4402 4612 -1753 14236
21318 7504 603 -2381
-4510 4681 -1611 14192
21153 7571 771 -2446
-4620 4726 -1485 14089
136 1639 -1144 -1654
436 -1022 1101 -1029
129 1686 -1100 -1696
454 -1021 1079 -1049
90 1723 -1046 -1741
442 -1014 1087 -1049
63 1728 -967 -1748
468 -1018 1118 -1030
2201 -810 1339 -323
-2110 -2230 -1610 -731
2203 -800 1338 -331
-2077 -2261 -1623 -721
2245 -825 1309 -334
-2057 -2255 -1637 -710
2272 -800 1300 -311
-2070 -2261 -1655 -723
-294 291 897 -825
98 -1252 -606 648
-273 263 874 -818
96 -1289 -604 686
-289 273 859 -817
103 -1293 -607 694
-274 252 852 -809
79 -1302 -601 697
-784 -796 -668 -663
-330 1497 884 443
-798 -821 -631 -626
-342 1463 906 468
-821 -849 -626 -618
-385 1435 933 493
-843 -875 -626 -582
-396 1411 959 511
467 533 -612 147
783 -569 386 -67
456 528 -586 191
769 -596 419 -68
418 490 -563 204
728 -592 448 -39
414 483 -545 208
721 -622 474 -8
-1067 923 398 -293
657 147 -164 -92
-1113 920 414 -267
646 133 -135 -88
-1130 887 427 -272
635 116 -139 -87
-1120 890 440 -248
624 103 -103 -53
1358 -933 -734 739
477 384 -150 -267
1374 -941 -737 745
477 350 -142 -277
1394 -983 -745 755
505 357 -163 -261
1386 -993 -720 797
503 332 -157 -243
-82 934 -84 591
-589 -496 1102 222
-41 910 -102 604
-575 -510 1092 248
-40 923 -114 615
-562 -524 1086 247
-38 905 -130 622
-552 -499 1084 265
396 -1021 -613 -1070
326 -471 646 -70
409 -1016 -650 -1054
332 -463 621 -77
423 -1013 -657 -1043
340 -458 628 -84
442 -1009 -665 -1063
376 -451 600 -87
-918 -269 -38 -110
78 -112 -353 -550
-909 -251 -44 -127
92 -96 -353 -558
-905 -259 -47 -109
74 -112 -353 -566
-899 -274 -48 -120
84 -93 -382 -549
-259 530 -444 400
748 -286 -176 -424
-230 515 -443 386
726 -285 -191 -432
-233 540 -442 400
743 -283 -178 -442
-240 528 -434 385
726 -283 -161 -456
-540 -199 176 267
300 -91 934 382
-538 -205 193 280
312 -119 942 382
-571 -215 183 262
290 -113 923 378
-572 -190 195 274
303 -111 933 380
50 15 -240 405
-79 963 -702 353
38 30 -223 392
-92 935 -701 356
25 15 -209 382
-102 944 -674 353
14 28 -225 403
-83 922 -677 387
75 -250 -279 315
1010 -279 714 -260
84 -244 -273 340
996 -299 694 -230
61 -239 -297 335
1015 -294 675 -232
67 -264 -286 357
1034 -310 688 -205
-21 -343 80 -516
-403 -188 -756 -648
-10 -368 63 -521
-388 -218 -742 -657
-1 -362 51 -493
-379 -215 -762 -632
7 -384 35 -498
-371 -215 -778 -641
-290 885 -250 -376
241 -178 -135 -123
-265 877 -277 -371
257 -168 -142 -152
-273 872 -301 -364
275 -156 -149 -146
-248 863 -289 -355
288 -180 -152 -141
97 -218 457 -26
-451 -603 78 -441
130 -211 433 -17
-426 -567 62 -469
128 -210 414 -36
-434 -563 80 -461
130 -172 425 -31
-409 -564 60 -481
133 -157 389 -675
473 -302 -436 425
138 -156 399 -709
469 -289 -425 402
143 -157 407 -712
465 -303 -416 416
146 -154 388 -714
461 -293 -436 396
33 -266 -200 -356
-261 126 373 367
34 -280 -209 -357
-271 92 364 385
4 -294 -186 -360
-276 91 385 403
3 -312 -195 -359
-286 58 378 424
-136 445 406 -338
-27 -63 -205 -146
-145 445 431 -328
-51 -60 -187 -133
-150 413 423 -314
-42 -88 -205 -121
-160 416 417 -309
-31 -86 -192 -110
-490 -441 -371 -654
-119 214 -40 273
-468 -438 -363 -668
-141 204 -15 294
-477 -433 -352 -654
-129 193 -24 284
-483 -426 -344 -639
-119 213 -35 274
-338 -33 -408 -385
-146 115 253 -319
-354 -35 -403 -388
-132 104 248 -317
-342 -33 -396 -391
-145 119 279 -349
-358 -6 -390 -392
-129 101 272 -340
-277 53 -346 10
-434 168 359 318
-268 40 -342 -11
-454 175 367 318
-286 57 -340 1
-439 181 373 320
-276 43 -340 15
-459 154 383 324
15 290 10 121
79 183 -76 69
0 292 19 116
94 175 -91 74
17 292 28 110
82 165 -72 80
7 300 35 132
69 191 -89 80
-409 406 -688 321
255 299 185 641
-402 397 -674 322
252 309 179 645
-429 387 -693 323
251 287 172 648
-418 409 -686 324
283 295 162 655
290 118 319 281
-177 577 198 -393
291 109 318 308
-162 578 204 -372
293 102 318 300
-146 581 211 -388
290 90 289 299
-169 557 190 -368
-124 -50 -360 694
234 -135 -206 -224
-122 -66 -367 718
244 -110 -187 -226
-121 -54 -374 711
253 -119 -200 -226
-119 -41 -381 699
232 -128 -210 -224
10 -496 -534 5
-82 403 -79 -225
21 -513 -526 14
-69 423 -61 -230
33 -501 -516 22
-57 416 -76 -234
42 -519 -543 33
-79 407 -85 -236
-1073 -238 59 -808
582 906 -273 850
-1093 -253 56 -817
590 917 -260 835
-1088 -236 26 -829
565 930 -273 824
-1080 -251 25 -811
571 947 -287 839
-174 -1192 106 -77
213 -229 -587 -30
-188 -1204 84 -87
204 -230 -600 -27
-171 -1189 92 -95
229 -236 -583 -20
-185 -1204 104 -108
223 -239 -599 -45
-196 -209 -358 -644
201 -345 673 71
-167 -196 -367 -652
239 -340 642 78
-175 -212 -372 -630
247 -366 645 87
-147 -196 -385 -641
252 -365 621 98
-310 565 230 128
103 181 -17 -314
-301 554 207 129
109 202 -32 -310
-290 515 215 130
114 195 -50 -311
-256 504 190 134
121 154 -29 -307
326 -165 118 -327
714 101 60 858
331 -171 107 -299
723 107 55 886
335 -182 98 -307
704 111 83 885
340 -186 88 -287
713 113 78 883
-579 693 607 -217
-6 148 -695 278
-585 719 609 -213
-12 169 -684 267
-558 711 609 -208
-22 159 -705 286
-569 708 615 -204
-26 149 -693 274
-119 -703 -126 89
-1 950 -602 366
-143 -705 -123 85
-3 973 -599 350
-134 -679 -121 78
-3 969 -596 366
-156 -684 -116 74
-6 963 -595 354
-308 277 431 12
134 -158 -49 -72
-329 269 449 25
112 -156 -35 -80
-320 292 436 -1
118 -158 -51 -85
-342 287 457 7
131 -131 -42 -96
-207 693 -181 974
43 -104 316 175
-222 712 -204 959
22 -111 312 191
-239 702 -193 945
36 -119 338 173
-220 691 -188 970
48 -125 334 185
0 -127 -36 258
245 -108 242 280
3 -124 -8 261
267 -121 227 274
0 -126 -14 263
258 -133 246 299
1 -153 -17 267
251 -142 234 290
949 286 -299 -177
-60 128 1031 100
939 254 -310 -161
-58 97 1008 103
934 256 -294 -151
-56 99 1017 105
962 260 -315 -140
-27 97 994 108
-200 704 378 210
-178 -227 -452 56
-206 709 376 224
-161 -199 -458 47
-181 712 369 208
-177 -206 -465 40
-192 686 342 227
-160 -202 -472 57
-25 -109 171 -189
89 153 1021 257
-19 -89 148 -186
82 145 1020 226
-9 -100 153 -182
107 174 1018 223
-31 -77 166 -217
101 202 1014 189
-245 -637 304 245
282 -598 -944 -69
-229 -602 319 233
311 -587 -966 -73
-247 -599 306 222
313 -579 -961 -112
-230 -572 318 181
318 -570 -956 -112
78 141 441 -177
-522 225 591 921
89 154 434 -196
-502 226 608 914
102 170 425 -184
-514 226 596 912
85 154 417 -202
-494 258 578 902
-445 -42 -332 -108
513 17 70 -708
-471 -51 -308 -120
515 34 73 -714
-470 -60 -321 -101
487 56 77 -695
-468 -70 -330 -110
492 44 83 -703
114 547 206 -94
195 32 694 696
99 548 219 -91
168 29 720 689
84 548 231 -122
173 30 745 687
69 553 244 -121
139 57 742 678
423 -69 -308 260
159 -723 -498 418
432 -75 -300 267
158 -743 -484 424
410 -84 -291 242
125 -731 -470 429
395 -60 -253 248
125 -756 -463 410
125 54 548 -960
-507 -53 -912 -275
123 47 553 -932
-505 -75 -929 -264
120 44 559 -937
-534 -68 -914 -285
117 41 568 -943
-530 -86 -902 -275
-811 -483 -299 266
-144 -212 110 -788
-829 -485 -306 274
-149 -190 132 -780
-848 -489 -282 290
-213 -173 156 -771
-875 -494 -284 268
-263 -151 192 -797
-388 -49 -517 -607
-785 1545 137 -929
-484 5 -444 -625
-916 1635 264 -1005
-609 62 -418 -669
-1116 1738 414 -1090
-701 116 -330 -687
-1323 1838 599 -1159
24203 7967 1985 -2422
-6416 2590 43 17720
24028 8096 2181 -2553
-6578 2695 246 17594
23802 8214 2367 -2673
-6788 2815 494 17523
23537 8339 2637 -2774
-7033 2875 721 17403
1564 2275 -1531 -476
3248 1984 1358 -1394
1426 2358 -1360 -520
3181 2023 1451 -1432
1296 2395 -1188 -595
3098 2007 1534 -1458
1159 2401 -996 -658
3071 2018 1657 -1465
2263 621 89 425
-3241 -1754 -1166 -1277
2239 626 136 394
-3228 -1760 -1177 -1298
2217 631 150 397
-3231 -1737 -1158 -1289
2201 648 201 398
-3232 -1722 -1181 -1306
628 -132 329 1104
620 -1331 -214 196
643 -142 348 1097
629 -1356 -206 202
624 -123 340 1060
607 -1357 -230 182
635 -107 315 1070
616 -1360 -215 199
-687 527 -672 -251
1301 2015 78 -1548
-671 481 -671 -243
1288 1989 97 -1503
-692 467 -634 -232
1281 1963 112 -1495
-722 454 -626 -186
1274 1943 131 -1457
-372 352 -748 588
337 709 456 822
-394 315 -729 602
325 679 464 851
-381 303 -712 619
346 674 472 858
-404 256 -696 669
339 637 480 894
-1747 2322 181 227
-80 252 -159 -423
-1737 2310 171 234
-65 249 -189 -397
-1732 2299 162 243
-49 236 -220 -402
-1695 2288 147 249
-29 228 -212 -374
911 -295 -614 -257
930 129 368 -541
930 -304 -624 -254
967 161 349 -539
952 -289 -637 -249
969 155 333 -532
978 -301 -652 -238
1005 149 311 -554
-1046 428 357 671
10 256 520 192
-1040 439 333 641
18 289 502 159
-1037 450 343 645
26 290 515 161
-1010 457 320 654
29 292 506 162
689 22 986 41
-125 -602 -563 82
708 43 980 21
-153 -599 -584 70
700 65 974 28
-147 -597 -579 58
691 53 974 6
-139 -597 -577 48
-536 166 177 -88
698 717 149 299
-529 173 195 -80
692 699 172 278
-559 178 184 -103
688 718 161 289
-553 188 204 -94
684 734 154 266
470 -85 -257 -233
359 -444 -81 -102
464 -73 -228 -245
369 -442 -68 -106
459 -61 -231 -256
374 -443 -86 -110
448 -52 -234 -269
352 -442 -72 -113
-412 -444 283 670
-155 -22 -137 -529
-410 -441 281 671
-149 -42 -146 -513
-411 -436 281 672
-146 -35 -153 -535
-410 -438 277 647
-141 -53 -160 -520
237 -113 -166 580
-420 577 525 201
251 -129 -173 583
-425 549 508 209
265 -145 -150 623
-429 525 526 247
248 -160 -155 626
-442 535 513 248
584 -163 -293 243
-302 -124 -542 94
594 -162 -299 259
-287 -121 -540 92
607 -195 -310 273
-304 -147 -540 120
594 -192 -285 285
-289 -144 -547 116
-76 441 741 296
-409 469 -130 -262
-91 436 751 304
-401 493 -99 -272
-107 434 730 308
-427 481 -100 -281
-121 429 745 317
-421 476 -104 -261
249 8 36 77
459 -177 -455 -536
242 13 41 61
442 -197 -433 -557
239 -13 42 78
456 -187 -446 -549
233 -12 48 61
444 -206 -427 -536
296 411 180 90
213 -639 772 27
302 405 165 85
200 -638 780 23
307 402 186 112
216 -641 790 20
309 398 170 107
200 -644 803 17
51 772 21 59
289 -364 -397 30
37 778 14 54
260 -345 -378 27
21 754 41 50
262 -355 -361 22
2 764 37 45
232 -336 -338 15
76 530 -436 244
-57 -938 72 333
87 519 -427 232
-54 -952 84 315
61 541 -414 215
-78 -933 129 327
43 532 -372 205
-106 -949 141 307
328 -324 -142 426
41 383 -404 153
304 -325 -121 437
50 385 -393 144
309 -332 -137 420
27 391 -381 164
289 -303 -119 430
38 361 -375 161
234 -204 171 -569
239 980 835 76
243 -182 182 -567
222 968 840 56
224 -193 192 -564
237 960 811 66
234 -200 203 -535
251 956 816 73
-69 -427 131 236
-263 -309 350 94
-72 -442 134 216
-238 -297 348 92
-77 -423 138 227
-243 -286 343 93
-80 -442 141 206
-245 -306 342 95
168 -285 -460 -262
333 -561 671 -255
178 -282 -441 -267
345 -547 672 -255
187 -282 -460 -273
357 -562 672 -254
169 -277 -476 -282
334 -549 642 -253
320 205 188 -626
650 -46 435 146
319 189 216 -612
631 -30 456 130
319 201 213 -635
637 -45 447 148
316 189 208 -621
650 -62 467 133
554 33 253 418
-396 830 -606 555
566 34 246 422
-411 830 -601 567
549 36 275 426
-402 833 -601 578
563 37 271 428
-421 798 -596 559
511 -83 1060 690
494 305 -880 172
512 -103 1067 678
508 292 -899 184
509 -91 1082 697
488 280 -885 197
502 -110 1068 713
474 270 -871 208
37 -231 -79 -343
460 -123 -666 -161
42 -267 -93 -333
471 -115 -692 -166
46 -273 -75 -328
449 -108 -686 -172
46 -271 -88 -293
460 -130 -680 -174
-209 -64 894 -472
-78 107 -132 643
-198 -65 865 -498
-62 118 -134 647
-186 -64 868 -494
-74 127 -136 620
-177 -61 874 -493
-57 140 -139 623
-380 101 362 218
-26 384 212 246
-377 107 375 213
-19 387 231 236
-405 112 355 208
-42 388 215 227
-398 151 368 197
-33 418 200 217
-618 345 132 324
488 -224 -262 304
-630 339 138 294
468 -224 -237 289
-607 335 138 296
479 -228 -247 275
-617 358 142 302
464 -231 -256 297
-148 -152 -300 272
76 -230 72 -906
-166 -147 -284 260
58 -234 80 -886
-152 -138 -267 278
67 -236 89 -899
-169 -165 -287 270
43 -232 67 -884
-278 553 706 -574
407 -1085 -574 764
-269 532 708 -575
400 -1083 -573 759
-293 544 716 -580
394 -1085 -574 762
-286 562 721 -589
388 -1065 -575 728
974 -223 432 222
-715 -103 -470 -216
959 -225 416 191
-696 -110 -494 -208
978 -226 430 193
-677 -111 -486 -203
965 -229 413 201
-694 -115 -509 -196
-275 262 -639 -713
-212 -65 -52 210
-264 238 -636 -693
-203 -65 -72 226
-255 247 -667 -709
-197 -69 -89 215
-241 226 -665 -691
-191 -70 -106 229
248 4 756 -2
-380 -61 -91 -97
273 7 743 -5
-376 -58 -117 -97
268 9 736 -4
-341 -56 -115 -96
289 -19 727 -5
-336 -51 -111 -101
133 -82 -80 -282
-236 -698 -212 84
140 -67 -96 -277
-218 -726 -235 75
148 -86 -80 -272
-195 -721 -228 95
158 -68 -98 -270
-177 -721 -252 88
-64 218 96 -151
-429 338 66 536
-62 213 98 -144
-411 322 36 529
-62 207 67 -136
-394 309 7 555
-32 205 70 -128
-380 325 13 545
353 272 -347 86
43 -17 -210 -537
356 260 -374 106
86 -2 -231 -532
391 248 -402 129
95 -15 -247 -497
397 232 -397 121
104 -31 -269 -493
-500 -482 178 -205
-470 -70 -605 -327
-489 -484 167 -185
-464 -76 -634 -333
-450 -489 156 -198
-458 -85 -627 -340
-441 -492 147 -178
-455 -84 -655 -315
41 -699 376 -176
-166 503 250 -221
48 -697 369 -192
-173 493 243 -217
25 -693 365 -176
-173 518 236 -217
30 -693 363 -193
-182 513 232 -214
-108 188 -583 396
-499 -165 -85 204
-121 186 -590 407
-485 -171 -77 185
-100 185 -602 422
-504 -176 -96 197
-107 179 -583 400
-487 -178 -90 207
-286 -529 -799 166
-790 276 148 -214
-284 -546 -799 173
-784 264 137 -237
-281 -529 -803 177
-780 286 128 -232
-245 -548 -810 153
-781 283 124 -227
81 -171 -95 488
412 159 -142 -240
65 -180 -92 495
411 160 -126 -257
85 -160 -91 504
407 164 -140 -242
69 -171 -84 479
406 164 -126 -261
234 334 195 -30
31 -451 -286 283
246 349 196 -30
31 -455 -283 280
255 365 199 -33
59 -460 -282 278
233 352 202 -34
59 -432 -282 270
778 -177 -139 149
730 44 715 -79
820 -194 -152 140
753 59 698 -65
796 -179 -160 129
744 71 680 -83
804 -166 -170 122
767 53 695 -96
-5 210 470 -260
405 387 559 351
-13 231 465 -267
392 389 548 320
11 217 458 -272
411 393 536 320
-2 238 456 -282
393 429 529 318
526 311 144 164
-63 -139 -279 210
509 302 162 138
-61 -116 -271 195
523 328 147 139
-64 -97 -291 180
508 349 166 113
-64 -78 -283 169
182 36 -450 382
-662 -140 -416 285
167 40 -450 350
-673 -77 -408 277
182 46 -451 350
-723 -56 -392 238
164 47 -448 323
-755 -23 -370 233
136 330 -85 -9
-1487 1695 -29 93
51 408 -22 -36
-1655 1778 99 18
-38 430 23 -86
-1866 1882 249 -70
-159 481 84 -115
-2112 1984 442 -145
25628 7968 1732 -2563
-4436 -951 3362 18254
25406 8105 1964 -2681
-4669 -838 3596 18149
25160 8211 2188 -2800
-4947 -718 3917 18028
24846 8367 2462 -2906
-5203 -648 4176 17889
1886 1487 -446 461
3859 2490 120 -1210
1694 1518 -213 396
3769 2499 253 -1232
1477 1577 24 327
3662 2497 391 -1251
1319 1638 278 238
3557 2482 548 -1277
2393 678 47 833
-1836 -1369 -1078 -1581
2367 655 113 817
-1824 -1370 -1065 -1594
2313 658 179 803
-1826 -1412 -1055 -1569
2293 647 247 846
-1856 -1417 -1015 -1552
207 -316 -808 676
1379 -198 -418 988
212 -353 -835 692
1380 -237 -418 1020
214 -360 -828 737
1413 -278 -451 1028
218 -404 -812 766
1418 -320 -443 1071
-1139 1345 -1073 -1065
461 435 135 -570
-1130 1321 -1089 -1045
470 426 116 -537
-1131 1301 -1096 -998
480 386 102 -506
-1107 1257 -1110 -955
485 378 95 -484
81 134 -363 129
-512 340 769 850
96 134 -375 133
-515 325 772 876
113 132 -386 134
-520 341 747 872
125 98 -397 173
-524 326 756 900
-1507 1341 142 -608
969 -357 -23 323
-1510 1341 158 -610
983 -362 -16 327
-1520 1343 147 -612
972 -374 -13 333
-1499 1353 130 -589
967 -351 -2 333
-509 -618 -768 622
730 -201 25 -240
-505 -631 -775 607
756 -209 16 -256
-498 -610 -786 624
753 -213 6 -242
-490 -626 -804 617
781 -183 -7 -233
-425 -300 1123 414
-575 -605 -229 -319
-435 -279 1131 410
-574 -602 -234 -321
-416 -286 1106 404
-574 -593 -239 -328
-433 -293 1087 403
-575 -583 -243 -337
62 -212 228 -357
1361 -105 -70 573
61 -231 232 -361
1350 -113 -80 568
57 -218 206 -372
1346 -86 -59 563
57 -203 211 -383
1337 -90 -70 560
-771 8 284 -259
-501 -276 -360 619
-742 17 277 -265
-491 -263 -365 630
-748 29 272 -273
-483 -251 -372 609
-757 44 297 -288
-499 -240 -345 587
-466 41 -703 177
269 -132 272 34
-456 53 -702 193
282 -136 288 35
-480 62 -699 175
268 -137 305 35
-466 74 -704 159
249 -138 294 36
-111 620 -182 308
-64 198 409 1188
-129 606 -171 327
-95 203 437 1160
-144 621 -163 311
-94 213 433 1166
-129 605 -161 298
-99 222 432 1167
244 82 -591 -294
-583 -40 -228 203
235 70 -577 -300
-590 -46 -234 213
228 92 -564 -312
-598 -26 -240 189
220 113 -550 -325
-602 -31 -215 202
-14 -579 -294 146
-114 312 323 418
-30 -553 -300 128
-134 304 326 424
-14 -558 -309 149
-121 299 332 427
-29 -565 -316 135
-139 296 336 432
263 -291 -17 -4
-281 292 -150 -879
237 -292 -35 -8
-272 267 -144 -896
248 -264 -17 -17
-259 276 -137 -883
255 -263 -40 -25
-288 282 -158 -903
-1202 253 -932 86
-1134 200 -544 1153
-1191 247 -938 76
-1152 209 -541 1155
-1183 241 -944 66
-1168 216 -538 1130
-1199 267 -919 86
-1151 223 -538 1139
-242 92 -917 -331
-90 266 -21 90
-229 122 -912 -343
-88 277 -11 84
-244 119 -939 -355
-80 285 -2 45
-257 147 -932 -371
-115 292 -27 45
-8 -9 1044 -313
2 329 -725 56
-48 -18 1069 -338
-24 336 -716 16
-23 -1 1064 -362
-18 344 -708 13
-32 20 1086 -354
-41 380 -704 9
-151 120 -629 -252
-75 405 -22 -32
-172 144 -621 -279
-84 425 -14 -62
-163 164 -615 -304
-61 446 -5 -60
-183 186 -610 -296
-70 464 4 -87
581 -1099 402 -210
-554 326 30 30
586 -1081 388 -227
-531 361 26 -2
595 -1038 374 -243
-511 364 -10 4
608 -1028 388 -255
-490 364 -19 -19
410 77 237 287
-4 108 706 -223
404 57 220 290
26 122 707 -225
431 72 201 291
52 135 679 -225
455 83 184 293
49 115 687 -224
-6 133 -328 453
-333 -356 -178 193
21 136 -337 459
-316 -361 -162 196
17 139 -344 467
-301 -365 -181 201
46 143 -358 471
-318 -371 -195 206
99 -104 217 -750
-339 255 133 -133
103 -110 243 -732
-325 252 138 -140
104 -124 240 -747
-345 222 147 -112
107 -128 235 -730
-332 221 151 -118
-40 42 -330 -211
16 389 188 478
-49 20 -338 -197
1 392 216 476
-59 33 -318 -187
-13 398 245 475
-69 43 -326 -178
-32 402 245 474
477 -659 -176 53
156 147 42 -469
476 -677 -163 74
154 134 52 -491
476 -666 -151 64
150 154 62 -482
446 -659 -137 55
149 144 66 -469
171 249 -88 442
-78 -357 338 -568
185 242 -81 435
-62 -360 325 -561
167 237 -74 431
-78 -335 311 -587
181 263 -69 423
-61 -337 329 -580
-179 -177 579 -541
-245 -166 121 -23
-198 -161 585 -538
-235 -176 112 -46
-184 -150 589 -534
-252 -153 137 -36
-203 -138 597 -564
-272 -165 127 -52
-58 291 -42 245
-629 593 -215 497
-83 293 -21 235
-651 610 -209 482
-107 295 -34 229
-672 599 -201 470
-96 295 -18 220
-658 619 -165 453
-151 48 -499 -147
32 -719 -487 -130
-174 69 -487 -135
32 -704 -465 -163
-193 87 -475 -159
5 -693 -476 -164
-214 107 -461 -183
8 -681 -457 -194
-625 -436 -681 91
-22 112 -172 72
-644 -428 -658 88
-44 129 -151 80
-631 -422 -671 85
-35 117 -159 89
-653 -417 -649 57
-53 130 -137 68
63 661 -325 -16
224 -221 -132 313
62 653 -333 -2
258 -250 -138 306
91 644 -339 -21
256 -246 -137 332
89 638 -350 -5
257 -247 -141 324
163 9 -275 -42
-557 247 257 -198
164 17 -294 -52
-576 239 229 -172
168 -6 -282 -61
-560 262 233 -183
168 6 -303 -38
-551 254 237 -189
167 -8 677 76
-24 -140 -300 224
175 -15 684 88
-14 -153 -313 225
183 -25 661 104
-5 -138 -329 226
190 -2 673 115
11 -156 -315 234
-582 413 -744 -277
166 1007 505 215
-592 413 -752 -266
139 1021 532 206
-567 409 -732 -253
141 1002 531 230
-575 407 -744 -241
144 990 528 254
-61 511 504 723
-382 245 -826 479
-89 510 496 745
-377 232 -825 483
-80 473 521 769
-404 221 -824 517
-107 466 517 759
-398 206 -831 524
-392 1309 110 62
-416 216 345 255
-405 1309 93 94
-447 208 373 254
-413 1308 104 88
-444 194 365 256
-420 1276 117 90
-444 218 359 283
-310 665 -562 154
110 102 -552 270
-329 658 -550 151
92 106 -564 287
-317 653 -573 179
103 111 -574 269
-337 647 -562 180
88 111 -556 255
406 220 227 -99
-527 53 277 -54
397 248 228 -103
-546 40 268 -41
392 242 265 -137
-533 57 260 -63
382 235 266 -135
-552 48 283 -51
84 -643 -284 -41
10 58 -701 -78
74 -646 -279 -18
22 53 -702 -60
95 -652 -275 -23
2 47 -701 -75
90 -628 -273 -32
22 43 -708 -53
-555 -284 -379 264
-543 602 740 447
-536 -281 -375 272
-544 567 747 448
-551 -279 -372 280
-545 564 757 450
-535 -279 -402 288
-521 562 737 483
400 625 -73 -70
-129 19 -185 430
418 643 -84 -79
-128 8 -178 447
412 632 -65 -58
-130 -8 -209 432
431 622 -74 -39
-131 -20 -202 448
-3 362 -225 -488
536 -29 22 273
-7 341 -228 -495
527 -60 13 259
-9 350 -229 -474
550 -58 3 278
-13 332 -230 -483
541 -62 -7 266
-116 332 272 -67
-653 -82 -594 588
-139 314 257 -71
-632 -100 -582 569
-126 325 278 -75
-648 -121 -599 588
-120 307 263 -44
-628 -110 -586 600
-203 14 -259 20
-437 -322 167 -412
-184 29 -261 7
-428 -324 172 -408
-198 14 -265 25
-415 -328 179 -407
-181 -1 -266 47
-439 -323 192 -377
508 314 -27 -205
-420 38 516 135
505 306 -21 -217
-423 43 521 142
501 300 -15 -199
-426 47 530 151
499 295 -15 -213
-400 15 533 130
406 306 -1563 -164
-109 -95 65 239
432 291 -1564 -166
-94 -94 35 255
427 279 -1567 -137
-75 -127 33 240
424 264 -1568 -140
-59 -126 33 255
-685 -264 -231 -122
61 397 83 515
-669 -275 -238 -114
57 380 74 552
-652 -287 -274 -108
87 366 30 557
-640 -299 -278 -99
83 350 21 566
-1155 200 -32 -835
-559 122 -52 -19
-1163 211 -31 -811
-588 125 -32 -7
-1143 193 -59 -821
-626 152 -37 -30
-1126 208 -60 -804
-638 156 -4 -18
-407 -23 -534 115
-807 659 120 -792
-486 56 -473 111
-966 759 235 -857
-613 83 -433 57
-1168 848 397 -937
-698 139 -380 50
-1412 943 588 -1011
27691 5871 1342 -1319
875 -2082 6506 16489
27483 5959 1569 -1402
678 -1971 6753 16400
27214 6080 1792 -1521
410 -1876 7063 16287
26871 6219 2099 -1653
125 -1764 7345 16149
2917 1438 -118 1124
3138 3309 -20 890
2769 1485 126 1043
3060 3346 111 882
2553 1569 344 948
2948 3373 212 818
2369 1623 601 868
2882 3387 367 768
889 1048 116 433
419 -1564 -38 -1434
882 1078 131 396
447 -1566 -36 -1423
871 1076 177 394
469 -1579 -34 -1417
870 1059 243 406
492 -1588 -29 -1413
69 -1044 -602 497
1121 209 -900 492
102 -1076 -622 493
1151 161 -936 539
131 -1080 -637 522
1148 146 -969 555
155 -1114 -644 566
1180 108 -965 607
-2287 85 146 -281
-377 1711 62 -234
-2284 50 107 -244
-340 1702 66 -219
-2255 16 104 -206
-335 1698 47 -211
-2270 17 77 -182
-334 1697 33 -204
360 -166 -1316 98
-1022 538 -671 819
371 -142 -1323 96
-988 531 -676 813
388 -153 -1335 95
-991 555 -678 806
406 -130 -1349 120
-994 546 -682 806
-954 983 745 143
334 -499 -211 -40
-952 1008 726 125
348 -486 -229 -47
-950 1005 744 107
339 -449 -221 -57
-950 1034 729 84
360 -440 -245 -66
-365 -469 -177 1306
822 -137 394 -1302
-375 -461 -163 1271
814 -144 371 -1325
-355 -451 -187 1275
810 -115 381 -1325
-372 -411 -205 1247
805 -87 389 -1353
-153 -188 697 494
-459 -557 126 98
-180 -183 692 474
-470 -541 124 68
-174 -180 686 457
-482 -522 124 68
-167 -179 707 445
-497 -540 125 43
367 -25 -193 -344
-37 620 -558 -140
352 -14 -195 -334
-39 632 -545 -156
374 -6 -203 -358
-45 645 -564 -172
369 6 -176 -352
-43 626 -556 -186
-831 471 226 654
-256 314 -111 617
-830 493 228 635
-227 307 -126 630
-831 485 230 621
-230 331 -142 608
-830 510 232 630
-233 322 -157 587
813 -792 575 560
1292 340 811 -742
796 -787 576 547
1306 332 786 -717
812 -784 576 537
1326 322 795 -727
825 -782 575 527
1313 316 803 -732
142 -552 190 -66
-273 224 300 48
126 -561 190 -72
-259 220 281 31
138 -571 189 -76
-247 222 296 47
153 -576 179 -50
-234 220 280 29
29 186 -331 408
-659 -185 -360 -631
28 183 -341 433
-650 -180 -400 -656
26 181 -354 427
-643 -173 -409 -653
58 176 -364 420
-637 -195 -413 -648
211 -848 363 21
-43 335 -157 -540
197 -833 345 42
-53 352 -154 -540
221 -821 357 33
-31 341 -187 -539
208 -809 344 20
-37 362 -188 -538
-411 -608 -74 189
135 279 943 195
-406 -613 -53 155
141 274 958 198
-407 -581 -63 149
114 303 948 170
-408 -589 -76 147
121 304 967 172
872 -414 124 -589
-58 -782 114 206
849 -379 120 -606
-81 -766 132 190
835 -376 145 -624
-70 -752 112 142
847 -340 136 -651
-93 -740 130 132
-517 493 -745 -319
-839 -587 237 420
-522 507 -725 -320
-849 -565 252 424
-530 524 -737 -355
-861 -549 239 398
-532 546 -721 -359
-839 -534 254 368
-134 49 -451 558
-195 -87 -838 217
-137 35 -424 543
-198 -109 -848 211
-110 53 -430 560
-195 -94 -825 233
-113 68 -431 547
-197 -116 -836 228
12 161 -818 117
-331 516 757 373
22 166 -806 135
-345 522 782 360
31 171 -829 119
-328 527 777 347
13 179 -818 134
-313 541 769 362
33 278 -145 232
586 -149 333 394
35 270 -131 239
599 -138 346 372
37 292 -146 245
611 -129 326 385
32 284 -161 218
593 -121 341 364
92 548 44 105
-411 433 -266 198
90 551 52 83
-406 452 -276 202
86 560 31 90
-409 469 -283 173
88 563 36 71
-411 458 -294 179
465 115 867 434
-30 -704 -731 314
448 103 843 421
-26 -707 -729 309
433 124 853 441
-53 -712 -728 304
448 144 866 423
-42 -716 -698 302
-118 -584 116 148
-134 400 704 -71
-142 -591 107 170
-142 384 705 -80
-136 -603 124 161
-146 375 739 -59
-158 -616 113 156
-155 336 710 -33
514 292 37 -218
367 62 231 561
487 268 43 -183
385 63 235 576
495 244 44 -182
366 33 241 591
502 228 45 -158
350 38 247 599
190 -636 769 145
25 458 -389 223
188 -632 771 161
18 471 -392 221
188 -664 806 145
11 459 -368 248
156 -658 811 157
4 478 -377 242
565 317 206 256
460 -952 -414 -1
555 313 222 257
438 -975 -412 30
542 314 203 250
446 -968 -412 28
533 315 222 246
424 -962 -410 25
954 168 381 -471
277 -280 278 742
951 178 409 -465
294 -274 270 748
945 155 413 -458
283 -298 296 757
940 168 410 -453
299 -291 286 766
-482 -410 238 -716
-653 33 -1303 -739
-484 -401 256 -699
-664 33 -1295 -743
-456 -419 240 -685
-649 37 -1289 -755
-461 -443 231 -698
-661 43 -1312 -735
-525 -123 295 365
-150 -281 -276 -63
-540 -118 270 379
-142 -305 -297 -61
-526 -112 280 362
-160 -299 -282 -91
-515 -106 261 375
-150 -290 -268 -93
606 -730 -85 -560
-595 354 -187 643
607 -726 -76 -577
-617 325 -215 648
609 -723 -102 -560
-611 331 -208 654
612 -723 -96 -579
-606 337 -206 661
591 -430 570 -468
191 -58 -828 26
606 -441 564 -460
222 -53 -826 18
591 -453 565 -451
222 -43 -828 40
606 -433 566 -449
222 -69 -828 36
-266 -209 91 -67
-130 -6 33 -488
-278 -228 89 -69
-134 -7 36 -466
-260 -213 87 -73
-139 -9 42 -476
-276 -227 88 -78
-112 20 44 -492
-112 -402 187 -397
-272 103 -412 184
-96 -390 182 -414
-258 141 -409 174
-112 -379 179 -430
-274 147 -409 169
-92 -364 208 -414
-258 145 -409 134
22 80 343 121
521 -247 -269 -533
16 94 367 116
533 -237 -286 -523
40 112 356 110
546 -230 -271 -545
32 94 350 108
560 -220 -292 -540
-62 -581 534 -13
-39 -284 97 -7
-29 -589 524 -24
-46 -282 101 19
-30 -600 515 -34
-53 -311 105 14
-30 -574 507 -14
-37 -311 76 12
317 365 591 296
80 863 -170 303
315 348 575 306
97 835 -181 317
311 368 560 311
83 838 -192 297
305 353 584 320
72 848 -169 303
-3 -759 -792 -80
261 437 421 516
-8 -749 -784 -67
264 457 427 520
19 -744 -781 -52
270 447 437 526
16 -773 -779 -70
274 440 445 533
-159 -82 9 96
-433 116 -127 -358
-159 -100 19 98
-418 107 -125 -365
-131 -87 -4 97
-403 96 -120 -339
-128 -100 5 95
-393 122 -149 -353
206 -356 -559 -46
-34 -69 205 -68
222 -363 -544 -60
-37 -75 186 -72
237 -371 -562 -43
-43 -79 172 -43
219 -348 -574 -57
-13 -88 182 -40
45 671 155 400
-228 -150 -348 465
58 668 150 383
-234 -138 -343 481
69 638 147 399
-240 -159 -337 499
48 642 116 413
-218 -150 -368 480
-93 50 -163 18
452 -469 -16 -658
-93 36 -165 6
427 -457 1 -648
-93 25 -167 21
432 -446 -13 -640
-96 14 -162 9
441 -467 5 -663
40 253 -207 87
-243 -484 364 234
48 247 -225 78
-233 -488 345 245
55 244 -210 103
-221 -490 360 258
27 242 -225 94
-249 -468 346 236
62 149 -171 -726
13 -327 125 -205
59 137 -181 -748
-5 -335 124 -188
55 162 -191 -744
3 -314 123 -202
51 154 -169 -733
-14 -325 155 -215
-54 127 -262 -72
367 66 -488 65
-45 126 -270 -81
380 102 -464 64
-66 122 -241 -84
359 104 -474 67
-91 119 -245 -90
338 109 -450 65
145 -201 262 -151
946 -309 -244 66
126 -179 271 -174
932 -300 -233 38
107 -188 284 -164
922 -288 -221 41
91 -171 327 -188
911 -282 -213 49
-343 349 -19 -179
-465 -1006 167 -132
-368 345 -4 -197
-452 -991 175 -134
-364 341 10 -215
-472 -1011 188 -133
-392 340 24 -201
-491 -1003 199 -134
33 584 -306 -592
-251 97 -91 -492
1 594 -290 -576
-247 94 -89 -505
5 603 -278 -594
-273 95 -84 -486
11 587 -269 -575
-270 94 -80 -505
53 -161 -292 211
-667 -217 -194 -65
41 -162 -265 231
-676 -205 -159 -65
30 -133 -274 221
-729 -197 -150 -62
17 -139 -246 212
-757 -150 -107 -66
716 76 718 65
-525 1126 216 -819
678 94 755 46
-653 1187 335 -885
556 137 805 4
-835 1305 458 -970
450 194 872 -18
-1046 1403 643 -1019
27180 3607 389 -542
6404 -3628 7497 14905
26998 3705 529 -653
6237 -3495 7681 14761
26780 3837 731 -764
6007 -3371 7935 14649
26511 4022 1016 -900
5756 -3222 8205 14478
3810 427 269 1568
571 2553 -715 1313
3719 520 451 1479
541 2599 -626 1244
3556 621 611 1374
487 2618 -562 1185
3417 724 838 1249
442 2678 -434 1104
621 832 654 -16
62 -1548 555 -1512
657 844 675 -56
114 -1531 543 -1521
648 858 670 -101
131 -1557 534 -1533
658 887 733 -104
145 -1543 504 -1549
394 -1531 -407 -133
924 109 -452 102
403 -1537 -424 -130
950 87 -489 111
442 -1547 -440 -127
976 101 -492 120
441 -1562 -479 -141
967 80 -522 139
-1295 471 193 -291
-1017 1238 -1198 -556
-1285 470 165 -265
-985 1234 -1208 -575
-1281 466 147 -270
-985 1233 -1217 -563
-1283 466 128 -248
-985 1239 -1221 -558
-443 207 -946 409
86 25 -896 1656
-437 250 -931 401
74 47 -931 1657
-399 255 -951 394
97 63 -933 1633
-395 257 -965 352
116 75 -937 1613
-733 1264 504 -1018
665 289 -802 -87
-699 1282 496 -1044
692 288 -837 -110
-666 1303 462 -1041
719 319 -874 -102
-671 1323 461 -1068
751 312 -885 -120
-353 -755 711 99
-330 -349 99 -750
-322 -746 687 72
-310 -317 72 -764
-293 -711 666 51
-294 -316 47 -772
-267 -711 642 33
-280 -284 24 -783
-122 -593 688 -757
988 -344 -72 -12
-116 -582 676 -777
987 -338 -84 -23
-112 -541 666 -800
988 -335 -95 -57
-109 -535 659 -815
990 -302 -106 -62
-398 56 285 -1290
245 47 -444 362
-381 79 281 -1304
263 61 -471 341
-399 70 283 -1314
255 74 -467 323
-390 90 280 -1327
247 79 -457 309
-327 -2 -1163 -354
-770 -21 -228 -376
-334 27 -1142 -390
-776 20 -265 -399
-312 25 -1159 -421
-752 28 -265 -422
-319 54 -1174 -424
-725 65 -268 -446
46 -777 -397 116
-291 -378 484 -937
59 -755 -410 107
-264 -341 457 -980
72 -739 -421 67
-239 -335 435 -990
79 -688 -462 62
-252 -305 416 -1026
393 252 -319 315
189 -230 -253 336
399 278 -348 279
187 -206 -249 320
409 303 -343 241
180 -216 -274 308
412 297 -371 246
175 -195 -268 291
-279 396 -490 621
-785 1123 -79 711
-272 407 -501 605
-773 1128 -93 719
-264 388 -480 591
-766 1105 -103 694
-290 396 -487 576
-760 1115 -115 699
287 99 -479 599
-231 -803 -177 -170
284 73 -509 624
-241 -804 -193 -148
283 80 -507 612
-216 -781 -178 -161
283 85 -502 600
-234 -787 -192 -169
352 275 52 64
31 117 72 -192
352 293 41 63
29 106 82 -193
349 281 34 63
27 127 92 -196
318 272 60 68
26 117 97 -199
-10 1095 -60 522
771 -715 495 -82
-22 1104 -54 530
775 -728 510 -66
-32 1117 -48 540
778 -716 492 -82
-45 1093 -42 519
755 -733 507 -68
-4 667 339 249
-63 23 195 -588
-8 663 359 244
-93 14 199 -570
-13 661 380 241
-88 34 233 -587
-18 658 363 240
-87 27 237 -572
-161 -236 66 591
-46 71 216 -209
-193 -252 68 576
-60 46 206 -192
-197 -235 69 598
-72 49 229 -206
-195 -255 102 588
-81 59 253 -193
-129 37 -325 -163
534 -211 137 -501
-129 13 -299 -168
526 -199 145 -492
-130 20 -275 -138
517 -221 154 -482
-163 26 -282 -142
512 -212 161 -471
472 -289 -537 158
-59 875 603 -641
465 -294 -532 161
-55 854 598 -609
462 -298 -498 162
-50 867 594 -614
455 -337 -497 173
-44 849 621 -619
48 590 -31 404
-232 327 548 620
29 573 -59 424
-238 333 554 631
44 551 -58 418
-214 309 559 648
62 563 -60 435
-223 316 536 662
-297 -383 -419 -50
-168 -184 -30 14
-304 -384 -425 -32
-175 -177 -29 29
-312 -387 -431 -17
-154 -203 -31 14
-287 -393 -439 -31
-165 -192 -26 33
221 222 496 -1133
168 -60 -418 178
218 222 478 -1116
176 -56 -420 164
215 225 498 -1105
151 -54 -391 152
217 223 515 -1122
160 -54 -400 175
173 -15 516 -348
572 -428 83 136
151 -34 523 -375
536 -442 103 117
133 -21 562 -370
531 -425 120 131
145 -40 568 -364
523 -445 110 114
-44 402 330 -534
370 -896 -429 -91
-57 388 340 -524
358 -899 -409 -87
-96 406 384 -518
349 -908 -430 -76
-112 396 400 -508
310 -917 -410 -70
-53 1446 -41 196
-812 30 31 172
-73 1454 -17 199
-824 27 61 184
-64 1436 -30 205
-840 28 63 192
-76 1419 -14 211
-823 29 58 193
349 -826 541 480
578 -111 142 102
345 -853 539 484
550 -127 155 110
345 -850 536 487
552 -108 136 112
343 -845 537 489
558 -120 145 88
463 -426 381 -219
27 319 -280 337
447 -434 376 -187
21 319 -273 350
433 -442 407 -185
20 291 -268 366
447 -449 402 -185
16 294 -260 378
41 95 -343 667
-613 -687 241 -690
17 98 -331 694
-587 -701 256 -677
22 70 -355 688
-595 -714 244 -671
33 77 -347 710
-572 -724 232 -664
-184 -368 -908 -318
59 605 195 676
-176 -384 -888 -284
85 602 198 678
-166 -402 -904 -284
79 573 171 683
-158 -418 -916 -283
103 570 175 687
144 -7 411 -153
-114 -83 -250 32
127 -11 408 -149
-131 -69 -244 32
142 -17 373 -145
-119 -84 -237 64
154 -49 372 -112
-109 -66 -231 54
91 -331 505 -570
-122 54 -540 -162
86 -311 498 -566
-149 42 -536 -194
81 -319 493 -565
-143 68 -536 -200
80 -295 523 -565
-139 90 -537 -202
697 -485 748 -12
303 -856 -89 -183
724 -491 758 -25
290 -853 -83 -206
721 -465 739 -38
307 -852 -111 -225
717 -474 754 -47
295 -818 -109 -218
-526 258 63 -160
-150 172 248 253
-509 230 30 -159
-145 186 244 247
-497 232 31 -155
-170 170 242 276
-513 235 29 -152
-163 155 237 272
202 -1090 208 -547
75 -109 -57 -596
181 -1095 226 -550
55 -122 -52 -582
162 -1098 210 -524
33 -135 -49 -571
173 -1099 227 -533
17 -115 -13 -594
-640 680 526 430
628 191 -274 234
-641 690 541 440
619 225 -260 240
-676 672 559 453
611 229 -250 246
-677 682 573 435
607 226 -239 221
248 -289 -411 -51
-12 -282 -338 -162
239 -291 -407 -68
-24 -279 -324 -194
236 -260 -376 -57
-10 -276 -343 -193
228 -266 -376 -74
-29 -275 -325 -190
712 -191 111 -292
627 -193 -61 -437
722 -190 127 -296
613 -192 -88 -427
725 -189 117 -300
595 -194 -77 -419
702 -183 139 -272
612 -190 -76 -413
94 -719 147 468
-20 198 -245 -64
93 -705 136 455
-11 172 -265 -61
89 -720 158 477
-32 179 -253 -63
81 -709 152 465
-20 157 -240 -60
-204 601 176 459
-1 -341 597 -490
-221 596 164 469
-1 -327 618 -474
-203 595 178 477
-2 -348 612 -486
-221 591 168 451
-3 -332 603 -474
156 803 -270 298
-271 -316 39 122
152 806 -286 277
-255 -314 45 117
150 843 -269 284
-270 -315 52 115
145 850 -287 261
-284 -289 61 78
-782 -472 -884 -351
167 262 -212 -557
-798 -467 -871 -381
144 268 -200 -537
-815 -460 -859 -378
153 269 -191 -550
-796 -425 -852 -372
127 271 -206 -557
-402 -338 -430 585
459 404 301 -959
-391 -360 -449 565
473 393 315 -958
-407 -350 -432 581
486 382 296 -956
-396 -380 -420 573
471 372 311 -956
-111 798 -112 -154
-513 -676 80 584
-96 794 -130 -149
-519 -685 67 596
-107 790 -115 -144
-490 -664 49 612
-93 788 -139 -141
-493 -681 67 598
-54 539 82 -614
-494 -215 -94 -260
-76 538 101 -587
-505 -208 -94 -266
-66 533 90 -590
-488 -234 -94 -237
-57 530 77 -594
-505 -234 -89 -240
-731 52 -770 348
626 265 -511 -357
-726 40 -774 345
612 275 -511 -363
-727 29 -777 343
634 255 -481 -371
-751 18 -746 380
624 272 -485 -353
761 90 420 430
283 -115 399 419
786 82 421 415
277 -133 387 424
783 110 426 424
299 -122 374 397
773 101 428 408
290 -110 391 402
152 415 381 78
195 -323 -544 297
143 450 382 89
217 -325 -540 274
160 449 385 69
198 -291 -534 282
146 455 390 81
172 -291 -520 259
290 818 402 -486
764 167 484 109
240 845 412 -488
711 219 547 46
165 868 437 -538
600 303 623 -2
104 911 476 -550
427 421 767 -55
27328 439 -340 -561
6690 -3078 5898 11416
27231 535 -257 -623
6648 -2962 5956 11295
27090 664 -106 -747
6501 -2810 6153 11159
26861 810 98 -851
6327 -2655 6339 10997
4330 -599 -471 -77
-608 1266 -825 1895
4332 -511 -414 -192
-617 1331 -798 1829
4256 -381 -312 -323
-633 1398 -786 1723
4164 -282 -160 -449
-620 1475 -705 1649
1073 134 2306 -620
852 -1480 492 -1417
1105 148 2266 -682
897 -1456 483 -1429
1127 196 2275 -712
908 -1468 443 -1442
1146 223 2305 -773
913 -1445 423 -1492
-262 -2307 -171 -1413
1524 404 187 1401
-236 -2287 -179 -1418
1545 388 181 1399
-250 -2306 -212 -1422
1570 379 173 1401
-233 -2297 -210 -1450
1561 395 144 1412
-1266 -436 262 -655
-311 821 -863 -235
-1258 -422 238 -643
-303 819 -858 -217
-1222 -439 217 -630
-299 819 -883 -199
-1226 -456 199 -621
-292 818 -872 -220
-328 195 -736 -963
666 -451 -328 701
-337 197 -737 -971
661 -425 -339 668
-317 200 -769 -949
656 -431 -346 674
-324 206 -767 -965
682 -414 -358 648
-1269 143 506 -691
211 -476 -111 19
-1265 156 503 -708
199 -476 -91 11
-1262 171 504 -728
187 -446 -102 1
-1269 182 507 -743
176 -452 -78 -3
130 -428 -102 -263
-66 -80 -123 -960
133 -441 -79 -271
-99 -95 -119 -962
105 -421 -87 -275
-103 -83 -114 -963
110 -435 -68 -276
-102 -98 -80 -968
270 -4 20 870
-173 -738 -501 -439
255 -8 39 878
-155 -739 -526 -431
241 -14 60 889
-168 -743 -518 -423
220 -14 50 898
-177 -747 -480 -450
63 1090 -129 -4
-72 646 -185 1395
60 1096 -127 -10
-80 651 -177 1381
61 1074 -127 15
-56 660 -204 1397
59 1082 -128 6
-63 630 -198 1387
-464 101 -206 894
-125 61 188 -428
-480 77 -220 897
-121 58 185 -440
-467 82 -230 900
-118 24 182 -421
-446 55 -217 902
-88 29 146 -408
-772 145 69 -189
641 277 -463 412
-746 132 74 -153
646 266 -445 408
-754 114 49 -153
651 258 -462 435
-763 103 63 -149
624 249 -475 433
944 -56 157 -504
93 630 444 378
928 -80 153 -494
90 623 440 404
946 -72 148 -490
111 612 442 399
931 -62 140 -487
101 630 439 395
406 491 338 771
252 185 -504 197
429 502 326 773
279 178 -496 205
422 482 350 779
271 170 -524 211
411 456 343 791
268 164 -517 247
-319 -235 475 326
534 -53 418 -550
-321 -246 473 334
525 -71 424 -524
-327 -288 474 344
518 -93 429 -535
-335 -293 477 383
509 -74 438 -517
512 220 56 503
115 -54 -18 -572
512 217 48 493
103 -43 -3 -570
513 218 37 515
82 -62 -17 -569
517 216 56 507
98 -51 -4 -570
250 -280 377 107
320 -170 -395 -354
243 -272 371 119
319 -150 -406 -357
235 -266 401 97
321 -160 -387 -358
224 -260 403 110
288 -171 -394 -359
430 226 -284 185
182 -446 -36 16
412 226 -280 180
203 -443 -44 31
429 230 -279 173
192 -441 -47 15
416 230 -278 166
214 -436 -58 28
-586 -235 860 -258
-1165 -383 -384 104
-566 -214 858 -262
-1145 -384 -383 112
-582 -223 829 -265
-1161 -381 -381 117
-563 -228 830 -271
-1146 -351 -410 87
349 -678 -524 31
-352 -60 18 -602
348 -683 -536 29
-353 -87 2 -629
350 -657 -524 26
-353 -81 17 -625
354 -665 -536 30
-357 -72 2 -623
847 33 221 -293
498 564 -24 -169
832 68 220 -302
486 584 -18 -179
849 69 216 -309
505 576 -11 -188
867 72 212 -317
487 596 -34 -200
472 -120 295 29
551 37 628 483
464 -79 272 26
556 71 619 458
484 -76 283 -8
563 74 613 465
468 -72 265 -10
567 75 608 443
213 -364 -887 76
146 168 374 564
235 -378 -880 60
161 177 366 551
223 -358 -903 71
175 154 359 541
248 -370 -900 54
182 168 325 526
-870 -269 311 417
-517 352 -784 -23
-848 -250 304 417
-523 355 -798 -14
-858 -262 302 415
-527 330 -816 -8
-842 -245 303 382
-530 341 -796 -1
-248 294 -381 138
-613 -141 458 845
-242 271 -380 147
-619 -155 467 827
-235 279 -381 148
-622 -168 481 843
-259 288 -381 119
-625 -156 488 829
-270 398 -590 230
-599 634 224 150
-284 384 -572 237
-623 628 256 140
-296 401 -556 239
-645 626 256 159
-311 389 -575 248
-637 625 287 144
337 -231 -929 186
589 323 219 212
324 -234 -902 212
571 325 244 200
313 -244 -909 205
585 329 238 218
307 -252 -885 200
567 327 230 209
-178 356 -491 316
522 616 -99 373
-196 358 -503 314
533 626 -102 394
-181 360 -481 310
544 603 -105 386
-172 331 -496 344
519 611 -102 405
-1142 618 174 281
71 123 -207 -181
-1140 598 159 276
78 150 -187 -204
-1140 608 149 270
86 145 -197 -193
-1141 590 168 297
59 146 -202 -186
116 -465 -939 -457
-377 -191 -614 -96
104 -452 -919 -464
-370 -189 -590 -96
93 -443 -932 -474
-366 -156 -598 -96
89 -429 -917 -484
-361 -159 -608 -122
-170 294 -120 -99
410 -367 247 723
-180 331 -111 -138
434 -352 237 714
-158 338 -101 -142
428 -337 230 706
-174 349 -120 -149
423 -328 222 665
-156 -61 431 135
33 368 152 -627
-152 -58 448 111
37 384 178 -646
-150 -54 432 88
35 400 171 -671
-149 -23 415 66
35 422 166 -659
627 468 522 199
346 365 -116 333
614 489 501 206
342 376 -106 316
606 511 510 180
338 383 -98 270
598 531 522 156
336 422 -94 252
507 263 1184 775
-790 -145 -140 386
501 271 1188 784
-811 -130 -119 357
495 274 1191 765
-799 -115 -103 360
490 308 1195 748
-824 -105 -113 338
483 158 -474 -77
-63 -295 728 -17
456 157 -469 -88
-61 -271 748 -6
463 157 -470 -102
-61 -280 739 -24
446 153 -436 -109
-53 -289 755 -8
-280 9 322 184
-169 -270 178 -34
-272 -14 324 179
-177 -285 198 -36
-297 -9 330 174
-181 -300 212 -3
-286 2 328 198
-188 -314 198 -3
242 -428 -333 -702
15 311 208 -107
230 -473 -318 -700
0 302 222 -88
219 -483 -339 -668
-16 296 237 -71
213 -497 -326 -668
3 259 245 -50
281 -215 759 238
-229 114 -187 -231
275 -239 750 252
-232 102 -183 -207
305 -229 770 264
-235 86 -180 -212
299 -251 763 274
-239 78 -178 -193
-29 105 27 386
144 -394 -64 2
-24 82 21 389
160 -405 -66 4
-18 58 14 425
179 -412 -71 36
-8 68 38 424
169 -424 -75 40
-575 302 279 -628
-161 94 54 173
-576 287 272 -615
-194 92 46 184
-576 272 265 -607
-161 89 33 193
-575 260 255 -598
-160 88 21 204
-229 -322 195 -84
-550 954 385 194
-234 -324 197 -72
-555 951 417 196
-240 -328 199 -59
-558 948 416 199
-242 -331 200 -46
-564 945 417 200
566 392 -195 652
669 181 674 219
559 368 -169 634
671 204 704 214
556 375 -177 648
673 194 701 212
559 383 -157 660
678 184 693 210
-758 276 322 -667
-63 -31 -277 695
-747 265 321 -662
-63 2 -297 685
-770 255 325 -661
-62 0 -290 677
-759 279 323 -663
-60 0 -312 674
-339 -469 2 199
222 132 -274 -53
-328 -491 3 178
222 136 -261 -75
-347 -481 4 188
221 140 -280 -66
-336 -473 8 166
220 143 -266 -86
28 457 -57 307
-335 595 -26 126
23 468 -51 291
-317 615 -22 122
-15 482 -40 308
-330 603 -17 119
-21 462 -33 296
-346 627 -9 109
76 -676 -681 166
-175 -197 168 -104
86 -680 -691 175
-161 -171 177 -114
64 -686 -702 181
-145 -177 185 -125
80 -696 -685 160
-168 -183 167 -130
391 127 -310 314
365 138 -348 508
399 125 -300 308
378 116 -343 505
404 123 -319 301
389 129 -339 533
416 128 -311 326
399 141 -368 525
-99 16 84 281
117 378 -129 -109
-71 3 73 274
136 374 -127 -123
-79 23 66 297
153 373 -126 -109
-56 12 59 290
161 373 -150 -127
310 -521 439 -36
361 571 -321 202
298 -498 435 -43
386 601 -321 210
315 -509 432 -49
346 601 -313 185
291 -488 441 -57
324 609 -269 193
102 71 376 647
464 761 138 202
86 114 387 626
398 835 175 165
23 132 385 626
317 916 258 107
-58 192 454 591
174 1033 359 44
24406 -2142 -987 -267
1975 -3592 2058 10158
24360 -2042 -916 -324
1947 -3474 2114 10053
24239 -1910 -808 -440
1865 -3344 2240 9934
24060 -1762 -647 -575
1692 -3173 2401 9756
4987 -1818 -2334 -1657
-160 -544 -1550 1067
5006 -1733 -2321 -1760
-143 -465 -1586 998
4950 -1598 -2255 -1888
-120 -382 -1565 890
4881 -1463 -2104 -2046
-117 -332 -1514 790
404 -887 2248 -1082
745 -1607 -189 -1228
439 -842 2189 -1128
778 -1612 -237 -1243
486 -821 2154 -1171
809 -1581 -280 -1263
490 -762 2164 -1220
836 -1551 -312 -1288
-973 -2509 -865 -1930
714 -816 1605 1014
-929 -2496 -926 -1948
720 -838 1616 1009
-923 -2519 -950 -1962
725 -825 1570 1008
-894 -2479 -970 -1982
725 -822 1568 1015
-1164 -104 -8 -578
-147 890 -431 -1377
-1179 -110 -13 -585
-166 860 -412 -1350
-1199 -107 -11 -556
-184 864 -396 -1330
-1223 -145 -11 -560
-201 841 -375 -1317
-944 -745 -1590 -197
1610 224 -583 -468
-961 -756 -1554 -206
1592 255 -563 -456
-1008 -738 -1548 -180
1609 250 -547 -469
-1021 -757 -1513 -189
1569 246 -529 -453
-1080 322 1098 -164
-620 377 -1269 -192
-1076 322 1109 -164
-630 367 -1256 -222
-1075 322 1128 -162
-645 390 -1242 -219
-1080 318 1104 -161
-626 377 -1232 -213
520 101 -125 -55
492 -199 59 -653
528 106 -121 -45
503 -176 51 -666
500 108 -116 -63
486 -187 78 -677
508 114 -108 -52
494 -166 75 -692
265 -173 -471 519
289 56 168 -202
276 -156 -461 529
318 79 146 -212
254 -140 -451 508
322 105 152 -224
263 -129 -443 493
320 96 132 -230
-404 60 -296 227
726 -202 367 140
-394 60 -301 232
748 -181 351 118
-385 85 -342 205
770 -194 301 132
-345 86 -350 208
792 -175 289 109
-715 -344 427 323
267 865 764 563
-698 -336 407 329
281 835 764 553
-686 -365 391 337
295 840 765 570
-675 -364 373 348
302 813 739 595
-53 788 -268 -7
93 720 -571 395
-39 777 -282 -16
122 707 -604 407
-25 769 -299 5
122 694 -602 418
-7 763 -283 21
123 680 -603 427
-98 -32 467 473
-1136 10 172 188
-103 -36 456 467
-1123 -14 153 188
-79 -40 445 461
-1113 -7 171 186
-85 -41 434 486
-1105 -28 156 187
110 -70 -1291 -160
518 -563 123 -21
93 -74 -1301 -128
490 -551 117 -13
106 -113 -1282 -126
495 -566 144 -6
89 -113 -1291 -129
468 -588 142 -25
-52 -52 -300 -554
525 -248 372 265
-40 -69 -284 -533
505 -238 364 271
-63 -53 -261 -551
517 -235 388 249
-92 -65 -274 -535
498 -225 412 253
500 125 -31 139
-462 390 1 -585
485 154 -30 115
-475 398 36 -594
477 156 2 126
-460 437 36 -610
467 155 0 105
-479 445 38 -625
-165 578 212 517
51 -91 -373 -7
-169 580 234 490
71 -89 -366 -45
-179 612 228 464
63 -58 -357 -49
-182 650 253 468
89 -32 -353 -86
437 608 -770 973
-6 91 541 -93
461 641 -776 955
16 118 508 -123
485 675 -785 942
6 144 510 -151
480 665 -793 906
23 140 477 -147
-683 -565 205 -113
505 -933 -324 -856
-665 -523 189 -130
496 -941 -356 -876
-649 -515 173 -143
521 -921 -360 -901
-637 -509 162 -157
546 -926 -362 -887
337 -432 481 -677
128 274 -192 121
354 -417 481 -683
128 291 -192 111
337 -403 453 -689
125 276 -223 108
352 -418 458 -692
157 291 -225 97
464 214 -163 798
-126 -133 244 55
481 236 -166 798
-93 -139 233 50
496 225 -170 802
-96 -145 225 76
506 211 -201 804
-98 -154 222 68
-9 222 -128 -627
-38 472 133 -259
-19 222 -157 -613
-45 463 107 -261
2 190 -156 -600
-24 456 115 -267
-10 189 -183 -586
-36 451 92 -237
575 287 616 -204
391 -192 -137 472
573 287 593 -185
398 -195 -146 467
571 284 607 -198
374 -201 -153 464
564 286 590 -182
386 -176 -133 458
186 125 -497 366
-24 929 562 -96
176 122 -511 382
-49 934 583 -97
169 148 -499 367
-43 939 570 -96
160 139 -516 358
-39 945 562 -97
-484 320 -331 112
-157 -330 920 -364
-487 351 -312 92
-188 -309 915 -374
-528 349 -320 76
-187 -293 942 -382
-503 343 -301 60
-225 -310 948 -388
100 283 96 -169
317 -929 -626 -437
71 310 96 -177
285 -903 -581 -457
50 306 129 -183
285 -912 -574 -476
26 302 161 -187
260 -891 -537 -466
-230 -96 -494 557
-78 -34 -572 -269
-268 -100 -446 543
-93 -35 -538 -250
-275 -101 -429 530
-110 -38 -533 -265
-313 -104 -414 554
-124 -33 -500 -251
654 75 174 123
39 -380 -397 -463
637 90 190 147
12 -378 -409 -480
618 71 175 141
18 -376 -392 -466
600 84 193 131
-6 -374 -375 -453
324 567 140 682
-200 -171 846 35
296 558 153 696
-211 -183 862 39
301 551 165 710
-194 -163 850 39
305 575 174 723
-206 -178 869 46
585 344 278 -562
307 789 -676 28
566 339 300 -549
327 776 -685 24
544 326 297 -564
318 765 -663 53
556 319 287 -550
306 750 -670 52
-48 -201 -363 96
-713 313 -571 57
-31 -214 -343 99
-693 274 -565 86
-46 -228 -357 102
-712 266 -591 82
-28 -242 -338 139
-728 263 -581 108
-294 183 603 297
814 -35 214 575
-274 172 602 303
798 -34 237 605
-285 163 605 312
786 -38 229 607
-299 155 610 318
806 -38 246 606
125 -244 108 -425
-359 -316 6 -857
124 -230 118 -435
-332 -311 8 -852
124 -247 128 -415
-336 -308 16 -852
120 -231 135 -428
-341 -303 21 -847
-211 635 -1030 308
-1209 309 -545 461
-199 629 -1035 296
-1204 297 -546 443
-188 625 -1045 285
-1200 324 -545 456
-201 656 -1054 304
-1167 339 -579 436
-455 2 -1159 522
-435 -895 425 170
-431 5 -1169 535
-423 -895 402 182
-406 38 -1182 513
-412 -898 384 166
-413 37 -1186 527
-403 -896 363 181
424 213 -18 -803
-753 -397 768 -136
433 204 -38 -777
-738 -407 768 -116
449 230 -26 -787
-725 -389 769 -127
462 228 -51 -796
-719 -401 736 -139
68 -94 250 93
134 97 -402 122
76 -93 243 56
142 97 -421 117
83 -91 238 56
150 127 -412 109
93 -58 233 48
162 126 -435 105
-410 -148 -469 194
49 426 -925 -172
-403 -135 -493 194
64 438 -956 -185
-395 -155 -486 202
81 419 -958 -166
-388 -142 -508 203
93 431 -990 -182
48 -325 748 626
-400 -315 -213 -524
93 -300 729 612
-386 -310 -231 -534
108 -304 713 629
-370 -337 -251 -545
115 -316 702 621
-356 -330 -239 -525
32 711 346 -158
215 -299 595 -356
33 721 342 -157
238 -281 581 -395
61 697 305 -188
229 -296 573 -400
57 710 303 -188
225 -278 594 -407
-95 -184 -97 -438
-4 388 -98 441
-92 -179 -98 -458
-5 392 -100 436
-89 -174 -101 -447
-8 395 -103 432
-84 -174 -109 -464
-9 395 -106 432
-39 96 6 294
-213 35 14 225
-15 93 -24 268
-205 37 -4 227
-20 93 -21 276
-194 40 8 228
-22 91 -19 283
-186 42 -15 227
15 65 881 125
405 -4 -502 248
-2 68 870 155
430 -8 -498 240
15 69 860 152
422 -14 -524 234
27 68 851 151
421 -15 -521 260
-880 180 -247 -587
65 309 197 -58
-868 201 -270 -600
67 297 203 -51
-890 191 -258 -581
75 318 207 -49
-881 180 -285 -594
77 309 186 -43
-734 -710 -974 -128
-569 719 -59 185
-733 -720 -989 -127
-564 704 -55 180
-731 -700 -1009 -124
-529 719 -83 178
-697 -712 -999 -122
-528 739 -72 172
134 287 -119 37
371 -172 177 -208
109 289 -108 41
360 -184 162 -224
111 319 -124 44
352 -167 181 -206
117 317 -113 18
337 -153 169 -220
-627 702 -711 238
511 504 -21 393
-649 701 -719 222
508 494 -10 370
-643 733 -728 237
474 521 8 379
-666 730 -704 226
475 508 19 359
398 -649 319 130
-362 520 -430 537
413 -659 348 134
-372 529 -444 531
396 -649 348 111
-383 511 -425 562
382 -666 346 118
-362 525 -446 558
-191 -378 -289 -719
-297 -3 -410 97
-190 -368 -288 -706
-298 24 -433 63
-193 -392 -289 -728
-324 32 -421 58
-202 -378 -313 -720
-334 72 -401 49
374 47 3 226
799 -208 414 59
375 101 13 198
786 -142 430 36
319 135 21 157
734 -39 497 -45
284 210 20 113
616 71 573 -129
19704 -5724 -517 -83
-5015 -1469 -3734 9370
19690 -5627 -488 -177
-5034 -1332 -3717 9239
19606 -5472 -393 -293
-5113 -1168 -3612 9089
19466 -5313 -278 -458
-5206 -1020 -3507 8922
4249 -2233 -2568 -2636
272 -1275 -1021 2559
4258 -2114 -2569 -2734
278 -1223 -1054 2485
4209 -2015 -2519 -2889
307 -1136 -1055 2377
4162 -1878 -2427 -3061
302 -1060 -999 2275
1139 -249 1167 -2121
64 -1510 -629 -501
1186 -235 1134 -2184
118 -1480 -674 -529
1221 -181 1096 -2251
133 -1453 -713 -554
1241 -146 1105 -2289
178 -1425 -756 -589
-1150 -2127 692 -1371
-81 -887 406 568
-1122 -2113 657 -1404
-72 -884 368 532
-1105 -2103 632 -1403
-61 -879 366 533
-1099 -2093 587 -1434
-56 -886 344 506
-637 910 -708 -504
200 929 -376 -967
-636 895 -714 -530
204 933 -369 -979
-668 919 -715 -524
179 939 -361 -960
-675 911 -714 -519
152 942 -316 -982
-518 -367 -408 -302
128 545 -1358 -453
-558 -353 -366 -316
93 573 -1340 -455
-568 -346 -355 -324
93 566 -1292 -453
-606 -344 -313 -333
62 561 -1280 -449
40 -688 -20 388
174 557 -543 -200
15 -712 24 369
188 538 -514 -207
21 -706 39 385
164 519 -507 -209
-10 -711 54 371
144 535 -475 -180
108 -202 100 -367
-535 63 -567 -162
86 -181 109 -352
-560 60 -556 -163
65 -191 152 -337
-586 58 -544 -163
41 -207 161 -351
-584 24 -534 -159
705 -12 -579 -218
416 -401 -216 42
707 -25 -582 -210
413 -386 -241 50
706 -38 -586 -200
411 -402 -231 62
709 -16 -554 -200
408 -396 -221 44
404 -511 -561 -643
299 390 687 -280
423 -513 -577 -645
303 397 677 -274
410 -512 -557 -650
307 405 666 -300
419 -514 -573 -617
307 379 696 -289
-1042 -274 -263 -459
834 -91 -650 -31
-1064 -295 -264 -470
805 -87 -626 -30
-1056 -286 -264 -479
807 -84 -637 -24
-1050 -306 -231 -461
784 -80 -613 -25
-670 -159 528 -256
-162 -519 -76 -436
-701 -159 543 -255
-194 -527 -57 -423
-733 -160 563 -253
-227 -535 -69 -412
-733 -157 577 -254
-226 -511 -51 -434
217 -592 248 -438
264 519 820 391
212 -610 269 -428
243 526 839 396
176 -596 291 -420
223 505 857 407
172 -616 310 -438
202 511 878 381
-314 243 -546 510
71 -541 -708 -340
-338 230 -549 507
45 -534 -711 -330
-360 224 -524 505
54 -531 -690 -354
-381 243 -500 499
31 -526 -666 -344
323 -682 258 -696
-176 -346 37 -625
293 -692 293 -723
-194 -343 44 -645
295 -668 297 -721
-182 -336 54 -635
269 -669 332 -718
-206 -299 60 -662
876 -272 -196 1475
226 -257 -489 -242
860 -254 -168 1478
226 -254 -501 -262
842 -238 -168 1452
228 -248 -482 -251
828 -222 -139 1462
232 -242 -467 -277
-365 189 -34 213
259 119 330 571
-382 188 -31 201
261 111 342 565
-370 186 -29 185
263 103 326 560
-393 217 -22 166
264 125 342 556
389 456 -647 12
-62 595 277 -2
394 465 -655 -10
-61 615 267 -5
399 478 -664 -1
-63 638 259 -12
409 454 -644 -18
-64 629 251 -18
-239 -492 -247 37
380 -392 343 -91
-257 -505 -267 43
378 -366 334 -87
-241 -489 -258 18
406 -347 325 -113
-232 -472 -278 22
404 -355 352 -104
-31 -460 459 189
-44 283 377 -35
-33 -446 438 156
-52 280 403 -37
-32 -463 452 160
-31 280 397 -40
-32 -446 462 159
-44 309 392 -43
26 -10 -263 -639
-514 -380 69 -371
20 -21 -272 -638
-516 -379 75 -359
14 1 -248 -643
-517 -379 81 -375
-19 -12 -224 -641
-520 -377 84 -361
821 674 -680 -497
276 -31 54 541
811 676 -690 -483
294 -33 42 538
834 680 -703 -500
280 -35 36 508
832 681 -685 -518
294 -39 22 508
-47 -579 -46 -114
-403 28 138 136
-65 -582 -56 -97
-391 28 150 144
-51 -557 -67 -113
-380 25 132 124
-36 -567 -45 -127
-374 57 115 133
-80 -141 -423 -609
-411 -81 173 -183
-66 -123 -431 -647
-438 -67 187 -173
-50 -102 -440 -655
-434 -55 172 -195
-68 -115 -443 -657
-428 -39 184 -189
-773 32 -342 292
-585 -131 -75 345
-780 31 -335 296
-591 -102 -55 339
-784 27 -326 273
-599 -108 -65 338
-787 57 -320 277
-608 -122 -77 308
-244 520 -532 -317
-285 -557 -761 -761
-265 530 -555 -313
-282 -571 -759 -754
-248 543 -549 -314
-277 -556 -756 -749
-261 524 -543 -308
-269 -572 -762 -746
-124 -72 230 509
-431 -184 -180 -296
-121 -51 235 506
-415 -211 -169 -301
-113 -64 241 511
-430 -201 -190 -277
-113 -76 215 515
-415 -226 -181 -284
-884 -363 109 -507
-181 217 -186 -71
-904 -374 124 -503
-172 212 -182 -49
-899 -385 106 -498
-190 174 -144 -55
-923 -397 125 -495
-213 173 -138 -34
378 -759 164 23
577 401 -270 -165
374 -751 200 14
582 385 -257 -169
369 -743 203 35
560 376 -208 -174
336 -768 238 26
536 400 -200 -185
-175 -172 -456 -618
-564 257 -340 890
-193 -183 -463 -598
-553 258 -326 885
-177 -196 -443 -611
-578 258 -341 884
-192 -179 -426 -628
-569 258 -326 886
-2 -545 -934 -471
-331 147 184 -365
-5 -545 -940 -463
-313 135 175 -378
-9 -545 -948 -455
-324 158 203 -364
-7 -548 -924 -481
-312 146 195 -375
-3 -59 466 201
-272 -115 -362 -186
-8 -54 455 207
-253 -103 -340 -214
-10 -49 446 183
-271 -90 -349 -208
-12 -42 469 190
-254 -114 -363 -233
-190 179 -712 569
37 -803 -733 -333
-187 167 -721 566
42 -808 -731 -347
-183 187 -701 560
46 -817 -731 -359
-182 176 -708 556
51 -787 -728 -347
181 438 138 -91
-126 492 236 702
167 430 118 -86
-125 504 249 698
188 422 131 -82
-129 486 233 695
169 449 116 -78
-130 501 247 692
-319 -24 -29 197
1139 728 500 45
-319 -16 -25 203
1127 724 489 59
-324 -7 -18 207
1123 753 509 67
-327 -3 -13 181
1114 750 501 50
430 -199 113 71
-249 -17 128 1028
415 -175 128 76
-243 -32 128 1036
432 -186 107 81
-242 -15 129 1042
420 -189 118 85
-238 2 126 1015
97 564 789 527
743 -489 65 981
97 555 813 508
752 -465 64 969
96 550 807 521
762 -470 63 987
93 577 805 497
741 -450 65 976
476 -61 165 194
-264 -61 -73 -707
474 -55 170 195
-243 -57 -83 -714
472 -44 174 190
-256 -54 -90 -726
470 -36 177 193
-262 -74 -67 -703
489 -67 141 545
-93 182 -86 -493
468 -71 159 514
-92 172 -109 -506
473 -76 142 519
-90 164 -97 -488
484 -44 126 515
-92 186 -116 -504
396 -288 -262 -81
9 -111 430 -351
408 -288 -269 -97
14 -95 415 -350
386 -288 -273 -82
25 -112 429 -349
397 -293 -279 -94
27 -96 417 -348
-318 -154 -187 164
-191 368 -261 171
-317 -182 -181 172
-191 387 -264 180
-317 -179 -206 178
-192 379 -267 191
-318 -174 -198 186
-192 397 -270 168
128 85 -135 -251
-562 -20 -329 -83
131 107 -113 -248
-550 -39 -340 -68
133 97 -122 -279
-572 -28 -347 -87
133 121 -129 -278
-562 -18 -326 -104
528 232 422 510
-173 47 -80 284
511 241 399 507
-188 61 -96 249
530 280 406 505
-201 74 -79 249
519 281 415 476
-187 54 -101 253
-302 120 226 -196
0 -67 -334 72
-285 143 228 -201
0 -70 -316 83
-298 133 231 -204
-2 -77 -332 94
-315 127 240 -210
1 -85 -318 72
300 154 53 243
142 118 -346 -517
279 146 41 232
157 106 -343 -521
294 140 62 253
140 95 -337 -527
274 129 52 248
153 86 -337 -500
-548 370 112 -94
-678 137 -1337 296
-553 357 97 -59
-652 111 -1332 306
-557 342 83 -56
-661 119 -1363 316
-531 326 102 -53
-667 95 -1356 328
-341 250 97 -132
712 190 63 100
-300 245 98 -104
722 188 62 104
-295 240 70 -107
737 216 63 107
-286 234 74 -113
747 212 30 111
120 -38 13 158
-207 244 70 -684
146 -44 -5 157
-189 234 45 -696
167 -22 -25 159
-176 256 23 -677
187 -31 -46 163
-167 242 6 -688
379 -213 -617 -360
556 -235 901 -53
403 -201 -658 -371
572 -219 880 -74
424 -191 -666 -380
573 -197 896 -93
414 -209 -671 -355
576 -172 883 -89
-439 306 -20 588
-244 55 -71 -861
-454 338 -6 573
-275 127 -59 -913
-479 380 -17 549
-338 233 2 -996
-488 435 12 522
-430 354 61 -1086
13909 -7110 -511 545
-9398 1042 -9708 9772
13891 -6999 -482 446
-9415 1135 -9699 9696
13841 -6870 -420 330
-9454 1295 -9620 9531
13736 -6704 -334 197
-9522 1432 -9543 9356
1945 -1680 -1403 -2098
128 -504 -462 4718
1981 -1618 -1399 -2203
158 -445 -493 4661
1931 -1515 -1364 -2331
164 -386 -482 4581
1909 -1375 -1328 -2454
157 -333 -457 4507
-81 -1609 -949 -4199
264 -1284 -878 -749
-65 -1612 -992 -4226
296 -1288 -889 -764
-53 -1576 -986 -4239
295 -1260 -896 -785
-32 -1555 -985 -4284
315 -1259 -937 -802
-842 -1043 584 -1135
1 45 -358 1061
-828 -1036 568 -1128
-1 55 -360 1071
-820 -1025 561 -1148
-1 64 -358 1057
-824 -984 564 -1176
-9 62 -351 1041
-855 445 -1296 338
696 -62 112 -1589
-885 413 -1310 324
655 -88 130 -1581
-887 421 -1290 345
650 -85 156 -1580
-926 418 -1268 332
608 -77 184 -1551
-154 -810 -1769 290
-1236 404 -487 -672
-182 -823 -1751 293
-1261 394 -461 -674
-210 -811 -1731 300
-1289 388 -430 -642
-233 -829 -1688 311
-1318 383 -403 -643
-292 -598 -366 -370
-202 -70 300 1331
-333 -592 -345 -388
-213 -80 345 1322
-374 -620 -321 -375
-257 -86 363 1349
-382 -619 -300 -366
-272 -135 380 1353
502 764 -1058 -297
587 -820 -311 35
465 729 -1029 -272
566 -838 -304 70
462 700 -974 -251
547 -859 -267 105
429 678 -949 -205
527 -913 -265 106
63 295 -64 -544
946 -794 943 -799
60 270 -65 -514
931 -824 931 -765
57 250 -31 -487
917 -854 954 -735
18 236 -30 -462
938 -849 970 -709
-438 259 121 196
-410 424 -667 -712
-429 231 115 234
-406 401 -661 -690
-449 233 140 238
-402 378 -663 -669
-442 202 133 251
-426 358 -655 -651
-95 321 290 85
188 775 313 1139
-94 322 323 105
184 779 306 1160
-94 287 324 128
152 758 333 1185
-89 282 324 147
151 730 324 1213
34 513 665 -137
354 412 -309 57
39 483 690 -110
358 411 -301 82
42 480 681 -118
333 407 -291 109
43 450 672 -96
340 372 -285 106
351 149 -65 -1140
109 638 -60 324
352 170 -67 -1132
120 631 -89 301
350 157 -70 -1123
102 658 -84 309
349 145 -72 -1116
116 652 -79 320
-684 -41 -1057 22
-80 -426 315 -143
-697 -53 -1058 15
-69 -437 280 -156
-680 -36 -1062 10
-56 -418 281 -135
-666 -51 -1066 6
-48 -434 286 -146
-165 -417 -76 -60
-546 -252 -1108 176
-172 -420 -85 -56
-547 -251 -1097 193
-144 -427 -96 -48
-522 -279 -1121 213
-151 -433 -101 -40
-523 -276 -1114 234
-488 125 -83 -693
969 246 657 -468
-500 96 -102 -651
975 237 644 -460
-485 99 -80 -647
956 227 669 -454
-503 70 -94 -637
962 223 659 -419
-671 82 -615 845
514 773 -574 229
-703 99 -587 858
486 747 -573 239
-705 81 -593 845
487 752 -569 246
-709 65 -569 861
493 760 -566 249
146 343 -465 416
-987 673 -661 -454
162 334 -454 417
-984 678 -649 -430
150 325 -441 420
-985 648 -667 -438
163 317 -460 423
-989 652 -649 -447
502 40 73 505
-891 -495 325 -432
525 48 82 498
-890 -483 298 -447
514 53 60 492
-889 -472 306 -429
542 57 69 489
-894 -498 282 -437
228 9 33 266
73 379 531 -757
233 16 34 281
79 376 519 -748
204 -12 37 270
59 377 540 -743
209 -5 40 288
62 382 529 -736
952 -605 -450 -732
-477 386 -335 82
951 -603 -421 -728
-477 385 -352 69
950 -572 -430 -728
-509 417 -335 59
952 -577 -403 -758
-513 414 -320 52
-27 477 126 222
147 88 115 173
-26 508 128 218
166 113 136 155
-24 505 127 189
154 137 126 136
-19 534 163 185
140 157 117 119
144 6 -418 259
124 166 136 88
128 44 -418 230
121 201 144 50
147 77 -424 203
148 208 118 45
132 80 -427 179
146 243 124 7
229 -84 40 -181
48 -172 872 450
236 -76 46 -199
63 -184 849 456
269 -35 22 -223
47 -166 866 433
277 -28 26 -240
59 -149 846 411
-22 65 217 -205
-187 -131 -34 -272
-12 69 210 -221
-182 -100 -35 -291
1 105 200 -237
-177 -103 -38 -309
11 107 192 -281
-171 -74 -40 -329
-221 -529 -161 658
-81 251 -287 104
-249 -515 -163 645
-66 245 -290 81
-244 -506 -166 601
-50 272 -293 90
-238 -496 -167 594
-62 266 -296 67
-16 374 415 790
-180 -355 -133 64
2 366 413 780
-134 -355 -142 64
19 360 414 806
-120 -359 -148 63
36 380 377 796
-110 -395 -186 69
-403 25 -632 -849
-194 60 -30 -530
-391 18 -656 -867
-166 55 -28 -517
-377 12 -650 -856
-172 50 -55 -506
-371 10 -672 -847
-182 45 -45 -495
85 -110 211 556
145 -111 -387 -353
73 -127 200 538
163 -127 -394 -353
93 -107 190 553
149 -112 -397 -355
85 -123 212 570
164 -128 -407 -359
-417 -332 19 260
442 -4 195 -397
-421 -344 9 265
471 -8 196 -413
-430 -326 -1 271
470 -11 200 -395
-436 -337 25 276
467 -17 205 -411
375 -38 -539 -92
262 90 965 247
366 -45 -565 -89
266 84 941 237
385 -54 -563 -84
268 79 954 263
374 -58 -562 -49
270 73 967 254
-274 238 -730 -582
909 -521 111 -132
-259 251 -725 -590
919 -500 96 -102
-280 236 -717 -568
902 -512 110 -106
-301 219 -709 -577
888 -527 126 -108
-285 388 612 76
-283 -200 29 -16
-318 391 620 89
-273 -209 57 1
-317 362 626 73
-299 -216 56 15
-316 371 630 86
-293 -226 53 -2
57 -346 -40 37
-364 56 145 -138
50 -373 -49 43
-374 51 161 -117
51 -369 -33 48
-353 44 139 -96
52 -363 -13 53
-358 39 151 -108
-218 166 382 350
7 38 490 159
-244 171 381 346
15 44 498 190
-241 149 381 375
-7 20 511 186
-235 156 376 371
4 24 519 185
1111 464 -232 205
-252 407 196 -162
1107 450 -209 220
-281 400 201 -166
1109 437 -192 200
-276 424 203 -171
1108 452 -207 213
-274 417 206 -142
-504 95 -690 44
389 -897 240 -453
-529 93 -676 24
361 -902 258 -457
-526 93 -694 40
362 -876 246 -463
-522 93 -679 51
366 -882 268 -466
-302 -676 169 -707
249 -39 -433 -331
-315 -684 177 -709
241 -48 -451 -313
-329 -658 191 -711
237 -21 -440 -324
-345 -664 203 -711
234 -32 -430 -335
-458 -443 -232 11
-96 -496 80 -261
-471 -437 -208 20
-95 -513 96 -265
-487 -438 -214 5
-97 -499 116 -235
-467 -467 -195 18
-103 -515 108 -242
393 -688 -602 -859
-141 262 -933 12
405 -706 -599 -855
-124 234 -942 24
383 -726 -593 -818
-136 212 -920 69
366 -743 -586 -816
-123 220 -933 77
-263 459 182 214
581 -574 545 -511
-275 439 176 234
588 -570 548 -482
-257 429 170 252
562 -566 526 -488
-241 448 199 266
567 -565 536 -495
6 -760 -631 46
-294 -538 52 -298
11 -784 -654 61
-302 -533 40 -312
19 -779 -651 43
-279 -528 29 -323
26 -773 -647 60
-289 -520 20 -304
139 524 -33 95
-997 -47 507 68
148 537 -34 91
-1004 -29 505 71
126 551 -32 89
-1012 -41 502 77
140 535 -34 86
-990 -23 499 75
159 113 -423 -613
351 52 251 -116
162 98 -398 -616
319 40 245 -105
165 116 -411 -625
319 59 238 -126
167 103 -417 -630
323 74 261 -147
687 72 381 13
326 -241 877 651
672 78 376 -8
303 -258 892 634
660 80 405 -25
312 -247 902 651
649 87 397 -10
320 -236 879 634
-682 -88 89 52
634 61 633 -6
-690 -79 82 38
631 28 626 -11
-702 -101 107 60
632 31 648 9
-714 -91 102 48
631 31 643 2
157 -60 99 162
119 145 133 148
155 -55 100 161
111 130 137 137
154 -51 96 160
100 151 143 156
158 -47 125 160
62 135 147 146
235 -148 445 -472
-258 -404 -55 74
213 -165 443 -465
-258 -396 -48 51
196 -154 473 -459
-260 -421 -42 66
211 -171 463 -454
-258 -409 -37 74
58 71 -37 -275
-504 809 110 40
51 78 -42 -261
-494 816 125 45
45 87 -17 -249
-526 841 141 47
43 96 -23 -268
-526 854 128 17
277 -107 -184 -259
491 480 503 88
250 -69 -150 -261
492 527 537 35
229 -33 -140 -301
435 634 579 -23
184 20 -124 -316
360 730 642 -106
8190 -9385 472 -683
-8193 5369 -12793 10179
8144 -9315 497 -756
-8177 5407 -12776 10099
8100 -9213 561 -844
-8231 5516 -12742 9994
8025 -9075 638 -978
-8231 5603 -12678 9860
-1221 337 587 -349
-891 1421 -571 5219
-1187 370 592 -404
-883 1427 -620 5223
-1205 413 587 -474
-857 1427 -628 5199
-1191 488 617 -546
-820 1427 -660 5178
1487 -1830 -360 -2633
395 -438 680 -1039
1513 -1864 -364 -2621
408 -422 653 -1026
1544 -1868 -393 -2598
446 -439 630 -1022
1547 -1878 -426 -2605
447 -444 602 -1008
-633 949 629 -95
-39 -472 -860 2255
-632 936 592 -103
-49 -466 -851 2241
-633 967 594 -86
-64 -464 -873 2237
-610 968 594 -99
-78 -468 -858 2223
1250 -284 225 566
-874 130 -199 -1179
1223 -308 260 559
-886 136 -176 -1177
1193 -296 265 584
-932 144 -148 -1155
1166 -286 274 572
-944 126 -126 -1160
-459 -168 -579 331
555 308 231 -773
-472 -175 -547 340
534 294 270 -779
-515 -183 -517 317
519 309 273 -788
-529 -158 -518 326
502 296 281 -762
-248 369 -166 936
-719 524 89 337
-271 349 -145 948
-734 504 113 356
-287 328 -126 967
-751 453 105 382
-305 334 -108 981
-738 427 122 407
39 695 858 271
295 -883 -1112 -921
13 656 855 290
276 -902 -1076 -885
22 618 851 305
255 -959 -1074 -881
4 615 884 352
241 -981 -1080 -843
-421 182 -100 -496
607 357 -54 126
-426 171 -106 -479
606 360 -45 155
-433 128 -79 -463
609 330 -37 153
-444 122 -86 -414
578 304 -24 184
-393 12 -69 -29
554 315 200 -607
-373 -6 -73 -24
532 309 214 -606
-388 -22 -73 12
511 305 226 -613
-397 -41 -50 15
518 304 205 -586
-735 145 -259 534
366 978 -406 1066
-736 129 -232 558
346 967 -395 1076
-770 140 -234 549
324 957 -384 1092
-772 126 -205 573
305 945 -371 1072
111 580 670 609
-262 -15 -1210 359
62 587 702 609
-268 4 -1210 366
46 563 736 608
-303 -10 -1176 339
26 571 739 604
-308 11 -1147 345
640 238 311 -358
-392 -420 178 -29
607 252 337 -364
-402 -424 196 -25
611 269 358 -378
-416 -397 186 -26
582 260 383 -384
-395 -400 200 -57
71 -227 -694 746
65 -596 -792 677
80 -199 -685 755
66 -616 -784 685
58 -204 -673 734
66 -634 -781 693
67 -207 -663 713
70 -626 -775 665
-390 479 -6 725
99 -407 -192 39
-397 484 -12 743
103 -395 -193 41
-405 458 -16 729
108 -411 -194 72
-385 469 -19 745
110 -426 -193 70
-16 171 870 -117
36 -624 397 -554
0 153 845 -106
41 -640 379 -535
18 139 854 -102
48 -660 361 -549
-5 160 834 -100
58 -641 372 -534
-475 -202 -855 -192
-125 -287 128 133
-471 -212 -880 -195
-122 -290 130 138
-467 -223 -876 -164
-120 -319 129 177
-459 -233 -875 -163
-113 -320 131 181
-263 57 -91 302
239 160 187 -300
-271 20 -86 318
223 163 181 -283
-276 18 -82 332
206 137 177 -267
-287 14 -108 346
223 143 199 -255
354 -392 1047 -336
11 298 -72 -49
356 -399 1037 -321
-9 308 -78 -35
362 -405 1062 -309
-25 286 -56 -52
335 -414 1056 -294
-9 268 -71 -35
-319 -372 -412 -460
84 346 -603 184
-316 -361 -409 -441
104 338 -602 177
-310 -385 -413 -453
90 339 -633 200
-304 -370 -412 -442
112 368 -634 189
-147 -300 849 215
89 -770 333 177
-136 -310 835 238
81 -770 317 160
-160 -287 828 222
75 -742 331 143
-157 -296 821 213
72 -743 347 124
-209 108 -413 358
401 -21 252 527
-226 120 -409 330
389 -9 278 510
-238 135 -377 335
376 -26 271 496
-218 146 -383 307
364 -11 266 511
-804 115 570 -749
240 -1100 -361 -718
-807 140 562 -735
255 -1082 -372 -734
-812 136 590 -758
245 -1070 -353 -753
-819 170 584 -753
234 -1059 -364 -770
-329 -25 -501 648
419 21 -79 -428
-338 -19 -491 628
421 41 -97 -441
-345 -16 -483 612
431 34 -83 -423
-319 -8 -482 631
435 58 -97 -443
-816 183 -475 194
-1101 37 -558 422
-833 175 -470 198
-1086 42 -572 426
-824 199 -498 197
-1104 47 -551 434
-810 183 -496 171
-1093 20 -561 442
74 94 100 156
349 -113 246 438
50 91 107 155
348 -129 264 463
62 89 109 185
351 -149 284 457
73 83 117 180
317 -164 273 485
21 -113 514 -1131
232 566 -144 -199
11 -127 515 -1113
240 556 -129 -207
0 -145 519 -1096
220 545 -113 -184
-10 -155 516 -1081
195 533 -130 -191
596 -33 -135 19
-717 587 -119 45
586 -37 -111 7
-730 596 -109 29
578 -44 -123 30
-715 576 -100 47
574 -48 -104 52
-727 583 -92 31
-143 679 -14 -190
-546 159 -689 471
-159 685 -26 -187
-548 157 -677 464
-137 692 -10 -188
-520 152 -700 461
-119 698 -24 -186
-524 177 -687 456
796 -325 896 -49
260 -542 162 -121
795 -302 897 -64
265 -575 161 -110
821 -311 870 -47
269 -575 166 -101
818 -325 876 -55
242 -577 166 -89
206 417 -91 39
450 -234 661 296
222 385 -86 45
449 -244 654 303
200 390 -77 50
451 -251 677 312
213 361 -78 60
447 -262 675 317
-68 -134 -542 -583
787 -772 -208 -673
-42 -137 -541 -561
806 -775 -190 -645
-47 -139 -539 -573
790 -784 -203 -649
-52 -169 -503 -551
781 -784 -185 -629
-131 -133 126 499
-416 604 -460 122
-136 -141 126 488
-420 570 -471 117
-143 -146 127 512
-422 573 -451 111
-147 -157 126 504
-425 577 -463 133
-142 288 574 -568
255 -527 80 219
-158 291 576 -564
257 -543 93 216
-138 294 575 -561
260 -533 75 215
-158 298 550 -564
265 -522 86 214
-399 -542 234 -773
74 272 -277 -560
-382 -541 243 -779
85 253 -267 -575
-399 -575 223 -780
66 272 -289 -563
-383 -576 229 -779
80 252 -279 -576
173 321 -383 260
-482 146 57 190
186 320 -385 264
-485 133 50 190
202 317 -390 240
-457 122 43 194
186 314 -392 246
-461 138 35 193
-730 64 -282 -633
-105 -479 -399 217
-691 65 -279 -628
-85 -448 -414 209
-690 64 -302 -657
-90 -453 -397 205
-682 64 -297 -652
-67 -458 -415 203
-88 -353 224 18
55 403 -67 -666
-79 -355 224 7
50 421 -72 -693
-70 -358 191 -1
75 412 -77 -690
-63 -364 192 -7
71 403 -84 -686
