3.750924000e+06 0.000000000e+00
-3.018595000e+06 -1.622913000e+06
2.351603000e+06 2.732119000e+06
-1.225513000e+06 -3.570406000e+06
-3.451220000e+05 6.036900000e+04
5.981570000e+05 1.029990000e+05
-7.002700000e+05 -4.551450000e+05
3.505200000e+05 4.494620000e+05
-3.018595000e+06 1.622913000e+06
4.266275000e+06 0.000000000e+00
-3.091075000e+06 -1.702366000e+06
2.887563000e+06 2.763686000e+06
1.019085000e+06 -3.758500000e+04
-1.415640000e+05 -3.410000000e+05
7.525580000e+05 3.163130000e+05
-1.483300000e+05 -5.537980000e+05
2.351603000e+06 -2.732119000e+06
-3.091075000e+06 1.702366000e+06
4.019588000e+06 0.000000000e+00
-3.559109000e+06 -1.251252000e+06
-2.677700000e+05 5.188540000e+05
9.576960000e+05 -7.344700000e+04
-7.950530000e+05 6.728300000e+04
8.258590000e+05 3.473380000e+05
-1.225513000e+06 3.570406000e+06
2.887563000e+06 -2.763686000e+06
-3.559109000e+06 1.251252000e+06
4.391476000e+06 0.000000000e+00
3.773040000e+05 -6.699600000e+05
-4.111840000e+05 3.657060000e+05
1.156613000e+06 -4.783270000e+05
-6.159610000e+05 3.950700000e+04
-3.451220000e+05 -6.036900000e+04
1.019085000e+06 3.758500000e+04
-2.677700000e+05 -5.188540000e+05
3.773040000e+05 6.699600000e+05
5.125750000e+06 0.000000000e+00
-4.030868000e+06 -2.166116000e+06
3.137206000e+06 3.710592000e+06
-1.011320000e+06 -4.409893000e+06
5.981570000e+05 -1.029990000e+05
-1.415640000e+05 3.410000000e+05
9.576960000e+05 7.344700000e+04
-4.111840000e+05 -3.657060000e+05
-4.030868000e+06 2.166116000e+06
5.254022000e+06 0.000000000e+00
-4.360502000e+06 -2.054031000e+06
3.192373000e+06 3.512697000e+06
-7.002700000e+05 4.551450000e+05
7.525580000e+05 -3.163130000e+05
-7.950530000e+05 -6.728300000e+04
1.156613000e+06 4.783270000e+05
3.137206000e+06 -3.710592000e+06
-4.360502000e+06 2.054031000e+06
5.275547000e+06 0.000000000e+00
-4.068351000e+06 -1.880978000e+06
3.505200000e+05 -4.494620000e+05
-1.483300000e+05 5.537980000e+05
8.258590000e+05 -3.473380000e+05
-6.159610000e+05 -3.950700000e+04
-1.011320000e+06 4.409893000e+06
3.192373000e+06 -3.512697000e+06
-4.068351000e+06 1.880978000e+06
4.792334000e+06 0.000000000e+00
5.125750000e+06 0.000000000e+00
-4.030868000e+06 -2.166116000e+06
3.137206000e+06 3.710592000e+06
-1.011320000e+06 -4.409893000e+06
-6.229590000e+05 -1.004438000e+06
5.014770000e+05 1.257976000e+06
3.931660000e+05 -1.096570000e+06
-6.578690000e+05 1.272170000e+06
-4.030868000e+06 2.166116000e+06
5.254022000e+06 0.000000000e+00
-4.360502000e+06 -2.054031000e+06
3.192373000e+06 3.512697000e+06
1.624075000e+06 4.583960000e+05
-8.602550000e+05 -9.884060000e+05
4.325860000e+05 1.112290000e+06
-1.451760000e+05 -1.406364000e+06
3.137206000e+06 -3.710592000e+06
-4.360502000e+06 2.054031000e+06
5.275547000e+06 0.000000000e+00
-4.068351000e+06 -1.880978000e+06
-9.878570000e+05 2.491270000e+05
1.459175000e+06 2.692510000e+05
-4.767860000e+05 -5.684620000e+05
9.494660000e+05 9.748230000e+05
-1.011320000e+06 4.409893000e+06
3.192373000e+06 -3.512697000e+06
-4.068351000e+06 1.880978000e+06
4.792334000e+06 0.000000000e+00
1.060191000e+06 -5.216860000e+05
-8.998350000e+05 2.361100000e+04
1.141357000e+06 4.031020000e+05
-6.755980000e+05 -5.595330000e+05
-6.229590000e+05 1.004438000e+06
1.624075000e+06 -4.583960000e+05
-9.878570000e+05 -2.491270000e+05
1.060191000e+06 5.216860000e+05
4.806091000e+06 0.000000000e+00
-3.702462000e+06 -1.966996000e+06
2.839462000e+06 3.202060000e+06
-1.229140000e+06 -4.343285000e+06
5.014770000e+05 -1.257976000e+06
-8.602550000e+05 9.884060000e+05
1.459175000e+06 -2.692510000e+05
-8.998350000e+05 -2.361100000e+04
-3.702462000e+06 1.966996000e+06
4.450309000e+06 0.000000000e+00
-3.525563000e+06 -1.491778000e+06
3.138091000e+06 3.210080000e+06
3.931660000e+05 1.096570000e+06
4.325860000e+05 -1.112290000e+06
-4.767860000e+05 5.684620000e+05
1.141357000e+06 -4.031020000e+05
2.839462000e+06 -3.202060000e+06
-3.525563000e+06 1.491778000e+06
4.304521000e+06 0.000000000e+00
-3.591468000e+06 -1.709787000e+06
-6.578690000e+05 -1.272170000e+06
-1.451760000e+05 1.406364000e+06
9.494660000e+05 -9.748230000e+05
-6.755980000e+05 5.595330000e+05
-1.229140000e+06 4.343285000e+06
3.138091000e+06 -3.210080000e+06
-3.591468000e+06 1.709787000e+06
5.074680000e+06 0.000000000e+00
4.806091000e+06 0.000000000e+00
-3.702462000e+06 -1.966996000e+06
2.839462000e+06 3.202060000e+06
-1.229140000e+06 -4.343285000e+06
2.934730000e+05 -1.066591000e+06
-4.439360000e+05 7.456510000e+05
7.599720000e+05 -7.600880000e+05
-1.013688000e+06 1.641670000e+05
-3.702462000e+06 1.966996000e+06
4.450309000e+06 0.000000000e+00
-3.525563000e+06 -1.491778000e+06
3.138091000e+06 3.210080000e+06
4.939740000e+05 9.768190000e+05
4.898200000e+05 -7.688600000e+05
-2.259200000e+05 9.072330000e+05
8.887710000e+05 -3.922050000e+05
2.839462000e+06 -3.202060000e+06
-3.525563000e+06 1.491778000e+06
4.304521000e+06 0.000000000e+00
-3.591468000e+06 -1.709787000e+06
-3.430310000e+05 -1.176221000e+06
3.070720000e+05 1.136532000e+06
5.194250000e+05 -1.110461000e+06
-5.997210000e+05 8.649350000e+05
-1.229140000e+06 4.343285000e+06
3.138091000e+06 -3.210080000e+06
-3.591468000e+06 1.709787000e+06
5.074680000e+06 0.000000000e+00
1.268034000e+06 3.351410000e+05
-4.334500000e+05 -7.664460000e+05
1.182831000e+06 9.654100000e+05
4.020140000e+05 -1.036164000e+06
2.934730000e+05 1.066591000e+06
4.939740000e+05 -9.768190000e+05
-3.430310000e+05 1.176221000e+06
1.268034000e+06 -3.351410000e+05
4.426642000e+06 0.000000000e+00
-3.534786000e+06 -1.324311000e+06
3.159318000e+06 3.247746000e+06
-1.016239000e+06 -3.588317000e+06
-4.439360000e+05 -7.456510000e+05
4.898200000e+05 7.688600000e+05
3.070720000e+05 -1.136532000e+06
-4.334500000e+05 7.664460000e+05
-3.534786000e+06 1.324311000e+06
4.210979000e+06 0.000000000e+00
-3.528550000e+06 -1.863944000e+06
2.446315000e+06 3.004909000e+06
7.599720000e+05 7.600880000e+05
-2.259200000e+05 -9.072330000e+05
5.194250000e+05 1.110461000e+06
1.182831000e+06 -9.654100000e+05
3.159318000e+06 -3.247746000e+06
-3.528550000e+06 1.863944000e+06
5.183011000e+06 0.000000000e+00
-3.249023000e+06 -1.745178000e+06
-1.013688000e+06 -1.641670000e+05
8.887710000e+05 3.922050000e+05
-5.997210000e+05 -8.649350000e+05
4.020140000e+05 1.036164000e+06
-1.016239000e+06 3.588317000e+06
2.446315000e+06 -3.004909000e+06
-3.249023000e+06 1.745178000e+06
3.951811000e+06 0.000000000e+00
4.426642000e+06 0.000000000e+00
-3.534786000e+06 -1.324311000e+06
3.159318000e+06 3.247746000e+06
-1.016239000e+06 -3.588317000e+06
2.643070000e+05 9.469000000e+03
2.368120000e+05 4.779730000e+05
5.193420000e+05 1.319120000e+05
-2.753900000e+05 -3.030600000e+04
-3.534786000e+06 1.324311000e+06
4.210979000e+06 0.000000000e+00
-3.528550000e+06 -1.863944000e+06
2.446315000e+06 3.004909000e+06
-1.000600000e+04 -5.533400000e+05
9.651300000e+04 3.657740000e+05
4.854200000e+04 -5.101990000e+05
-1.787220000e+05 6.121560000e+05
3.159318000e+06 -3.247746000e+06
-3.528550000e+06 1.863944000e+06
5.183011000e+06 0.000000000e+00
-3.249023000e+06 -1.745178000e+06
3.576670000e+05 -2.445160000e+05
7.751190000e+05 3.358290000e+05
9.099060000e+05 -2.518000000e+05
-1.529260000e+05 1.807570000e+05
-1.016239000e+06 3.588317000e+06
2.446315000e+06 -3.004909000e+06
-3.249023000e+06 1.745178000e+06
3.951811000e+06 0.000000000e+00
-1.495470000e+05 -3.236670000e+05
2.157280000e+05 3.591990000e+05
2.246080000e+05 -1.507260000e+05
2.424680000e+05 3.500540000e+05
2.643070000e+05 -9.469000000e+03
-1.000600000e+04 5.533400000e+05
3.576670000e+05 2.445160000e+05
-1.495470000e+05 3.236670000e+05
4.316404000e+06 0.000000000e+00
-3.814699000e+06 -1.019014000e+06
3.143253000e+06 3.182138000e+06
-1.591221000e+06 -3.810811000e+06
2.368120000e+05 -4.779730000e+05
9.651300000e+04 -3.657740000e+05
7.751190000e+05 -3.358290000e+05
2.157280000e+05 -3.591990000e+05
-3.814699000e+06 1.019014000e+06
4.908199000e+06 0.000000000e+00
-3.421466000e+06 -2.354490000e+06
2.943604000e+06 3.636899000e+06
5.193420000e+05 -1.319120000e+05
4.854200000e+04 5.101990000e+05
9.099060000e+05 2.518000000e+05
2.246080000e+05 1.507260000e+05
3.143253000e+06 -3.182138000e+06
-3.421466000e+06 2.354490000e+06
5.038661000e+06 0.000000000e+00
-3.996788000e+06 -1.541009000e+06
-2.753900000e+05 3.030600000e+04
-1.787220000e+05 -6.121560000e+05
-1.529260000e+05 -1.807570000e+05
2.424680000e+05 -3.500540000e+05
-1.591221000e+06 3.810811000e+06
2.943604000e+06 -3.636899000e+06
-3.996788000e+06 1.541009000e+06
4.992076000e+06 0.000000000e+00
4.316404000e+06 0.000000000e+00
-3.814699000e+06 -1.019014000e+06
3.143253000e+06 3.182138000e+06
-1.591221000e+06 -3.810811000e+06
-6.729500000e+05 9.716050000e+05
1.088186000e+06 8.104900000e+04
-9.822390000e+05 -1.415020000e+05
1.042700000e+06 7.570650000e+05
-3.814699000e+06 1.019014000e+06
4.908199000e+06 0.000000000e+00
-3.421466000e+06 -2.354490000e+06
2.943604000e+06 3.636899000e+06
7.498160000e+05 -5.835640000e+05
1.373070000e+05 -1.224800000e+05
6.078650000e+05 1.464680000e+05
-5.364440000e+05 -2.662860000e+05
3.143253000e+06 -3.182138000e+06
-3.421466000e+06 2.354490000e+06
5.038661000e+06 0.000000000e+00
-3.996788000e+06 -1.541009000e+06
1.540640000e+05 1.203277000e+06
1.303282000e+06 -4.093050000e+05
-7.556670000e+05 3.579290000e+05
1.418493000e+06 -1.277900000e+04
-1.591221000e+06 3.810811000e+06
2.943604000e+06 -3.636899000e+06
-3.996788000e+06 1.541009000e+06
4.992076000e+06 0.000000000e+00
-1.734230000e+05 -7.709880000e+05
2.019200000e+04 1.973130000e+05
7.787720000e+05 -4.148580000e+05
-4.918510000e+05 4.219410000e+05
-6.729500000e+05 -9.716050000e+05
7.498160000e+05 5.835640000e+05
1.540640000e+05 -1.203277000e+06
-1.734230000e+05 7.709880000e+05
3.981808000e+06 0.000000000e+00
-3.036017000e+06 -1.993154000e+06
2.415885000e+06 2.794526000e+06
-8.197240000e+05 -3.517534000e+06
1.088186000e+06 -8.104900000e+04
1.373070000e+05 1.224800000e+05
1.303282000e+06 4.093050000e+05
2.019200000e+04 -1.973130000e+05
-3.036017000e+06 1.993154000e+06
4.966599000e+06 0.000000000e+00
-3.490870000e+06 -1.319882000e+06
3.006948000e+06 2.840623000e+06
-9.822390000e+05 1.415020000e+05
6.078650000e+05 -1.464680000e+05
-7.556670000e+05 -3.579290000e+05
7.787720000e+05 4.148580000e+05
2.415885000e+06 -2.794526000e+06
-3.490870000e+06 1.319882000e+06
3.961609000e+06 0.000000000e+00
-3.107618000e+06 -1.533078000e+06
1.042700000e+06 -7.570650000e+05
-5.364440000e+05 2.662860000e+05
1.418493000e+06 1.277900000e+04
-4.918510000e+05 -4.219410000e+05
-8.197240000e+05 3.517534000e+06
3.006948000e+06 -2.840623000e+06
-3.107618000e+06 1.533078000e+06
4.115911000e+06 0.000000000e+00
3.981808000e+06 0.000000000e+00
-3.036017000e+06 -1.993154000e+06
2.415885000e+06 2.794526000e+06
-8.197240000e+05 -3.517534000e+06
1.269769000e+06 -4.970740000e+05
-9.026120000e+05 -3.317230000e+05
9.328920000e+05 6.916710000e+05
-5.650680000e+05 -1.051509000e+06
-3.036017000e+06 1.993154000e+06
4.966599000e+06 0.000000000e+00
-3.490870000e+06 -1.319882000e+06
3.006948000e+06 2.840623000e+06
-4.004450000e+05 1.060167000e+06
1.842444000e+06 -9.373800000e+04
-1.359964000e+06 -4.566060000e+05
1.223624000e+06 1.083682000e+06
2.415885000e+06 -2.794526000e+06
-3.490870000e+06 1.319882000e+06
3.961609000e+06 0.000000000e+00
-3.107618000e+06 -1.533078000e+06
6.567950000e+05 -1.262607000e+06
-8.812440000e+05 6.623440000e+05
1.583114000e+06 -1.594380000e+05
-1.181812000e+06 -3.457270000e+05
-8.197240000e+05 3.517534000e+06
3.006948000e+06 -2.840623000e+06
-3.107618000e+06 1.533078000e+06
4.115911000e+06 0.000000000e+00
4.311690000e+05 1.120934000e+06
8.631220000e+05 -1.029780000e+06
-5.549920000e+05 7.177800000e+05
1.467633000e+06 -1.881830000e+05
1.269769000e+06 4.970740000e+05
-4.004450000e+05 -1.060167000e+06
6.567950000e+05 1.262607000e+06
4.311690000e+05 -1.120934000e+06
5.664537000e+06 0.000000000e+00
-4.444517000e+06 -2.183542000e+06
3.681552000e+06 4.107474000e+06
-1.277271000e+06 -4.801831000e+06
-9.026120000e+05 3.317230000e+05
1.842444000e+06 9.373800000e+04
-8.812440000e+05 -6.623440000e+05
8.631220000e+05 1.029780000e+06
-4.444517000e+06 2.183542000e+06
5.709762000e+06 0.000000000e+00
-4.883323000e+06 -2.265192000e+06
3.505382000e+06 4.003213000e+06
9.328920000e+05 -6.916710000e+05
-1.359964000e+06 4.566060000e+05
1.583114000e+06 1.594380000e+05
-5.549920000e+05 -7.177800000e+05
3.681552000e+06 -4.107474000e+06
-4.883323000e+06 2.265192000e+06
6.207775000e+06 0.000000000e+00
-4.586156000e+06 -2.244686000e+06
-5.650680000e+05 1.051509000e+06
1.223624000e+06 -1.083682000e+06
-1.181812000e+06 3.457270000e+05
1.467633000e+06 1.881830000e+05
-1.277271000e+06 4.801831000e+06
3.505382000e+06 -4.003213000e+06
-4.586156000e+06 2.244686000e+06
5.347196000e+06 0.000000000e+00
5.664537000e+06 0.000000000e+00
-4.444517000e+06 -2.183542000e+06
3.681552000e+06 4.107474000e+06
-1.277271000e+06 -4.801831000e+06
-1.398444000e+06 1.315554000e+06
2.329222000e+06 -3.317390000e+05
-1.857838000e+06 -1.978870000e+05
1.721224000e+06 1.370922000e+06
-4.444517000e+06 2.183542000e+06
5.709762000e+06 0.000000000e+00
-4.883323000e+06 -2.265192000e+06
3.505382000e+06 4.003213000e+06
1.334184000e+06 -1.323745000e+06
-1.428497000e+06 7.309690000e+05
1.576872000e+06 -1.435340000e+05
-1.876201000e+06 -5.986800000e+05
3.681552000e+06 -4.107474000e+06
-4.883323000e+06 2.265192000e+06
6.207775000e+06 0.000000000e+00
-4.586156000e+06 -2.244686000e+06
4.125200000e+04 1.821982000e+06
1.529488000e+06 -1.607298000e+06
-9.740160000e+05 1.133535000e+06
2.185990000e+06 -5.330970000e+05
-1.277271000e+06 4.801831000e+06
3.505382000e+06 -4.003213000e+06
-4.586156000e+06 2.244686000e+06
5.347196000e+06 0.000000000e+00
-2.780220000e+05 -1.557055000e+06
-1.329710000e+05 1.555910000e+06
1.000969000e+06 -1.192226000e+06
-1.245204000e+06 9.708900000e+05
-1.398444000e+06 -1.315554000e+06
1.334184000e+06 1.323745000e+06
4.125200000e+04 -1.821982000e+06
-2.780220000e+05 1.557055000e+06
5.557914000e+06 0.000000000e+00
-4.355422000e+06 -2.341123000e+06
3.523312000e+06 3.826552000e+06
-1.431672000e+06 -5.034597000e+06
2.329222000e+06 3.317390000e+05
-1.428497000e+06 -7.309690000e+05
1.529488000e+06 1.607298000e+06
-1.329710000e+05 -1.555910000e+06
-4.355422000e+06 2.341123000e+06
5.456978000e+06 0.000000000e+00
-4.375300000e+06 -1.693685000e+06
3.593346000e+06 3.697720000e+06
-1.857838000e+06 1.978870000e+05
1.576872000e+06 1.435340000e+05
-9.740160000e+05 -1.133535000e+06
1.000969000e+06 1.192226000e+06
3.523312000e+06 -3.826552000e+06
-4.375300000e+06 1.693685000e+06
5.260044000e+06 0.000000000e+00
-4.258340000e+06 -2.316176000e+06
1.721224000e+06 -1.370922000e+06
-1.876201000e+06 5.986800000e+05
2.185990000e+06 5.330970000e+05
-1.245204000e+06 -9.708900000e+05
-1.431672000e+06 5.034597000e+06
3.593346000e+06 -3.697720000e+06
-4.258340000e+06 2.316176000e+06
5.583801000e+06 0.000000000e+00
5.557914000e+06 0.000000000e+00
-4.355422000e+06 -2.341123000e+06
3.523312000e+06 3.826552000e+06
-1.431672000e+06 -5.034597000e+06
1.658330000e+05 -7.312360000e+05
5.278300000e+04 5.090720000e+05
3.806100000e+05 -5.926030000e+05
-6.293150000e+05 3.796640000e+05
-4.355422000e+06 2.341123000e+06
5.456978000e+06 0.000000000e+00
-4.375300000e+06 -1.693685000e+06
3.593346000e+06 3.697720000e+06
1.059831000e+06 1.092600000e+05
-3.152760000e+05 3.793000000e+03
5.832780000e+05 4.918870000e+05
-3.221670000e+05 -5.809960000e+05
3.523312000e+06 -3.826552000e+06
-4.375300000e+06 1.693685000e+06
5.260044000e+06 0.000000000e+00
-4.258340000e+06 -2.316176000e+06
-2.374100000e+04 -3.625280000e+05
4.468070000e+05 9.980400000e+04
1.729190000e+05 -4.429810000e+05
-1.683600000e+04 3.231960000e+05
-1.431672000e+06 5.034597000e+06
3.593346000e+06 -3.697720000e+06
-4.258340000e+06 2.316176000e+06
5.583801000e+06 0.000000000e+00
6.767600000e+05 1.693730000e+05
-1.464000000e+04 -2.257900000e+04
7.580770000e+05 4.008840000e+05
-3.197200000e+04 -3.809340000e+05
1.658330000e+05 7.312360000e+05
1.059831000e+06 -1.092600000e+05
-2.374100000e+04 3.625280000e+05
6.767600000e+05 -1.693730000e+05
5.984702000e+06 0.000000000e+00
-4.475178000e+06 -1.748579000e+06
3.874260000e+06 3.577119000e+06
-1.781137000e+06 -5.126747000e+06
5.278300000e+04 -5.090720000e+05
-3.152760000e+05 -3.793000000e+03
4.468070000e+05 -9.980400000e+04
-1.464000000e+04 2.257900000e+04
-4.475178000e+06 1.748579000e+06
4.961031000e+06 0.000000000e+00
-4.091655000e+06 -1.915902000e+06
3.172585000e+06 3.878022000e+06
3.806100000e+05 5.926030000e+05
5.832780000e+05 -4.918870000e+05
1.729190000e+05 4.429810000e+05
7.580770000e+05 -4.008840000e+05
3.874260000e+06 -3.577119000e+06
-4.091655000e+06 1.915902000e+06
5.251071000e+06 0.000000000e+00
-4.396250000e+06 -2.319158000e+06
-6.293150000e+05 -3.796640000e+05
-3.221670000e+05 5.809960000e+05
-1.683600000e+04 -3.231960000e+05
-3.197200000e+04 3.809340000e+05
-1.781137000e+06 5.126747000e+06
3.172585000e+06 -3.878022000e+06
-4.396250000e+06 2.319158000e+06
5.588829000e+06 0.000000000e+00
5.984702000e+06 0.000000000e+00
-4.475178000e+06 -1.748579000e+06
3.874260000e+06 3.577119000e+06
-1.781137000e+06 -5.126747000e+06
1.132021000e+06 5.856590000e+05
-2.911460000e+05 -8.447040000e+05
2.140450000e+05 6.143150000e+05
6.668500000e+04 -9.281270000e+05
-4.475178000e+06 1.748579000e+06
4.961031000e+06 0.000000000e+00
-4.091655000e+06 -1.915902000e+06
3.172585000e+06 3.878022000e+06
-5.711760000e+05 -8.464910000e+05
6.117800000e+05 1.117194000e+06
1.173640000e+05 -8.143520000e+05
-5.517400000e+05 1.029088000e+06
3.874260000e+06 -3.577119000e+06
-4.091655000e+06 1.915902000e+06
5.251071000e+06 0.000000000e+00
-4.396250000e+06 -2.319158000e+06
1.475316000e+06 8.719500000e+04
-5.778650000e+05 -6.056410000e+05
6.794620000e+05 6.172560000e+05
-1.487130000e+05 -1.221999000e+06
-1.781137000e+06 5.126747000e+06
3.172585000e+06 -3.878022000e+06
-4.396250000e+06 2.319158000e+06
5.588829000e+06 0.000000000e+00
-9.389490000e+05 6.177960000e+05
1.193951000e+06 -1.048020000e+05
-5.065950000e+05 -7.146900000e+04
1.025811000e+06 6.580170000e+05
1.132021000e+06 -5.856590000e+05
-5.711760000e+05 8.464910000e+05
1.475316000e+06 -8.719500000e+04
-9.389490000e+05 -6.177960000e+05
6.020155000e+06 0.000000000e+00
-4.884755000e+06 -2.010114000e+06
4.080976000e+06 3.734179000e+06
-2.018359000e+06 -5.824495000e+06
-2.911460000e+05 8.447040000e+05
6.117800000e+05 -1.117194000e+06
-5.778650000e+05 6.056410000e+05
1.193951000e+06 1.048020000e+05
-4.884755000e+06 2.010114000e+06
5.715386000e+06 0.000000000e+00
-4.796712000e+06 -1.911284000e+06
3.992834000e+06 4.430830000e+06
2.140450000e+05 -6.143150000e+05
1.173640000e+05 8.143520000e+05
6.794620000e+05 -6.172560000e+05
-5.065950000e+05 7.146900000e+04
4.080976000e+06 -3.734179000e+06
-4.796712000e+06 1.911284000e+06
5.523875000e+06 0.000000000e+00
-5.061412000e+06 -2.811516000e+06
6.668500000e+04 9.281270000e+05
-5.517400000e+05 -1.029088000e+06
-1.487130000e+05 1.221999000e+06
1.025811000e+06 -6.580170000e+05
-2.018359000e+06 5.824495000e+06
3.992834000e+06 -4.430830000e+06
-5.061412000e+06 2.811516000e+06
6.991291000e+06 0.000000000e+00
