0.000000000e+00 0.000000000e+00
0.000000000e+00 0.000000000e+00
0.000000000e+00 0.000000000e+00
0.000000000e+00 0.000000000e+00
0.000000000e+00 0.000000000e+00
0.000000000e+00 0.000000000e+00
0.000000000e+00 0.000000000e+00
0.000000000e+00 0.000000000e+00
0.000000000e+00 0.000000000e+00
0.000000000e+00 0.000000000e+00
0.000000000e+00 0.000000000e+00
0.000000000e+00 0.000000000e+00
0.000000000e+00 0.000000000e+00
0.000000000e+00 0.000000000e+00
0.000000000e+00 0.000000000e+00
0.000000000e+00 0.000000000e+00
-4.200006276e-02 3.009666875e-02
-1.398516912e-02 3.952657804e-03
1.563484408e-02 -9.527365677e-03
2.195505053e-02 1.885275729e-02
0.000000000e+00 0.000000000e+00
0.000000000e+00 0.000000000e+00
0.000000000e+00 0.000000000e+00
0.000000000e+00 0.000000000e+00
0.000000000e+00 0.000000000e+00
0.000000000e+00 0.000000000e+00
0.000000000e+00 0.000000000e+00
0.000000000e+00 0.000000000e+00
0.000000000e+00 0.000000000e+00
0.000000000e+00 0.000000000e+00
0.000000000e+00 0.000000000e+00
0.000000000e+00 0.000000000e+00
0.000000000e+00 0.000000000e+00
0.000000000e+00 0.000000000e+00
0.000000000e+00 0.000000000e+00
0.000000000e+00 0.000000000e+00
-5.065531284e-02 1.030972786e-02
-1.438343339e-02 -2.108447952e-03
1.816659048e-02 -2.308098599e-03
1.233457774e-02 2.619138174e-02
0.000000000e+00 0.000000000e+00
0.000000000e+00 0.000000000e+00
0.000000000e+00 0.000000000e+00
0.000000000e+00 0.000000000e+00
0.000000000e+00 0.000000000e+00
0.000000000e+00 0.000000000e+00
0.000000000e+00 0.000000000e+00
0.000000000e+00 0.000000000e+00
0.000000000e+00 0.000000000e+00
0.000000000e+00 0.000000000e+00
0.000000000e+00 0.000000000e+00
0.000000000e+00 0.000000000e+00
0.000000000e+00 0.000000000e+00
0.000000000e+00 0.000000000e+00
0.000000000e+00 0.000000000e+00
0.000000000e+00 0.000000000e+00
-3.574609218e-05 -7.838376405e-06
-8.708592759e-06 -5.485515430e-06
1.242508733e-05 3.711357976e-06
4.839087069e-07 2.048877286e-05
0.000000000e+00 0.000000000e+00
0.000000000e+00 0.000000000e+00
0.000000000e+00 0.000000000e+00
0.000000000e+00 0.000000000e+00
0.000000000e+00 0.000000000e+00
0.000000000e+00 0.000000000e+00
0.000000000e+00 0.000000000e+00
0.000000000e+00 0.000000000e+00
0.000000000e+00 0.000000000e+00
0.000000000e+00 0.000000000e+00
0.000000000e+00 0.000000000e+00
0.000000000e+00 0.000000000e+00
0.000000000e+00 0.000000000e+00
0.000000000e+00 0.000000000e+00
0.000000000e+00 0.000000000e+00
0.000000000e+00 0.000000000e+00
6.937869330e-06 1.000998964e-05
9.679762343e-07 3.264565748e-06
-2.527567858e-06 -3.523718760e-06
4.269897545e-06 -4.903201443e-06
0.000000000e+00 0.000000000e+00
0.000000000e+00 0.000000000e+00
0.000000000e+00 0.000000000e+00
0.000000000e+00 0.000000000e+00
0.000000000e+00 0.000000000e+00
0.000000000e+00 0.000000000e+00
0.000000000e+00 0.000000000e+00
0.000000000e+00 0.000000000e+00
0.000000000e+00 0.000000000e+00
0.000000000e+00 0.000000000e+00
0.000000000e+00 0.000000000e+00
0.000000000e+00 0.000000000e+00
0.000000000e+00 0.000000000e+00
0.000000000e+00 0.000000000e+00
0.000000000e+00 0.000000000e+00
0.000000000e+00 0.000000000e+00
0.000000000e+00 0.000000000e+00
0.000000000e+00 0.000000000e+00
0.000000000e+00 0.000000000e+00
0.000000000e+00 0.000000000e+00
0.000000000e+00 0.000000000e+00
0.000000000e+00 0.000000000e+00
0.000000000e+00 0.000000000e+00
0.000000000e+00 0.000000000e+00
0.000000000e+00 0.000000000e+00
0.000000000e+00 0.000000000e+00
0.000000000e+00 0.000000000e+00
0.000000000e+00 0.000000000e+00
0.000000000e+00 0.000000000e+00
0.000000000e+00 0.000000000e+00
0.000000000e+00 0.000000000e+00
0.000000000e+00 0.000000000e+00
0.000000000e+00 0.000000000e+00
0.000000000e+00 0.000000000e+00
0.000000000e+00 0.000000000e+00
0.000000000e+00 0.000000000e+00
0.000000000e+00 0.000000000e+00
0.000000000e+00 0.000000000e+00
0.000000000e+00 0.000000000e+00
0.000000000e+00 0.000000000e+00
0.000000000e+00 0.000000000e+00
0.000000000e+00 0.000000000e+00
0.000000000e+00 0.000000000e+00
0.000000000e+00 0.000000000e+00
0.000000000e+00 0.000000000e+00
0.000000000e+00 0.000000000e+00
0.000000000e+00 0.000000000e+00
0.000000000e+00 0.000000000e+00
0.000000000e+00 0.000000000e+00
0.000000000e+00 0.000000000e+00
0.000000000e+00 0.000000000e+00
0.000000000e+00 0.000000000e+00
0.000000000e+00 0.000000000e+00
0.000000000e+00 0.000000000e+00
0.000000000e+00 0.000000000e+00
0.000000000e+00 0.000000000e+00
0.000000000e+00 0.000000000e+00
0.000000000e+00 0.000000000e+00
0.000000000e+00 0.000000000e+00
0.000000000e+00 0.000000000e+00
0.000000000e+00 0.000000000e+00
0.000000000e+00 0.000000000e+00
0.000000000e+00 0.000000000e+00
0.000000000e+00 0.000000000e+00
0.000000000e+00 0.000000000e+00
0.000000000e+00 0.000000000e+00
0.000000000e+00 0.000000000e+00
0.000000000e+00 0.000000000e+00
0.000000000e+00 0.000000000e+00
0.000000000e+00 0.000000000e+00
0.000000000e+00 0.000000000e+00
0.000000000e+00 0.000000000e+00
0.000000000e+00 0.000000000e+00
0.000000000e+00 0.000000000e+00
0.000000000e+00 0.000000000e+00
0.000000000e+00 0.000000000e+00
0.000000000e+00 0.000000000e+00
0.000000000e+00 0.000000000e+00
0.000000000e+00 0.000000000e+00
0.000000000e+00 0.000000000e+00
0.000000000e+00 0.000000000e+00
0.000000000e+00 0.000000000e+00
0.000000000e+00 0.000000000e+00
0.000000000e+00 0.000000000e+00
0.000000000e+00 0.000000000e+00
0.000000000e+00 0.000000000e+00
0.000000000e+00 0.000000000e+00
0.000000000e+00 0.000000000e+00
0.000000000e+00 0.000000000e+00
0.000000000e+00 0.000000000e+00
0.000000000e+00 0.000000000e+00
0.000000000e+00 0.000000000e+00
0.000000000e+00 0.000000000e+00
0.000000000e+00 0.000000000e+00
0.000000000e+00 0.000000000e+00
0.000000000e+00 0.000000000e+00
0.000000000e+00 0.000000000e+00
0.000000000e+00 0.000000000e+00
0.000000000e+00 0.000000000e+00
0.000000000e+00 0.000000000e+00
0.000000000e+00 0.000000000e+00
0.000000000e+00 0.000000000e+00
0.000000000e+00 0.000000000e+00
0.000000000e+00 0.000000000e+00
0.000000000e+00 0.000000000e+00
0.000000000e+00 0.000000000e+00
0.000000000e+00 0.000000000e+00
0.000000000e+00 0.000000000e+00
0.000000000e+00 0.000000000e+00
0.000000000e+00 0.000000000e+00
0.000000000e+00 0.000000000e+00
0.000000000e+00 0.000000000e+00
0.000000000e+00 0.000000000e+00
0.000000000e+00 0.000000000e+00
0.000000000e+00 0.000000000e+00
0.000000000e+00 0.000000000e+00
0.000000000e+00 0.000000000e+00
0.000000000e+00 0.000000000e+00
0.000000000e+00 0.000000000e+00
0.000000000e+00 0.000000000e+00
0.000000000e+00 0.000000000e+00
0.000000000e+00 0.000000000e+00
0.000000000e+00 0.000000000e+00
0.000000000e+00 0.000000000e+00
0.000000000e+00 0.000000000e+00
0.000000000e+00 0.000000000e+00
0.000000000e+00 0.000000000e+00
0.000000000e+00 0.000000000e+00
0.000000000e+00 0.000000000e+00
0.000000000e+00 0.000000000e+00
0.000000000e+00 0.000000000e+00
0.000000000e+00 0.000000000e+00
0.000000000e+00 0.000000000e+00
0.000000000e+00 0.000000000e+00
0.000000000e+00 0.000000000e+00
0.000000000e+00 0.000000000e+00
0.000000000e+00 0.000000000e+00
0.000000000e+00 0.000000000e+00
0.000000000e+00 0.000000000e+00
0.000000000e+00 0.000000000e+00
0.000000000e+00 0.000000000e+00
0.000000000e+00 0.000000000e+00
0.000000000e+00 0.000000000e+00
0.000000000e+00 0.000000000e+00
0.000000000e+00 0.000000000e+00
0.000000000e+00 0.000000000e+00
0.000000000e+00 0.000000000e+00
0.000000000e+00 0.000000000e+00
0.000000000e+00 0.000000000e+00
0.000000000e+00 0.000000000e+00
0.000000000e+00 0.000000000e+00
0.000000000e+00 0.000000000e+00
0.000000000e+00 0.000000000e+00
0.000000000e+00 0.000000000e+00
0.000000000e+00 0.000000000e+00
0.000000000e+00 0.000000000e+00
0.000000000e+00 0.000000000e+00
0.000000000e+00 0.000000000e+00
0.000000000e+00 0.000000000e+00
0.000000000e+00 0.000000000e+00
0.000000000e+00 0.000000000e+00
0.000000000e+00 0.000000000e+00
0.000000000e+00 0.000000000e+00
0.000000000e+00 0.000000000e+00
0.000000000e+00 0.000000000e+00
0.000000000e+00 0.000000000e+00
0.000000000e+00 0.000000000e+00
0.000000000e+00 0.000000000e+00
0.000000000e+00 0.000000000e+00
0.000000000e+00 0.000000000e+00
0.000000000e+00 0.000000000e+00
0.000000000e+00 0.000000000e+00
0.000000000e+00 0.000000000e+00
0.000000000e+00 0.000000000e+00
0.000000000e+00 0.000000000e+00
0.000000000e+00 0.000000000e+00
0.000000000e+00 0.000000000e+00
0.000000000e+00 0.000000000e+00
0.000000000e+00 0.000000000e+00
0.000000000e+00 0.000000000e+00
0.000000000e+00 0.000000000e+00
0.000000000e+00 0.000000000e+00
0.000000000e+00 0.000000000e+00
0.000000000e+00 0.000000000e+00
0.000000000e+00 0.000000000e+00
0.000000000e+00 0.000000000e+00
0.000000000e+00 0.000000000e+00
0.000000000e+00 0.000000000e+00
0.000000000e+00 0.000000000e+00
0.000000000e+00 0.000000000e+00
0.000000000e+00 0.000000000e+00
0.000000000e+00 0.000000000e+00
0.000000000e+00 0.000000000e+00
0.000000000e+00 0.000000000e+00
0.000000000e+00 0.000000000e+00
0.000000000e+00 0.000000000e+00
0.000000000e+00 0.000000000e+00
0.000000000e+00 0.000000000e+00
0.000000000e+00 0.000000000e+00
0.000000000e+00 0.000000000e+00
0.000000000e+00 0.000000000e+00
0.000000000e+00 0.000000000e+00
0.000000000e+00 0.000000000e+00
0.000000000e+00 0.000000000e+00
0.000000000e+00 0.000000000e+00
0.000000000e+00 0.000000000e+00
0.000000000e+00 0.000000000e+00
0.000000000e+00 0.000000000e+00
0.000000000e+00 0.000000000e+00
0.000000000e+00 0.000000000e+00
0.000000000e+00 0.000000000e+00
0.000000000e+00 0.000000000e+00
0.000000000e+00 0.000000000e+00
0.000000000e+00 0.000000000e+00
0.000000000e+00 0.000000000e+00
0.000000000e+00 0.000000000e+00
0.000000000e+00 0.000000000e+00
0.000000000e+00 0.000000000e+00
0.000000000e+00 0.000000000e+00
0.000000000e+00 0.000000000e+00
0.000000000e+00 0.000000000e+00
0.000000000e+00 0.000000000e+00
0.000000000e+00 0.000000000e+00
0.000000000e+00 0.000000000e+00
0.000000000e+00 0.000000000e+00
0.000000000e+00 0.000000000e+00
0.000000000e+00 0.000000000e+00
0.000000000e+00 0.000000000e+00
0.000000000e+00 0.000000000e+00
0.000000000e+00 0.000000000e+00
0.000000000e+00 0.000000000e+00
0.000000000e+00 0.000000000e+00
0.000000000e+00 0.000000000e+00
0.000000000e+00 0.000000000e+00
0.000000000e+00 0.000000000e+00
0.000000000e+00 0.000000000e+00
0.000000000e+00 0.000000000e+00
0.000000000e+00 0.000000000e+00
0.000000000e+00 0.000000000e+00
0.000000000e+00 0.000000000e+00
0.000000000e+00 0.000000000e+00
0.000000000e+00 0.000000000e+00
0.000000000e+00 0.000000000e+00
0.000000000e+00 0.000000000e+00
0.000000000e+00 0.000000000e+00
0.000000000e+00 0.000000000e+00
0.000000000e+00 0.000000000e+00
0.000000000e+00 0.000000000e+00
0.000000000e+00 0.000000000e+00
0.000000000e+00 0.000000000e+00
0.000000000e+00 0.000000000e+00
0.000000000e+00 0.000000000e+00
0.000000000e+00 0.000000000e+00
0.000000000e+00 0.000000000e+00
0.000000000e+00 0.000000000e+00
0.000000000e+00 0.000000000e+00
0.000000000e+00 0.000000000e+00
0.000000000e+00 0.000000000e+00
0.000000000e+00 0.000000000e+00
0.000000000e+00 0.000000000e+00
0.000000000e+00 0.000000000e+00
0.000000000e+00 0.000000000e+00
0.000000000e+00 0.000000000e+00
0.000000000e+00 0.000000000e+00
0.000000000e+00 0.000000000e+00
0.000000000e+00 0.000000000e+00
0.000000000e+00 0.000000000e+00
0.000000000e+00 0.000000000e+00
0.000000000e+00 0.000000000e+00
0.000000000e+00 0.000000000e+00
0.000000000e+00 0.000000000e+00
0.000000000e+00 0.000000000e+00
0.000000000e+00 0.000000000e+00
0.000000000e+00 0.000000000e+00
0.000000000e+00 0.000000000e+00
0.000000000e+00 0.000000000e+00
0.000000000e+00 0.000000000e+00
0.000000000e+00 0.000000000e+00
0.000000000e+00 0.000000000e+00
0.000000000e+00 0.000000000e+00
0.000000000e+00 0.000000000e+00
0.000000000e+00 0.000000000e+00
0.000000000e+00 0.000000000e+00
0.000000000e+00 0.000000000e+00
0.000000000e+00 0.000000000e+00
0.000000000e+00 0.000000000e+00
0.000000000e+00 0.000000000e+00
0.000000000e+00 0.000000000e+00
0.000000000e+00 0.000000000e+00
0.000000000e+00 0.000000000e+00
0.000000000e+00 0.000000000e+00
0.000000000e+00 0.000000000e+00
0.000000000e+00 0.000000000e+00
0.000000000e+00 0.000000000e+00
0.000000000e+00 0.000000000e+00
0.000000000e+00 0.000000000e+00
0.000000000e+00 0.000000000e+00
0.000000000e+00 0.000000000e+00
0.000000000e+00 0.000000000e+00
0.000000000e+00 0.000000000e+00
0.000000000e+00 0.000000000e+00
0.000000000e+00 0.000000000e+00
0.000000000e+00 0.000000000e+00
0.000000000e+00 0.000000000e+00
0.000000000e+00 0.000000000e+00
0.000000000e+00 0.000000000e+00
0.000000000e+00 0.000000000e+00
0.000000000e+00 0.000000000e+00
0.000000000e+00 0.000000000e+00
0.000000000e+00 0.000000000e+00
0.000000000e+00 0.000000000e+00
0.000000000e+00 0.000000000e+00
0.000000000e+00 0.000000000e+00
0.000000000e+00 0.000000000e+00
0.000000000e+00 0.000000000e+00
0.000000000e+00 0.000000000e+00
0.000000000e+00 0.000000000e+00
0.000000000e+00 0.000000000e+00
0.000000000e+00 0.000000000e+00
0.000000000e+00 0.000000000e+00
