-2.777160989e-05 2.590636432e-04
-6.750855595e-02 -7.297267765e-02
-3.175032139e-02 -9.419526905e-02
-1.940430666e-04 2.152562229e-05
6.756776571e-02 7.288452238e-02
3.180896863e-02 9.415587783e-02
-1.350135790e-06 1.412629626e-05
2.131021347e-06 -4.423624432e-06
0.000000000e+00 0.000000000e+00
0.000000000e+00 0.000000000e+00
0.000000000e+00 0.000000000e+00
0.000000000e+00 0.000000000e+00
0.000000000e+00 0.000000000e+00
0.000000000e+00 0.000000000e+00
0.000000000e+00 0.000000000e+00
0.000000000e+00 0.000000000e+00
0.000000000e+00 0.000000000e+00
0.000000000e+00 0.000000000e+00
0.000000000e+00 0.000000000e+00
0.000000000e+00 0.000000000e+00
0.000000000e+00 0.000000000e+00
0.000000000e+00 0.000000000e+00
0.000000000e+00 0.000000000e+00
0.000000000e+00 0.000000000e+00
0.000000000e+00 0.000000000e+00
0.000000000e+00 0.000000000e+00
0.000000000e+00 0.000000000e+00
0.000000000e+00 0.000000000e+00
0.000000000e+00 0.000000000e+00
0.000000000e+00 0.000000000e+00
0.000000000e+00 0.000000000e+00
0.000000000e+00 0.000000000e+00
0.000000000e+00 0.000000000e+00
0.000000000e+00 0.000000000e+00
0.000000000e+00 0.000000000e+00
0.000000000e+00 0.000000000e+00
0.000000000e+00 0.000000000e+00
0.000000000e+00 0.000000000e+00
0.000000000e+00 0.000000000e+00
0.000000000e+00 0.000000000e+00
-2.943702202e-05 3.231058145e-05
-1.716834307e-02 -1.701890677e-02
-8.746487089e-03 -2.252963372e-02
-7.027516403e-05 -1.760506530e-05
1.722829044e-02 1.699287444e-02
8.762286045e-03 2.255640924e-02
-1.746923317e-07 3.450803888e-06
4.742119870e-07 -1.103456725e-06
0.000000000e+00 0.000000000e+00
0.000000000e+00 0.000000000e+00
0.000000000e+00 0.000000000e+00
0.000000000e+00 0.000000000e+00
0.000000000e+00 0.000000000e+00
0.000000000e+00 0.000000000e+00
0.000000000e+00 0.000000000e+00
0.000000000e+00 0.000000000e+00
0.000000000e+00 0.000000000e+00
0.000000000e+00 0.000000000e+00
0.000000000e+00 0.000000000e+00
0.000000000e+00 0.000000000e+00
0.000000000e+00 0.000000000e+00
0.000000000e+00 0.000000000e+00
0.000000000e+00 0.000000000e+00
0.000000000e+00 0.000000000e+00
0.000000000e+00 0.000000000e+00
0.000000000e+00 0.000000000e+00
0.000000000e+00 0.000000000e+00
0.000000000e+00 0.000000000e+00
0.000000000e+00 0.000000000e+00
0.000000000e+00 0.000000000e+00
0.000000000e+00 0.000000000e+00
0.000000000e+00 0.000000000e+00
0.000000000e+00 0.000000000e+00
0.000000000e+00 0.000000000e+00
0.000000000e+00 0.000000000e+00
0.000000000e+00 0.000000000e+00
0.000000000e+00 0.000000000e+00
0.000000000e+00 0.000000000e+00
0.000000000e+00 0.000000000e+00
0.000000000e+00 0.000000000e+00
-1.097345375e-06 -1.779101876e-04
6.492311507e-02 3.220025077e-02
4.607837647e-02 5.591584370e-02
1.481959189e-04 -3.797409590e-05
-6.495102495e-02 -3.212089837e-02
-4.610879719e-02 -5.589194968e-02
-2.746692189e-06 -9.974223758e-06
-3.573015590e-07 3.511385103e-06
0.000000000e+00 0.000000000e+00
0.000000000e+00 0.000000000e+00
0.000000000e+00 0.000000000e+00
0.000000000e+00 0.000000000e+00
0.000000000e+00 0.000000000e+00
0.000000000e+00 0.000000000e+00
0.000000000e+00 0.000000000e+00
0.000000000e+00 0.000000000e+00
0.000000000e+00 0.000000000e+00
0.000000000e+00 0.000000000e+00
0.000000000e+00 0.000000000e+00
0.000000000e+00 0.000000000e+00
0.000000000e+00 0.000000000e+00
0.000000000e+00 0.000000000e+00
0.000000000e+00 0.000000000e+00
0.000000000e+00 0.000000000e+00
0.000000000e+00 0.000000000e+00
0.000000000e+00 0.000000000e+00
0.000000000e+00 0.000000000e+00
0.000000000e+00 0.000000000e+00
0.000000000e+00 0.000000000e+00
0.000000000e+00 0.000000000e+00
0.000000000e+00 0.000000000e+00
0.000000000e+00 0.000000000e+00
0.000000000e+00 0.000000000e+00
0.000000000e+00 0.000000000e+00
0.000000000e+00 0.000000000e+00
0.000000000e+00 0.000000000e+00
0.000000000e+00 0.000000000e+00
0.000000000e+00 0.000000000e+00
0.000000000e+00 0.000000000e+00
0.000000000e+00 0.000000000e+00
2.104273590e-04 -7.688315236e-05
-3.317814320e-03 6.056687236e-02
-2.777425945e-02 5.383969098e-02
1.461109496e-04 1.048557970e-04
3.209894523e-03 -6.052066013e-02
2.770379558e-02 -5.390042067e-02
6.756027233e-06 -5.406814580e-06
-2.893330020e-06 9.247486332e-07
0.000000000e+00 0.000000000e+00
0.000000000e+00 0.000000000e+00
0.000000000e+00 0.000000000e+00
0.000000000e+00 0.000000000e+00
0.000000000e+00 0.000000000e+00
0.000000000e+00 0.000000000e+00
0.000000000e+00 0.000000000e+00
0.000000000e+00 0.000000000e+00
0.000000000e+00 0.000000000e+00
0.000000000e+00 0.000000000e+00
0.000000000e+00 0.000000000e+00
0.000000000e+00 0.000000000e+00
0.000000000e+00 0.000000000e+00
0.000000000e+00 0.000000000e+00
0.000000000e+00 0.000000000e+00
0.000000000e+00 0.000000000e+00
0.000000000e+00 0.000000000e+00
0.000000000e+00 0.000000000e+00
0.000000000e+00 0.000000000e+00
0.000000000e+00 0.000000000e+00
0.000000000e+00 0.000000000e+00
0.000000000e+00 0.000000000e+00
0.000000000e+00 0.000000000e+00
0.000000000e+00 0.000000000e+00
0.000000000e+00 0.000000000e+00
0.000000000e+00 0.000000000e+00
0.000000000e+00 0.000000000e+00
0.000000000e+00 0.000000000e+00
0.000000000e+00 0.000000000e+00
0.000000000e+00 0.000000000e+00
0.000000000e+00 0.000000000e+00
0.000000000e+00 0.000000000e+00
-2.095502859e-04 -9.071403474e-05
3.670316935e-02 -4.920924827e-02
5.354709551e-02 -2.983165160e-02
-4.037685358e-05 -1.617768721e-04
-3.641532362e-02 4.917579889e-02
-1.705511659e-02 8.141909540e-02
1.226949319e-02 6.179967895e-02
1.703957823e-04 6.532731641e-05
-3.656060994e-02 -5.142433569e-02
-1.235648338e-02 -6.191937625e-02
-8.122337931e-07 3.701559763e-06
9.517401054e-07 -1.149225227e-06
0.000000000e+00 0.000000000e+00
0.000000000e+00 0.000000000e+00
0.000000000e+00 0.000000000e+00
0.000000000e+00 0.000000000e+00
0.000000000e+00 0.000000000e+00
0.000000000e+00 0.000000000e+00
0.000000000e+00 0.000000000e+00
0.000000000e+00 0.000000000e+00
0.000000000e+00 0.000000000e+00
0.000000000e+00 0.000000000e+00
0.000000000e+00 0.000000000e+00
0.000000000e+00 0.000000000e+00
0.000000000e+00 0.000000000e+00
0.000000000e+00 0.000000000e+00
0.000000000e+00 0.000000000e+00
0.000000000e+00 0.000000000e+00
0.000000000e+00 0.000000000e+00
0.000000000e+00 0.000000000e+00
0.000000000e+00 0.000000000e+00
0.000000000e+00 0.000000000e+00
0.000000000e+00 0.000000000e+00
0.000000000e+00 0.000000000e+00
0.000000000e+00 0.000000000e+00
0.000000000e+00 0.000000000e+00
0.000000000e+00 0.000000000e+00
0.000000000e+00 0.000000000e+00
0.000000000e+00 0.000000000e+00
0.000000000e+00 0.000000000e+00
2.561481961e-04 -9.195084567e-05
9.933222085e-03 9.284961224e-02
-2.887576446e-02 8.871811628e-02
1.630495535e-04 1.511751034e-04
-9.949044324e-03 -9.295868874e-02
1.078399271e-01 -2.803872153e-02
4.732513428e-02 8.763080835e-02
2.334243618e-04 -2.709586443e-05
-7.909136266e-02 -6.066145748e-02
-4.741868749e-02 -8.774203062e-02
4.928908766e-07 5.965748187e-06
7.712444017e-07 -2.003915142e-06
0.000000000e+00 0.000000000e+00
0.000000000e+00 0.000000000e+00
0.000000000e+00 0.000000000e+00
0.000000000e+00 0.000000000e+00
0.000000000e+00 0.000000000e+00
0.000000000e+00 0.000000000e+00
0.000000000e+00 0.000000000e+00
0.000000000e+00 0.000000000e+00
0.000000000e+00 0.000000000e+00
0.000000000e+00 0.000000000e+00
0.000000000e+00 0.000000000e+00
0.000000000e+00 0.000000000e+00
0.000000000e+00 0.000000000e+00
0.000000000e+00 0.000000000e+00
0.000000000e+00 0.000000000e+00
0.000000000e+00 0.000000000e+00
0.000000000e+00 0.000000000e+00
0.000000000e+00 0.000000000e+00
0.000000000e+00 0.000000000e+00
0.000000000e+00 0.000000000e+00
0.000000000e+00 0.000000000e+00
0.000000000e+00 0.000000000e+00
0.000000000e+00 0.000000000e+00
0.000000000e+00 0.000000000e+00
0.000000000e+00 0.000000000e+00
0.000000000e+00 0.000000000e+00
0.000000000e+00 0.000000000e+00
0.000000000e+00 0.000000000e+00
-5.433471233e-05 -3.288909647e-05
1.627985574e-02 -1.696439646e-02
2.181726880e-02 -8.833284490e-03
4.566600182e-05 -5.187526403e-05
-1.638847403e-02 1.691491716e-02
3.224338591e-02 -4.652404040e-02
7.189629227e-02 -2.847989649e-02
3.659931735e-07 -1.934488100e-04
-5.397430807e-02 5.543004721e-02
-7.195866108e-02 2.854893915e-02
4.643309239e-06 1.641638505e-07
-1.529855354e-06 -7.248389124e-07
0.000000000e+00 0.000000000e+00
0.000000000e+00 0.000000000e+00
0.000000000e+00 0.000000000e+00
0.000000000e+00 0.000000000e+00
0.000000000e+00 0.000000000e+00
0.000000000e+00 0.000000000e+00
0.000000000e+00 0.000000000e+00
0.000000000e+00 0.000000000e+00
0.000000000e+00 0.000000000e+00
0.000000000e+00 0.000000000e+00
0.000000000e+00 0.000000000e+00
0.000000000e+00 0.000000000e+00
0.000000000e+00 0.000000000e+00
0.000000000e+00 0.000000000e+00
0.000000000e+00 0.000000000e+00
0.000000000e+00 0.000000000e+00
0.000000000e+00 0.000000000e+00
0.000000000e+00 0.000000000e+00
0.000000000e+00 0.000000000e+00
0.000000000e+00 0.000000000e+00
0.000000000e+00 0.000000000e+00
0.000000000e+00 0.000000000e+00
0.000000000e+00 0.000000000e+00
0.000000000e+00 0.000000000e+00
0.000000000e+00 0.000000000e+00
0.000000000e+00 0.000000000e+00
0.000000000e+00 0.000000000e+00
0.000000000e+00 0.000000000e+00
-7.208075840e-05 4.478667397e-04
-1.362583935e-01 -5.104710162e-02
-1.033264548e-01 -1.022204533e-01
-2.995006216e-04 1.217552926e-04
1.361236721e-01 5.071057752e-02
1.431170702e-01 8.830115199e-03
7.417325675e-02 -6.899088621e-02
-3.331372864e-05 -2.527710749e-04
-3.949760273e-02 9.340469539e-02
-7.427282631e-02 6.914569438e-02
5.748669992e-06 -2.011892775e-06
-2.247553994e-06 -3.048160124e-07
0.000000000e+00 0.000000000e+00
0.000000000e+00 0.000000000e+00
0.000000000e+00 0.000000000e+00
0.000000000e+00 0.000000000e+00
0.000000000e+00 0.000000000e+00
0.000000000e+00 0.000000000e+00
0.000000000e+00 0.000000000e+00
0.000000000e+00 0.000000000e+00
0.000000000e+00 0.000000000e+00
0.000000000e+00 0.000000000e+00
0.000000000e+00 0.000000000e+00
0.000000000e+00 0.000000000e+00
0.000000000e+00 0.000000000e+00
0.000000000e+00 0.000000000e+00
0.000000000e+00 0.000000000e+00
0.000000000e+00 0.000000000e+00
0.000000000e+00 0.000000000e+00
0.000000000e+00 0.000000000e+00
0.000000000e+00 0.000000000e+00
0.000000000e+00 0.000000000e+00
0.000000000e+00 0.000000000e+00
0.000000000e+00 0.000000000e+00
0.000000000e+00 0.000000000e+00
0.000000000e+00 0.000000000e+00
0.000000000e+00 0.000000000e+00
0.000000000e+00 0.000000000e+00
0.000000000e+00 0.000000000e+00
0.000000000e+00 0.000000000e+00
0.000000000e+00 0.000000000e+00
0.000000000e+00 0.000000000e+00
0.000000000e+00 0.000000000e+00
0.000000000e+00 0.000000000e+00
4.886568058e-05 2.869294840e-04
-1.596759260e-01 4.800783098e-02
-1.652748585e-01 -2.126596496e-02
-2.529929625e-04 3.361310228e-04
1.598459184e-01 -4.820364341e-02
1.608936489e-01 -6.706677377e-03
7.018366829e-03 -2.729206719e-02
-1.495036558e-04 2.354352182e-04
4.738618154e-03 2.795979194e-02
-7.023408543e-03 2.716638893e-02
1.584530692e-04 -1.945904951e-04
-3.084722630e-05 1.180937670e-05
0.000000000e+00 0.000000000e+00
0.000000000e+00 0.000000000e+00
0.000000000e+00 0.000000000e+00
0.000000000e+00 0.000000000e+00
0.000000000e+00 0.000000000e+00
0.000000000e+00 0.000000000e+00
0.000000000e+00 0.000000000e+00
0.000000000e+00 0.000000000e+00
0.000000000e+00 0.000000000e+00
0.000000000e+00 0.000000000e+00
0.000000000e+00 0.000000000e+00
0.000000000e+00 0.000000000e+00
0.000000000e+00 0.000000000e+00
0.000000000e+00 0.000000000e+00
0.000000000e+00 0.000000000e+00
0.000000000e+00 0.000000000e+00
0.000000000e+00 0.000000000e+00
0.000000000e+00 0.000000000e+00
0.000000000e+00 0.000000000e+00
0.000000000e+00 0.000000000e+00
0.000000000e+00 0.000000000e+00
0.000000000e+00 0.000000000e+00
0.000000000e+00 0.000000000e+00
0.000000000e+00 0.000000000e+00
0.000000000e+00 0.000000000e+00
0.000000000e+00 0.000000000e+00
0.000000000e+00 0.000000000e+00
0.000000000e+00 0.000000000e+00
-1.793227857e-04 -3.751995973e-04
2.088811994e-01 -1.103919968e-01
2.355794609e-01 -1.558794081e-02
2.129914792e-04 -5.545833264e-04
-2.087471038e-01 1.106815264e-01
-2.314965576e-01 5.013113841e-03
8.282461204e-03 -7.898112759e-03
-1.229001937e-04 1.128927579e-05
-4.339640029e-03 1.069197524e-02
-8.241009898e-03 7.902167737e-03
9.649357526e-05 -3.341252886e-05
-1.334378703e-05 -2.071596100e-06
0.000000000e+00 0.000000000e+00
0.000000000e+00 0.000000000e+00
0.000000000e+00 0.000000000e+00
0.000000000e+00 0.000000000e+00
0.000000000e+00 0.000000000e+00
0.000000000e+00 0.000000000e+00
0.000000000e+00 0.000000000e+00
0.000000000e+00 0.000000000e+00
0.000000000e+00 0.000000000e+00
0.000000000e+00 0.000000000e+00
0.000000000e+00 0.000000000e+00
0.000000000e+00 0.000000000e+00
0.000000000e+00 0.000000000e+00
0.000000000e+00 0.000000000e+00
0.000000000e+00 0.000000000e+00
0.000000000e+00 0.000000000e+00
0.000000000e+00 0.000000000e+00
0.000000000e+00 0.000000000e+00
0.000000000e+00 0.000000000e+00
0.000000000e+00 0.000000000e+00
0.000000000e+00 0.000000000e+00
0.000000000e+00 0.000000000e+00
0.000000000e+00 0.000000000e+00
0.000000000e+00 0.000000000e+00
0.000000000e+00 0.000000000e+00
0.000000000e+00 0.000000000e+00
0.000000000e+00 0.000000000e+00
0.000000000e+00 0.000000000e+00
7.598868979e-05 2.149586217e-04
-1.182197034e-01 4.958575964e-02
-1.280420125e-01 -2.950727940e-03
-1.105853225e-04 2.932378557e-04
1.180918962e-01 -4.974101856e-02
1.237227246e-01 2.685330436e-02
-1.373171248e-02 1.988508180e-02
1.826836087e-04 -1.057498448e-04
4.455612972e-03 -2.396923676e-02
1.371120289e-02 -1.984899119e-02
-1.855162991e-04 1.100897352e-04
2.859849701e-05 -8.319888707e-07
0.000000000e+00 0.000000000e+00
0.000000000e+00 0.000000000e+00
0.000000000e+00 0.000000000e+00
0.000000000e+00 0.000000000e+00
0.000000000e+00 0.000000000e+00
0.000000000e+00 0.000000000e+00
0.000000000e+00 0.000000000e+00
0.000000000e+00 0.000000000e+00
0.000000000e+00 0.000000000e+00
0.000000000e+00 0.000000000e+00
0.000000000e+00 0.000000000e+00
0.000000000e+00 0.000000000e+00
0.000000000e+00 0.000000000e+00
0.000000000e+00 0.000000000e+00
0.000000000e+00 0.000000000e+00
0.000000000e+00 0.000000000e+00
0.000000000e+00 0.000000000e+00
0.000000000e+00 0.000000000e+00
0.000000000e+00 0.000000000e+00
0.000000000e+00 0.000000000e+00
0.000000000e+00 0.000000000e+00
0.000000000e+00 0.000000000e+00
0.000000000e+00 0.000000000e+00
0.000000000e+00 0.000000000e+00
0.000000000e+00 0.000000000e+00
0.000000000e+00 0.000000000e+00
0.000000000e+00 0.000000000e+00
0.000000000e+00 0.000000000e+00
4.967687419e-04 1.678078843e-04
-7.842008770e-02 2.929954231e-01
-1.909493655e-01 2.353740335e-01
3.435350081e-04 6.855750689e-04
7.805018127e-02 -2.932594419e-01
1.736221761e-01 -2.079838067e-01
-2.714759111e-02 1.811550371e-02
3.560551559e-04 -4.179599637e-05
1.744495519e-02 -2.783220261e-02
2.700352296e-02 -1.808322407e-02
-2.870493918e-04 4.614592763e-05
3.564672079e-05 1.258876455e-05
0.000000000e+00 0.000000000e+00
0.000000000e+00 0.000000000e+00
0.000000000e+00 0.000000000e+00
0.000000000e+00 0.000000000e+00
0.000000000e+00 0.000000000e+00
0.000000000e+00 0.000000000e+00
0.000000000e+00 0.000000000e+00
0.000000000e+00 0.000000000e+00
0.000000000e+00 0.000000000e+00
0.000000000e+00 0.000000000e+00
0.000000000e+00 0.000000000e+00
0.000000000e+00 0.000000000e+00
0.000000000e+00 0.000000000e+00
0.000000000e+00 0.000000000e+00
0.000000000e+00 0.000000000e+00
0.000000000e+00 0.000000000e+00
0.000000000e+00 0.000000000e+00
0.000000000e+00 0.000000000e+00
0.000000000e+00 0.000000000e+00
0.000000000e+00 0.000000000e+00
0.000000000e+00 0.000000000e+00
0.000000000e+00 0.000000000e+00
0.000000000e+00 0.000000000e+00
0.000000000e+00 0.000000000e+00
0.000000000e+00 0.000000000e+00
0.000000000e+00 0.000000000e+00
0.000000000e+00 0.000000000e+00
0.000000000e+00 0.000000000e+00
0.000000000e+00 0.000000000e+00
0.000000000e+00 0.000000000e+00
0.000000000e+00 0.000000000e+00
0.000000000e+00 0.000000000e+00
-6.014948303e-05 5.266956578e-05
3.474528342e-02 -4.041542299e-03
3.308452293e-02 1.037396397e-02
-2.632240066e-04 -2.487138845e-04
-3.407380730e-02 4.573717713e-03
-2.622751892e-01 -7.862079144e-02
-1.812643260e-01 -1.563312262e-01
-1.840274781e-04 1.908930426e-04
2.295302749e-01 6.844909489e-02
1.813859642e-01 1.561894566e-01
-1.037414768e-04 -2.346666734e-04
-2.586661140e-05 4.438961696e-05
0.000000000e+00 0.000000000e+00
0.000000000e+00 0.000000000e+00
0.000000000e+00 0.000000000e+00
0.000000000e+00 0.000000000e+00
0.000000000e+00 0.000000000e+00
0.000000000e+00 0.000000000e+00
0.000000000e+00 0.000000000e+00
0.000000000e+00 0.000000000e+00
0.000000000e+00 0.000000000e+00
0.000000000e+00 0.000000000e+00
0.000000000e+00 0.000000000e+00
0.000000000e+00 0.000000000e+00
0.000000000e+00 0.000000000e+00
0.000000000e+00 0.000000000e+00
0.000000000e+00 0.000000000e+00
0.000000000e+00 0.000000000e+00
0.000000000e+00 0.000000000e+00
0.000000000e+00 0.000000000e+00
0.000000000e+00 0.000000000e+00
0.000000000e+00 0.000000000e+00
0.000000000e+00 0.000000000e+00
0.000000000e+00 0.000000000e+00
0.000000000e+00 0.000000000e+00
0.000000000e+00 0.000000000e+00
0.000000000e+00 0.000000000e+00
0.000000000e+00 0.000000000e+00
0.000000000e+00 0.000000000e+00
0.000000000e+00 0.000000000e+00
-8.322222129e-06 -9.104765195e-05
-3.979638964e-02 3.248778731e-02
-4.915494472e-02 1.337285340e-02
4.654597142e-04 9.568643873e-05
3.957851976e-02 -3.262128308e-02
8.602821082e-02 -2.446791716e-02
3.785689175e-02 4.981416743e-03
2.650604802e-05 -4.534901746e-05
-3.698964417e-02 1.109241415e-02
-3.826706484e-02 -4.992598668e-03
3.478849248e-05 2.243393283e-05
2.321530474e-06 -1.248077842e-05
0.000000000e+00 0.000000000e+00
0.000000000e+00 0.000000000e+00
0.000000000e+00 0.000000000e+00
0.000000000e+00 0.000000000e+00
0.000000000e+00 0.000000000e+00
0.000000000e+00 0.000000000e+00
0.000000000e+00 0.000000000e+00
0.000000000e+00 0.000000000e+00
0.000000000e+00 0.000000000e+00
0.000000000e+00 0.000000000e+00
0.000000000e+00 0.000000000e+00
0.000000000e+00 0.000000000e+00
0.000000000e+00 0.000000000e+00
0.000000000e+00 0.000000000e+00
0.000000000e+00 0.000000000e+00
0.000000000e+00 0.000000000e+00
0.000000000e+00 0.000000000e+00
0.000000000e+00 0.000000000e+00
0.000000000e+00 0.000000000e+00
0.000000000e+00 0.000000000e+00
0.000000000e+00 0.000000000e+00
0.000000000e+00 0.000000000e+00
0.000000000e+00 0.000000000e+00
0.000000000e+00 0.000000000e+00
0.000000000e+00 0.000000000e+00
0.000000000e+00 0.000000000e+00
0.000000000e+00 0.000000000e+00
0.000000000e+00 0.000000000e+00
-1.387473003e-05 3.653987278e-06
8.186664432e-03 6.878397893e-03
4.668036476e-03 9.518968873e-03
3.344273864e-05 -9.750561003e-05
-8.559844457e-03 -6.849689875e-03
1.033560485e-01 -3.428050876e-02
1.088962704e-01 2.177863941e-02
1.724494723e-06 -1.183362911e-04
-1.081376523e-01 2.476782165e-02
-1.087428108e-01 -2.158332057e-02
9.535676509e-05 7.090833242e-05
-1.699728045e-06 -2.660567225e-05
0.000000000e+00 0.000000000e+00
0.000000000e+00 0.000000000e+00
0.000000000e+00 0.000000000e+00
0.000000000e+00 0.000000000e+00
0.000000000e+00 0.000000000e+00
0.000000000e+00 0.000000000e+00
0.000000000e+00 0.000000000e+00
0.000000000e+00 0.000000000e+00
0.000000000e+00 0.000000000e+00
0.000000000e+00 0.000000000e+00
0.000000000e+00 0.000000000e+00
0.000000000e+00 0.000000000e+00
0.000000000e+00 0.000000000e+00
0.000000000e+00 0.000000000e+00
0.000000000e+00 0.000000000e+00
0.000000000e+00 0.000000000e+00
0.000000000e+00 0.000000000e+00
0.000000000e+00 0.000000000e+00
0.000000000e+00 0.000000000e+00
0.000000000e+00 0.000000000e+00
0.000000000e+00 0.000000000e+00
0.000000000e+00 0.000000000e+00
0.000000000e+00 0.000000000e+00
0.000000000e+00 0.000000000e+00
0.000000000e+00 0.000000000e+00
0.000000000e+00 0.000000000e+00
0.000000000e+00 0.000000000e+00
0.000000000e+00 0.000000000e+00
9.880242578e-05 1.419424516e-04
1.718453690e-02 -8.729331195e-02
5.082056671e-02 -7.213949412e-02
-7.275422104e-04 3.959636088e-04
-1.656276919e-02 8.682674915e-02
-9.239575267e-02 2.658991814e-01
-1.170548275e-01 1.595996171e-01
1.344203192e-04 1.743319735e-04
4.184453934e-02 -1.941056550e-01
1.174565405e-01 -1.599458754e-01
-1.873209549e-04 1.008109830e-04
3.609855776e-05 2.159764881e-05
0.000000000e+00 0.000000000e+00
0.000000000e+00 0.000000000e+00
0.000000000e+00 0.000000000e+00
0.000000000e+00 0.000000000e+00
0.000000000e+00 0.000000000e+00
0.000000000e+00 0.000000000e+00
0.000000000e+00 0.000000000e+00
0.000000000e+00 0.000000000e+00
0.000000000e+00 0.000000000e+00
0.000000000e+00 0.000000000e+00
0.000000000e+00 0.000000000e+00
0.000000000e+00 0.000000000e+00
0.000000000e+00 0.000000000e+00
0.000000000e+00 0.000000000e+00
0.000000000e+00 0.000000000e+00
0.000000000e+00 0.000000000e+00
0.000000000e+00 0.000000000e+00
0.000000000e+00 0.000000000e+00
0.000000000e+00 0.000000000e+00
0.000000000e+00 0.000000000e+00
0.000000000e+00 0.000000000e+00
0.000000000e+00 0.000000000e+00
0.000000000e+00 0.000000000e+00
0.000000000e+00 0.000000000e+00
0.000000000e+00 0.000000000e+00
0.000000000e+00 0.000000000e+00
0.000000000e+00 0.000000000e+00
0.000000000e+00 0.000000000e+00
0.000000000e+00 0.000000000e+00
0.000000000e+00 0.000000000e+00
0.000000000e+00 0.000000000e+00
0.000000000e+00 0.000000000e+00
-5.010234891e-04 1.104358307e-04
1.322366744e-01 -1.138877869e-01
1.674937010e-01 -4.981360584e-02
-6.647310511e-05 -2.516148961e-04
-1.319981217e-01 1.139980629e-01
-1.252983809e-01 1.989288628e-02
5.062980950e-02 -1.043104474e-02
7.849308167e-05 3.926843419e-05
-4.200006276e-02 3.009666875e-02
-5.065531284e-02 1.030972786e-02
-3.574609218e-05 -7.838376405e-06
6.937869330e-06 1.000998964e-05
0.000000000e+00 0.000000000e+00
0.000000000e+00 0.000000000e+00
0.000000000e+00 0.000000000e+00
0.000000000e+00 0.000000000e+00
0.000000000e+00 0.000000000e+00
0.000000000e+00 0.000000000e+00
0.000000000e+00 0.000000000e+00
0.000000000e+00 0.000000000e+00
0.000000000e+00 0.000000000e+00
0.000000000e+00 0.000000000e+00
0.000000000e+00 0.000000000e+00
0.000000000e+00 0.000000000e+00
0.000000000e+00 0.000000000e+00
0.000000000e+00 0.000000000e+00
0.000000000e+00 0.000000000e+00
0.000000000e+00 0.000000000e+00
0.000000000e+00 0.000000000e+00
0.000000000e+00 0.000000000e+00
0.000000000e+00 0.000000000e+00
0.000000000e+00 0.000000000e+00
0.000000000e+00 0.000000000e+00
0.000000000e+00 0.000000000e+00
0.000000000e+00 0.000000000e+00
0.000000000e+00 0.000000000e+00
0.000000000e+00 0.000000000e+00
0.000000000e+00 0.000000000e+00
0.000000000e+00 0.000000000e+00
0.000000000e+00 0.000000000e+00
3.156313614e-04 -2.861466492e-04
-5.668913946e-02 1.623136550e-01
-1.183601171e-01 1.250724196e-01
7.253680087e-05 1.734806865e-04
5.685716867e-02 -1.625676304e-01
1.322288364e-01 -1.289956570e-01
1.415903214e-02 2.164576901e-03
1.436710409e-05 9.294335541e-06
-1.398516912e-02 3.952657804e-03
-1.438343339e-02 -2.108447952e-03
-8.708592759e-06 -5.485515430e-06
9.679762343e-07 3.264565748e-06
0.000000000e+00 0.000000000e+00
0.000000000e+00 0.000000000e+00
0.000000000e+00 0.000000000e+00
0.000000000e+00 0.000000000e+00
0.000000000e+00 0.000000000e+00
0.000000000e+00 0.000000000e+00
0.000000000e+00 0.000000000e+00
0.000000000e+00 0.000000000e+00
0.000000000e+00 0.000000000e+00
0.000000000e+00 0.000000000e+00
0.000000000e+00 0.000000000e+00
0.000000000e+00 0.000000000e+00
0.000000000e+00 0.000000000e+00
0.000000000e+00 0.000000000e+00
0.000000000e+00 0.000000000e+00
0.000000000e+00 0.000000000e+00
0.000000000e+00 0.000000000e+00
0.000000000e+00 0.000000000e+00
0.000000000e+00 0.000000000e+00
0.000000000e+00 0.000000000e+00
0.000000000e+00 0.000000000e+00
0.000000000e+00 0.000000000e+00
0.000000000e+00 0.000000000e+00
0.000000000e+00 0.000000000e+00
0.000000000e+00 0.000000000e+00
0.000000000e+00 0.000000000e+00
0.000000000e+00 0.000000000e+00
0.000000000e+00 0.000000000e+00
2.046412374e-05 -1.575317765e-05
-6.003053859e-04 -1.593705034e-03
1.424681395e-04 -1.728804316e-03
7.026195090e-05 7.132522114e-06
4.308955686e-04 1.691985526e-03
-1.581207290e-02 1.120442338e-02
-1.805083081e-02 2.331409836e-03
-2.939369006e-05 6.251910690e-06
1.563484408e-02 -9.527365677e-03
1.816659048e-02 -2.308098599e-03
1.242508733e-05 3.711357976e-06
-2.527567858e-06 -3.523718760e-06
0.000000000e+00 0.000000000e+00
0.000000000e+00 0.000000000e+00
0.000000000e+00 0.000000000e+00
0.000000000e+00 0.000000000e+00
0.000000000e+00 0.000000000e+00
0.000000000e+00 0.000000000e+00
0.000000000e+00 0.000000000e+00
0.000000000e+00 0.000000000e+00
0.000000000e+00 0.000000000e+00
0.000000000e+00 0.000000000e+00
0.000000000e+00 0.000000000e+00
0.000000000e+00 0.000000000e+00
0.000000000e+00 0.000000000e+00
0.000000000e+00 0.000000000e+00
0.000000000e+00 0.000000000e+00
0.000000000e+00 0.000000000e+00
0.000000000e+00 0.000000000e+00
0.000000000e+00 0.000000000e+00
0.000000000e+00 0.000000000e+00
0.000000000e+00 0.000000000e+00
0.000000000e+00 0.000000000e+00
0.000000000e+00 0.000000000e+00
0.000000000e+00 0.000000000e+00
0.000000000e+00 0.000000000e+00
0.000000000e+00 0.000000000e+00
0.000000000e+00 0.000000000e+00
0.000000000e+00 0.000000000e+00
0.000000000e+00 0.000000000e+00
-1.794670243e-05 9.076523129e-04
-1.558268368e-01 -3.087808490e-01
-1.573631540e-02 -3.460495472e-01
-3.680975060e-04 -9.374463843e-05
1.560038626e-01 3.090813160e-01
-5.991145968e-03 3.269253969e-01
-1.224426180e-02 -2.646716684e-02
1.552298636e-05 -2.472378401e-05
2.195505053e-02 1.885275729e-02
1.233457774e-02 2.619138174e-02
4.839087069e-07 2.048877286e-05
4.269897545e-06 -4.903201443e-06
0.000000000e+00 0.000000000e+00
0.000000000e+00 0.000000000e+00
0.000000000e+00 0.000000000e+00
0.000000000e+00 0.000000000e+00
0.000000000e+00 0.000000000e+00
0.000000000e+00 0.000000000e+00
0.000000000e+00 0.000000000e+00
0.000000000e+00 0.000000000e+00
0.000000000e+00 0.000000000e+00
0.000000000e+00 0.000000000e+00
0.000000000e+00 0.000000000e+00
0.000000000e+00 0.000000000e+00
0.000000000e+00 0.000000000e+00
0.000000000e+00 0.000000000e+00
0.000000000e+00 0.000000000e+00
0.000000000e+00 0.000000000e+00
0.000000000e+00 0.000000000e+00
0.000000000e+00 0.000000000e+00
0.000000000e+00 0.000000000e+00
0.000000000e+00 0.000000000e+00
0.000000000e+00 0.000000000e+00
0.000000000e+00 0.000000000e+00
0.000000000e+00 0.000000000e+00
0.000000000e+00 0.000000000e+00
0.000000000e+00 0.000000000e+00
0.000000000e+00 0.000000000e+00
0.000000000e+00 0.000000000e+00
0.000000000e+00 0.000000000e+00
0.000000000e+00 0.000000000e+00
0.000000000e+00 0.000000000e+00
0.000000000e+00 0.000000000e+00
0.000000000e+00 0.000000000e+00
-6.860591384e-05 1.132639154e-04
7.969320752e-03 3.880573064e-02
-8.536874317e-03 3.866473958e-02
-9.132838022e-05 -9.610228517e-06
-7.835217752e-03 -3.870108351e-02
2.069817483e-02 1.346452534e-02
-1.015467104e-02 5.233320221e-02
8.033373888e-05 3.723035479e-05
-1.214926597e-02 -5.213704333e-02
1.021888759e-02 -5.253664032e-02
-1.219423575e-05 1.667890319e-05
7.110318620e-06 -5.222815162e-06
0.000000000e+00 0.000000000e+00
0.000000000e+00 0.000000000e+00
0.000000000e+00 0.000000000e+00
0.000000000e+00 0.000000000e+00
0.000000000e+00 0.000000000e+00
0.000000000e+00 0.000000000e+00
0.000000000e+00 0.000000000e+00
0.000000000e+00 0.000000000e+00
0.000000000e+00 0.000000000e+00
0.000000000e+00 0.000000000e+00
0.000000000e+00 0.000000000e+00
0.000000000e+00 0.000000000e+00
0.000000000e+00 0.000000000e+00
0.000000000e+00 0.000000000e+00
0.000000000e+00 0.000000000e+00
0.000000000e+00 0.000000000e+00
0.000000000e+00 0.000000000e+00
0.000000000e+00 0.000000000e+00
0.000000000e+00 0.000000000e+00
0.000000000e+00 0.000000000e+00
0.000000000e+00 0.000000000e+00
0.000000000e+00 0.000000000e+00
0.000000000e+00 0.000000000e+00
0.000000000e+00 0.000000000e+00
0.000000000e+00 0.000000000e+00
0.000000000e+00 0.000000000e+00
0.000000000e+00 0.000000000e+00
0.000000000e+00 0.000000000e+00
-7.773497055e-05 -1.201899358e-04
-3.403830156e-02 -2.912869304e-02
-1.917714067e-02 -4.039020836e-02
3.850958819e-05 -3.838010525e-05
3.405759111e-02 2.914558351e-02
2.668130770e-02 5.420347303e-02
1.264517894e-03 1.555104181e-02
1.360532769e-05 -2.503845099e-05
-7.498878520e-03 -1.368805580e-02
-1.250477042e-03 -1.555366442e-02
-2.116471933e-06 5.639907613e-06
1.616641953e-06 -2.001952225e-06
0.000000000e+00 0.000000000e+00
0.000000000e+00 0.000000000e+00
0.000000000e+00 0.000000000e+00
0.000000000e+00 0.000000000e+00
0.000000000e+00 0.000000000e+00
0.000000000e+00 0.000000000e+00
0.000000000e+00 0.000000000e+00
0.000000000e+00 0.000000000e+00
0.000000000e+00 0.000000000e+00
0.000000000e+00 0.000000000e+00
0.000000000e+00 0.000000000e+00
0.000000000e+00 0.000000000e+00
0.000000000e+00 0.000000000e+00
0.000000000e+00 0.000000000e+00
0.000000000e+00 0.000000000e+00
0.000000000e+00 0.000000000e+00
0.000000000e+00 0.000000000e+00
0.000000000e+00 0.000000000e+00
0.000000000e+00 0.000000000e+00
0.000000000e+00 0.000000000e+00
0.000000000e+00 0.000000000e+00
0.000000000e+00 0.000000000e+00
0.000000000e+00 0.000000000e+00
0.000000000e+00 0.000000000e+00
0.000000000e+00 0.000000000e+00
0.000000000e+00 0.000000000e+00
0.000000000e+00 0.000000000e+00
0.000000000e+00 0.000000000e+00
2.352337287e-05 6.526048674e-05
8.599985391e-03 1.172318496e-02
3.126627998e-03 1.415333338e-02
2.839161425e-05 2.085930828e-05
-8.622227237e-03 -1.176988520e-02
7.772152312e-03 -5.957705155e-02
2.832719311e-02 -3.691405430e-02
-7.313532842e-05 -1.919598981e-05
-1.081105415e-02 4.535958916e-02
-2.839767747e-02 3.696945682e-02
1.599148345e-05 -8.255710782e-06
-7.460386769e-06 1.299035944e-06
0.000000000e+00 0.000000000e+00
0.000000000e+00 0.000000000e+00
0.000000000e+00 0.000000000e+00
0.000000000e+00 0.000000000e+00
0.000000000e+00 0.000000000e+00
0.000000000e+00 0.000000000e+00
0.000000000e+00 0.000000000e+00
0.000000000e+00 0.000000000e+00
0.000000000e+00 0.000000000e+00
0.000000000e+00 0.000000000e+00
0.000000000e+00 0.000000000e+00
0.000000000e+00 0.000000000e+00
0.000000000e+00 0.000000000e+00
0.000000000e+00 0.000000000e+00
0.000000000e+00 0.000000000e+00
0.000000000e+00 0.000000000e+00
0.000000000e+00 0.000000000e+00
0.000000000e+00 0.000000000e+00
0.000000000e+00 0.000000000e+00
0.000000000e+00 0.000000000e+00
0.000000000e+00 0.000000000e+00
0.000000000e+00 0.000000000e+00
0.000000000e+00 0.000000000e+00
0.000000000e+00 0.000000000e+00
0.000000000e+00 0.000000000e+00
0.000000000e+00 0.000000000e+00
0.000000000e+00 0.000000000e+00
0.000000000e+00 0.000000000e+00
2.161827579e-04 2.411215537e-04
9.406284988e-02 2.855959162e-02
7.421050966e-02 6.429591030e-02
-4.018723484e-05 1.416021551e-04
-9.398533404e-02 -2.870120294e-02
-4.293214530e-02 -1.148517281e-01
4.885932431e-02 -3.320605680e-02
-1.208460799e-05 -2.972913535e-05
-3.125176206e-02 5.035262182e-02
-4.908946157e-02 3.317275643e-02
2.259729627e-05 -3.533053132e-06
-9.734325431e-06 -1.522075422e-06
0.000000000e+00 0.000000000e+00
0.000000000e+00 0.000000000e+00
0.000000000e+00 0.000000000e+00
0.000000000e+00 0.000000000e+00
0.000000000e+00 0.000000000e+00
0.000000000e+00 0.000000000e+00
0.000000000e+00 0.000000000e+00
0.000000000e+00 0.000000000e+00
0.000000000e+00 0.000000000e+00
0.000000000e+00 0.000000000e+00
0.000000000e+00 0.000000000e+00
0.000000000e+00 0.000000000e+00
0.000000000e+00 0.000000000e+00
0.000000000e+00 0.000000000e+00
0.000000000e+00 0.000000000e+00
0.000000000e+00 0.000000000e+00
0.000000000e+00 0.000000000e+00
0.000000000e+00 0.000000000e+00
0.000000000e+00 0.000000000e+00
0.000000000e+00 0.000000000e+00
0.000000000e+00 0.000000000e+00
0.000000000e+00 0.000000000e+00
0.000000000e+00 0.000000000e+00
0.000000000e+00 0.000000000e+00
0.000000000e+00 0.000000000e+00
0.000000000e+00 0.000000000e+00
0.000000000e+00 0.000000000e+00
0.000000000e+00 0.000000000e+00
0.000000000e+00 0.000000000e+00
0.000000000e+00 0.000000000e+00
0.000000000e+00 0.000000000e+00
0.000000000e+00 0.000000000e+00
-2.006257710e-04 -3.789973562e-07
-7.187567651e-02 1.529251784e-02
-7.168249786e-02 -1.518871449e-02
-2.161463090e-05 7.098370406e-05
7.208447158e-02 -1.533934753e-02
1.323178783e-02 -2.781182714e-02
-3.562060371e-02 -6.335253268e-02
3.005932376e-04 2.993032394e-04
5.834665895e-02 4.316428304e-02
3.554772213e-02 6.320920587e-02
-1.327777909e-06 -1.596341281e-05
-1.159859494e-06 4.883946531e-06
0.000000000e+00 0.000000000e+00
0.000000000e+00 0.000000000e+00
0.000000000e+00 0.000000000e+00
0.000000000e+00 0.000000000e+00
0.000000000e+00 0.000000000e+00
0.000000000e+00 0.000000000e+00
0.000000000e+00 0.000000000e+00
0.000000000e+00 0.000000000e+00
0.000000000e+00 0.000000000e+00
0.000000000e+00 0.000000000e+00
0.000000000e+00 0.000000000e+00
0.000000000e+00 0.000000000e+00
0.000000000e+00 0.000000000e+00
0.000000000e+00 0.000000000e+00
0.000000000e+00 0.000000000e+00
0.000000000e+00 0.000000000e+00
0.000000000e+00 0.000000000e+00
0.000000000e+00 0.000000000e+00
0.000000000e+00 0.000000000e+00
0.000000000e+00 0.000000000e+00
0.000000000e+00 0.000000000e+00
0.000000000e+00 0.000000000e+00
0.000000000e+00 0.000000000e+00
0.000000000e+00 0.000000000e+00
0.000000000e+00 0.000000000e+00
0.000000000e+00 0.000000000e+00
0.000000000e+00 0.000000000e+00
0.000000000e+00 0.000000000e+00
1.781247120e-04 -1.186944064e-04
6.709438562e-02 -7.249637693e-02
9.052032232e-02 -3.884290531e-02
-7.637042290e-05 -9.328678425e-05
-6.715058535e-02 7.262382656e-02
-1.324145496e-02 2.006560750e-02
7.819265127e-02 1.475614123e-02
-4.366867070e-04 -2.497163587e-05
-7.729151845e-02 1.856625453e-02
-7.805747539e-02 -1.466416568e-02
1.433025864e-05 1.012144094e-05
-3.231116352e-06 -4.647111837e-06
0.000000000e+00 0.000000000e+00
0.000000000e+00 0.000000000e+00
0.000000000e+00 0.000000000e+00
0.000000000e+00 0.000000000e+00
0.000000000e+00 0.000000000e+00
0.000000000e+00 0.000000000e+00
0.000000000e+00 0.000000000e+00
0.000000000e+00 0.000000000e+00
0.000000000e+00 0.000000000e+00
0.000000000e+00 0.000000000e+00
0.000000000e+00 0.000000000e+00
0.000000000e+00 0.000000000e+00
0.000000000e+00 0.000000000e+00
0.000000000e+00 0.000000000e+00
0.000000000e+00 0.000000000e+00
0.000000000e+00 0.000000000e+00
0.000000000e+00 0.000000000e+00
0.000000000e+00 0.000000000e+00
0.000000000e+00 0.000000000e+00
0.000000000e+00 0.000000000e+00
0.000000000e+00 0.000000000e+00
0.000000000e+00 0.000000000e+00
0.000000000e+00 0.000000000e+00
0.000000000e+00 0.000000000e+00
0.000000000e+00 0.000000000e+00
0.000000000e+00 0.000000000e+00
0.000000000e+00 0.000000000e+00
0.000000000e+00 0.000000000e+00
-3.015261609e-05 -2.976366204e-06
-1.525010169e-02 4.447404761e-03
-1.567344740e-02 -2.141571371e-03
3.514960554e-05 2.178524664e-05
1.515172422e-02 -4.417269025e-03
4.547634721e-02 5.531860515e-03
2.567807585e-02 1.529962104e-02
-1.728228090e-04 -2.764875535e-05
-2.964709699e-02 -3.458110616e-03
-2.561611123e-02 -1.527428906e-02
3.740064358e-06 5.422824870e-06
-6.077744956e-07 -1.987549240e-06
0.000000000e+00 0.000000000e+00
0.000000000e+00 0.000000000e+00
0.000000000e+00 0.000000000e+00
0.000000000e+00 0.000000000e+00
0.000000000e+00 0.000000000e+00
0.000000000e+00 0.000000000e+00
0.000000000e+00 0.000000000e+00
0.000000000e+00 0.000000000e+00
0.000000000e+00 0.000000000e+00
0.000000000e+00 0.000000000e+00
0.000000000e+00 0.000000000e+00
0.000000000e+00 0.000000000e+00
0.000000000e+00 0.000000000e+00
0.000000000e+00 0.000000000e+00
0.000000000e+00 0.000000000e+00
0.000000000e+00 0.000000000e+00
0.000000000e+00 0.000000000e+00
0.000000000e+00 0.000000000e+00
0.000000000e+00 0.000000000e+00
0.000000000e+00 0.000000000e+00
0.000000000e+00 0.000000000e+00
0.000000000e+00 0.000000000e+00
0.000000000e+00 0.000000000e+00
0.000000000e+00 0.000000000e+00
0.000000000e+00 0.000000000e+00
0.000000000e+00 0.000000000e+00
0.000000000e+00 0.000000000e+00
0.000000000e+00 0.000000000e+00
-9.604111983e-05 3.823649604e-04
-2.218768001e-03 1.670321524e-01
-6.970840693e-02 1.512605846e-01
2.079606929e-04 3.852468217e-05
2.129562898e-03 -1.672519594e-01
-1.557506621e-03 -6.754776090e-02
-9.965788573e-02 4.700679705e-02
5.149177741e-04 -3.578275500e-04
7.157514244e-02 -8.360634744e-02
9.943348169e-02 -4.696896300e-02
-2.428995867e-05 2.921153737e-07
7.312035905e-06 2.489552344e-06
0.000000000e+00 0.000000000e+00
0.000000000e+00 0.000000000e+00
0.000000000e+00 0.000000000e+00
0.000000000e+00 0.000000000e+00
0.000000000e+00 0.000000000e+00
0.000000000e+00 0.000000000e+00
0.000000000e+00 0.000000000e+00
0.000000000e+00 0.000000000e+00
0.000000000e+00 0.000000000e+00
0.000000000e+00 0.000000000e+00
0.000000000e+00 0.000000000e+00
0.000000000e+00 0.000000000e+00
0.000000000e+00 0.000000000e+00
0.000000000e+00 0.000000000e+00
0.000000000e+00 0.000000000e+00
0.000000000e+00 0.000000000e+00
0.000000000e+00 0.000000000e+00
0.000000000e+00 0.000000000e+00
0.000000000e+00 0.000000000e+00
0.000000000e+00 0.000000000e+00
0.000000000e+00 0.000000000e+00
0.000000000e+00 0.000000000e+00
0.000000000e+00 0.000000000e+00
0.000000000e+00 0.000000000e+00
0.000000000e+00 0.000000000e+00
0.000000000e+00 0.000000000e+00
0.000000000e+00 0.000000000e+00
0.000000000e+00 0.000000000e+00
0.000000000e+00 0.000000000e+00
0.000000000e+00 0.000000000e+00
0.000000000e+00 0.000000000e+00
0.000000000e+00 0.000000000e+00
-2.406328422e-04 1.313792018e-05
1.190036088e-01 2.040404826e-02
9.977266937e-02 6.738641113e-02
-5.956783425e-04 -2.395764168e-04
-1.183183938e-01 -2.057649568e-02
-4.593760148e-02 -9.268008173e-03
2.547856979e-02 7.487744838e-02
1.360133028e-04 2.895622747e-04
-5.376050249e-02 -5.789220333e-02
-2.548390999e-02 -7.500098646e-02
2.307625618e-05 -1.868337567e-04
-2.088531437e-05 2.791543557e-05
0.000000000e+00 0.000000000e+00
0.000000000e+00 0.000000000e+00
0.000000000e+00 0.000000000e+00
0.000000000e+00 0.000000000e+00
0.000000000e+00 0.000000000e+00
0.000000000e+00 0.000000000e+00
0.000000000e+00 0.000000000e+00
0.000000000e+00 0.000000000e+00
0.000000000e+00 0.000000000e+00
0.000000000e+00 0.000000000e+00
0.000000000e+00 0.000000000e+00
0.000000000e+00 0.000000000e+00
0.000000000e+00 0.000000000e+00
0.000000000e+00 0.000000000e+00
0.000000000e+00 0.000000000e+00
0.000000000e+00 0.000000000e+00
0.000000000e+00 0.000000000e+00
0.000000000e+00 0.000000000e+00
0.000000000e+00 0.000000000e+00
0.000000000e+00 0.000000000e+00
0.000000000e+00 0.000000000e+00
0.000000000e+00 0.000000000e+00
0.000000000e+00 0.000000000e+00
0.000000000e+00 0.000000000e+00
0.000000000e+00 0.000000000e+00
0.000000000e+00 0.000000000e+00
0.000000000e+00 0.000000000e+00
0.000000000e+00 0.000000000e+00
6.959756138e-05 2.332883014e-06
-4.884964973e-02 -4.863107577e-03
-4.241209477e-02 -2.444997802e-02
2.063724678e-04 7.117548375e-05
4.872855917e-02 4.883767571e-03
5.663730204e-02 3.908609599e-02
6.959052291e-03 1.924691349e-02
5.274476734e-06 4.012160207e-05
-1.418768242e-02 -1.467748638e-02
-6.969342008e-03 -1.924312115e-02
4.987217835e-06 -4.838089444e-05
-5.092359061e-06 7.519528936e-06
0.000000000e+00 0.000000000e+00
0.000000000e+00 0.000000000e+00
0.000000000e+00 0.000000000e+00
0.000000000e+00 0.000000000e+00
0.000000000e+00 0.000000000e+00
0.000000000e+00 0.000000000e+00
0.000000000e+00 0.000000000e+00
0.000000000e+00 0.000000000e+00
0.000000000e+00 0.000000000e+00
0.000000000e+00 0.000000000e+00
0.000000000e+00 0.000000000e+00
0.000000000e+00 0.000000000e+00
0.000000000e+00 0.000000000e+00
0.000000000e+00 0.000000000e+00
0.000000000e+00 0.000000000e+00
0.000000000e+00 0.000000000e+00
0.000000000e+00 0.000000000e+00
0.000000000e+00 0.000000000e+00
0.000000000e+00 0.000000000e+00
0.000000000e+00 0.000000000e+00
0.000000000e+00 0.000000000e+00
0.000000000e+00 0.000000000e+00
0.000000000e+00 0.000000000e+00
0.000000000e+00 0.000000000e+00
0.000000000e+00 0.000000000e+00
0.000000000e+00 0.000000000e+00
0.000000000e+00 0.000000000e+00
0.000000000e+00 0.000000000e+00
1.057773625e-05 -1.324776385e-04
-1.177040488e-02 6.587561220e-02
-3.769144788e-02 5.502820760e-02
1.813158888e-04 -3.017706331e-04
1.174958888e-02 -6.552637368e-02
1.731419563e-02 -6.126192585e-02
-1.592927799e-02 -1.397594810e-02
-8.890517347e-05 -1.598202471e-05
2.027425542e-02 6.224891637e-03
1.600598916e-02 1.400089264e-02
1.975841224e-05 4.652138887e-05
1.056763494e-06 -9.395809684e-06
0.000000000e+00 0.000000000e+00
0.000000000e+00 0.000000000e+00
0.000000000e+00 0.000000000e+00
0.000000000e+00 0.000000000e+00
0.000000000e+00 0.000000000e+00
0.000000000e+00 0.000000000e+00
0.000000000e+00 0.000000000e+00
0.000000000e+00 0.000000000e+00
0.000000000e+00 0.000000000e+00
0.000000000e+00 0.000000000e+00
0.000000000e+00 0.000000000e+00
0.000000000e+00 0.000000000e+00
0.000000000e+00 0.000000000e+00
0.000000000e+00 0.000000000e+00
0.000000000e+00 0.000000000e+00
0.000000000e+00 0.000000000e+00
0.000000000e+00 0.000000000e+00
0.000000000e+00 0.000000000e+00
0.000000000e+00 0.000000000e+00
0.000000000e+00 0.000000000e+00
0.000000000e+00 0.000000000e+00
0.000000000e+00 0.000000000e+00
0.000000000e+00 0.000000000e+00
0.000000000e+00 0.000000000e+00
0.000000000e+00 0.000000000e+00
0.000000000e+00 0.000000000e+00
0.000000000e+00 0.000000000e+00
0.000000000e+00 0.000000000e+00
-1.698829728e-04 2.698389289e-04
1.289801002e-01 -1.304118931e-01
1.707696319e-01 -6.563373655e-02
-7.201040862e-04 5.037217052e-04
-1.287889481e-01 1.297080070e-01
-1.391746551e-01 3.483738750e-02
4.130989313e-02 -1.544077322e-02
1.985238778e-04 -4.537207860e-05
-3.136351332e-02 3.085168824e-02
-4.133909941e-02 1.538589876e-02
-1.043569937e-04 -9.858098565e-06
1.554453593e-05 1.109963523e-05
0.000000000e+00 0.000000000e+00
0.000000000e+00 0.000000000e+00
0.000000000e+00 0.000000000e+00
0.000000000e+00 0.000000000e+00
0.000000000e+00 0.000000000e+00
0.000000000e+00 0.000000000e+00
0.000000000e+00 0.000000000e+00
0.000000000e+00 0.000000000e+00
0.000000000e+00 0.000000000e+00
0.000000000e+00 0.000000000e+00
0.000000000e+00 0.000000000e+00
0.000000000e+00 0.000000000e+00
0.000000000e+00 0.000000000e+00
0.000000000e+00 0.000000000e+00
0.000000000e+00 0.000000000e+00
0.000000000e+00 0.000000000e+00
0.000000000e+00 0.000000000e+00
0.000000000e+00 0.000000000e+00
0.000000000e+00 0.000000000e+00
0.000000000e+00 0.000000000e+00
0.000000000e+00 0.000000000e+00
0.000000000e+00 0.000000000e+00
0.000000000e+00 0.000000000e+00
0.000000000e+00 0.000000000e+00
0.000000000e+00 0.000000000e+00
0.000000000e+00 0.000000000e+00
0.000000000e+00 0.000000000e+00
0.000000000e+00 0.000000000e+00
0.000000000e+00 0.000000000e+00
0.000000000e+00 0.000000000e+00
0.000000000e+00 0.000000000e+00
0.000000000e+00 0.000000000e+00
-6.522367767e-05 1.195773802e-05
-6.415960938e-02 1.040846109e-02
-6.298754364e-02 -1.665877923e-02
-2.279940818e-04 -1.055036628e-04
6.455318630e-02 -1.043611020e-02
-3.114958107e-02 7.591450214e-02
-1.101676524e-01 1.524490211e-02
1.141015455e-04 -9.314881754e-05
9.415282309e-02 -5.895380676e-02
1.101090610e-01 -1.528833248e-02
1.743291978e-05 4.992058621e-06
-4.479432391e-06 -3.495222472e-06
0.000000000e+00 0.000000000e+00
0.000000000e+00 0.000000000e+00
0.000000000e+00 0.000000000e+00
0.000000000e+00 0.000000000e+00
0.000000000e+00 0.000000000e+00
0.000000000e+00 0.000000000e+00
0.000000000e+00 0.000000000e+00
0.000000000e+00 0.000000000e+00
0.000000000e+00 0.000000000e+00
0.000000000e+00 0.000000000e+00
0.000000000e+00 0.000000000e+00
0.000000000e+00 0.000000000e+00
0.000000000e+00 0.000000000e+00
0.000000000e+00 0.000000000e+00
0.000000000e+00 0.000000000e+00
0.000000000e+00 0.000000000e+00
0.000000000e+00 0.000000000e+00
0.000000000e+00 0.000000000e+00
0.000000000e+00 0.000000000e+00
0.000000000e+00 0.000000000e+00
0.000000000e+00 0.000000000e+00
0.000000000e+00 0.000000000e+00
0.000000000e+00 0.000000000e+00
0.000000000e+00 0.000000000e+00
0.000000000e+00 0.000000000e+00
0.000000000e+00 0.000000000e+00
0.000000000e+00 0.000000000e+00
0.000000000e+00 0.000000000e+00
-2.042968117e-05 2.890524775e-05
3.622036427e-02 -2.700127475e-02
4.422050714e-02 -9.888992645e-03
1.168839517e-04 1.341168536e-05
-3.613404557e-02 2.684365399e-02
-5.100939795e-02 5.482375249e-02
-2.493069693e-02 3.819299862e-02
-1.291693025e-05 -7.355356502e-05
6.952635013e-03 -4.492932931e-02
2.474300936e-02 -3.818358108e-02
6.212008429e-06 -4.060661922e-06
-2.262121370e-06 4.958411068e-07
0.000000000e+00 0.000000000e+00
0.000000000e+00 0.000000000e+00
0.000000000e+00 0.000000000e+00
0.000000000e+00 0.000000000e+00
0.000000000e+00 0.000000000e+00
0.000000000e+00 0.000000000e+00
0.000000000e+00 0.000000000e+00
0.000000000e+00 0.000000000e+00
0.000000000e+00 0.000000000e+00
0.000000000e+00 0.000000000e+00
0.000000000e+00 0.000000000e+00
0.000000000e+00 0.000000000e+00
0.000000000e+00 0.000000000e+00
0.000000000e+00 0.000000000e+00
0.000000000e+00 0.000000000e+00
0.000000000e+00 0.000000000e+00
0.000000000e+00 0.000000000e+00
0.000000000e+00 0.000000000e+00
0.000000000e+00 0.000000000e+00
0.000000000e+00 0.000000000e+00
0.000000000e+00 0.000000000e+00
0.000000000e+00 0.000000000e+00
0.000000000e+00 0.000000000e+00
0.000000000e+00 0.000000000e+00
0.000000000e+00 0.000000000e+00
0.000000000e+00 0.000000000e+00
0.000000000e+00 0.000000000e+00
0.000000000e+00 0.000000000e+00
3.779599501e-05 6.950995157e-06
-1.571790501e-02 1.660402305e-02
-2.114068717e-02 8.730645292e-03
-1.380025242e-05 2.923352440e-05
1.549609005e-02 -1.646936871e-02
5.924860388e-02 -6.312373281e-02
5.727626011e-02 -3.388896957e-02
-4.422339043e-05 8.713651187e-05
-3.817657009e-02 5.425858870e-02
-5.707250163e-02 3.391800076e-02
-1.075270029e-05 1.289335955e-06
3.265970008e-06 8.728072203e-07
0.000000000e+00 0.000000000e+00
0.000000000e+00 0.000000000e+00
0.000000000e+00 0.000000000e+00
0.000000000e+00 0.000000000e+00
0.000000000e+00 0.000000000e+00
0.000000000e+00 0.000000000e+00
0.000000000e+00 0.000000000e+00
0.000000000e+00 0.000000000e+00
0.000000000e+00 0.000000000e+00
0.000000000e+00 0.000000000e+00
0.000000000e+00 0.000000000e+00
0.000000000e+00 0.000000000e+00
0.000000000e+00 0.000000000e+00
0.000000000e+00 0.000000000e+00
0.000000000e+00 0.000000000e+00
0.000000000e+00 0.000000000e+00
0.000000000e+00 0.000000000e+00
0.000000000e+00 0.000000000e+00
0.000000000e+00 0.000000000e+00
0.000000000e+00 0.000000000e+00
0.000000000e+00 0.000000000e+00
0.000000000e+00 0.000000000e+00
0.000000000e+00 0.000000000e+00
0.000000000e+00 0.000000000e+00
0.000000000e+00 0.000000000e+00
0.000000000e+00 0.000000000e+00
0.000000000e+00 0.000000000e+00
0.000000000e+00 0.000000000e+00
2.772367588e-05 2.853630940e-05
-1.711092889e-02 1.378953308e-01
-7.201651484e-02 1.191971451e-01
-2.652285038e-04 3.251138842e-04
1.711427234e-02 -1.379224062e-01
8.974557370e-02 -1.052091271e-01
1.065846160e-02 1.974621974e-02
-9.502695320e-06 -8.200007869e-06
-1.763250306e-02 -1.390110515e-02
-1.040822361e-02 -1.990873367e-02
-2.375133334e-07 -3.657455181e-06
-4.035686061e-07 1.067772246e-06
0.000000000e+00 0.000000000e+00
0.000000000e+00 0.000000000e+00
0.000000000e+00 0.000000000e+00
0.000000000e+00 0.000000000e+00
0.000000000e+00 0.000000000e+00
0.000000000e+00 0.000000000e+00
0.000000000e+00 0.000000000e+00
0.000000000e+00 0.000000000e+00
0.000000000e+00 0.000000000e+00
0.000000000e+00 0.000000000e+00
0.000000000e+00 0.000000000e+00
0.000000000e+00 0.000000000e+00
0.000000000e+00 0.000000000e+00
0.000000000e+00 0.000000000e+00
0.000000000e+00 0.000000000e+00
0.000000000e+00 0.000000000e+00
0.000000000e+00 0.000000000e+00
0.000000000e+00 0.000000000e+00
0.000000000e+00 0.000000000e+00
0.000000000e+00 0.000000000e+00
0.000000000e+00 0.000000000e+00
0.000000000e+00 0.000000000e+00
0.000000000e+00 0.000000000e+00
0.000000000e+00 0.000000000e+00
0.000000000e+00 0.000000000e+00
0.000000000e+00 0.000000000e+00
0.000000000e+00 0.000000000e+00
0.000000000e+00 0.000000000e+00
0.000000000e+00 0.000000000e+00
0.000000000e+00 0.000000000e+00
0.000000000e+00 0.000000000e+00
0.000000000e+00 0.000000000e+00
-1.038867631e-04 4.264856034e-05
1.471142936e-02 -3.585435823e-02
2.814740874e-02 -2.664081380e-02
-3.597555406e-05 6.345337169e-06
-1.470104046e-02 3.580848128e-02
-2.808346972e-02 2.667482384e-02
-5.951149433e-06 2.124352932e-06
2.014232678e-06 1.435494426e-07
0.000000000e+00 0.000000000e+00
0.000000000e+00 0.000000000e+00
0.000000000e+00 0.000000000e+00
0.000000000e+00 0.000000000e+00
0.000000000e+00 0.000000000e+00
0.000000000e+00 0.000000000e+00
0.000000000e+00 0.000000000e+00
0.000000000e+00 0.000000000e+00
0.000000000e+00 0.000000000e+00
0.000000000e+00 0.000000000e+00
0.000000000e+00 0.000000000e+00
0.000000000e+00 0.000000000e+00
0.000000000e+00 0.000000000e+00
0.000000000e+00 0.000000000e+00
0.000000000e+00 0.000000000e+00
0.000000000e+00 0.000000000e+00
0.000000000e+00 0.000000000e+00
0.000000000e+00 0.000000000e+00
0.000000000e+00 0.000000000e+00
0.000000000e+00 0.000000000e+00
0.000000000e+00 0.000000000e+00
0.000000000e+00 0.000000000e+00
0.000000000e+00 0.000000000e+00
0.000000000e+00 0.000000000e+00
0.000000000e+00 0.000000000e+00
0.000000000e+00 0.000000000e+00
0.000000000e+00 0.000000000e+00
0.000000000e+00 0.000000000e+00
0.000000000e+00 0.000000000e+00
0.000000000e+00 0.000000000e+00
0.000000000e+00 0.000000000e+00
0.000000000e+00 0.000000000e+00
-3.946212018e-05 -1.091896484e-04
3.367136046e-02 3.633225709e-02
1.578214765e-02 4.703429341e-02
-5.004345076e-05 -9.014793250e-06
-3.360170871e-02 -3.637741879e-02
-1.578915119e-02 -4.697127640e-02
7.474533845e-07 -8.049325515e-06
-1.213614837e-06 2.239257128e-06
0.000000000e+00 0.000000000e+00
0.000000000e+00 0.000000000e+00
0.000000000e+00 0.000000000e+00
0.000000000e+00 0.000000000e+00
0.000000000e+00 0.000000000e+00
0.000000000e+00 0.000000000e+00
0.000000000e+00 0.000000000e+00
0.000000000e+00 0.000000000e+00
0.000000000e+00 0.000000000e+00
0.000000000e+00 0.000000000e+00
0.000000000e+00 0.000000000e+00
0.000000000e+00 0.000000000e+00
0.000000000e+00 0.000000000e+00
0.000000000e+00 0.000000000e+00
0.000000000e+00 0.000000000e+00
0.000000000e+00 0.000000000e+00
0.000000000e+00 0.000000000e+00
0.000000000e+00 0.000000000e+00
0.000000000e+00 0.000000000e+00
0.000000000e+00 0.000000000e+00
0.000000000e+00 0.000000000e+00
0.000000000e+00 0.000000000e+00
0.000000000e+00 0.000000000e+00
0.000000000e+00 0.000000000e+00
0.000000000e+00 0.000000000e+00
0.000000000e+00 0.000000000e+00
0.000000000e+00 0.000000000e+00
0.000000000e+00 0.000000000e+00
0.000000000e+00 0.000000000e+00
0.000000000e+00 0.000000000e+00
0.000000000e+00 0.000000000e+00
0.000000000e+00 0.000000000e+00
-1.085548865e-05 1.750971278e-04
-2.147793770e-02 -6.440705806e-02
6.982680410e-03 -6.765800714e-02
1.083737225e-04 6.604722876e-05
2.133490704e-02 6.443178654e-02
-6.895367056e-03 6.757211685e-02
-5.491192042e-06 9.622968719e-06
2.711877414e-06 -2.186572146e-06
0.000000000e+00 0.000000000e+00
0.000000000e+00 0.000000000e+00
0.000000000e+00 0.000000000e+00
0.000000000e+00 0.000000000e+00
0.000000000e+00 0.000000000e+00
0.000000000e+00 0.000000000e+00
0.000000000e+00 0.000000000e+00
0.000000000e+00 0.000000000e+00
0.000000000e+00 0.000000000e+00
0.000000000e+00 0.000000000e+00
0.000000000e+00 0.000000000e+00
0.000000000e+00 0.000000000e+00
0.000000000e+00 0.000000000e+00
0.000000000e+00 0.000000000e+00
0.000000000e+00 0.000000000e+00
0.000000000e+00 0.000000000e+00
0.000000000e+00 0.000000000e+00
0.000000000e+00 0.000000000e+00
0.000000000e+00 0.000000000e+00
0.000000000e+00 0.000000000e+00
0.000000000e+00 0.000000000e+00
0.000000000e+00 0.000000000e+00
0.000000000e+00 0.000000000e+00
0.000000000e+00 0.000000000e+00
0.000000000e+00 0.000000000e+00
0.000000000e+00 0.000000000e+00
0.000000000e+00 0.000000000e+00
0.000000000e+00 0.000000000e+00
0.000000000e+00 0.000000000e+00
0.000000000e+00 0.000000000e+00
0.000000000e+00 0.000000000e+00
0.000000000e+00 0.000000000e+00
2.908934839e-04 1.827087835e-04
-1.367705166e-01 -1.144582406e-02
-1.200957820e-01 -6.678353995e-02
1.493121526e-04 -5.001410318e-05
1.366868019e-01 1.164276525e-02
1.200446934e-01 6.658554077e-02
1.350730599e-05 1.786092616e-05
-1.760174428e-06 -6.770992968e-06
