-7.835217752e-03 -3.870108351e-02
3.405759111e-02 2.914558351e-02
-8.622227237e-03 -1.176988520e-02
-9.398533404e-02 -2.870120294e-02
-2.006257710e-04 -3.789973562e-07
1.781247120e-04 -1.186944064e-04
-3.015261609e-05 -2.976366204e-06
-9.604111983e-05 3.823649604e-04
0.000000000e+00 0.000000000e+00
0.000000000e+00 0.000000000e+00
0.000000000e+00 0.000000000e+00
0.000000000e+00 0.000000000e+00
0.000000000e+00 0.000000000e+00
0.000000000e+00 0.000000000e+00
0.000000000e+00 0.000000000e+00
0.000000000e+00 0.000000000e+00
0.000000000e+00 0.000000000e+00
0.000000000e+00 0.000000000e+00
0.000000000e+00 0.000000000e+00
0.000000000e+00 0.000000000e+00
2.069817483e-02 1.346452534e-02
2.668130770e-02 5.420347303e-02
7.772152312e-03 -5.957705155e-02
-4.293214530e-02 -1.148517281e-01
-7.187567651e-02 1.529251784e-02
6.709438562e-02 -7.249637693e-02
-1.525010169e-02 4.447404761e-03
-2.218768001e-03 1.670321524e-01
0.000000000e+00 0.000000000e+00
0.000000000e+00 0.000000000e+00
0.000000000e+00 0.000000000e+00
0.000000000e+00 0.000000000e+00
0.000000000e+00 0.000000000e+00
0.000000000e+00 0.000000000e+00
0.000000000e+00 0.000000000e+00
0.000000000e+00 0.000000000e+00
0.000000000e+00 0.000000000e+00
0.000000000e+00 0.000000000e+00
0.000000000e+00 0.000000000e+00
0.000000000e+00 0.000000000e+00
-1.015467104e-02 5.233320221e-02
1.264517894e-03 1.555104181e-02
2.832719311e-02 -3.691405430e-02
4.885932431e-02 -3.320605680e-02
-7.168249786e-02 -1.518871449e-02
9.052032232e-02 -3.884290531e-02
-1.567344740e-02 -2.141571371e-03
-6.970840693e-02 1.512605846e-01
0.000000000e+00 0.000000000e+00
0.000000000e+00 0.000000000e+00
0.000000000e+00 0.000000000e+00
0.000000000e+00 0.000000000e+00
0.000000000e+00 0.000000000e+00
0.000000000e+00 0.000000000e+00
0.000000000e+00 0.000000000e+00
0.000000000e+00 0.000000000e+00
0.000000000e+00 0.000000000e+00
0.000000000e+00 0.000000000e+00
0.000000000e+00 0.000000000e+00
0.000000000e+00 0.000000000e+00
8.033373888e-05 3.723035479e-05
1.360532769e-05 -2.503845099e-05
-7.313532842e-05 -1.919598981e-05
-1.208460799e-05 -2.972913535e-05
-2.161463090e-05 7.098370406e-05
-7.637042290e-05 -9.328678425e-05
3.514960554e-05 2.178524664e-05
2.079606929e-04 3.852468217e-05
0.000000000e+00 0.000000000e+00
0.000000000e+00 0.000000000e+00
0.000000000e+00 0.000000000e+00
0.000000000e+00 0.000000000e+00
0.000000000e+00 0.000000000e+00
0.000000000e+00 0.000000000e+00
0.000000000e+00 0.000000000e+00
0.000000000e+00 0.000000000e+00
0.000000000e+00 0.000000000e+00
0.000000000e+00 0.000000000e+00
0.000000000e+00 0.000000000e+00
0.000000000e+00 0.000000000e+00
-1.214926597e-02 -5.213704333e-02
-7.498878520e-03 -1.368805580e-02
-1.081105415e-02 4.535958916e-02
-3.125176206e-02 5.035262182e-02
7.208447158e-02 -1.533934753e-02
-6.715058535e-02 7.262382656e-02
1.515172422e-02 -4.417269025e-03
2.129562898e-03 -1.672519594e-01
-2.406328422e-04 1.313792018e-05
6.959756138e-05 2.332883014e-06
1.057773625e-05 -1.324776385e-04
-1.698829728e-04 2.698389289e-04
0.000000000e+00 0.000000000e+00
0.000000000e+00 0.000000000e+00
0.000000000e+00 0.000000000e+00
0.000000000e+00 0.000000000e+00
0.000000000e+00 0.000000000e+00
0.000000000e+00 0.000000000e+00
0.000000000e+00 0.000000000e+00
0.000000000e+00 0.000000000e+00
1.021888759e-02 -5.253664032e-02
-1.250477042e-03 -1.555366442e-02
-2.839767747e-02 3.696945682e-02
-4.908946157e-02 3.317275643e-02
1.323178783e-02 -2.781182714e-02
-1.324145496e-02 2.006560750e-02
4.547634721e-02 5.531860515e-03
-1.557506621e-03 -6.754776090e-02
1.190036088e-01 2.040404826e-02
-4.884964973e-02 -4.863107577e-03
-1.177040488e-02 6.587561220e-02
1.289801002e-01 -1.304118931e-01
0.000000000e+00 0.000000000e+00
0.000000000e+00 0.000000000e+00
0.000000000e+00 0.000000000e+00
0.000000000e+00 0.000000000e+00
0.000000000e+00 0.000000000e+00
0.000000000e+00 0.000000000e+00
0.000000000e+00 0.000000000e+00
0.000000000e+00 0.000000000e+00
-1.219423575e-05 1.667890319e-05
-2.116471933e-06 5.639907613e-06
1.599148345e-05 -8.255710782e-06
2.259729627e-05 -3.533053132e-06
-3.562060371e-02 -6.335253268e-02
7.819265127e-02 1.475614123e-02
2.567807585e-02 1.529962104e-02
-9.965788573e-02 4.700679705e-02
9.977266937e-02 6.738641113e-02
-4.241209477e-02 -2.444997802e-02
-3.769144788e-02 5.502820760e-02
1.707696319e-01 -6.563373655e-02
0.000000000e+00 0.000000000e+00
0.000000000e+00 0.000000000e+00
0.000000000e+00 0.000000000e+00
0.000000000e+00 0.000000000e+00
0.000000000e+00 0.000000000e+00
0.000000000e+00 0.000000000e+00
0.000000000e+00 0.000000000e+00
0.000000000e+00 0.000000000e+00
7.110318620e-06 -5.222815162e-06
1.616641953e-06 -2.001952225e-06
-7.460386769e-06 1.299035944e-06
-9.734325431e-06 -1.522075422e-06
3.005932376e-04 2.993032394e-04
-4.366867070e-04 -2.497163587e-05
-1.728228090e-04 -2.764875535e-05
5.149177741e-04 -3.578275500e-04
-5.956783425e-04 -2.395764168e-04
2.063724678e-04 7.117548375e-05
1.813158888e-04 -3.017706331e-04
-7.201040862e-04 5.037217052e-04
0.000000000e+00 0.000000000e+00
0.000000000e+00 0.000000000e+00
0.000000000e+00 0.000000000e+00
0.000000000e+00 0.000000000e+00
0.000000000e+00 0.000000000e+00
0.000000000e+00 0.000000000e+00
0.000000000e+00 0.000000000e+00
0.000000000e+00 0.000000000e+00
0.000000000e+00 0.000000000e+00
0.000000000e+00 0.000000000e+00
0.000000000e+00 0.000000000e+00
0.000000000e+00 0.000000000e+00
5.834665895e-02 4.316428304e-02
-7.729151845e-02 1.856625453e-02
-2.964709699e-02 -3.458110616e-03
7.157514244e-02 -8.360634744e-02
-1.183183938e-01 -2.057649568e-02
4.872855917e-02 4.883767571e-03
1.174958888e-02 -6.552637368e-02
-1.287889481e-01 1.297080070e-01
-6.522367767e-05 1.195773802e-05
-2.042968117e-05 2.890524775e-05
3.779599501e-05 6.950995157e-06
2.772367588e-05 2.853630940e-05
0.000000000e+00 0.000000000e+00
0.000000000e+00 0.000000000e+00
0.000000000e+00 0.000000000e+00
0.000000000e+00 0.000000000e+00
0.000000000e+00 0.000000000e+00
0.000000000e+00 0.000000000e+00
0.000000000e+00 0.000000000e+00
0.000000000e+00 0.000000000e+00
3.554772213e-02 6.320920587e-02
-7.805747539e-02 -1.466416568e-02
-2.561611123e-02 -1.527428906e-02
9.943348169e-02 -4.696896300e-02
-4.593760148e-02 -9.268008173e-03
5.663730204e-02 3.908609599e-02
1.731419563e-02 -6.126192585e-02
-1.391746551e-01 3.483738750e-02
-6.415960938e-02 1.040846109e-02
3.622036427e-02 -2.700127475e-02
-1.571790501e-02 1.660402305e-02
-1.711092889e-02 1.378953308e-01
0.000000000e+00 0.000000000e+00
0.000000000e+00 0.000000000e+00
0.000000000e+00 0.000000000e+00
0.000000000e+00 0.000000000e+00
0.000000000e+00 0.000000000e+00
0.000000000e+00 0.000000000e+00
0.000000000e+00 0.000000000e+00
0.000000000e+00 0.000000000e+00
-1.327777909e-06 -1.596341281e-05
1.433025864e-05 1.012144094e-05
3.740064358e-06 5.422824870e-06
-2.428995867e-05 2.921153737e-07
2.547856979e-02 7.487744838e-02
6.959052291e-03 1.924691349e-02
-1.592927799e-02 -1.397594810e-02
4.130989313e-02 -1.544077322e-02
-6.298754364e-02 -1.665877923e-02
4.422050714e-02 -9.888992645e-03
-2.114068717e-02 8.730645292e-03
-7.201651484e-02 1.191971451e-01
0.000000000e+00 0.000000000e+00
0.000000000e+00 0.000000000e+00
0.000000000e+00 0.000000000e+00
0.000000000e+00 0.000000000e+00
0.000000000e+00 0.000000000e+00
0.000000000e+00 0.000000000e+00
0.000000000e+00 0.000000000e+00
0.000000000e+00 0.000000000e+00
-1.159859494e-06 4.883946531e-06
-3.231116352e-06 -4.647111837e-06
-6.077744956e-07 -1.987549240e-06
7.312035905e-06 2.489552344e-06
1.360133028e-04 2.895622747e-04
5.274476734e-06 4.012160207e-05
-8.890517347e-05 -1.598202471e-05
1.985238778e-04 -4.537207860e-05
-2.279940818e-04 -1.055036628e-04
1.168839517e-04 1.341168536e-05
-1.380025242e-05 2.923352440e-05
-2.652285038e-04 3.251138842e-04
0.000000000e+00 0.000000000e+00
0.000000000e+00 0.000000000e+00
0.000000000e+00 0.000000000e+00
0.000000000e+00 0.000000000e+00
0.000000000e+00 0.000000000e+00
0.000000000e+00 0.000000000e+00
0.000000000e+00 0.000000000e+00
0.000000000e+00 0.000000000e+00
0.000000000e+00 0.000000000e+00
0.000000000e+00 0.000000000e+00
0.000000000e+00 0.000000000e+00
0.000000000e+00 0.000000000e+00
-5.376050249e-02 -5.789220333e-02
-1.418768242e-02 -1.467748638e-02
2.027425542e-02 6.224891637e-03
-3.136351332e-02 3.085168824e-02
6.455318630e-02 -1.043611020e-02
-3.613404557e-02 2.684365399e-02
1.549609005e-02 -1.646936871e-02
1.711427234e-02 -1.379224062e-01
-1.038867631e-04 4.264856034e-05
-3.946212018e-05 -1.091896484e-04
-1.085548865e-05 1.750971278e-04
2.908934839e-04 1.827087835e-04
0.000000000e+00 0.000000000e+00
0.000000000e+00 0.000000000e+00
0.000000000e+00 0.000000000e+00
0.000000000e+00 0.000000000e+00
0.000000000e+00 0.000000000e+00
0.000000000e+00 0.000000000e+00
0.000000000e+00 0.000000000e+00
0.000000000e+00 0.000000000e+00
-2.548390999e-02 -7.500098646e-02
-6.969342008e-03 -1.924312115e-02
1.600598916e-02 1.400089264e-02
-4.133909941e-02 1.538589876e-02
-3.114958107e-02 7.591450214e-02
-5.100939795e-02 5.482375249e-02
5.924860388e-02 -6.312373281e-02
8.974557370e-02 -1.052091271e-01
1.471142936e-02 -3.585435823e-02
3.367136046e-02 3.633225709e-02
-2.147793770e-02 -6.440705806e-02
-1.367705166e-01 -1.144582406e-02
0.000000000e+00 0.000000000e+00
0.000000000e+00 0.000000000e+00
0.000000000e+00 0.000000000e+00
0.000000000e+00 0.000000000e+00
0.000000000e+00 0.000000000e+00
0.000000000e+00 0.000000000e+00
0.000000000e+00 0.000000000e+00
0.000000000e+00 0.000000000e+00
2.307625618e-05 -1.868337567e-04
4.987217835e-06 -4.838089444e-05
1.975841224e-05 4.652138887e-05
-1.043569937e-04 -9.858098565e-06
-1.101676524e-01 1.524490211e-02
-2.493069693e-02 3.819299862e-02
5.727626011e-02 -3.388896957e-02
1.065846160e-02 1.974621974e-02
2.814740874e-02 -2.664081380e-02
1.578214765e-02 4.703429341e-02
6.982680410e-03 -6.765800714e-02
-1.200957820e-01 -6.678353995e-02
0.000000000e+00 0.000000000e+00
0.000000000e+00 0.000000000e+00
0.000000000e+00 0.000000000e+00
0.000000000e+00 0.000000000e+00
0.000000000e+00 0.000000000e+00
0.000000000e+00 0.000000000e+00
0.000000000e+00 0.000000000e+00
0.000000000e+00 0.000000000e+00
-2.088531437e-05 2.791543557e-05
-5.092359061e-06 7.519528936e-06
1.056763494e-06 -9.395809684e-06
1.554453593e-05 1.109963523e-05
1.141015455e-04 -9.314881754e-05
-1.291693025e-05 -7.355356502e-05
-4.422339043e-05 8.713651187e-05
-9.502695320e-06 -8.200007869e-06
-3.597555406e-05 6.345337169e-06
-5.004345076e-05 -9.014793250e-06
1.083737225e-04 6.604722876e-05
1.493121526e-04 -5.001410318e-05
0.000000000e+00 0.000000000e+00
0.000000000e+00 0.000000000e+00
0.000000000e+00 0.000000000e+00
0.000000000e+00 0.000000000e+00
0.000000000e+00 0.000000000e+00
0.000000000e+00 0.000000000e+00
0.000000000e+00 0.000000000e+00
0.000000000e+00 0.000000000e+00
0.000000000e+00 0.000000000e+00
0.000000000e+00 0.000000000e+00
0.000000000e+00 0.000000000e+00
0.000000000e+00 0.000000000e+00
9.415282309e-02 -5.895380676e-02
6.952635013e-03 -4.492932931e-02
-3.817657009e-02 5.425858870e-02
-1.763250306e-02 -1.390110515e-02
-1.470104046e-02 3.580848128e-02
-3.360170871e-02 -3.637741879e-02
2.133490704e-02 6.443178654e-02
1.366868019e-01 1.164276525e-02
0.000000000e+00 0.000000000e+00
0.000000000e+00 0.000000000e+00
0.000000000e+00 0.000000000e+00
0.000000000e+00 0.000000000e+00
0.000000000e+00 0.000000000e+00
0.000000000e+00 0.000000000e+00
0.000000000e+00 0.000000000e+00
0.000000000e+00 0.000000000e+00
0.000000000e+00 0.000000000e+00
0.000000000e+00 0.000000000e+00
0.000000000e+00 0.000000000e+00
0.000000000e+00 0.000000000e+00
1.101090610e-01 -1.528833248e-02
2.474300936e-02 -3.818358108e-02
-5.707250163e-02 3.391800076e-02
-1.040822361e-02 -1.990873367e-02
-2.808346972e-02 2.667482384e-02
-1.578915119e-02 -4.697127640e-02
-6.895367056e-03 6.757211685e-02
1.200446934e-01 6.658554077e-02
0.000000000e+00 0.000000000e+00
0.000000000e+00 0.000000000e+00
0.000000000e+00 0.000000000e+00
0.000000000e+00 0.000000000e+00
0.000000000e+00 0.000000000e+00
0.000000000e+00 0.000000000e+00
0.000000000e+00 0.000000000e+00
0.000000000e+00 0.000000000e+00
0.000000000e+00 0.000000000e+00
0.000000000e+00 0.000000000e+00
0.000000000e+00 0.000000000e+00
0.000000000e+00 0.000000000e+00
1.743291978e-05 4.992058621e-06
6.212008429e-06 -4.060661922e-06
-1.075270029e-05 1.289335955e-06
-2.375133334e-07 -3.657455181e-06
-5.951149433e-06 2.124352932e-06
7.474533845e-07 -8.049325515e-06
-5.491192042e-06 9.622968719e-06
1.350730599e-05 1.786092616e-05
0.000000000e+00 0.000000000e+00
0.000000000e+00 0.000000000e+00
0.000000000e+00 0.000000000e+00
0.000000000e+00 0.000000000e+00
0.000000000e+00 0.000000000e+00
0.000000000e+00 0.000000000e+00
0.000000000e+00 0.000000000e+00
0.000000000e+00 0.000000000e+00
0.000000000e+00 0.000000000e+00
0.000000000e+00 0.000000000e+00
0.000000000e+00 0.000000000e+00
0.000000000e+00 0.000000000e+00
-4.479432391e-06 -3.495222472e-06
-2.262121370e-06 4.958411068e-07
3.265970008e-06 8.728072203e-07
-4.035686061e-07 1.067772246e-06
2.014232678e-06 1.435494426e-07
-1.213614837e-06 2.239257128e-06
2.711877414e-06 -2.186572146e-06
-1.760174428e-06 -6.770992968e-06
