-2.777160989e-05 2.590636432e-04
-2.943702202e-05 3.231058145e-05
-1.097345375e-06 -1.779101876e-04
2.104273590e-04 -7.688315236e-05
-2.095502859e-04 -9.071403474e-05
2.561481961e-04 -9.195084567e-05
-5.433471233e-05 -3.288909647e-05
-7.208075840e-05 4.478667397e-04
0.000000000e+00 0.000000000e+00
0.000000000e+00 0.000000000e+00
0.000000000e+00 0.000000000e+00
0.000000000e+00 0.000000000e+00
0.000000000e+00 0.000000000e+00
0.000000000e+00 0.000000000e+00
0.000000000e+00 0.000000000e+00
0.000000000e+00 0.000000000e+00
0.000000000e+00 0.000000000e+00
0.000000000e+00 0.000000000e+00
0.000000000e+00 0.000000000e+00
0.000000000e+00 0.000000000e+00
-6.750855595e-02 -7.297267765e-02
-1.716834307e-02 -1.701890677e-02
6.492311507e-02 3.220025077e-02
-3.317814320e-03 6.056687236e-02
3.670316935e-02 -4.920924827e-02
9.933222085e-03 9.284961224e-02
1.627985574e-02 -1.696439646e-02
-1.362583935e-01 -5.104710162e-02
0.000000000e+00 0.000000000e+00
0.000000000e+00 0.000000000e+00
0.000000000e+00 0.000000000e+00
0.000000000e+00 0.000000000e+00
0.000000000e+00 0.000000000e+00
0.000000000e+00 0.000000000e+00
0.000000000e+00 0.000000000e+00
0.000000000e+00 0.000000000e+00
0.000000000e+00 0.000000000e+00
0.000000000e+00 0.000000000e+00
0.000000000e+00 0.000000000e+00
0.000000000e+00 0.000000000e+00
-3.175032139e-02 -9.419526905e-02
-8.746487089e-03 -2.252963372e-02
4.607837647e-02 5.591584370e-02
-2.777425945e-02 5.383969098e-02
5.354709551e-02 -2.983165160e-02
-2.887576446e-02 8.871811628e-02
2.181726880e-02 -8.833284490e-03
-1.033264548e-01 -1.022204533e-01
0.000000000e+00 0.000000000e+00
0.000000000e+00 0.000000000e+00
0.000000000e+00 0.000000000e+00
0.000000000e+00 0.000000000e+00
0.000000000e+00 0.000000000e+00
0.000000000e+00 0.000000000e+00
0.000000000e+00 0.000000000e+00
0.000000000e+00 0.000000000e+00
0.000000000e+00 0.000000000e+00
0.000000000e+00 0.000000000e+00
0.000000000e+00 0.000000000e+00
0.000000000e+00 0.000000000e+00
-1.940430666e-04 2.152562229e-05
-7.027516403e-05 -1.760506530e-05
1.481959189e-04 -3.797409590e-05
1.461109496e-04 1.048557970e-04
-4.037685358e-05 -1.617768721e-04
1.630495535e-04 1.511751034e-04
4.566600182e-05 -5.187526403e-05
-2.995006216e-04 1.217552926e-04
0.000000000e+00 0.000000000e+00
0.000000000e+00 0.000000000e+00
0.000000000e+00 0.000000000e+00
0.000000000e+00 0.000000000e+00
0.000000000e+00 0.000000000e+00
0.000000000e+00 0.000000000e+00
0.000000000e+00 0.000000000e+00
0.000000000e+00 0.000000000e+00
0.000000000e+00 0.000000000e+00
0.000000000e+00 0.000000000e+00
0.000000000e+00 0.000000000e+00
0.000000000e+00 0.000000000e+00
6.756776571e-02 7.288452238e-02
1.722829044e-02 1.699287444e-02
-6.495102495e-02 -3.212089837e-02
3.209894523e-03 -6.052066013e-02
-3.657142818e-02 4.923535883e-02
-1.006916910e-02 -9.281320125e-02
-1.627442986e-02 1.699665189e-02
1.362753808e-01 5.081333965e-02
0.000000000e+00 0.000000000e+00
0.000000000e+00 0.000000000e+00
0.000000000e+00 0.000000000e+00
0.000000000e+00 0.000000000e+00
0.000000000e+00 0.000000000e+00
0.000000000e+00 0.000000000e+00
0.000000000e+00 0.000000000e+00
0.000000000e+00 0.000000000e+00
0.000000000e+00 0.000000000e+00
0.000000000e+00 0.000000000e+00
0.000000000e+00 0.000000000e+00
0.000000000e+00 0.000000000e+00
3.180896863e-02 9.415587783e-02
8.762286045e-03 2.255640924e-02
-4.610879719e-02 -5.589194968e-02
2.770379558e-02 -5.390042067e-02
-5.352031812e-02 2.994683757e-02
2.880741283e-02 -8.879572153e-02
-2.180624194e-02 8.843967691e-03
1.035255939e-01 1.021374911e-01
0.000000000e+00 0.000000000e+00
0.000000000e+00 0.000000000e+00
0.000000000e+00 0.000000000e+00
0.000000000e+00 0.000000000e+00
0.000000000e+00 0.000000000e+00
0.000000000e+00 0.000000000e+00
0.000000000e+00 0.000000000e+00
0.000000000e+00 0.000000000e+00
0.000000000e+00 0.000000000e+00
0.000000000e+00 0.000000000e+00
0.000000000e+00 0.000000000e+00
0.000000000e+00 0.000000000e+00
-1.350135790e-06 1.412629626e-05
-1.746923317e-07 3.450803888e-06
-2.746692189e-06 -9.974223758e-06
6.756027233e-06 -5.406814580e-06
-8.721952327e-06 7.785754406e-07
8.936295671e-06 -9.889308785e-06
-3.357675041e-06 -1.202536168e-07
7.529427876e-06 1.935061482e-05
0.000000000e+00 0.000000000e+00
0.000000000e+00 0.000000000e+00
0.000000000e+00 0.000000000e+00
0.000000000e+00 0.000000000e+00
0.000000000e+00 0.000000000e+00
0.000000000e+00 0.000000000e+00
0.000000000e+00 0.000000000e+00
0.000000000e+00 0.000000000e+00
0.000000000e+00 0.000000000e+00
0.000000000e+00 0.000000000e+00
0.000000000e+00 0.000000000e+00
0.000000000e+00 0.000000000e+00
2.131021347e-06 -4.423624432e-06
4.742119870e-07 -1.103456725e-06
-3.573015590e-07 3.511385103e-06
-2.893330020e-06 9.247486332e-07
2.944342668e-06 8.754845453e-07
-4.200548574e-06 2.036457090e-06
1.091395234e-06 4.463672951e-07
1.917071160e-07 -7.111098967e-06
0.000000000e+00 0.000000000e+00
0.000000000e+00 0.000000000e+00
0.000000000e+00 0.000000000e+00
0.000000000e+00 0.000000000e+00
0.000000000e+00 0.000000000e+00
0.000000000e+00 0.000000000e+00
0.000000000e+00 0.000000000e+00
0.000000000e+00 0.000000000e+00
0.000000000e+00 0.000000000e+00
0.000000000e+00 0.000000000e+00
0.000000000e+00 0.000000000e+00
0.000000000e+00 0.000000000e+00
0.000000000e+00 0.000000000e+00
0.000000000e+00 0.000000000e+00
0.000000000e+00 0.000000000e+00
0.000000000e+00 0.000000000e+00
1.561059034e-04 -5.955985034e-05
1.201248670e-04 -1.454892626e-04
-1.140436216e-04 -8.173435344e-05
-1.517099008e-04 -1.027602848e-04
4.886568058e-05 2.869294840e-04
-1.793227857e-04 -3.751995973e-04
7.598868979e-05 2.149586217e-04
4.967687419e-04 1.678078843e-04
0.000000000e+00 0.000000000e+00
0.000000000e+00 0.000000000e+00
0.000000000e+00 0.000000000e+00
0.000000000e+00 0.000000000e+00
0.000000000e+00 0.000000000e+00
0.000000000e+00 0.000000000e+00
0.000000000e+00 0.000000000e+00
0.000000000e+00 0.000000000e+00
0.000000000e+00 0.000000000e+00
0.000000000e+00 0.000000000e+00
0.000000000e+00 0.000000000e+00
0.000000000e+00 0.000000000e+00
3.646520153e-02 5.147225410e-02
7.903251797e-02 6.075700000e-02
5.404962599e-02 -5.536800995e-02
3.959146887e-02 -9.330737591e-02
-1.596759260e-01 4.800783098e-02
2.088811994e-01 -1.103919968e-01
-1.182197034e-01 4.958575964e-02
-7.842008770e-02 2.929954231e-01
0.000000000e+00 0.000000000e+00
0.000000000e+00 0.000000000e+00
0.000000000e+00 0.000000000e+00
0.000000000e+00 0.000000000e+00
0.000000000e+00 0.000000000e+00
0.000000000e+00 0.000000000e+00
0.000000000e+00 0.000000000e+00
0.000000000e+00 0.000000000e+00
0.000000000e+00 0.000000000e+00
0.000000000e+00 0.000000000e+00
0.000000000e+00 0.000000000e+00
0.000000000e+00 0.000000000e+00
1.227821503e-02 6.179890037e-02
4.731619731e-02 8.764069527e-02
7.189965248e-02 -2.847977541e-02
7.416572422e-02 -6.901023537e-02
-1.652748585e-01 -2.126596496e-02
2.355794609e-01 -1.558794081e-02
-1.280420125e-01 -2.950727940e-03
-1.909493655e-01 2.353740335e-01
0.000000000e+00 0.000000000e+00
0.000000000e+00 0.000000000e+00
0.000000000e+00 0.000000000e+00
0.000000000e+00 0.000000000e+00
0.000000000e+00 0.000000000e+00
0.000000000e+00 0.000000000e+00
0.000000000e+00 0.000000000e+00
0.000000000e+00 0.000000000e+00
0.000000000e+00 0.000000000e+00
0.000000000e+00 0.000000000e+00
0.000000000e+00 0.000000000e+00
0.000000000e+00 0.000000000e+00
1.674514351e-04 6.445182953e-05
2.376249031e-04 -2.913232129e-05
-7.254020602e-07 -1.938951755e-04
-3.350543557e-05 -2.456599614e-04
-2.529929625e-04 3.361310228e-04
2.129914792e-04 -5.545833264e-04
-1.105853225e-04 2.932378557e-04
3.435350081e-04 6.855750689e-04
0.000000000e+00 0.000000000e+00
0.000000000e+00 0.000000000e+00
0.000000000e+00 0.000000000e+00
0.000000000e+00 0.000000000e+00
0.000000000e+00 0.000000000e+00
0.000000000e+00 0.000000000e+00
0.000000000e+00 0.000000000e+00
0.000000000e+00 0.000000000e+00
0.000000000e+00 0.000000000e+00
0.000000000e+00 0.000000000e+00
0.000000000e+00 0.000000000e+00
0.000000000e+00 0.000000000e+00
-3.656060994e-02 -5.142433569e-02
-7.909136266e-02 -6.066145748e-02
-5.397430807e-02 5.543004721e-02
-3.949760273e-02 9.340469539e-02
1.596943438e-01 -4.823523015e-02
-2.087693214e-01 1.106789410e-01
1.181579232e-01 -4.973991960e-02
7.805023342e-02 -2.931638360e-01
0.000000000e+00 0.000000000e+00
0.000000000e+00 0.000000000e+00
0.000000000e+00 0.000000000e+00
0.000000000e+00 0.000000000e+00
0.000000000e+00 0.000000000e+00
0.000000000e+00 0.000000000e+00
0.000000000e+00 0.000000000e+00
0.000000000e+00 0.000000000e+00
0.000000000e+00 0.000000000e+00
0.000000000e+00 0.000000000e+00
0.000000000e+00 0.000000000e+00
0.000000000e+00 0.000000000e+00
-1.235648338e-02 -6.191937625e-02
-4.741868749e-02 -8.774203062e-02
-7.195866108e-02 2.854893915e-02
-7.427282631e-02 6.914569438e-02
1.655636430e-01 2.126289904e-02
-2.359151542e-01 1.569606736e-02
1.282438338e-01 2.900194377e-03
1.911734641e-01 -2.358054668e-01
0.000000000e+00 0.000000000e+00
0.000000000e+00 0.000000000e+00
0.000000000e+00 0.000000000e+00
0.000000000e+00 0.000000000e+00
0.000000000e+00 0.000000000e+00
0.000000000e+00 0.000000000e+00
0.000000000e+00 0.000000000e+00
0.000000000e+00 0.000000000e+00
0.000000000e+00 0.000000000e+00
0.000000000e+00 0.000000000e+00
0.000000000e+00 0.000000000e+00
0.000000000e+00 0.000000000e+00
-8.122337931e-07 3.701559763e-06
4.928908766e-07 5.965748187e-06
4.643309239e-06 1.641638505e-07
5.748669992e-06 -2.011892775e-06
-8.589209756e-06 -5.157430223e-06
1.334685385e-05 4.820539289e-06
-6.979917998e-06 -3.248987014e-06
-1.618979695e-05 8.357270417e-06
0.000000000e+00 0.000000000e+00
0.000000000e+00 0.000000000e+00
0.000000000e+00 0.000000000e+00
0.000000000e+00 0.000000000e+00
0.000000000e+00 0.000000000e+00
0.000000000e+00 0.000000000e+00
0.000000000e+00 0.000000000e+00
0.000000000e+00 0.000000000e+00
0.000000000e+00 0.000000000e+00
0.000000000e+00 0.000000000e+00
0.000000000e+00 0.000000000e+00
0.000000000e+00 0.000000000e+00
9.517401054e-07 -1.149225227e-06
7.712444017e-07 -2.003915142e-06
-1.529855354e-06 -7.248389124e-07
-2.247553994e-06 -3.048160124e-07
1.976876547e-06 3.094973408e-06
-3.656654144e-06 -3.670900469e-06
1.744442329e-06 2.136712965e-06
6.722794751e-06 -1.934158149e-07
0.000000000e+00 0.000000000e+00
0.000000000e+00 0.000000000e+00
0.000000000e+00 0.000000000e+00
0.000000000e+00 0.000000000e+00
0.000000000e+00 0.000000000e+00
0.000000000e+00 0.000000000e+00
0.000000000e+00 0.000000000e+00
0.000000000e+00 0.000000000e+00
0.000000000e+00 0.000000000e+00
0.000000000e+00 0.000000000e+00
0.000000000e+00 0.000000000e+00
0.000000000e+00 0.000000000e+00
0.000000000e+00 0.000000000e+00
0.000000000e+00 0.000000000e+00
0.000000000e+00 0.000000000e+00
0.000000000e+00 0.000000000e+00
1.515719050e-04 3.158721302e-05
2.222382318e-05 2.582415618e-06
-6.603026850e-05 -1.100419468e-06
-4.999992598e-08 -9.560190665e-05
-6.014948303e-05 5.266956578e-05
-8.322222129e-06 -9.104765195e-05
-1.387473003e-05 3.653987278e-06
9.880242578e-05 1.419424516e-04
0.000000000e+00 0.000000000e+00
0.000000000e+00 0.000000000e+00
0.000000000e+00 0.000000000e+00
0.000000000e+00 0.000000000e+00
0.000000000e+00 0.000000000e+00
0.000000000e+00 0.000000000e+00
0.000000000e+00 0.000000000e+00
0.000000000e+00 0.000000000e+00
0.000000000e+00 0.000000000e+00
0.000000000e+00 0.000000000e+00
0.000000000e+00 0.000000000e+00
0.000000000e+00 0.000000000e+00
-4.669986665e-03 -2.796957642e-02
4.418599419e-03 -1.068295352e-02
-4.521106370e-03 2.395310998e-02
-1.755128242e-02 2.782165632e-02
3.474528342e-02 -4.041542299e-03
-3.979638964e-02 3.248778731e-02
8.186664432e-03 6.878397893e-03
1.718453690e-02 -8.729331195e-02
0.000000000e+00 0.000000000e+00
0.000000000e+00 0.000000000e+00
0.000000000e+00 0.000000000e+00
0.000000000e+00 0.000000000e+00
0.000000000e+00 0.000000000e+00
0.000000000e+00 0.000000000e+00
0.000000000e+00 0.000000000e+00
0.000000000e+00 0.000000000e+00
0.000000000e+00 0.000000000e+00
0.000000000e+00 0.000000000e+00
0.000000000e+00 0.000000000e+00
0.000000000e+00 0.000000000e+00
7.026955951e-03 -2.728690952e-02
8.269114420e-03 -7.902933285e-03
-1.372473221e-02 1.988833025e-02
-2.713140100e-02 1.810714602e-02
3.308452293e-02 1.037396397e-02
-4.915494472e-02 1.337285340e-02
4.668036476e-03 9.518968873e-03
5.082056671e-02 -7.213949412e-02
0.000000000e+00 0.000000000e+00
0.000000000e+00 0.000000000e+00
0.000000000e+00 0.000000000e+00
0.000000000e+00 0.000000000e+00
0.000000000e+00 0.000000000e+00
0.000000000e+00 0.000000000e+00
0.000000000e+00 0.000000000e+00
0.000000000e+00 0.000000000e+00
0.000000000e+00 0.000000000e+00
0.000000000e+00 0.000000000e+00
0.000000000e+00 0.000000000e+00
0.000000000e+00 0.000000000e+00
-1.514805335e-04 2.323402441e-04
-1.192435448e-04 1.496017649e-05
1.809391688e-04 -1.078865607e-04
3.493323748e-04 -4.160257959e-05
-2.632240066e-04 -2.487138845e-04
4.654597142e-04 9.568643873e-05
3.344273864e-05 -9.750561003e-05
-7.275422104e-04 3.959636088e-04
0.000000000e+00 0.000000000e+00
0.000000000e+00 0.000000000e+00
0.000000000e+00 0.000000000e+00
0.000000000e+00 0.000000000e+00
0.000000000e+00 0.000000000e+00
0.000000000e+00 0.000000000e+00
0.000000000e+00 0.000000000e+00
0.000000000e+00 0.000000000e+00
0.000000000e+00 0.000000000e+00
0.000000000e+00 0.000000000e+00
0.000000000e+00 0.000000000e+00
0.000000000e+00 0.000000000e+00
4.738618154e-03 2.795979194e-02
-4.339640029e-03 1.069197524e-02
4.455612972e-03 -2.396923676e-02
1.744495519e-02 -2.783220261e-02
-3.466866538e-02 4.131819122e-03
3.969114274e-02 -3.259136155e-02
-8.225933649e-03 -6.832804997e-03
-1.693491079e-02 8.729253709e-02
0.000000000e+00 0.000000000e+00
0.000000000e+00 0.000000000e+00
0.000000000e+00 0.000000000e+00
0.000000000e+00 0.000000000e+00
0.000000000e+00 0.000000000e+00
0.000000000e+00 0.000000000e+00
0.000000000e+00 0.000000000e+00
0.000000000e+00 0.000000000e+00
0.000000000e+00 0.000000000e+00
0.000000000e+00 0.000000000e+00
0.000000000e+00 0.000000000e+00
0.000000000e+00 0.000000000e+00
-7.023408543e-03 2.716638893e-02
-8.241009898e-03 7.902167737e-03
1.371120289e-02 -1.984899119e-02
2.700352296e-02 -1.808322407e-02
-3.298056498e-02 -1.028122380e-02
4.901705682e-02 -1.339436695e-02
-4.667764995e-03 -9.494498372e-03
-5.056696758e-02 7.198560238e-02
0.000000000e+00 0.000000000e+00
0.000000000e+00 0.000000000e+00
0.000000000e+00 0.000000000e+00
0.000000000e+00 0.000000000e+00
0.000000000e+00 0.000000000e+00
0.000000000e+00 0.000000000e+00
0.000000000e+00 0.000000000e+00
0.000000000e+00 0.000000000e+00
0.000000000e+00 0.000000000e+00
0.000000000e+00 0.000000000e+00
0.000000000e+00 0.000000000e+00
0.000000000e+00 0.000000000e+00
1.584530692e-04 -1.945904951e-04
9.649357526e-05 -3.341252886e-05
-1.855162991e-04 1.100897352e-04
-2.870493918e-04 4.614592763e-05
2.296383318e-04 2.066743618e-04
-4.483131052e-04 -7.414577703e-05
2.456911716e-06 9.457334818e-05
6.796588423e-04 -3.962281626e-04
0.000000000e+00 0.000000000e+00
0.000000000e+00 0.000000000e+00
0.000000000e+00 0.000000000e+00
0.000000000e+00 0.000000000e+00
0.000000000e+00 0.000000000e+00
0.000000000e+00 0.000000000e+00
0.000000000e+00 0.000000000e+00
0.000000000e+00 0.000000000e+00
0.000000000e+00 0.000000000e+00
0.000000000e+00 0.000000000e+00
0.000000000e+00 0.000000000e+00
0.000000000e+00 0.000000000e+00
-3.084722630e-05 1.180937670e-05
-1.334378703e-05 -2.071596100e-06
2.859849701e-05 -8.319888707e-07
3.564672079e-05 1.258876455e-05
-1.308869105e-05 -3.758198727e-05
4.721178266e-05 3.757315062e-05
5.487729140e-06 -1.123394395e-05
-1.041539872e-04 2.244849838e-06
0.000000000e+00 0.000000000e+00
0.000000000e+00 0.000000000e+00
0.000000000e+00 0.000000000e+00
0.000000000e+00 0.000000000e+00
0.000000000e+00 0.000000000e+00
0.000000000e+00 0.000000000e+00
0.000000000e+00 0.000000000e+00
0.000000000e+00 0.000000000e+00
0.000000000e+00 0.000000000e+00
0.000000000e+00 0.000000000e+00
0.000000000e+00 0.000000000e+00
0.000000000e+00 0.000000000e+00
0.000000000e+00 0.000000000e+00
0.000000000e+00 0.000000000e+00
0.000000000e+00 0.000000000e+00
0.000000000e+00 0.000000000e+00
5.948576727e-04 4.418984754e-04
-1.126245334e-04 -2.992242480e-05
-3.339104587e-04 -1.688509656e-05
3.721410176e-04 -4.657882964e-04
-5.010234891e-04 1.104358307e-04
3.156313614e-04 -2.861466492e-04
2.046412374e-05 -1.575317765e-05
-1.794670243e-05 9.076523129e-04
0.000000000e+00 0.000000000e+00
0.000000000e+00 0.000000000e+00
0.000000000e+00 0.000000000e+00
0.000000000e+00 0.000000000e+00
0.000000000e+00 0.000000000e+00
0.000000000e+00 0.000000000e+00
0.000000000e+00 0.000000000e+00
0.000000000e+00 0.000000000e+00
0.000000000e+00 0.000000000e+00
0.000000000e+00 0.000000000e+00
0.000000000e+00 0.000000000e+00
0.000000000e+00 0.000000000e+00
-2.292946279e-01 -6.833956391e-02
3.701115400e-02 -1.107355021e-02
1.080238149e-01 -2.478601038e-02
-4.182878137e-02 1.939135790e-01
1.322366744e-01 -1.138877869e-01
-5.668913946e-02 1.623136550e-01
-6.003053859e-04 -1.593705034e-03
-1.558268368e-01 -3.087808490e-01
0.000000000e+00 0.000000000e+00
0.000000000e+00 0.000000000e+00
0.000000000e+00 0.000000000e+00
0.000000000e+00 0.000000000e+00
0.000000000e+00 0.000000000e+00
0.000000000e+00 0.000000000e+00
0.000000000e+00 0.000000000e+00
0.000000000e+00 0.000000000e+00
0.000000000e+00 0.000000000e+00
0.000000000e+00 0.000000000e+00
0.000000000e+00 0.000000000e+00
0.000000000e+00 0.000000000e+00
-1.814939678e-01 -1.565379053e-01
3.830520436e-02 5.055562593e-03
1.088938117e-01 2.168406546e-02
-1.177344844e-01 1.599958390e-01
1.674937010e-01 -4.981360584e-02
-1.183601171e-01 1.250724196e-01
1.424681395e-04 -1.728804316e-03
-1.573631540e-02 -3.460495472e-01
0.000000000e+00 0.000000000e+00
0.000000000e+00 0.000000000e+00
0.000000000e+00 0.000000000e+00
0.000000000e+00 0.000000000e+00
0.000000000e+00 0.000000000e+00
0.000000000e+00 0.000000000e+00
0.000000000e+00 0.000000000e+00
0.000000000e+00 0.000000000e+00
0.000000000e+00 0.000000000e+00
0.000000000e+00 0.000000000e+00
0.000000000e+00 0.000000000e+00
0.000000000e+00 0.000000000e+00
-1.709387871e-04 2.284750226e-04
-2.070573464e-05 -8.292216808e-05
-3.763234417e-06 -1.071023435e-04
2.385742991e-04 1.720871223e-04
-6.647310511e-05 -2.516148961e-04
7.253680087e-05 1.734806865e-04
7.026195090e-05 7.132522114e-06
-3.680975060e-04 -9.374463843e-05
0.000000000e+00 0.000000000e+00
0.000000000e+00 0.000000000e+00
0.000000000e+00 0.000000000e+00
0.000000000e+00 0.000000000e+00
0.000000000e+00 0.000000000e+00
0.000000000e+00 0.000000000e+00
0.000000000e+00 0.000000000e+00
0.000000000e+00 0.000000000e+00
0.000000000e+00 0.000000000e+00
0.000000000e+00 0.000000000e+00
0.000000000e+00 0.000000000e+00
0.000000000e+00 0.000000000e+00
2.295302749e-01 6.844909489e-02
-3.698964417e-02 1.109241415e-02
-1.081376523e-01 2.476782165e-02
4.184453934e-02 -1.941056550e-01
-1.323303878e-01 1.140214652e-01
5.679205060e-02 -1.625450104e-01
5.495855585e-04 1.631936757e-03
1.560062021e-01 3.092027307e-01
0.000000000e+00 0.000000000e+00
0.000000000e+00 0.000000000e+00
0.000000000e+00 0.000000000e+00
0.000000000e+00 0.000000000e+00
0.000000000e+00 0.000000000e+00
0.000000000e+00 0.000000000e+00
0.000000000e+00 0.000000000e+00
0.000000000e+00 0.000000000e+00
0.000000000e+00 0.000000000e+00
0.000000000e+00 0.000000000e+00
0.000000000e+00 0.000000000e+00
0.000000000e+00 0.000000000e+00
1.813859642e-01 1.561894566e-01
-3.826706484e-02 -4.992598668e-03
-1.087428108e-01 -2.158332057e-02
1.174565405e-01 -1.599458754e-01
-1.672757715e-01 4.993375018e-02
1.182017699e-01 -1.250527203e-01
-1.687640324e-04 1.712206053e-03
1.597370207e-02 3.457421362e-01
0.000000000e+00 0.000000000e+00
0.000000000e+00 0.000000000e+00
0.000000000e+00 0.000000000e+00
0.000000000e+00 0.000000000e+00
0.000000000e+00 0.000000000e+00
0.000000000e+00 0.000000000e+00
0.000000000e+00 0.000000000e+00
0.000000000e+00 0.000000000e+00
0.000000000e+00 0.000000000e+00
0.000000000e+00 0.000000000e+00
0.000000000e+00 0.000000000e+00
0.000000000e+00 0.000000000e+00
-1.037414768e-04 -2.346666734e-04
3.478849248e-05 2.243393283e-05
9.535676509e-05 7.090833242e-05
-1.873209549e-04 1.008109830e-04
1.848981192e-04 2.861913890e-05
-1.719841093e-04 6.665201363e-05
9.685345503e-07 -1.553784386e-06
1.436676102e-04 -3.420332796e-04
0.000000000e+00 0.000000000e+00
0.000000000e+00 0.000000000e+00
0.000000000e+00 0.000000000e+00
0.000000000e+00 0.000000000e+00
0.000000000e+00 0.000000000e+00
0.000000000e+00 0.000000000e+00
0.000000000e+00 0.000000000e+00
0.000000000e+00 0.000000000e+00
0.000000000e+00 0.000000000e+00
0.000000000e+00 0.000000000e+00
0.000000000e+00 0.000000000e+00
0.000000000e+00 0.000000000e+00
-2.586661140e-05 4.438961696e-05
2.321530474e-06 -1.248077842e-05
-1.699728045e-06 -2.660567225e-05
3.609855776e-05 2.159764881e-05
-1.466259710e-05 -3.171735079e-05
2.646819667e-05 1.717363739e-05
6.423608738e-07 4.058143531e-06
-6.269851292e-05 1.633980719e-05
0.000000000e+00 0.000000000e+00
0.000000000e+00 0.000000000e+00
0.000000000e+00 0.000000000e+00
0.000000000e+00 0.000000000e+00
0.000000000e+00 0.000000000e+00
0.000000000e+00 0.000000000e+00
0.000000000e+00 0.000000000e+00
0.000000000e+00 0.000000000e+00
0.000000000e+00 0.000000000e+00
0.000000000e+00 0.000000000e+00
0.000000000e+00 0.000000000e+00
0.000000000e+00 0.000000000e+00
0.000000000e+00 0.000000000e+00
0.000000000e+00 0.000000000e+00
0.000000000e+00 0.000000000e+00
0.000000000e+00 0.000000000e+00
3.322648699e-04 -2.340287028e-05
6.511737593e-05 -2.262495400e-05
-1.186899826e-04 6.004880925e-05
-2.332340046e-06 -1.214159129e-04
0.000000000e+00 0.000000000e+00
0.000000000e+00 0.000000000e+00
0.000000000e+00 0.000000000e+00
0.000000000e+00 0.000000000e+00
0.000000000e+00 0.000000000e+00
0.000000000e+00 0.000000000e+00
0.000000000e+00 0.000000000e+00
0.000000000e+00 0.000000000e+00
0.000000000e+00 0.000000000e+00
0.000000000e+00 0.000000000e+00
0.000000000e+00 0.000000000e+00
0.000000000e+00 0.000000000e+00
0.000000000e+00 0.000000000e+00
0.000000000e+00 0.000000000e+00
0.000000000e+00 0.000000000e+00
0.000000000e+00 0.000000000e+00
4.197739065e-02 -3.004086390e-02
1.402706467e-02 -3.942932468e-03
-1.564330980e-02 9.492217563e-03
-2.196484804e-02 -1.881673187e-02
0.000000000e+00 0.000000000e+00
0.000000000e+00 0.000000000e+00
0.000000000e+00 0.000000000e+00
0.000000000e+00 0.000000000e+00
0.000000000e+00 0.000000000e+00
0.000000000e+00 0.000000000e+00
0.000000000e+00 0.000000000e+00
0.000000000e+00 0.000000000e+00
0.000000000e+00 0.000000000e+00
0.000000000e+00 0.000000000e+00
0.000000000e+00 0.000000000e+00
0.000000000e+00 0.000000000e+00
0.000000000e+00 0.000000000e+00
0.000000000e+00 0.000000000e+00
0.000000000e+00 0.000000000e+00
0.000000000e+00 0.000000000e+00
5.044491217e-02 -1.045966428e-02
1.433101669e-02 2.097924938e-03
-1.805179939e-02 2.332963515e-03
-1.238792948e-02 -2.612513304e-02
0.000000000e+00 0.000000000e+00
0.000000000e+00 0.000000000e+00
0.000000000e+00 0.000000000e+00
0.000000000e+00 0.000000000e+00
0.000000000e+00 0.000000000e+00
0.000000000e+00 0.000000000e+00
0.000000000e+00 0.000000000e+00
0.000000000e+00 0.000000000e+00
0.000000000e+00 0.000000000e+00
0.000000000e+00 0.000000000e+00
0.000000000e+00 0.000000000e+00
0.000000000e+00 0.000000000e+00
0.000000000e+00 0.000000000e+00
0.000000000e+00 0.000000000e+00
0.000000000e+00 0.000000000e+00
0.000000000e+00 0.000000000e+00
9.315567877e-05 7.098578499e-05
-1.210109258e-05 -7.879301847e-06
-3.003605161e-05 2.193767159e-06
7.822149928e-05 -4.106359120e-05
0.000000000e+00 0.000000000e+00
0.000000000e+00 0.000000000e+00
0.000000000e+00 0.000000000e+00
0.000000000e+00 0.000000000e+00
0.000000000e+00 0.000000000e+00
0.000000000e+00 0.000000000e+00
0.000000000e+00 0.000000000e+00
0.000000000e+00 0.000000000e+00
0.000000000e+00 0.000000000e+00
0.000000000e+00 0.000000000e+00
0.000000000e+00 0.000000000e+00
0.000000000e+00 0.000000000e+00
0.000000000e+00 0.000000000e+00
0.000000000e+00 0.000000000e+00
0.000000000e+00 0.000000000e+00
0.000000000e+00 0.000000000e+00
-4.200006276e-02 3.009666875e-02
-1.398516912e-02 3.952657804e-03
1.563484408e-02 -9.527365677e-03
2.195505053e-02 1.885275729e-02
0.000000000e+00 0.000000000e+00
0.000000000e+00 0.000000000e+00
0.000000000e+00 0.000000000e+00
0.000000000e+00 0.000000000e+00
0.000000000e+00 0.000000000e+00
0.000000000e+00 0.000000000e+00
0.000000000e+00 0.000000000e+00
0.000000000e+00 0.000000000e+00
0.000000000e+00 0.000000000e+00
0.000000000e+00 0.000000000e+00
0.000000000e+00 0.000000000e+00
0.000000000e+00 0.000000000e+00
0.000000000e+00 0.000000000e+00
0.000000000e+00 0.000000000e+00
0.000000000e+00 0.000000000e+00
0.000000000e+00 0.000000000e+00
-5.065531284e-02 1.030972786e-02
-1.438343339e-02 -2.108447952e-03
1.816659048e-02 -2.308098599e-03
1.233457774e-02 2.619138174e-02
0.000000000e+00 0.000000000e+00
0.000000000e+00 0.000000000e+00
0.000000000e+00 0.000000000e+00
0.000000000e+00 0.000000000e+00
0.000000000e+00 0.000000000e+00
0.000000000e+00 0.000000000e+00
0.000000000e+00 0.000000000e+00
0.000000000e+00 0.000000000e+00
0.000000000e+00 0.000000000e+00
0.000000000e+00 0.000000000e+00
0.000000000e+00 0.000000000e+00
0.000000000e+00 0.000000000e+00
0.000000000e+00 0.000000000e+00
0.000000000e+00 0.000000000e+00
0.000000000e+00 0.000000000e+00
0.000000000e+00 0.000000000e+00
-3.574609218e-05 -7.838376405e-06
-8.708592759e-06 -5.485515430e-06
1.242508733e-05 3.711357976e-06
4.839087069e-07 2.048877286e-05
0.000000000e+00 0.000000000e+00
0.000000000e+00 0.000000000e+00
0.000000000e+00 0.000000000e+00
0.000000000e+00 0.000000000e+00
0.000000000e+00 0.000000000e+00
0.000000000e+00 0.000000000e+00
0.000000000e+00 0.000000000e+00
0.000000000e+00 0.000000000e+00
0.000000000e+00 0.000000000e+00
0.000000000e+00 0.000000000e+00
0.000000000e+00 0.000000000e+00
0.000000000e+00 0.000000000e+00
0.000000000e+00 0.000000000e+00
0.000000000e+00 0.000000000e+00
0.000000000e+00 0.000000000e+00
0.000000000e+00 0.000000000e+00
6.937869330e-06 1.000998964e-05
9.679762343e-07 3.264565748e-06
-2.527567858e-06 -3.523718760e-06
4.269897545e-06 -4.903201443e-06
0.000000000e+00 0.000000000e+00
0.000000000e+00 0.000000000e+00
0.000000000e+00 0.000000000e+00
0.000000000e+00 0.000000000e+00
0.000000000e+00 0.000000000e+00
0.000000000e+00 0.000000000e+00
0.000000000e+00 0.000000000e+00
0.000000000e+00 0.000000000e+00
0.000000000e+00 0.000000000e+00
0.000000000e+00 0.000000000e+00
0.000000000e+00 0.000000000e+00
0.000000000e+00 0.000000000e+00
0.000000000e+00 0.000000000e+00
0.000000000e+00 0.000000000e+00
0.000000000e+00 0.000000000e+00
0.000000000e+00 0.000000000e+00
0.000000000e+00 0.000000000e+00
0.000000000e+00 0.000000000e+00
0.000000000e+00 0.000000000e+00
0.000000000e+00 0.000000000e+00
0.000000000e+00 0.000000000e+00
0.000000000e+00 0.000000000e+00
0.000000000e+00 0.000000000e+00
0.000000000e+00 0.000000000e+00
0.000000000e+00 0.000000000e+00
0.000000000e+00 0.000000000e+00
0.000000000e+00 0.000000000e+00
0.000000000e+00 0.000000000e+00
0.000000000e+00 0.000000000e+00
0.000000000e+00 0.000000000e+00
0.000000000e+00 0.000000000e+00
0.000000000e+00 0.000000000e+00
0.000000000e+00 0.000000000e+00
0.000000000e+00 0.000000000e+00
0.000000000e+00 0.000000000e+00
0.000000000e+00 0.000000000e+00
0.000000000e+00 0.000000000e+00
0.000000000e+00 0.000000000e+00
0.000000000e+00 0.000000000e+00
0.000000000e+00 0.000000000e+00
0.000000000e+00 0.000000000e+00
0.000000000e+00 0.000000000e+00
0.000000000e+00 0.000000000e+00
0.000000000e+00 0.000000000e+00
0.000000000e+00 0.000000000e+00
0.000000000e+00 0.000000000e+00
0.000000000e+00 0.000000000e+00
0.000000000e+00 0.000000000e+00
0.000000000e+00 0.000000000e+00
0.000000000e+00 0.000000000e+00
0.000000000e+00 0.000000000e+00
0.000000000e+00 0.000000000e+00
0.000000000e+00 0.000000000e+00
0.000000000e+00 0.000000000e+00
0.000000000e+00 0.000000000e+00
0.000000000e+00 0.000000000e+00
0.000000000e+00 0.000000000e+00
0.000000000e+00 0.000000000e+00
0.000000000e+00 0.000000000e+00
0.000000000e+00 0.000000000e+00
0.000000000e+00 0.000000000e+00
0.000000000e+00 0.000000000e+00
0.000000000e+00 0.000000000e+00
0.000000000e+00 0.000000000e+00
0.000000000e+00 0.000000000e+00
0.000000000e+00 0.000000000e+00
0.000000000e+00 0.000000000e+00
0.000000000e+00 0.000000000e+00
0.000000000e+00 0.000000000e+00
0.000000000e+00 0.000000000e+00
0.000000000e+00 0.000000000e+00
0.000000000e+00 0.000000000e+00
0.000000000e+00 0.000000000e+00
0.000000000e+00 0.000000000e+00
0.000000000e+00 0.000000000e+00
0.000000000e+00 0.000000000e+00
0.000000000e+00 0.000000000e+00
0.000000000e+00 0.000000000e+00
0.000000000e+00 0.000000000e+00
0.000000000e+00 0.000000000e+00
0.000000000e+00 0.000000000e+00
0.000000000e+00 0.000000000e+00
0.000000000e+00 0.000000000e+00
0.000000000e+00 0.000000000e+00
0.000000000e+00 0.000000000e+00
0.000000000e+00 0.000000000e+00
0.000000000e+00 0.000000000e+00
0.000000000e+00 0.000000000e+00
0.000000000e+00 0.000000000e+00
0.000000000e+00 0.000000000e+00
0.000000000e+00 0.000000000e+00
0.000000000e+00 0.000000000e+00
0.000000000e+00 0.000000000e+00
0.000000000e+00 0.000000000e+00
0.000000000e+00 0.000000000e+00
0.000000000e+00 0.000000000e+00
0.000000000e+00 0.000000000e+00
0.000000000e+00 0.000000000e+00
0.000000000e+00 0.000000000e+00
0.000000000e+00 0.000000000e+00
0.000000000e+00 0.000000000e+00
0.000000000e+00 0.000000000e+00
0.000000000e+00 0.000000000e+00
0.000000000e+00 0.000000000e+00
0.000000000e+00 0.000000000e+00
0.000000000e+00 0.000000000e+00
0.000000000e+00 0.000000000e+00
0.000000000e+00 0.000000000e+00
0.000000000e+00 0.000000000e+00
0.000000000e+00 0.000000000e+00
0.000000000e+00 0.000000000e+00
0.000000000e+00 0.000000000e+00
0.000000000e+00 0.000000000e+00
0.000000000e+00 0.000000000e+00
0.000000000e+00 0.000000000e+00
0.000000000e+00 0.000000000e+00
0.000000000e+00 0.000000000e+00
0.000000000e+00 0.000000000e+00
0.000000000e+00 0.000000000e+00
0.000000000e+00 0.000000000e+00
0.000000000e+00 0.000000000e+00
0.000000000e+00 0.000000000e+00
0.000000000e+00 0.000000000e+00
0.000000000e+00 0.000000000e+00
0.000000000e+00 0.000000000e+00
0.000000000e+00 0.000000000e+00
0.000000000e+00 0.000000000e+00
0.000000000e+00 0.000000000e+00
0.000000000e+00 0.000000000e+00
0.000000000e+00 0.000000000e+00
0.000000000e+00 0.000000000e+00
0.000000000e+00 0.000000000e+00
0.000000000e+00 0.000000000e+00
0.000000000e+00 0.000000000e+00
0.000000000e+00 0.000000000e+00
0.000000000e+00 0.000000000e+00
0.000000000e+00 0.000000000e+00
0.000000000e+00 0.000000000e+00
0.000000000e+00 0.000000000e+00
0.000000000e+00 0.000000000e+00
0.000000000e+00 0.000000000e+00
0.000000000e+00 0.000000000e+00
0.000000000e+00 0.000000000e+00
0.000000000e+00 0.000000000e+00
0.000000000e+00 0.000000000e+00
0.000000000e+00 0.000000000e+00
0.000000000e+00 0.000000000e+00
0.000000000e+00 0.000000000e+00
0.000000000e+00 0.000000000e+00
0.000000000e+00 0.000000000e+00
0.000000000e+00 0.000000000e+00
0.000000000e+00 0.000000000e+00
0.000000000e+00 0.000000000e+00
0.000000000e+00 0.000000000e+00
0.000000000e+00 0.000000000e+00
0.000000000e+00 0.000000000e+00
0.000000000e+00 0.000000000e+00
0.000000000e+00 0.000000000e+00
0.000000000e+00 0.000000000e+00
0.000000000e+00 0.000000000e+00
0.000000000e+00 0.000000000e+00
0.000000000e+00 0.000000000e+00
0.000000000e+00 0.000000000e+00
0.000000000e+00 0.000000000e+00
0.000000000e+00 0.000000000e+00
0.000000000e+00 0.000000000e+00
0.000000000e+00 0.000000000e+00
0.000000000e+00 0.000000000e+00
0.000000000e+00 0.000000000e+00
0.000000000e+00 0.000000000e+00
0.000000000e+00 0.000000000e+00
0.000000000e+00 0.000000000e+00
0.000000000e+00 0.000000000e+00
0.000000000e+00 0.000000000e+00
0.000000000e+00 0.000000000e+00
0.000000000e+00 0.000000000e+00
0.000000000e+00 0.000000000e+00
0.000000000e+00 0.000000000e+00
0.000000000e+00 0.000000000e+00
0.000000000e+00 0.000000000e+00
0.000000000e+00 0.000000000e+00
0.000000000e+00 0.000000000e+00
0.000000000e+00 0.000000000e+00
0.000000000e+00 0.000000000e+00
0.000000000e+00 0.000000000e+00
0.000000000e+00 0.000000000e+00
0.000000000e+00 0.000000000e+00
0.000000000e+00 0.000000000e+00
0.000000000e+00 0.000000000e+00
0.000000000e+00 0.000000000e+00
0.000000000e+00 0.000000000e+00
0.000000000e+00 0.000000000e+00
0.000000000e+00 0.000000000e+00
0.000000000e+00 0.000000000e+00
0.000000000e+00 0.000000000e+00
0.000000000e+00 0.000000000e+00
0.000000000e+00 0.000000000e+00
0.000000000e+00 0.000000000e+00
0.000000000e+00 0.000000000e+00
0.000000000e+00 0.000000000e+00
0.000000000e+00 0.000000000e+00
0.000000000e+00 0.000000000e+00
0.000000000e+00 0.000000000e+00
0.000000000e+00 0.000000000e+00
0.000000000e+00 0.000000000e+00
0.000000000e+00 0.000000000e+00
0.000000000e+00 0.000000000e+00
0.000000000e+00 0.000000000e+00
0.000000000e+00 0.000000000e+00
0.000000000e+00 0.000000000e+00
0.000000000e+00 0.000000000e+00
0.000000000e+00 0.000000000e+00
0.000000000e+00 0.000000000e+00
0.000000000e+00 0.000000000e+00
0.000000000e+00 0.000000000e+00
0.000000000e+00 0.000000000e+00
0.000000000e+00 0.000000000e+00
0.000000000e+00 0.000000000e+00
0.000000000e+00 0.000000000e+00
0.000000000e+00 0.000000000e+00
0.000000000e+00 0.000000000e+00
0.000000000e+00 0.000000000e+00
0.000000000e+00 0.000000000e+00
0.000000000e+00 0.000000000e+00
0.000000000e+00 0.000000000e+00
0.000000000e+00 0.000000000e+00
0.000000000e+00 0.000000000e+00
0.000000000e+00 0.000000000e+00
0.000000000e+00 0.000000000e+00
0.000000000e+00 0.000000000e+00
0.000000000e+00 0.000000000e+00
0.000000000e+00 0.000000000e+00
0.000000000e+00 0.000000000e+00
0.000000000e+00 0.000000000e+00
0.000000000e+00 0.000000000e+00
0.000000000e+00 0.000000000e+00
0.000000000e+00 0.000000000e+00
0.000000000e+00 0.000000000e+00
0.000000000e+00 0.000000000e+00
0.000000000e+00 0.000000000e+00
0.000000000e+00 0.000000000e+00
0.000000000e+00 0.000000000e+00
0.000000000e+00 0.000000000e+00
0.000000000e+00 0.000000000e+00
0.000000000e+00 0.000000000e+00
0.000000000e+00 0.000000000e+00
0.000000000e+00 0.000000000e+00
0.000000000e+00 0.000000000e+00
0.000000000e+00 0.000000000e+00
0.000000000e+00 0.000000000e+00
0.000000000e+00 0.000000000e+00
0.000000000e+00 0.000000000e+00
0.000000000e+00 0.000000000e+00
0.000000000e+00 0.000000000e+00
0.000000000e+00 0.000000000e+00
0.000000000e+00 0.000000000e+00
0.000000000e+00 0.000000000e+00
0.000000000e+00 0.000000000e+00
0.000000000e+00 0.000000000e+00
0.000000000e+00 0.000000000e+00
0.000000000e+00 0.000000000e+00
0.000000000e+00 0.000000000e+00
0.000000000e+00 0.000000000e+00
0.000000000e+00 0.000000000e+00
0.000000000e+00 0.000000000e+00
0.000000000e+00 0.000000000e+00
0.000000000e+00 0.000000000e+00
0.000000000e+00 0.000000000e+00
0.000000000e+00 0.000000000e+00
0.000000000e+00 0.000000000e+00
0.000000000e+00 0.000000000e+00
0.000000000e+00 0.000000000e+00
0.000000000e+00 0.000000000e+00
0.000000000e+00 0.000000000e+00
0.000000000e+00 0.000000000e+00
0.000000000e+00 0.000000000e+00
0.000000000e+00 0.000000000e+00
0.000000000e+00 0.000000000e+00
0.000000000e+00 0.000000000e+00
0.000000000e+00 0.000000000e+00
0.000000000e+00 0.000000000e+00
0.000000000e+00 0.000000000e+00
0.000000000e+00 0.000000000e+00
0.000000000e+00 0.000000000e+00
0.000000000e+00 0.000000000e+00
0.000000000e+00 0.000000000e+00
0.000000000e+00 0.000000000e+00
0.000000000e+00 0.000000000e+00
0.000000000e+00 0.000000000e+00
0.000000000e+00 0.000000000e+00
0.000000000e+00 0.000000000e+00
0.000000000e+00 0.000000000e+00
0.000000000e+00 0.000000000e+00
0.000000000e+00 0.000000000e+00
0.000000000e+00 0.000000000e+00
0.000000000e+00 0.000000000e+00
0.000000000e+00 0.000000000e+00
0.000000000e+00 0.000000000e+00
0.000000000e+00 0.000000000e+00
0.000000000e+00 0.000000000e+00
0.000000000e+00 0.000000000e+00
0.000000000e+00 0.000000000e+00
0.000000000e+00 0.000000000e+00
0.000000000e+00 0.000000000e+00
0.000000000e+00 0.000000000e+00
0.000000000e+00 0.000000000e+00
0.000000000e+00 0.000000000e+00
0.000000000e+00 0.000000000e+00
0.000000000e+00 0.000000000e+00
0.000000000e+00 0.000000000e+00
0.000000000e+00 0.000000000e+00
0.000000000e+00 0.000000000e+00
0.000000000e+00 0.000000000e+00
0.000000000e+00 0.000000000e+00
0.000000000e+00 0.000000000e+00
0.000000000e+00 0.000000000e+00
0.000000000e+00 0.000000000e+00
0.000000000e+00 0.000000000e+00
0.000000000e+00 0.000000000e+00
0.000000000e+00 0.000000000e+00
0.000000000e+00 0.000000000e+00
0.000000000e+00 0.000000000e+00
0.000000000e+00 0.000000000e+00
0.000000000e+00 0.000000000e+00
0.000000000e+00 0.000000000e+00
0.000000000e+00 0.000000000e+00
0.000000000e+00 0.000000000e+00
0.000000000e+00 0.000000000e+00
0.000000000e+00 0.000000000e+00
0.000000000e+00 0.000000000e+00
0.000000000e+00 0.000000000e+00
0.000000000e+00 0.000000000e+00
0.000000000e+00 0.000000000e+00
0.000000000e+00 0.000000000e+00
0.000000000e+00 0.000000000e+00
0.000000000e+00 0.000000000e+00
0.000000000e+00 0.000000000e+00
0.000000000e+00 0.000000000e+00
0.000000000e+00 0.000000000e+00
0.000000000e+00 0.000000000e+00
0.000000000e+00 0.000000000e+00
0.000000000e+00 0.000000000e+00
0.000000000e+00 0.000000000e+00
0.000000000e+00 0.000000000e+00
0.000000000e+00 0.000000000e+00
0.000000000e+00 0.000000000e+00
0.000000000e+00 0.000000000e+00
0.000000000e+00 0.000000000e+00
0.000000000e+00 0.000000000e+00
0.000000000e+00 0.000000000e+00
0.000000000e+00 0.000000000e+00
0.000000000e+00 0.000000000e+00
0.000000000e+00 0.000000000e+00
0.000000000e+00 0.000000000e+00
0.000000000e+00 0.000000000e+00
0.000000000e+00 0.000000000e+00
0.000000000e+00 0.000000000e+00
0.000000000e+00 0.000000000e+00
0.000000000e+00 0.000000000e+00
0.000000000e+00 0.000000000e+00
0.000000000e+00 0.000000000e+00
0.000000000e+00 0.000000000e+00
0.000000000e+00 0.000000000e+00
0.000000000e+00 0.000000000e+00
0.000000000e+00 0.000000000e+00
0.000000000e+00 0.000000000e+00
0.000000000e+00 0.000000000e+00
0.000000000e+00 0.000000000e+00
0.000000000e+00 0.000000000e+00
0.000000000e+00 0.000000000e+00
0.000000000e+00 0.000000000e+00
0.000000000e+00 0.000000000e+00
0.000000000e+00 0.000000000e+00
0.000000000e+00 0.000000000e+00
0.000000000e+00 0.000000000e+00
0.000000000e+00 0.000000000e+00
0.000000000e+00 0.000000000e+00
0.000000000e+00 0.000000000e+00
0.000000000e+00 0.000000000e+00
0.000000000e+00 0.000000000e+00
0.000000000e+00 0.000000000e+00
0.000000000e+00 0.000000000e+00
0.000000000e+00 0.000000000e+00
0.000000000e+00 0.000000000e+00
0.000000000e+00 0.000000000e+00
0.000000000e+00 0.000000000e+00
0.000000000e+00 0.000000000e+00
0.000000000e+00 0.000000000e+00
0.000000000e+00 0.000000000e+00
0.000000000e+00 0.000000000e+00
0.000000000e+00 0.000000000e+00
0.000000000e+00 0.000000000e+00
0.000000000e+00 0.000000000e+00
0.000000000e+00 0.000000000e+00
0.000000000e+00 0.000000000e+00
0.000000000e+00 0.000000000e+00
0.000000000e+00 0.000000000e+00
0.000000000e+00 0.000000000e+00
0.000000000e+00 0.000000000e+00
0.000000000e+00 0.000000000e+00
0.000000000e+00 0.000000000e+00
0.000000000e+00 0.000000000e+00
0.000000000e+00 0.000000000e+00
0.000000000e+00 0.000000000e+00
0.000000000e+00 0.000000000e+00
0.000000000e+00 0.000000000e+00
0.000000000e+00 0.000000000e+00
0.000000000e+00 0.000000000e+00
0.000000000e+00 0.000000000e+00
0.000000000e+00 0.000000000e+00
0.000000000e+00 0.000000000e+00
0.000000000e+00 0.000000000e+00
0.000000000e+00 0.000000000e+00
0.000000000e+00 0.000000000e+00
0.000000000e+00 0.000000000e+00
0.000000000e+00 0.000000000e+00
0.000000000e+00 0.000000000e+00
0.000000000e+00 0.000000000e+00
0.000000000e+00 0.000000000e+00
0.000000000e+00 0.000000000e+00
0.000000000e+00 0.000000000e+00
0.000000000e+00 0.000000000e+00
0.000000000e+00 0.000000000e+00
0.000000000e+00 0.000000000e+00
0.000000000e+00 0.000000000e+00
0.000000000e+00 0.000000000e+00
0.000000000e+00 0.000000000e+00
0.000000000e+00 0.000000000e+00
0.000000000e+00 0.000000000e+00
0.000000000e+00 0.000000000e+00
0.000000000e+00 0.000000000e+00
0.000000000e+00 0.000000000e+00
0.000000000e+00 0.000000000e+00
0.000000000e+00 0.000000000e+00
0.000000000e+00 0.000000000e+00
0.000000000e+00 0.000000000e+00
0.000000000e+00 0.000000000e+00
0.000000000e+00 0.000000000e+00
0.000000000e+00 0.000000000e+00
0.000000000e+00 0.000000000e+00
0.000000000e+00 0.000000000e+00
0.000000000e+00 0.000000000e+00
0.000000000e+00 0.000000000e+00
0.000000000e+00 0.000000000e+00
0.000000000e+00 0.000000000e+00
0.000000000e+00 0.000000000e+00
0.000000000e+00 0.000000000e+00
0.000000000e+00 0.000000000e+00
0.000000000e+00 0.000000000e+00
0.000000000e+00 0.000000000e+00
0.000000000e+00 0.000000000e+00
0.000000000e+00 0.000000000e+00
0.000000000e+00 0.000000000e+00
0.000000000e+00 0.000000000e+00
0.000000000e+00 0.000000000e+00
0.000000000e+00 0.000000000e+00
0.000000000e+00 0.000000000e+00
0.000000000e+00 0.000000000e+00
0.000000000e+00 0.000000000e+00
0.000000000e+00 0.000000000e+00
0.000000000e+00 0.000000000e+00
0.000000000e+00 0.000000000e+00
0.000000000e+00 0.000000000e+00
0.000000000e+00 0.000000000e+00
0.000000000e+00 0.000000000e+00
0.000000000e+00 0.000000000e+00
0.000000000e+00 0.000000000e+00
0.000000000e+00 0.000000000e+00
0.000000000e+00 0.000000000e+00
0.000000000e+00 0.000000000e+00
0.000000000e+00 0.000000000e+00
0.000000000e+00 0.000000000e+00
0.000000000e+00 0.000000000e+00
0.000000000e+00 0.000000000e+00
0.000000000e+00 0.000000000e+00
0.000000000e+00 0.000000000e+00
0.000000000e+00 0.000000000e+00
0.000000000e+00 0.000000000e+00
0.000000000e+00 0.000000000e+00
0.000000000e+00 0.000000000e+00
0.000000000e+00 0.000000000e+00
0.000000000e+00 0.000000000e+00
0.000000000e+00 0.000000000e+00
0.000000000e+00 0.000000000e+00
0.000000000e+00 0.000000000e+00
0.000000000e+00 0.000000000e+00
0.000000000e+00 0.000000000e+00
0.000000000e+00 0.000000000e+00
0.000000000e+00 0.000000000e+00
0.000000000e+00 0.000000000e+00
0.000000000e+00 0.000000000e+00
0.000000000e+00 0.000000000e+00
0.000000000e+00 0.000000000e+00
0.000000000e+00 0.000000000e+00
0.000000000e+00 0.000000000e+00
0.000000000e+00 0.000000000e+00
0.000000000e+00 0.000000000e+00
0.000000000e+00 0.000000000e+00
0.000000000e+00 0.000000000e+00
0.000000000e+00 0.000000000e+00
0.000000000e+00 0.000000000e+00
0.000000000e+00 0.000000000e+00
0.000000000e+00 0.000000000e+00
0.000000000e+00 0.000000000e+00
0.000000000e+00 0.000000000e+00
0.000000000e+00 0.000000000e+00
0.000000000e+00 0.000000000e+00
0.000000000e+00 0.000000000e+00
0.000000000e+00 0.000000000e+00
0.000000000e+00 0.000000000e+00
0.000000000e+00 0.000000000e+00
0.000000000e+00 0.000000000e+00
0.000000000e+00 0.000000000e+00
0.000000000e+00 0.000000000e+00
0.000000000e+00 0.000000000e+00
0.000000000e+00 0.000000000e+00
0.000000000e+00 0.000000000e+00
0.000000000e+00 0.000000000e+00
0.000000000e+00 0.000000000e+00
0.000000000e+00 0.000000000e+00
0.000000000e+00 0.000000000e+00
0.000000000e+00 0.000000000e+00
0.000000000e+00 0.000000000e+00
0.000000000e+00 0.000000000e+00
0.000000000e+00 0.000000000e+00
0.000000000e+00 0.000000000e+00
0.000000000e+00 0.000000000e+00
0.000000000e+00 0.000000000e+00
0.000000000e+00 0.000000000e+00
0.000000000e+00 0.000000000e+00
0.000000000e+00 0.000000000e+00
0.000000000e+00 0.000000000e+00
0.000000000e+00 0.000000000e+00
0.000000000e+00 0.000000000e+00
0.000000000e+00 0.000000000e+00
0.000000000e+00 0.000000000e+00
0.000000000e+00 0.000000000e+00
0.000000000e+00 0.000000000e+00
0.000000000e+00 0.000000000e+00
0.000000000e+00 0.000000000e+00
0.000000000e+00 0.000000000e+00
0.000000000e+00 0.000000000e+00
0.000000000e+00 0.000000000e+00
0.000000000e+00 0.000000000e+00
0.000000000e+00 0.000000000e+00
0.000000000e+00 0.000000000e+00
0.000000000e+00 0.000000000e+00
0.000000000e+00 0.000000000e+00
0.000000000e+00 0.000000000e+00
0.000000000e+00 0.000000000e+00
0.000000000e+00 0.000000000e+00
0.000000000e+00 0.000000000e+00
0.000000000e+00 0.000000000e+00
0.000000000e+00 0.000000000e+00
0.000000000e+00 0.000000000e+00
0.000000000e+00 0.000000000e+00
0.000000000e+00 0.000000000e+00
0.000000000e+00 0.000000000e+00
0.000000000e+00 0.000000000e+00
0.000000000e+00 0.000000000e+00
0.000000000e+00 0.000000000e+00
0.000000000e+00 0.000000000e+00
0.000000000e+00 0.000000000e+00
0.000000000e+00 0.000000000e+00
0.000000000e+00 0.000000000e+00
0.000000000e+00 0.000000000e+00
0.000000000e+00 0.000000000e+00
0.000000000e+00 0.000000000e+00
0.000000000e+00 0.000000000e+00
0.000000000e+00 0.000000000e+00
0.000000000e+00 0.000000000e+00
0.000000000e+00 0.000000000e+00
0.000000000e+00 0.000000000e+00
0.000000000e+00 0.000000000e+00
0.000000000e+00 0.000000000e+00
0.000000000e+00 0.000000000e+00
0.000000000e+00 0.000000000e+00
0.000000000e+00 0.000000000e+00
0.000000000e+00 0.000000000e+00
0.000000000e+00 0.000000000e+00
0.000000000e+00 0.000000000e+00
0.000000000e+00 0.000000000e+00
0.000000000e+00 0.000000000e+00
0.000000000e+00 0.000000000e+00
0.000000000e+00 0.000000000e+00
0.000000000e+00 0.000000000e+00
0.000000000e+00 0.000000000e+00
0.000000000e+00 0.000000000e+00
0.000000000e+00 0.000000000e+00
0.000000000e+00 0.000000000e+00
0.000000000e+00 0.000000000e+00
0.000000000e+00 0.000000000e+00
0.000000000e+00 0.000000000e+00
0.000000000e+00 0.000000000e+00
0.000000000e+00 0.000000000e+00
0.000000000e+00 0.000000000e+00
0.000000000e+00 0.000000000e+00
0.000000000e+00 0.000000000e+00
0.000000000e+00 0.000000000e+00
0.000000000e+00 0.000000000e+00
0.000000000e+00 0.000000000e+00
0.000000000e+00 0.000000000e+00
0.000000000e+00 0.000000000e+00
0.000000000e+00 0.000000000e+00
0.000000000e+00 0.000000000e+00
0.000000000e+00 0.000000000e+00
0.000000000e+00 0.000000000e+00
0.000000000e+00 0.000000000e+00
0.000000000e+00 0.000000000e+00
0.000000000e+00 0.000000000e+00
0.000000000e+00 0.000000000e+00
0.000000000e+00 0.000000000e+00
0.000000000e+00 0.000000000e+00
0.000000000e+00 0.000000000e+00
0.000000000e+00 0.000000000e+00
0.000000000e+00 0.000000000e+00
0.000000000e+00 0.000000000e+00
0.000000000e+00 0.000000000e+00
0.000000000e+00 0.000000000e+00
0.000000000e+00 0.000000000e+00
0.000000000e+00 0.000000000e+00
0.000000000e+00 0.000000000e+00
0.000000000e+00 0.000000000e+00
0.000000000e+00 0.000000000e+00
0.000000000e+00 0.000000000e+00
0.000000000e+00 0.000000000e+00
0.000000000e+00 0.000000000e+00
0.000000000e+00 0.000000000e+00
0.000000000e+00 0.000000000e+00
0.000000000e+00 0.000000000e+00
0.000000000e+00 0.000000000e+00
0.000000000e+00 0.000000000e+00
0.000000000e+00 0.000000000e+00
0.000000000e+00 0.000000000e+00
0.000000000e+00 0.000000000e+00
0.000000000e+00 0.000000000e+00
0.000000000e+00 0.000000000e+00
0.000000000e+00 0.000000000e+00
0.000000000e+00 0.000000000e+00
0.000000000e+00 0.000000000e+00
