2.500000000e-02 0.000000000e+00
2.500000000e-02 0.000000000e+00
2.500000000e-02 0.000000000e+00
2.500000000e-02 0.000000000e+00
1.286368966e-02 2.143654525e-02
1.286368966e-02 2.143654525e-02
1.286368966e-02 2.143654525e-02
1.286368966e-02 2.143654525e-02
-1.176203787e-02 2.206024677e-02
-1.176203787e-02 2.206024677e-02
-1.176203787e-02 2.206024677e-02
-1.176203787e-02 2.206024677e-02
-2.496794760e-02 1.265554689e-03
-2.496794760e-02 1.265554689e-03
-2.496794760e-02 1.265554689e-03
-2.496794760e-02 1.265554689e-03
-1.393235773e-02 -2.075787634e-02
-1.393235773e-02 -2.075787634e-02
-1.393235773e-02 -2.075787634e-02
-1.393235773e-02 -2.075787634e-02
1.063021421e-02 -2.262738496e-02
1.063021421e-02 -2.262738496e-02
1.063021421e-02 -2.262738496e-02
1.063021421e-02 -2.262738496e-02
2.487186939e-02 -2.527864277e-03
2.487186939e-02 -2.527864277e-03
2.487186939e-02 -2.527864277e-03
2.487186939e-02 -2.527864277e-03
1.496530771e-02 2.002597153e-02
1.496530771e-02 2.002597153e-02
1.496530771e-02 2.002597153e-02
1.496530771e-02 2.002597153e-02
-9.471153468e-03 2.313649207e-02
-9.471153468e-03 2.313649207e-02
-9.471153468e-03 2.313649207e-02
-9.471153468e-03 2.313649207e-02
-2.471201718e-02 3.783673793e-03
-2.471201718e-02 3.783673793e-03
-2.471201718e-02 3.783673793e-03
-2.471201718e-02 3.783673793e-03
2.500000000e-02 0.000000000e+00
2.500000000e-02 0.000000000e+00
2.500000000e-02 0.000000000e+00
2.500000000e-02 0.000000000e+00
1.286368966e-02 2.143654525e-02
1.286368966e-02 2.143654525e-02
1.286368966e-02 2.143654525e-02
1.286368966e-02 2.143654525e-02
-1.176203787e-02 2.206024677e-02
-1.176203787e-02 2.206024677e-02
-1.176203787e-02 2.206024677e-02
-1.176203787e-02 2.206024677e-02
-2.496794760e-02 1.265554689e-03
-2.496794760e-02 1.265554689e-03
-2.496794760e-02 1.265554689e-03
-2.496794760e-02 1.265554689e-03
-1.393235773e-02 -2.075787634e-02
-1.393235773e-02 -2.075787634e-02
-1.393235773e-02 -2.075787634e-02
-1.393235773e-02 -2.075787634e-02
1.063021421e-02 -2.262738496e-02
1.063021421e-02 -2.262738496e-02
1.063021421e-02 -2.262738496e-02
1.063021421e-02 -2.262738496e-02
2.487186939e-02 -2.527864277e-03
2.487186939e-02 -2.527864277e-03
2.487186939e-02 -2.527864277e-03
2.487186939e-02 -2.527864277e-03
1.496530771e-02 2.002597153e-02
1.496530771e-02 2.002597153e-02
1.496530771e-02 2.002597153e-02
1.496530771e-02 2.002597153e-02
-9.471153468e-03 2.313649207e-02
-9.471153468e-03 2.313649207e-02
-9.471153468e-03 2.313649207e-02
-9.471153468e-03 2.313649207e-02
-2.471201718e-02 3.783673793e-03
-2.471201718e-02 3.783673793e-03
-2.471201718e-02 3.783673793e-03
-2.471201718e-02 3.783673793e-03
2.500000000e-02 0.000000000e+00
2.500000000e-02 0.000000000e+00
2.500000000e-02 0.000000000e+00
2.500000000e-02 0.000000000e+00
1.286368966e-02 2.143654525e-02
1.286368966e-02 2.143654525e-02
1.286368966e-02 2.143654525e-02
1.286368966e-02 2.143654525e-02
-1.176203787e-02 2.206024677e-02
-1.176203787e-02 2.206024677e-02
-1.176203787e-02 2.206024677e-02
-1.176203787e-02 2.206024677e-02
-2.496794760e-02 1.265554689e-03
-2.496794760e-02 1.265554689e-03
-2.496794760e-02 1.265554689e-03
-2.496794760e-02 1.265554689e-03
-1.393235773e-02 -2.075787634e-02
-1.393235773e-02 -2.075787634e-02
-1.393235773e-02 -2.075787634e-02
-1.393235773e-02 -2.075787634e-02
1.063021421e-02 -2.262738496e-02
1.063021421e-02 -2.262738496e-02
1.063021421e-02 -2.262738496e-02
1.063021421e-02 -2.262738496e-02
2.487186939e-02 -2.527864277e-03
2.487186939e-02 -2.527864277e-03
2.487186939e-02 -2.527864277e-03
2.487186939e-02 -2.527864277e-03
1.496530771e-02 2.002597153e-02
1.496530771e-02 2.002597153e-02
1.496530771e-02 2.002597153e-02
1.496530771e-02 2.002597153e-02
-9.471153468e-03 2.313649207e-02
-9.471153468e-03 2.313649207e-02
-9.471153468e-03 2.313649207e-02
-9.471153468e-03 2.313649207e-02
-2.471201718e-02 3.783673793e-03
-2.471201718e-02 3.783673793e-03
-2.471201718e-02 3.783673793e-03
-2.471201718e-02 3.783673793e-03
2.500000000e-02 0.000000000e+00
2.500000000e-02 0.000000000e+00
2.500000000e-02 0.000000000e+00
2.500000000e-02 0.000000000e+00
1.286368966e-02 2.143654525e-02
1.286368966e-02 2.143654525e-02
1.286368966e-02 2.143654525e-02
1.286368966e-02 2.143654525e-02
-1.176203787e-02 2.206024677e-02
-1.176203787e-02 2.206024677e-02
-1.176203787e-02 2.206024677e-02
-1.176203787e-02 2.206024677e-02
-2.496794760e-02 1.265554689e-03
-2.496794760e-02 1.265554689e-03
-2.496794760e-02 1.265554689e-03
-2.496794760e-02 1.265554689e-03
-1.393235773e-02 -2.075787634e-02
-1.393235773e-02 -2.075787634e-02
-1.393235773e-02 -2.075787634e-02
-1.393235773e-02 -2.075787634e-02
1.063021421e-02 -2.262738496e-02
1.063021421e-02 -2.262738496e-02
1.063021421e-02 -2.262738496e-02
1.063021421e-02 -2.262738496e-02
2.487186939e-02 -2.527864277e-03
2.487186939e-02 -2.527864277e-03
2.487186939e-02 -2.527864277e-03
2.487186939e-02 -2.527864277e-03
1.496530771e-02 2.002597153e-02
1.496530771e-02 2.002597153e-02
1.496530771e-02 2.002597153e-02
1.496530771e-02 2.002597153e-02
-9.471153468e-03 2.313649207e-02
-9.471153468e-03 2.313649207e-02
-9.471153468e-03 2.313649207e-02
-9.471153468e-03 2.313649207e-02
-2.471201718e-02 3.783673793e-03
-2.471201718e-02 3.783673793e-03
-2.471201718e-02 3.783673793e-03
-2.471201718e-02 3.783673793e-03
2.500000000e-02 0.000000000e+00
2.500000000e-02 0.000000000e+00
2.500000000e-02 0.000000000e+00
2.500000000e-02 0.000000000e+00
1.286368966e-02 2.143654525e-02
1.286368966e-02 2.143654525e-02
1.286368966e-02 2.143654525e-02
1.286368966e-02 2.143654525e-02
-1.176203787e-02 2.206024677e-02
-1.176203787e-02 2.206024677e-02
-1.176203787e-02 2.206024677e-02
-1.176203787e-02 2.206024677e-02
-2.496794760e-02 1.265554689e-03
-2.496794760e-02 1.265554689e-03
-2.496794760e-02 1.265554689e-03
-2.496794760e-02 1.265554689e-03
-1.393235773e-02 -2.075787634e-02
-1.393235773e-02 -2.075787634e-02
-1.393235773e-02 -2.075787634e-02
-1.393235773e-02 -2.075787634e-02
1.063021421e-02 -2.262738496e-02
1.063021421e-02 -2.262738496e-02
1.063021421e-02 -2.262738496e-02
1.063021421e-02 -2.262738496e-02
2.487186939e-02 -2.527864277e-03
2.487186939e-02 -2.527864277e-03
2.487186939e-02 -2.527864277e-03
2.487186939e-02 -2.527864277e-03
1.496530771e-02 2.002597153e-02
1.496530771e-02 2.002597153e-02
1.496530771e-02 2.002597153e-02
1.496530771e-02 2.002597153e-02
-9.471153468e-03 2.313649207e-02
-9.471153468e-03 2.313649207e-02
-9.471153468e-03 2.313649207e-02
-9.471153468e-03 2.313649207e-02
-2.471201718e-02 3.783673793e-03
-2.471201718e-02 3.783673793e-03
-2.471201718e-02 3.783673793e-03
-2.471201718e-02 3.783673793e-03
2.500000000e-02 0.000000000e+00
2.500000000e-02 0.000000000e+00
2.500000000e-02 0.000000000e+00
2.500000000e-02 0.000000000e+00
1.286368966e-02 2.143654525e-02
1.286368966e-02 2.143654525e-02
1.286368966e-02 2.143654525e-02
1.286368966e-02 2.143654525e-02
-1.176203787e-02 2.206024677e-02
-1.176203787e-02 2.206024677e-02
-1.176203787e-02 2.206024677e-02
-1.176203787e-02 2.206024677e-02
-2.496794760e-02 1.265554689e-03
-2.496794760e-02 1.265554689e-03
-2.496794760e-02 1.265554689e-03
-2.496794760e-02 1.265554689e-03
-1.393235773e-02 -2.075787634e-02
-1.393235773e-02 -2.075787634e-02
-1.393235773e-02 -2.075787634e-02
-1.393235773e-02 -2.075787634e-02
1.063021421e-02 -2.262738496e-02
1.063021421e-02 -2.262738496e-02
1.063021421e-02 -2.262738496e-02
1.063021421e-02 -2.262738496e-02
2.487186939e-02 -2.527864277e-03
2.487186939e-02 -2.527864277e-03
2.487186939e-02 -2.527864277e-03
2.487186939e-02 -2.527864277e-03
1.496530771e-02 2.002597153e-02
1.496530771e-02 2.002597153e-02
1.496530771e-02 2.002597153e-02
1.496530771e-02 2.002597153e-02
-9.471153468e-03 2.313649207e-02
-9.471153468e-03 2.313649207e-02
-9.471153468e-03 2.313649207e-02
-9.471153468e-03 2.313649207e-02
-2.471201718e-02 3.783673793e-03
-2.471201718e-02 3.783673793e-03
-2.471201718e-02 3.783673793e-03
-2.471201718e-02 3.783673793e-03
