2.500000000e-02 0.000000000e+00
2.500000000e-02 0.000000000e+00
2.500000000e-02 0.000000000e+00
2.500000000e-02 0.000000000e+00
7.625989616e-03 2.380849123e-02
7.625989616e-03 2.380849123e-02
7.625989616e-03 2.380849123e-02
7.625989616e-03 2.380849123e-02
-2.034754306e-02 1.452506483e-02
-2.034754306e-02 1.452506483e-02
-2.034754306e-02 1.452506483e-02
-2.034754306e-02 1.452506483e-02
-2.003959715e-02 -1.494705677e-02
-2.003959715e-02 -1.494705677e-02
-2.003959715e-02 -1.494705677e-02
-2.003959715e-02 -1.494705677e-02
8.121799678e-03 -2.364394963e-02
8.121799678e-03 -2.364394963e-02
8.121799678e-03 -2.364394963e-02
8.121799678e-03 -2.364394963e-02
2.499454170e-02 5.223772023e-04
2.499454170e-02 5.223772023e-04
2.499454170e-02 5.223772023e-04
2.499454170e-02 5.223772023e-04
7.126837969e-03 2.396264076e-02
7.126837969e-03 2.396264076e-02
7.126837969e-03 2.396264076e-02
7.126837969e-03 2.396264076e-02
-2.064660937e-02 1.409672052e-02
-2.064660937e-02 1.409672052e-02
-2.064660937e-02 1.409672052e-02
-2.064660937e-02 1.409672052e-02
-1.972291023e-02 -1.536251307e-02
-1.972291023e-02 -1.536251307e-02
-1.972291023e-02 -1.536251307e-02
-1.972291023e-02 -1.536251307e-02
8.614068478e-03 -2.346908152e-02
8.614068478e-03 -2.346908152e-02
8.614068478e-03 -2.346908152e-02
8.614068478e-03 -2.346908152e-02
