0 -1
-1 1
-4 -2
2 2
0 0
1 -1
2 -1
0 -3
0 -2
-3 0
-2 2
0 1
-1 0
3 1
0 0
0 -1
1 -1
1 0
0 2
2 0
-1 -3
3 1
1 0
-2 -1
0 -2
2 0
-2 -2
2 1
-1 -1
1 -2
-1 0
-1 0
0 4
2 4
1 -3
4 -3
2 4
-1 2
3 3
0 -1
2 1
2 -3
5 -3
-3 3
-2 0
0 2
3 2
1 -1
1 -1
-1 -3
1 -2
-1 0
-3 0
-1 -1
-2 1
-1 3
1 1
2 0
0 0
0 2
-2 -1
1 4
-1 1
0 -3
-1 2
3 0
0 -1
0 -2
-2 0
-2 0
2 -2
-1 1
2 -1
0 -2
2 -2
-2 -1
1 1
0 -2
-1 -3
0 2
-1 -1
-1 1
-1 -1
0 2
0 -1
-1 3
1 0
4 -1
2 -1
2 -1
-1 0
-1 0
0 -2
-1 2
2 1
0 0
4 0
0 -5
-1 1
3 -1
-2 0
0 -1
2 1
1 0
0 1
-1 0
0 -1
-2 -1
4 0
0 2
-1 1
0 -2
-2 -1
2 -1
2 0
2 -2
2 2
-1 1
2 1
1 2
2 -2
3 -2
-1 -2
1 0
21866 -12293
19932 -10721
15606 -8405
8591 -4478
-707 -6359
1123 -4842
1091 -2380
-1383 -48
75 -5574
2417 -6576
5110 -5039
4921 -2261
4174 2572
3200 2716
1122 1851
650 825
-570 -1168
-480 -674
-514 -978
-1024 -708
1038 525
-609 688
-1891 663
-2129 -127
-82 522
259 -858
949 -1254
733 -963
-85 784
-1081 397
-616 240
-1139 405
104 -27
265 -41
107 -97
-483 -356
485 6
-24 -67
113 -571
428 -568
-254 -362
247 -422
391 -358
352 -307
250 72
418 -848
204 -73
-211 -1167
328 -405
96 90
-480 555
56 663
79 -317
-38 154
-146 -36
-26 -47
-402 -901
-45 -125
-637 -248
-96 119
114 101
10 -294
146 -72
22 -717
242 -119
230 269
-408 659
-276 94
406 449
54 39
-196 10
-424 17
-215 541
-301 29
744 55
-188 164
251 399
-191 679
229 -4
-132 807
124 -38
291 188
-119 -45
-344 -129
110 -250
350 498
323 229
346 456
-37 242
-184 -403
-82 159
-223 -44
246 -5
485 -412
4 -333
137 -754
396 14
2 -120
172 46
36 -63
52 122
-365 -121
-61 94
-340 218
-150 -319
171 -323
-261 -109
-217 -114
-105 265
-216 -32
227 -288
-49 14
-8 -175
419 -209
299 -66
-54 -569
-360 -153
-157 321
-192 -226
306 -83
-29 36
-330 42
-121 127
-15 146
-112 31
-290 59
-288 81
-250 88
-281 -149
-41 80
-256 275
-31 4
-471 2
-108 152
-333 433
-89 177
118 -336
56 -66
167 -99
94 -48
-50 250
-52 19
-154 175
-56 12
-394 54
-444 127
148 222
119 56
-35 364
-100 -51
88 268
-298 153
-181 -324
179 -160
-93 13
240 -272
-257 240
-55 180
1 379
128 -74
-322 121
5 -292
-227 129
-69 -141
-218 -65
68 163
-527 160
-201 -81
191 26
286 -108
197 -255
223 -444
232 -37
188 127
146 -37
-155 190
119 79
307 24
177 127
172 -82
16 140
155 330
134 316
73 27
-11 -114
14 -79
19 42
26 -44
134 -79
19 67
59 93
135 -27
-322 149
59 -273
-78 219
-129 -442
-46 27
-116 220
-156 79
55 -38
215 -32
-164 -173
-220 -234
-251 41
115 -166
53 336
-21 157
93 191
-14 177
-73 -221
-38 197
-9 -88
-229 -249
264 -53
-131 -25
95 -184
192 -301
34 96
1 -348
-11 39
-44 77
-81 126
153 95
153 84
0 -6
-238 150
112 -61
-117 334
78 -72
180 113
156 -42
198 182
166 -11
61 165
-62 100
109 84
-197 60
109 129
-6 200
52 -32
249 26
-69 -145
327 -145
-132 138
73 138
-272 213
101 72
-284 261
130 113
-6 -115
90 65
-243 24
72 46
-257 33
93 -207
-227 202
-11 100
-173 227
-49 -116
-69 94
97 -7
40 -147
50 17
13 19
180 -102
138 -79
89 -129
-39 -118
-227 67
-34 -138
-146 140
-30 -72
-259 88
194 151
-315 55
46 -131
-21 -169
57 -75
-166 -25
66 -53
-204 91
71 -13
162 248
37 -89
-115 -66
173 25
-131 -1
213 59
5 179
-57 -159
-2 159
-300 -26
-124 91
-161 -297
82 141
-273 -134
1 242
-425 204
-5 -60
-128 34
80 8
-229 -34
108 -182
-118 5
70 129
10 -10
136 -49
-100 -21
-29 -61
21 -98
-41 -71
-81 -12
-45 -69
47 -232
-15 -140
-77 -199
30 -85
12 150
46 -11
148 186
-161 206
-92 -44
-15 78
-39 -68
141 -83
-246 283
84 -318
127 257
-56 224
94 144
-13 185
43 37
99 -76
33 -33
83 40
-56 96
60 -61
-3 101
-43 -47
16 70
-21 -276
138 161
-144 -123
216 -1
-66 -243
16 82
-191 -233
194 58
-215 -52
113 108
-257 28
185 -138
-65 22
36 112
-103 -15
25 -39
136 -77
46 150
-8 -176
154 39
-125 -28
126 -112
-24 133
54 -194
208 52
-236 -151
259 -86
-219 106
-39 -145
288 92
-81 39
230 -43
-154 244
110 -90
-68 313
-185 -125
-277 123
200 -223
-90 289
-35 -300
48 333
-179 -286
278 188
-331 -55
107 183
-167 -125
204 42
-204 43
-9 -114
58 100
-95 -68
113 26
83 -38
-54 68
26 -86
9 90
209 -88
-154 167
73 -212
21 225
-174 164
92 -225
4 240
-105 -220
335 28
-311 110
243 -231
-129 310
225 120
-254 -19
237 -84
-183 177
176 76
-194 -1
175 -78
-128 142
79 -72
-44 102
-2 -105
42 98
-9 -73
38 65
-60 -43
73 15
213 281
-305 -169
351 25
-331 118
-80 64
45 -93
-4 103
-38 -93
65 34
-76 -9
71 -24
-54 53
118 -11
-105 57
75 -95
-28 117
16 354
-159 -312
277 222
-342 -93
-96 27
77 -64
-44 87
3 -99
133 52
-142 9
126 -64
-88 110
83 -223
10 236
-112 -210
187 149
53 -176
23 179
-91 -152
150 106
-40 -44
54 25
-59 -3
54 -24
-150 -19
148 -36
-124 96
70 -134
-45 -226
136 187
-196 -118
229 25
81 80
-105 -36
112 -9
-101 52
-88 -11
84 -24
-66 54
33 -79
318 125
-339 16
305 -156
-215 265
-6 66
-21 -63
46 48
-65 -26
74 99
-108 -55
121 8
-113 41
-67 127
11 -140
49 134
-102 -103
40 130
-94 -101
127 52
-136 2
20079 -10960
15562 -8127
8513 -4753
138 -1027
1190 -4537
908 -2627
-1117 107
-4458 1460
2633 -6783
4999 -4761
4908 -2561
3640 -196
3041 2550
1328 1938
420 834
726 -245
-522 -866
-393 -824
-1198 -803
-1779 -795
-555 444
-1836 909
-2275 -330
-101 -1499
541 -719
635 -1266
1022 -1078
688 -729
-918 386
-757 319
-1038 270
-338 363
514 -193
-60 146
-433 -645
-949 -343
75 -287
117 -329
327 -785
1025 -789
404 -399
236 -319
476 -407
240 -46
421 -327
-12 -548
177 -820
-180 -561
-235 -126
-90 613
-318 773
-81 380
172 62
-298 135
39 -262
4 112
-134 -237
-511 -183
-242 110
-167 933
96 -333
87 3
48 -805
601 -452
-337 137
167 554
-754 431
-379 -121
90 255
-319 -164
-244 129
-378 81
228 -25
283 319
125 -264
-121 479
191 417
-11 391
-70 346
243 173
625 43
-367 227
-238 -476
-224 325
142 532
502 110
229 643
94 561
-181 -281
-130 52
-136 33
-14 -92
411 -189
-24 -566
249 -549
-137 -482
-3 -19
129 -43
112 3
-42 -122
-41 -205
-323 308
-190 -76
93 385
-39 -329
-68 -194
-357 44
-164 -209
73 77
-81 -276
232 -121
171 252
383 -59
270 -214
32 -442
-20 -7
-221 256
-102 -191
210 -77
-147 -322
-345 -76
-61 222
-112 77
150 -159
-252 -67
-273 215
-319 -21
-82 213
-250 51
-49 220
-190 141
118 125
-185 194
-288 365
-108 263
-156 605
224 114
-64 -197
345 -54
-202 263
-111 182
-165 -1
27 170
-19 -63
-395 271
49 107
255 116
136 -93
162 124
-219 217
4 77
24 350
-172 -202
247 -90
-24 -37
69 -279
-294 109
251 338
-84 64
122 -8
-152 -244
-105 27
-135 5
-109 -132
-87 86
-358 171
-362 -27
-92 -39
298 38
127 -377
340 -358
-69 -376
377 65
-1 95
-73 10
-207 334
130 29
332 47
65 50
14 -88
229 343
63 337
134 -22
-173 239
-72 -140
126 65
-79 -23
99 43
-16 -12
123 151
50 -53
-72 159
66 82
-230 -106
141 -212
-142 81
-203 149
-48 107
-49 -13
-389 -57
-101 -210
-262 -172
-235 -32
-423 -229
-85 156
178 266
-128 177
140 196
-176 -176
36 112
-43 19
102 79
-17 47
87 -228
-19 87
132 -50
106 -303
97 45
-261 -286
36 29
-21 -52
171 276
61 -74
230 134
16 6
-60 172
-53 50
-65 196
288 -149
162 238
80 -79
445 148
-9 -10
73 230
-69 23
-34 160
-105 264
138 -17
11 222
75 -51
306 -1
-79 -117
231 -45
-19 108
38 170
-170 232
-107 1
25 262
211 79
-183 -30
41 -8
-304 140
63 -187
-111 129
-176 -187
66 56
-294 204
65 -151
-165 175
-93 -224
76 -147
18 28
41 -4
150 -63
207 6
-6 -177
68 -109
-213 -156
-228 -83
16 11
-122 108
69 -19
-70 91
-46 -2
-173 23
1 10
-35 100
-151 -220
134 128
-254 -100
-143 222
260 -57
72 225
184 -14
35 36
-11 -70
132 169
69 -69
-111 40
-37 -42
-179 149
-184 -13
-301 -113
139 -86
-233 93
-88 -159
-595 154
167 -83
-275 122
124 -436
-193 131
7 -323
21 90
-167 -307
451 343
-411 -188
457 -118
-340 149
-196 -189
195 -82
-295 94
106 -159
105 -207
-79 -144
-15 -221
-51 70
-66 155
115 -45
97 243
-10 -24
-82 -45
-25 88
-35 -78
240 -69
-158 327
-9 -327
218 221
-172 -231
9 216
38 83
40 146
-43 94
88 -98
56 122
-65 10
75 99
-112 -122
148 112
-224 4
210 -8
218 83
-183 -16
211 -114
-186 192
36 -131
-127 -31
51 -101
-29 120
-73 -293
77 321
-236 -267
417 49
-170 98
89 -87
-123 107
56 -278
291 -144
-109 187
97 -336
120 190
-52 82
52 -120
84 67
-156 -42
259 -232
-157 186
51 -317
37 242
-112 -60
345 14
-151 157
233 -237
-15 -45
24 217
-230 -1
90 43
183 356
-309 -252
385 101
-393 65
-123 174
43 -209
47 210
-128 -170
-53 37
29 -54
-6 60
-19 -57
79 -159
-6 177
-68 -163
128 123
-207 178
115 -249
0 272
-105 -249
-86 133
22 -157
44 153
-106 -122
31 270
-141 -230
221 155
-264 -52
-79 81
43 -106
4 115
-52 -106
39 28
-47 -9
46 -8
-41 26
-101 -59
115 14
-121 34
88 -79
-100 57
69 -96
-24 116
-27 -115
-189 128
118 -192
-29 222
-64 -216
-270 -9
249 -101
-184 196
90 -256
139 -176
-53 219
-40 -219
129 185
17 -59
11 58
-36 -49
49 33
65 5
-63 21
46 -45
-24 64
68 212
-151 -168
205 94
-223 -2
-58 -26
59 3
-58 26
39 -48
54 331
-184 -279
284 175
-331 -46
66 -207
24 216
-110 -183
178 123
185 235
-267 -141
298 15
-278 110
-318 243
191 -357
-30 404
-138 -379
-50 -23
55 -3
-49 18
37 -39
262 -25
-228 127
158 -210
-53 256
-178 16
159 -85
-104 139
46 -176
50 113
-91 -79
116 35
-123 10
-87 122
31 -147
35 144
-92 -122
-52 15
39 -37
-24 50
2 -53
21 -125
30 122
-81 -99
119 59
-35 -9
37 -6
-34 16
25 -30
61 202
-135 -161
191 92
-213 -5
15707 -8195
8408 -4626
184 -1184
-8819 2158
696 -2161
-1116 -412
-4253 1930
-6727 2091
4621 -5023
5356 -2479
3192 -92
813 271
1169 1849
605 848
555 -188
1343 -893
-439 -878
-1134 -768
-1852 -805
-2050 102
-2352 550
-1661 -210
-715 -1353
2041 -2831
790 -1345
912 -943
735 -897
372 -1230
-1143 535
-776 -84
-431 799
-406 466
212 -147
-559 -267
-983 -734
-991 -492
417 -358
64 -642
1202 -1031
1124 -189
379 -414
391 -252
259 -214
307 45
181 -654
45 -642
-128 -782
-150 -231
-275 401
-62 886
-362 377
-128 273
-214 -15
21 -92
-55 -48
-343 1
-240 -26
-551 72
133 845
88 841
-128 -176
310 -729
326 -411
91 -170
59 425
-605 501
-544 -126
135 670
-350 -180
-203 131
-416 89
-312 176
238 -63
321 70
-434 258
159 202
80 375
-150 401
294 94
257 -162
-129 -251
-250 57
-429 -167
-197 -179
407 473
168 272
307 878
250 437
-228 -187
50 215
-259 -179
188 -470
5 -297
117 -785
80 -325
-452 -141
189 7
36 -18
35 -129
-143 362
-169 256
-305 27
157 241
-123 176
-138 -213
-286 33
-226 -170
-426 -91
-111 -241
244 -166
176 295
127 96
217 -374
146 -320
-174 -73
123 -251
-175 -233
296 -67
-225 -298
251 -399
-269 170
99 41
-32 -44
269 -327
-136 -91
-317 312
-217 -93
116 147
145 15
-289 406
94 -159
36 486
-382 429
-41 162
-173 724
-331 391
423 -49
-169 12
242 -3
-44 256
-131 127
-60 64
100 -2
-87 5
267 181
26 136
338 -207
268 185
-92 133
-76 210
43 195
108 77
338 -52
-124 -31
160 -321
-71 341
132 395
-2 -37
86 116
61 30
-150 -63
-64 70
-201 -159
-18 332
-604 318
-199 -258
-141 241
-178 -178
402 -221
21 -388
228 -480
-70 -268
173 80
-227 92
-106 196
-219 305
-38 -19
431 -39
-286 147
107 -164
336 247
-85 171
-54 -33
-168 222
31 -29
37 24
-30 56
173 44
210 24
22 98
-109 8
-6 135
-182 -304
180 -11
-257 -87
231 -79
86 215
-223 -60
-215 -84
-165 -59
-234 -139
-270 -55
-380 -221
-202 76
266 128
-153 336
99 43
64 320
14 153
-37 -23
117 121
-20 188
11 -33
-28 -121
229 133
37 -10
42 -408
-29 108
-339 -232
204 98
137 265
101 -80
197 156
-73 -118
142 147
-230 151
52 30
-256 128
-172 211
393 -188
202 373
59 -249
109 -56
13 294
-224 -56
154 200
150 -3
0 212
95 -48
162 173
143 194
-97 -243
356 156
-247 -44
-252 231
-32 -33
-35 322
-41 -205
12 174
-216 -107
-25 126
-285 -33
-277 -163
92 14
-257 -17
18 -236
23 -28
-173 44
-37 -108
-20 99
-249 164
226 -238
77 225
46 -119
179 -194
-96 -19
-100 -309
-125 -32
-31 -45
-64 139
6 -14
45 244
-170 15
-66 -36
-70 114
-54 -2
-168 -163
123 80
-225 -54
75 0
18 -43
287 119
34 176
311 -44
-232 300
182 -260
195 342
-162 -217
-215 317
-164 -253
-36 361
-301 -188
-184 -151
86 23
-347 35
155 -10
-153 -20
-3 -67
-51 -149
138 -251
-84 -186
56 -68
-129 -153
58 -104
92 97
-119 -176
212 -39
-101 1
-174 -52
29 -81
-123 136
-115 -104
-240 -347
214 -108
-307 58
212 -84
331 214
-207 105
329 -23
-139 200
151 -13
-152 84
280 -262
-9 237
200 55
-130 -36
249 -139
-181 21
-194 268
180 -116
-60 390
-59 -227
109 157
-126 2
138 83
-151 144
15 284
-171 -211
255 204
-147 35
-97 -41
143 -56
-146 110
4 -79
86 -326
-22 253
-109 -237
116 269
-131 -22
88 -39
26 -27
82 -137
-145 0
54 -68
-33 -46
3 -119
-145 -129
264 -60
-147 5
147 -219
159 13
-72 -11
19 -39
-18 115
-90 -86
101 -43
-122 7
58 -134
56 185
46 -118
169 96
-159 -36
-228 81
59 20
-182 141
1 -204
169 209
-240 -124
265 16
-248 98
162 -274
-35 317
-94 -302
212 237
-36 -74
61 50
-80 -25
82 -15
-65 -157
120 117
-162 -58
166 -12
95 -208
-2 233
-94 -210
166 154
-5 -41
21 34
-37 -23
42 5
133 242
-219 -167
271 60
-269 53
-77 199
-11 -215
95 191
-167 -134
53 76
-85 -49
93 12
-91 28
28 3
-25 7
17 -19
-9 25
-274 -11
257 -100
-193 194
94 -258
-44 105
0 -116
47 105
-86 -77
8 -165
60 154
-120 -117
159 58
-150 -241
234 157
-283 -46
274 -72
3 16
-7 -13
10 9
-20 -7
31 -54
-10 59
-18 -57
40 45
-222 115
159 -199
-63 245
-41 -249
188 -44
-157 118
91 -171
-16 196
334 76
-334 70
277 -200
-172 298
-125 184
40 -219
51 214
-138 -175
20 -37
-2 43
-16 -40
33 35
62 -61
-28 85
-8 -86
43 78
-106 67
67 -105
-25 121
-29 -118
-59 -29
66 5
-62 25
52 -49
-60 -117
105 81
-128 -32
130 -24
116 -21
-98 62
64 -97
-18 113
16 -91
25 95
-57 -74
88 41
-53 -276
158 231
-242 -145
282 34
-80 252
-30 -268
136 232
-215 -158
347 138
-374 17
334 -167
-235 291
-54 -35
59 11
-54 18
45 -40
8485 -4659
129 -1123
-8792 2082
-16652 3850
-1279 -292
-4146 1760
-6749 2287
-7051 2686
4929 -2479
3587 -259
515 583
-1068 15
424 525
849 37
983 -973
1467 -624
-1112 -672
-1906 -882
-1964 150
-2000 579
-1922 -241
-462 -1434
1848 -2654
2859 -2192
964 -820
635 -990
498 -1191
-390 -1469
-780 277
-579 461
-142 709
-127 604
-885 -529
-586 -633
-1399 -424
68 -584
288 -786
1062 -806
1167 -453
1289 -71
392 -272
260 -197
295 37
12 274
174 -696
-224 -674
-104 -366
-495 219
-192 756
-190 444
-315 281
-206 114
10 -275
30 114
-485 -113
-812 12
-229 438
-304 644
573 847
-338 499
219 -517
327 -643
187 40
-285 88
-570 248
-476 117
-25 472
250 -50
-342 -34
-221 185
-528 171
-297 304
46 102
-199 115
2 429
-75 496
17 574
71 2
495 -171
10 139
-400 -348
-126 142
-593 -342
-151 -286
267 546
106 668
520 553
154 401
-238 131
40 -219
-67 -310
388 -352
-52 -763
229 -413
-556 -1
411 -34
15 -218
132 38
-305 246
106 20
-277 76
118 207
-66 185
83 -14
-155 50
-351 -132
-323 -176
-53 108
149 -144
257 239
71 185
52 528
193 -495
-145 103
26 -401
-154 122
115 -313
36 -147
-51 -428
372 -169
-12 -43
109 -11
128 -302
116 -275
-527 -51
122 149
-292 63
165 -248
-121 32
93 249
-125 112
-52 -67
-159 338
-136 520
-278 595
63 306
131 50
-49 78
184 64
-417 160
-114 -29
193 63
-192 -16
205 -249
-36 -42
464 -67
96 107
229 -439
47 362
-132 112
304 80
-204 367
26 -244
110 -68
-125 86
131 -73
84 -171
63 274
19 -121
24 36
187 44
-416 -39
127 130
-266 111
-416 -67
-29 -22
-179 114
223 -110
94 -276
121 -555
56 -241
83 -453
-111 289
-295 64
6 349
-140 354
301 -254
-80 289
-137 -212
143 287
-194 -32
129 111
-392 167
-166 -197
-44 -71
87 111
40 49
261 14
136 23
-182 124
16 4
-129 196
-86 -59
2 -152
20 91
-74 -180
-337 -23
-130 -162
-213 48
-28 -291
-242 -69
-403 -197
-194 42
-50 -165
79 247
-80 220
151 81
-283 122
-268 -84
350 83
-220 317
281 -251
110 -48
71 124
180 -61
-117 155
-255 -185
-17 -54
-169 66
-89 -44
148 -158
188 248
-101 -208
75 -1
90 162
-239 153
-35 -100
-197 218
486 397
-121 -122
557 71
-8 290
-148 14
41 140
-167 131
193 -175
-259 392
252 -319
123 487
-93 -396
-97 113
214 -168
19 194
-36 -231
38 -4
-107 322
25 -239
134 227
-169 180
-190 -113
-38 122
-102 -70
-334 119
91 -284
-188 151
-70 -329
-225 -204
112 94
-241 -31
114 9
396 170
-246 -82
465 21
-137 271
-64 -137
-81 -187
-193 -136
-78 -156
235 24
-226 209
154 -55
-1 389
-389 -4
215 -48
-246 259
200 -138
0 90
-112 -121
1 103
-122 -3
59 55
272 139
107 88
30 91
22 76
204 -32
-15 125
144 -81
-346 252
-74 -181
-41 289
-109 -268
337 -279
-456 415
100 -397
-38 461
-168 -84
103 -202
20 -141
46 -219
-21 119
-133 -348
143 78
-241 -12
96 -46
-40 -68
145 -75
140 104
83 -248
-100 307
-209 -252
81 316
23 -163
-114 35
46 19
99 136
80 39
94 154
3 -59
64 -66
18 -87
198 -39
-25 -5
190 30
454 -79
-267 137
173 -442
-125 301
-55 -100
146 278
-198 -47
175 9
9 171
-55 -17
63 155
-117 168
-78 106
42 -44
151 175
0 50
54 34
-101 -3
16 42
-51 28
161 -32
-158 105
26 -66
-53 199
297 125
-232 -95
345 -177
-91 213
-54 21
33 -169
-6 27
-56 -22
168 -254
21 140
-60 -272
107 53
-257 67
159 -183
-84 305
-33 -326
-64 0
10 -96
-24 14
-42 -105
-116 -283
386 178
-390 -27
420 -130
-437 258
174 -280
-149 326
-36 -419
-171 222
62 -271
52 278
-162 -229
241 -18
-212 117
148 -190
-57 237
93 -92
-51 123
-7 -131
63 117
-12 -17
20 12
-24 -1
20 -7
49 15
-49 8
45 -29
-26 43
246 105
-263 4
238 -112
-174 202
-193 -59
201 -26
-174 105
114 -166
-26 57
0 -65
27 56
-45 -43
12 139
-66 -122
109 81
-135 -33
-382 142
292 -283
-152 384
-17 -407
-115 -49
125 -5
-114 58
84 -98
-69 -46
83 16
-84 21
67 -50
109 -281
15 299
-132 -272
234 191
112 -23
-94 68
57 -104
-10 115
245 -117
-173 209
76 -263
40 268
59 -163
11 176
-82 -151
138 103
-89 -70
107 21
-108 18
89 -61
-86 -79
110 37
-118 12
103 -58
-65 -23
66 -6
-58 33
41 -52
-138 -158
190 93
-210 -1
197 -81
61 133
-109 -95
136 45
-143 15
162 62
-170 15
153 -78
-105 136
-57 141
-7 -150
69 135
-115 -96
-65 86
24 -107
22 107
-63 -86
-36 -63
63 43
-72 -14
71 -17
60 -64
-30 81
-7 -88
41 75
210 -168
-120 242
9 -266
100 248
274 239
-346 -105
361 -49
-310 190
218 247
-303 -136
331 0
-300 135
-25 -54
45 38
-59 -13
55 -9
-72 -209
153 159
-204 -83
226 -7
-9 -881
-8767 1805
-16559 4112
-22605 4338
-4707 1324
-6068 2458
-7756 2814
-5675 2286
3417 -265
675 524
-1183 136
-1596 -86
625 -513
1413 -565
907 -819
959 -477
-1839 -678
-2114 -6
-1800 661
-1070 423
-280 -1608
1751 -2428
2860 -2446
2120 -1079
776 -707
256 -1390
-82 -1382
-417 -814
-386 363
-270 883
-78 391
168 239
-1100 -672
-915 -601
-301 -224
780 117
952 -656
1206 -634
1324 106
605 221
248 124
171 -267
250 501
-255 60
-206 -934
-18 -122
-675 33
-347 187
-548 636
-63 -45
-307 515
-117 -467
493 -194
-787 352
-733 -534
-1008 438
125 1107
-12 595
301 486
-549 441
572 -608
-48 106
-103 -65
-193 433
-541 1
83 555
117 -80
78 -67
-425 269
-379 12
-365 509
-608 -85
-313 346
15 172
22 736
129 262
140 76
403 -212
111 129
210 -120
-433 -106
-212 -239
-538 -221
90 -55
21 705
579 481
126 489
617 389
-8 -127
-60 -417
424 -254
293 -192
-115 -531
-193 -32
92 148
233 91
-113 -139
-7 314
-191 86
-269 156
68 140
3 224
4 -22
-37 158
-299 104
-468 -367
155 224
-185 -72
373 230
-28 236
120 439
-82 594
84 -66
-116 -153
-128 -166
-8 72
208 -558
-43 14
182 -569
188 116
-66 -61
306 -325
-40 -183
-31 -353
-169 138
-17 -45
-42 -36
-173 90
218 307
-263 113
74 -121
-134 208
-410 497
-27 503
-129 492
17 155
-143 246
207 -123
-359 336
-16 -272
-71 71
40 -132
34 -44
75 -535
218 -137
348 70
6 -303
243 0
-72 25
287 187
-228 264
321 -99
-132 66
40 -136
76 196
39 -85
92 63
82 84
-116 -128
126 132
-197 -183
-12 349
-234 -144
-108 -44
-259 82
-6 -77
143 136
-88 -345
1 -374
92 -455
140 -243
187 -139
-218 216
-127 238
22 402
160 178
-105 228
-92 -167
84 264
-67 12
20 238
-342 7
-141 -32
-301 467
169 87
-23 98
299 -56
246 183
-474 256
223 -236
-222 503
4 -314
-50 90
-32 -153
70 23
-142 -108
-279 -35
-127 -133
-35 -88
-11 212
-308 -105
-323 -6
83 -178
-272 -74
256 473
-255 -14
125 47
-236 137
-14 163
83 94
100 72
27 203
168 279
31 -165
60 186
-198 55
-24 -246
-81 237
-236 -163
109 250
132 6
42 -11
-138 -124
-86 75
-57 187
-218 -58
-50 104
-358 -95
329 -162
162 288
261 -70
277 172
-70 65
-34 156
65 -140
158 83
131 -66
136 206
14 -141
376 141
207 -139
12 163
-18 -205
55 13
-34 -170
155 246
-178 -161
368 5
-144 223
-215 -164
177 120
-81 -197
105 -279
-198 147
-56 -331
170 237
-141 -125
79 69
-222 55
328 76
328 25
-103 160
327 -90
-69 273
-353 -156
40 -278
-230 69
18 -373
-224 -127
293 251
-244 160
171 14
-462 38
337 -97
-182 424
188 -345
45 -9
-192 67
66 -48
-113 76
166 118
212 65
-62 156
-34 106
153 43
-5 37
166 8
-43 55
-44 46
-162 101
77 -138
56 60
-261 -58
114 110
-256 -2
103 -137
177 -182
-51 -129
102 -263
100 68
-113 -79
15 -163
-23 150
-16 -29
3 -110
117 -15
143 42
33 -87
-251 -1
54 -33
-250 226
66 -156
-196 -104
179 113
-56 107
120 -85
-79 -143
286 140
-270 -135
117 -124
-2 -219
228 82
-77 51
223 -47
-56 4
39 -236
-87 58
-218 -181
-8 252
-43 -81
50 104
-71 -136
82 110
-114 96
70 147
-44 101
-189 69
315 -21
-69 296
198 -125
61 -169
-69 261
-62 -205
167 77
-86 -124
54 177
-177 -8
102 47
135 -190
55 57
79 -127
127 47
-84 -367
186 157
-284 -67
275 5
225 -106
-146 32
57 -262
-42 200
98 -27
-91 135
40 -173
58 136
-48 40
-27 -132
25 28
-19 -44
294 -6
-231 107
224 -187
-76 252
82 111
-226 -73
193 -87
-59 78
-18 224
-75 -214
152 164
-206 -83
70 42
-80 -9
76 -25
-58 55
173 -118
-108 181
27 -210
64 203
32 -64
-4 67
-25 -65
53 47
-157 98
101 -153
-27 183
-47 -182
-124 -21
122 -32
-95 75
56 -112
-182 -96
202 13
-189 71
146 -143
-115 -83
139 27
-140 34
112 -85
-104 -192
173 133
-214 -52
215 -45
-188 156
110 -220
-8 246
-87 -225
-7 200
-73 -183
141 134
-185 -65
233 26
-226 74
174 -158
-94 217
73 13
-74 19
58 -48
-30 68
-80 111
23 -137
34 133
-84 -109
-72 38
50 -63
-17 78
-15 -78
-47 -59
68 36
-76 -5
71 -27
35 124
-82 -100
116 58
-129 -6
-30 -142
87 111
-123 -70
141 11
-248 151
162 -239
-50 285
-69 -280
75 -77
-38 106
-9 -112
54 97
-173 272
51 -317
83 307
-204 -248
236 -39
-201 136
129 -207
-31 236
-122 -74
139 18
-134 40
106 -90
-364 62
308 -199
-200 313
51 -364
-4 128
-54 -119
99 87
-125 -37
37 110
-80 -83
107 44
-114 4
77 -66
-42 90
3 -103
42 96
56 -216
38 220
-123 -185
187 117
88 70
-109 -24
111 -20
-92 65
40 416
-210 -359
338 248
-409 -83
215 -9
-191 95
135 -162
-58 204
-8974 1749
-16346 4081
-22792 4451
-25099 3477
-6538 2446
-7314 2633
-6002 2632
-3630 2806
593 443
-1076 177
-1710 -78
-674 225
1286 -526
1008 -904
899 -354
336 -636
-2208 -46
-1695 659
-1165 466
-230 -735
1853 -2504
2794 -2332
2135 -1203
597 91
206 -1421
-23 -1375
-471 -794
425 91
-82 947
-274 410
340 139
207 -148
-1017 -715
-167 -166
629 119
1193 264
1115 -691
1428 124
501 253
769 55
221 -5
100 282
-32 194
191 89
-15 -80
-699 -6
-316 210
-782 88
-454 401
-132 -52
-40 118
63 -495
-428 135
-969 -194
-929 29
-1075 -113
607 681
-309 665
-71 36
25 681
-41 138
-123 -90
-164 445
-488 176
162 409
102 85
22 -221
-15 611
-406 129
-395 392
-538 15
-726 -195
118 385
-162 579
357 328
675 358
302 -166
186 50
177 -16
-45 -46
-434 -338
-294 -221
-131 39
143 33
422 279
354 609
365 376
531 483
-43 -439
418 -222
287 -216
422 -88
-331 -30
225 88
140 197
-53 4
-214 246
24 55
-455 266
-237 -225
97 24
-4 201
-116 -49
-126 98
-180 -20
-250 28
269 -55
-206 223
-6 -49
218 709
-281 386
358 453
-172 -190
-64 -153
-75 86
1 -198
-53 -29
211 -531
153 96
-91 32
443 -255
-190 -182
108 -412
104 153
-51 185
-104 -252
-22 267
-243 -241
-60 79
-101 -6
-26 30
-260 52
-156 143
135 768
-339 12
482 215
223 236
-526 14
264 -51
-86 -264
-35 -378
203 142
-158 -638
99 -247
209 32
153 -324
118 81
-105 -175
126 -249
93 599
-109 -272
552 55
-76 136
70 -100
164 178
180 -9
-5 -157
60 63
-108 33
272 -91
-365 524
13 -442
-206 334
-294 -371
-220 -36
324 11
-199 -157
168 -269
150 -332
33 -332
332 -103
109 -105
-94 497
-109 178
371 326
-166 187
-273 191
103 -137
82 384
125 -301
-22 -51
-410 150
-128 188
-28 272
37 105
245 -41
290 144
159 -103
110 149
-274 103
215 31
-155 160
-270 -52
247 -166
-220 141
76 -263
-103 -57
-86 -152
62 248
-106 -48
-137 170
-156 -262
-22 -98
-191 -44
75 399
-342 -199
294 167
-194 -125
192 125
-15 90
120 142
-18 95
147 78
-145 13
61 124
-371 133
11 48
-244 48
31 56
-43 98
-29 -225
18 45
-298 -15
151 -11
-111 -223
-78 296
-414 -282
49 112
107 166
361 22
154 127
284 14
17 100
39 -66
153 9
179 -125
272 39
-43 67
344 -67
140 204
-245 -129
339 -44
-336 16
87 -226
-307 7
342 -129
-116 195
178 -380
-174 260
-31 -249
264 49
-216 -302
-30 -115
-109 -23
84 -62
81 47
-21 48
-120 36
244 132
26 33
343 242
-112 17
284 -2
-99 260
-145 -318
-47 26
-134 -258
90 -9
-80 217
109 43
-104 270
-47 -85
-106 349
39 -161
230 280
-224 -167
-74 141
-71 -64
22 38
-120 -27
53 183
37 -26
-50 308
-202 -6
19 -59
191 101
-105 -21
76 32
-60 -67
56 50
-3 -126
114 -62
-279 8
140 -70
-238 88
120 -368
184 -172
-94 -127
224 -130
-95 -30
73 -123
-93 141
53 -46
60 229
37 196
129 -186
141 117
-89 -83
-340 -105
139 127
-256 92
215 -185
75 232
-13 -44
142 74
-151 -12
-75 60
86 -206
-180 90
-6 -187
146 121
-19 -7
198 39
-172 194
60 -115
-150 -44
-118 -116
-223 -13
91 72
-139 17
144 -134
-40 19
18 82
-42 217
31 -8
-25 145
18 -69
221 215
-31 69
188 80
-45 133
-34 -76
87 -22
-113 -80
-112 75
15 11
-85 106
2 -122
-203 136
280 -300
19 289
-53 -272
54 14
-107 9
78 6
-117 167
-61 -114
39 -90
-94 37
-3 -94
104 -82
-47 105
28 -157
102 60
-33 -144
37 37
-34 -46
108 47
-156 22
187 -76
-88 141
-15 -44
-66 35
8 -119
125 27
54 -34
-8 -274
121 243
-208 -178
262 78
-45 -72
72 45
-84 -9
84 -26
80 34
-87 1
79 -36
-59 66
70 -69
-36 89
-6 -98
42 86
294 -85
-233 200
134 -277
-7 306
-265 -36
254 -77
-202 174
118 -241
132 -81
-87 126
29 -148
33 152
-19 70
-14 -74
39 64
-62 -42
-93 -198
161 146
-206 -63
214 -26
184 -26
-156 102
100 -159
-25 185
292 -30
-256 146
174 -236
-64 290
273 -13
-240 120
173 -210
-70 262
-86 -117
129 74
-148 -14
139 -47
-40 -289
155 244
-245 -158
287 47
98 46
-112 1
99 -42
-76 78
95 -260
20 280
-132 -242
219 166
-381 -345
484 160
-512 51
443 -258
37 -7
-34 21
24 -33
-7 40
-205 31
172 -110
-115 170
35 -203
-96 62
65 -94
-21 113
-28 -111
-134 18
117 -70
-74 110
24 -130
-75 -255
174 205
-242 -118
267 5
-32 94
-9 -101
49 89
-76 -61
13 -17
-6 19
-4 -21
9 18
138 -109
-83 156
10 -178
62 168
-13 -50
33 39
-49 -24
52 2
104 8
-101 32
77 -73
-39 93
-29 -5
28 -6
-23 19
14 -29
67 -140
-3 151
-62 -145
113 105
4 -2
-4 -2
4 3
-3 0
45 -22
-34 36
15 -44
7 49
-16664 3794
-22380 4583
-25525 3526
-25023 1740
-7090 2495
-6151 2844
-3582 2554
-816 3287
-1223 403
-1670 -347
-601 484
-124 1453
1168 -640
645 -533
640 -577
1242 -1101
-1691 360
-1046 744
-454 -941
419 -1635
2863 -2392
2092 -1118
601 -1
-98 807
-200 -1586
-231 -668
152 80
977 312
194 667
-192 99
712 -327
797 309
-92 -194
575 174
1220 189
608 124
1292 117
629 200
675 150
436 18
13 285
45 150
138 152
74 -126
-215 297
-881 131
-229 -68
-213 -304
-353 337
0 -325
210 -69
53 -572
-795 -5
-1168 -67
-826 -121
-748 -335
-23 620
-310 190
180 439
-180 92
-27 59
-309 351
-312 204
-386 240
61 -190
172 8
-248 462
274 315
-292 176
-538 253
-823 -411
-294 183
-49 419
322 528
627 163
456 -17
523 203
-200 -18
298 -197
-419 767
-178 -260
-221 125
192 -80
104 -1
374 329
463 634
336 282
46 386
235 -154
431 -356
353 93
99 389
244 59
135 235
-64 -29
625 -135
-51 -36
-346 320
-356 -233
106 -190
-97 260
-59 -147
-145 203
-549 -386
43 -187
90 254
-170 -136
227 230
38 672
-101 342
213 564
-143 367
-189 -51
-2 -53
-1 -41
-152 84
343 -332
-51 -32
144 65
305 527
134 -556
-39 59
47 -339
146 241
135 -123
-293 243
13 -332
-94 178
159 -108
-220 230
-162 -207
-32 196
-121 558
-20 100
153 270
227 -119
-430 125
133 -106
65 -262
243 -715
44 -144
108 -442
-217 -318
-45 -349
56 -270
184 -12
-122 -61
-66 -231
5 297
96 -32
268 -76
-195 113
102 -107
131 202
196 -47
299 -67
-267 -133
270 80
-95 24
98 157
-127 -192
-184 45
-202 -94
-203 -277
49 -5
63 -253
-30 -75
122 -531
173 -266
168 -101
252 -166
47 -136
51 116
245 447
-107 22
333 274
137 -16
-1 291
237 -245
180 102
-492 262
-98 54
0 404
-172 -159
64 174
366 -126
203 175
-44 -152
-40 -124
84 331
-165 -169
360 138
162 -58
-191 5
104 -125
-132 60
-427 -144
365 103
-325 212
175 -126
-149 -116
-88 -221
-78 42
-36 -382
-382 -37
263 6
-103 7
305 -286
-378 -203
571 258
-478 171
418 -189
-20 121
-95 79
-208 109
-256 33
-449 -65
263 71
-263 176
189 -384
139 -200
-306 258
49 -267
-23 326
-227 -87
-121 8
-336 -38
-14 -79
372 104
107 61
351 53
214 -187
-219 -115
403 -53
-23 36
242 -322
-36 143
307 -133
207 250
109 -259
37 -53
-52 -105
-128 -1
-116 -157
43 -94
140 40
6 -135
217 -45
-133 -126
307 -105
-191 -142
89 -274
-222 301
64 -406
245 352
-275 -381
-145 156
218 17
97 130
-12 -35
146 -47
73 164
25 22
38 29
-33 197
-219 -407
224 92
-402 -77
-118 -207
203 401
-385 -84
378 -72
101 -12
112 174
-71 -114
94 50
41 -11
-99 34
-5 -72
-13 -1
-42 -42
31 295
-272 43
11 23
49 -3
67 19
-90 65
-58 21
-139 -13
196 -151
-63 41
41 -144
-216 -152
127 19
-180 -159
170 -177
95 -95
43 -84
52 -152
-6 102
34 -150
53 271
-74 -57
176 196
266 -27
-50 31
123 -78
-19 66
297 88
-379 194
292 -330
-43 287
58 178
-15 -101
61 83
-74 -88
-132 240
-162 -408
178 273
-404 -237
276 8
-81 146
40 -15
-43 277
-60 -458
-30 304
-470 -361
245 103
285 -96
-197 138
158 -369
68 329
-253 43
294 71
-298 184
187 -229
154 95
78 153
59 46
44 137
144 -160
-37 126
-56 -267
126 55
244 275
-404 -43
354 -115
-377 235
-33 -15
182 -101
-41 153
87 -160
-269 41
218 -85
-203 314
-10 -237
78 -142
-111 99
-13 -158
14 93
-28 77
21 -121
95 27
-108 -95
96 -111
-27 117
40 -97
55 160
-31 11
79 -33
-92 176
-13 -61
-43 -13
129 -84
98 70
26 22
-215 278
78 -343
68 346
-205 -288
250 -32
-214 130
141 -207
-41 249
33 109
-76 -88
108 47
-117 -2
71 -126
-14 144
-46 -133
100 107
-336 107
261 -235
-145 319
0 -349
-193 -53
198 -30
-167 106
110 -168
3 -177
70 162
-131 -123
171 57
52 74
-79 -47
90 11
-87 32
114 123
-154 -68
165 -3
-151 69
63 -63
-30 81
-6 -89
43 74
256 -229
-139 314
4 -345
139 312
221 -199
-124 274
1 -302
123 273
220 -205
-118 276
-5 -302
125 273
-137 -4
129 -48
-96 98
43 -130
42 24
-53 0
44 -23
-36 37
213 -80
-160 160
81 -212
14 225
-143 -156
193 86
-210 0
194 -86
-63 -2
62 -25
-43 48
20 -62
210 -84
-153 167
73 -212
20 222
-269 -18
254 -94
-195 186
97 -249
-18 -8
21 1
-20 7
14 -13
279 -15
-245 129
176 -217
-69 267
73 -132
-12 147
-47 -142
102 108
-72 182
-6 -197
86 177
-154 -126
-296 -16
275 -107
-210 209
106 -278
-49 20
37 -32
-17 49
-2 -49
-192 168
106 -234
-6 257
-98 -239
-420 -101
421 -76
-356 247
226 -370
-11 202
-69 -190
144 144
-189 -72
30 -77
4 82
-41 -71
65 47
-191 -225
270 127
-299 -8
278 -115
-22372 4473
-25494 3632
-25098 1655
-21975 -579
-6291 2773
-3427 2562
-963 3339
967 3069
-1569 -146
-777 348
89 1509
-75 2657
616 -564
681 -561
1204 -1105
2243 -1415
-798 666
-648 -766
526 -1872
-79 -1938
2146 -1258
607 144
-167 673
301 949
-203 -781
171 195
909 218
919 -183
12 37
547 -190
891 118
1263 702
928 351
820 167
974 -17
-288 -152
513 92
822 199
279 37
802 -531
107 350
2 1
260 -40
-144 -139
-680 324
-493 -166
67 -317
323 -743
-133 -26
207 -402
192 -270
-106 -573
-1018 -112
-941 -17
-681 -477
197 -406
-256 188
129 462
-146 53
176 485
-344 142
-202 380
-564 124
35 -362
-33 -272
53 636
-73 279
-39 255
-371 -234
-784 106
-538 -269
332 506
85 426
889 159
218 94
-13 -579
100 29
6 -121
-183 573
-5 378
-105 163
74 -66
214 -68
0 -188
340 593
464 270
-71 452
155 87
676 -336
120 177
275 219
-46 470
165 104
-41 97
549 -245
493 -289
-405 67
-204 -28
-124 -311
-316 -264
-149 96
-162 -46
-434 -160
-47 -384
146 46
-132 78
106 46
-439 78
-122 520
158 401
-24 497
182 182
-43 -190
91 72
-279 21
397 49
82 -192
88 267
280 324
195 564
-211 -233
324 -137
-192 174
201 -54
-196 25
12 -94
-195 -35
-210 -89
-32 105
-285 -16
-2 -30
7 50
-51 268
118 100
338 18
-31 -2
97 84
16 -450
361 -560
362 -516
29 -273
-216 -503
26 -179
-63 -456
91 -122
11 -1
-209 -227
-33 -138
48 44
276 -164
-159 197
5 -152
178 -117
290 268
90 -312
167 71
60 83
100 -66
-41 315
56 105
-310 -39
-48 -72
-351 -233
-20 -271
-146 -263
163 -150
-21 -385
224 -395
339 -148
114 -56
128 -292
-43 154
290 511
-169 -16
409 284
-358 127
516 -33
-102 258
280 -496
156 235
-38 175
-105 321
-39 -123
280 309
452 -206
148 284
-38 -272
98 -2
19 182
-40 -59
205 91
-14 -185
-204 236
20 -344
32 227
-149 -177
6 115
3 54
-59 148
-42 31
-191 -14
-66 -189
49 -168
-159 -47
-159 190
212 -333
158 156
162 -290
-89 204
145 -46
-64 268
64 52
-23 244
-345 -7
-85 87
-105 0
-70 1
77 107
-90 -184
99 -72
-136 12
-7 33
-96 32
51 -105
-270 -134
-140 33
-220 -62
-230 1
147 -99
380 220
122 -323
314 -82
90 -203
323 34
-76 -180
283 17
320 207
50 -57
374 -45
-13 87
-22 -172
-123 73
-153 -227
23 109
35 -39
136 -104
88 -17
49 -55
170 -118
-57 -184
-14 -189
-196 -56
222 27
-77 17
153 -209
-57 102
137 23
163 87
-56 28
203 47
47 36
104 128
-76 -37
73 0
172 156
-361 -261
276 7
-562 71
-267 66
184 34
-190 58
67 -212
-143 -99
267 31
-278 59
196 -161
121 104
-238 -46
184 -120
-125 3
136 153
-306 208
-22 -146
-90 193
-254 306
78 -330
-51 451
-213 -326
-130 56
152 -281
-27 238
-10 -111
-229 -129
208 -169
-178 -9
52 -376
296 100
-252 -212
300 37
-259 243
76 26
10 173
7 19
139 -27
-97 -246
279 151
-251 -84
123 -75
-83 -17
102 -18
-6 -73
129 -96
-205 -93
230 3
-193 55
50 -161
-410 -60
268 -150
-308 183
50 -311
-10 28
22 117
-84 152
1 67
-136 -146
-195 3
-155 -123
-50 -26
208 -304
-24 200
5 -272
268 362
41 200
-116 -36
115 46
-122 -89
304 45
-109 240
113 -110
2 130
177 169
-278 -222
307 -77
-349 49
-281 58
202 -157
-223 214
18 -246
79 39
-8 -16
127 7
-71 60
-90 177
-30 -53
-16 168
-100 -119
-143 191
-23 -258
65 178
-122 -220
0 -74
89 -23
-83 -53
58 -70
-54 -4
109 -2
-50 107
52 -141
92 95
-158 66
94 8
-104 90
80 -4
108 -28
59 112
11 -10
-101 -92
130 48
-139 11
119 -68
-4 -137
61 123
-106 -87
132 39
15 205
-96 -174
160 121
-199 -45
36 -189
44 187
-115 -153
168 92
-168 155
92 -211
2 232
-99 -212
150 11
-145 51
108 -106
-56 142
-78 -25
80 -9
-71 46
47 -65
-28 103
-12 -107
56 94
-87 -63
-181 92
127 -161
-53 198
-34 -204
46 131
-98 -101
131 54
-142 5
-129 -26
130 -33
-103 81
60 -118
83 -63
-47 91
7 -100
35 97
-46 -280
159 235
-240 -152
285 40
-125 -112
161 51
-165 22
141 -85
100 -237
7 256
-110 -233
195 170
78 66
-100 -28
103 -14
-85 55
-64 -76
89 46
-98 0
93 -39
27 344
-164 -305
276 207
-337 -78
-153 -274
253 187
-307 -67
306 -65
155 -173
-68 224
-27 -230
120 197
178 -195
-82 252
-29 -265
134 234
33 220
-120 -191
186 125
-218 -39
-67 174
-9 -181
81 165
-143 -115
-119 21
98 -64
-64 101
18 -120
26 -365
122 348
-254 -263
337 136
8 -108
41 102
-76 -80
102 40
46 310
-170 -261
260 170
-307 -49
110 126
-151 -69
169 1
-152 70
-172 -20
164 -49
-129 113
75 -153
164 -5
-147 70
105 -126
-46 156
194 -65
-152 138
83 -189
3 205
-25443 3849
-25228 1480
-21781 -469
-16616 -2972
-3421 2712
-1028 3209
1079 3163
1684 3310
-677 108
94 1765
-188 2423
-1126 3079
360 -477
1457 -1313
2095 -1120
2058 -1360
-233 -688
114 -1772
255 -2194
-290 -1468
649 30
-157 793
241 843
1043 790
402 287
657 223
1144 -294
228 -294
469 143
829 -222
1458 984
528 1158
1047 220
756 26
-102 -283
-606 -528
764 192
332 16
761 -488
344 -370
-16 131
226 -169
-64 -34
7 -289
-618 -23
123 -503
347 -553
342 -669
66 -321
289 -398
-144 -414
-159 -402
-1040 -83
-567 -461
85 -371
506 56
-30 206
103 218
-125 435
219 763
-505 387
-294 -8
-164 -132
233 -347
243 564
-217 425
34 64
-282 819
-1088 -361
-72 30
-215 424
298 10
858 168
242 69
-26 -550
-9 -204
-123 -73
-87 485
-54 503
172 223
-104 381
191 -544
216 239
-559 -767
468 280
-77 440
164 96
80 -111
659 262
-251 361
377 122
-427 342
61 176
423 -274
621 -318
103 -370
-206 -141
-72 -206
-404 -340
57 -351
-419 -39
-199 -274
-219 -184
203 -638
-99 121
60 22
-386 81
-217 74
76 542
-6 336
231 335
398 421
131 17
-296 89
382 -23
28 110
-52 317
384 220
139 706
395 421
-13 43
41 -132
114 320
210 -151
-65 -159
-101 -8
-308 -74
-158 -225
-4 87
-303 -9
274 -98
-269 216
460 57
39 201
167 -289
99 93
-22 -406
382 -611
366 -460
368 -424
44 -383
-261 -180
199 -573
-114 121
-188 -276
81 -63
-372 -171
-138 -426
61 251
-140 -269
178 287
-519 70
328 151
103 -196
108 -37
-247 -181
-82 -141
156 314
-121 190
-90 105
-48 -5
-379 -295
34 -228
-99 77
84 52
-31 -597
320 -201
7 -75
183 186
-31 -483
180 262
-405 -406
97 386
-2 24
120 196
-176 8
273 -22
56 -85
196 -233
-10 -243
-387 158
281 -96
-20 408
116 -399
123 71
74 -93
-79 -123
-169 -159
-1 135
91 -71
158 -82
-95 -131
57 44
-158 -114
158 51
-57 183
149 -15
-167 271
3 -127
-168 256
-292 -71
204 -369
-216 195
158 -254
41 -27
191 -197
274 38
202 -287
-27 19
72 136
-2 226
-25 14
-291 78
-169 29
-9 23
-80 1
-117 -294
252 106
-330 -195
335 -320
168 53
-266 85
182 -216
-96 4
-312 18
-58 -116
-354 120
-106 -124
197 9
376 -206
41 -81
282 -306
293 -169
39 0
107 -102
116 61
423 270
-96 -190
476 23
-359 166
-334 -252
172 -15
-361 50
383 -97
158 -42
44 -62
108 -35
-15 68
54 -170
-121 -150
-111 -131
-29 22
288 -292
-52 222
-43 -380
107 83
57 -327
211 366
-173 -150
317 148
51 -14
31 73
-71 -53
105 -65
69 -82
-191 21
-144 -128
-159 32
-141 -248
227 180
-360 -160
329 -132
-84 -48
78 -14
-101 54
30 4
-49 -71
26 -19
-22 -153
119 -184
-435 -104
216 91
-406 77
235 -258
156 -94
-217 265
13 -226
-29 170
-129 -196
195 42
-133 162
177 -79
5 11
-69 -257
55 -102
-246 -148
122 57
-155 -56
194 148
-337 320
279 183
-244 116
324 -220
-133 205
141 -39
-52 36
-107 -99
55 66
-93 -272
283 77
-198 -120
327 -52
165 -63
-105 86
-41 -152
-1 153
53 -2
-179 -36
20 -50
-84 -14
-108 171
15 53
-49 196
-112 50
-269 99
-124 -233
-32 90
-302 -149
144 19
-76 -33
244 118
-70 337
183 65
-200 78
156 -245
-36 130
167 229
-135 7
182 -79
-146 120
-47 60
-19 -237
10 61
-181 -56
42 -176
-72 167
-101 -139
-8 60
-66 340
33 -343
160 348
-231 -121
-124 -117
93 185
-210 -91
233 24
-86 -44
39 -42
-4 -37
64 -61
-61 277
-61 -386
179 240
-284 -224
100 -99
1 193
-23 -203
124 47
-149 75
83 6
-90 94
10 -80
431 -5
-250 228
243 -237
-78 385
