-1 0
-3 1
-2 2
-1 3
0 -1
-1 -2
2 -1
-4 0
-1 0
1 -2
-1 0
1 -2
0 -1
-1 1
1 0
-2 -2
1 -2
-1 -1
-2 -1
4 -1
1 -1
1 -1
0 -1
4 -2
1 0
-4 -2
0 -1
1 0
-3 1
-2 0
1 -2
0 1
-4 0
1 0
-2 0
2 -2
4 0
2 0
1 -1
-2 -2
4 1
-2 2
-1 1
0 -2
-2 0
1 0
1 -1
-2 -1
2 1
0 0
-1 -1
-1 -1
1 -1
-1 -5
1 -2
0 -1
3 2
-2 -3
2 1
0 -2
0 2
0 1
1 2
0 -1
-2 0
-3 0
2 0
-2 0
1 -3
1 0
-2 3
-1 -2
-1 1
3 0
-1 0
0 -1
2 0
0 0
-1 -1
3 2
3 1
1 0
0 -2
0 -1
0 -2
2 1
1 -1
0 2
1 1
2 1
0 -2
2 1
1 0
-3 -2
1 1
0 0
-2 2
-1 2
4 -1
-2 1
1 2
1 0
1 0
-1 2
0 1
-2 1
-1 1
0 0
0 1
2 3
0 4
-3 -1
0 -1
1 0
0 -2
0 -3
2 1
5 -2
-4 -1
0 0
-8419 -8905
319 -9890
8077 -10595
15706 -11734
7239 7773
9266 2526
10043 -1594
10301 -3479
942 -1927
-405 1651
-1475 3465
-1750 3913
-2675 2946
-2505 2573
-2108 1333
-3281 -344
-1604 1517
-1185 1217
-513 1514
-6 1811
-1652 -247
-1689 -689
-1752 -194
-936 -331
-853 -806
-299 -845
-276 -847
311 -899
752 -5
580 -500
1034 10
828 280
-989 -94
-60 -12
84 499
498 11
516 638
912 245
378 90
393 -541
-83 -1085
166 -1127
488 -698
833 -458
-229 102
-308 1404
-532 1178
-256 1472
-4 48
64 116
-678 757
-493 291
-435 549
-449 778
-274 828
328 735
-10 143
637 -348
229 -284
-199 -542
724 -292
-341 -362
-38 -514
-790 -14
-201 -121
-62 67
-471 -189
-6 -153
-167 226
-124 -297
231 -298
-208 -252
64 -119
445 -124
193 -245
-125 -300
193 168
-455 132
-485 2
-726 142
126 -204
315 82
154 -414
522 -88
-386 501
-117 466
69 562
374 -30
25 -298
-264 -391
-283 -665
130 -244
-106 -236
-333 90
153 -229
242 101
159 316
-72 664
-56 531
-37 -8
-153 276
-359 288
203 -49
-128 -200
192 -228
-258 42
-180 -160
-171 147
-76 -366
-461 118
-314 -431
-60 75
-75 -236
23 -22
-73 340
162 177
353 333
-72 233
212 223
-251 295
-411 -88
-511 -442
37 -134
-174 -131
-216 -18
27 -141
146 73
144 -265
-255 145
-178 -358
327 117
-286 41
7 21
-21 103
-340 297
-251 311
3 -261
-335 -274
55 -92
-363 -26
-555 -165
127 -98
-645 158
179 -149
149 56
-82 244
56 202
-39 266
-46 -274
-562 -42
-103 -185
-245 -82
-39 133
131 -387
193 104
-51 -212
154 -62
175 134
198 -187
222 -106
140 -84
-380 58
127 -317
-58 394
-321 107
-153 24
-15 69
-161 62
-28 123
-191 -58
-130 242
-271 121
7 -99
16 135
-136 -207
60 -182
30 -87
222 -255
-84 -1
127 -309
140 283
-113 -276
249 -29
-439 6
459 361
5 82
656 127
-72 147
-29 -317
9 246
-121 -185
277 95
-119 -197
65 -5
37 9
377 -132
306 -415
-53 359
-46 -395
335 271
166 100
-24 21
68 46
55 89
25 -274
153 101
-82 -385
354 -76
-12 128
-114 105
284 -139
-81 184
-420 487
47 -282
-172 364
-237 -415
126 139
-409 -5
239 -168
-240 133
81 182
-177 127
134 159
-37 44
118 -27
-84 238
-53 -87
26 237
-324 286
62 -220
35 187
-176 -325
54 240
-79 34
289 59
11 88
132 -33
-191 233
90 -284
-12 361
30 207
-336 171
169 -11
-116 224
92 4
-165 -139
151 -54
-96 -51
247 57
243 32
129 39
153 126
-306 119
89 -179
-108 278
-36 -331
127 -17
200 -175
268 18
200 -73
-120 -109
18 86
-90 47
56 81
-164 -197
-13 187
-327 -96
96 -57
179 9
101 -233
268 75
-8 -62
50 56
-105 99
24 -149
76 65
95 435
-214 -323
243 243
-279 -126
-154 80
-60 -296
-156 158
-227 -96
-93 -52
146 252
-59 64
175 130
131 -17
110 183
68 -87
234 115
237 4
-6 22
228 -216
-20 102
35 87
-40 -267
164 -29
-126 -108
178 14
54 179
147 -130
243 101
61 152
-340 -20
40 -160
-345 -1
14 -75
107 -103
-17 15
-43 19
-209 167
-86 8
-81 136
-150 -2
2 -217
105 94
20 -158
259 67
54 -68
124 48
-117 -139
109 -28
-280 179
141 -270
-162 250
-124 -321
214 -211
4 282
-97 -307
85 227
65 167
-164 9
190 -29
-110 3
229 347
-261 -289
397 105
-365 -3
-408 -99
304 -210
-191 105
266 -403
-39 -47
-31 80
-171 47
-41 102
17 9
127 -81
63 156
30 -78
-233 -361
342 -81
-294 -20
269 -359
17 -20
131 -100
-131 -89
31 -66
101 -28
206 -184
179 -20
72 -166
-246 -103
199 -129
-286 49
37 -183
-447 -164
394 109
-422 181
344 -208
-59 9
-20 -34
-17 31
25 -63
28 90
-79 -103
105 68
-171 41
-192 -64
202 -21
-177 103
120 -163
107 109
-141 -56
154 -8
-138 65
317 -177
-218 286
82 -354
72 355
266 52
-268 60
218 -167
-129 242
11 18
-21 -10
21 1
-21 12
-47 59
17 -76
16 75
-41 -61
14 285
-132 -254
227 179
-278 -68
147 73
-166 -9
154 -61
-114 121
54 -59
-25 77
-8 -80
37 71
13 -7
-11 10
0 -15
4 14
162 95
-183 -25
175 -56
-139 124
-348 -194
395 33
-378 130
291 -270
35 -92
7 101
-47 -87
80 61
81 56
-94 -20
99 -24
-78 62
-179 130
113 -191
-25 223
-67 -212
32 27
-39 -16
40 -5
-34 20
163 -34
-132 94
82 -143
-18 163
-93 14
80 -51
-54 80
14 -92
-127 182
42 -220
49 215
-136 -175
87 -205
7 229
-95 -203
169 144
-80 -190
145 140
-188 -69
199 -20
-209 89
154 -163
-71 214
-19 -222
126 16
-120 37
99 -79
-54 115
76 -68
-45 91
4 -107
42 98
-1 19
-9 -15
15 10
-18 -4
84 -151
-16 171
-55 -164
117 128
91 56
-105 -15
105 -31
-83 74
-73 227
-22 -240
119 207
-197 -143
71 -80
-33 105
-16 -108
55 90
-9 257
-99 -239
188 177
-246 -90
296 -9854
8081 -10634
15714 -11695
21506 -11925
9255 2593
10026 -1656
10348 -3429
8944 -2038
-399 1399
-1378 3695
-1934 3742
-1240 1848
-2222 2646
-2392 1383
-3042 -506
-3832 -1291
-851 1164
-790 1702
173 1524
505 1943
-1966 -509
-1568 -464
-986 -8
-781 748
-375 -851
-209 -876
267 -843
170 -1276
634 -627
1036 147
773 157
1421 253
-337 -50
351 418
283 193
510 258
795 375
429 -81
414 -365
214 -235
149 -1598
694 -275
477 -754
1303 -18
-443 1129
-292 1376
-552 1388
-284 914
-104 308
-600 509
-463 546
-733 624
-428 893
-342 735
432 795
170 247
333 -236
465 -510
-320 -244
-255 -674
6 -135
-445 -582
-391 -128
-770 -576
-210 -243
-208 33
-333 -247
-283 -290
-163 -384
302 -228
-298 -284
197 -335
301 97
238 -510
-62 -48
-13 -381
-70 -54
-764 329
-609 -268
-607 362
340 -212
253 -132
314 -302
308 -35
-196 573
96 433
403 100
103 -172
-229 -283
-354 -753
233 -191
-195 -193
-44 -42
-59 7
340 -202
300 93
-148 848
-54 330
43 171
-281 -190
-299 345
129 -77
-46 -208
-89 -347
-341 234
-180 -372
-85 340
-80 -347
-388 -88
-296 -211
-169 -115
-325 -258
-75 250
-98 53
300 435
-297 415
-262 406
315 -13
-254 552
-122 -540
-619 -76
-11 -512
23 193
221 -203
-218 -221
404 43
-79 -136
338 -335
-106 -88
146 -101
-35 173
136 20
18 197
-413 232
-154 345
-475 241
-157 -20
-209 -252
-58 9
-210 140
-253 -38
-323 -50
-29 170
-110 -220
-225 -5
288 366
-323 208
-64 -7
-421 23
-265 -187
-95 -147
-223 -259
464 -254
-173 120
269 -374
77 465
167 -144
316 70
10 -283
410 -53
-147 18
-68 -180
69 192
-87 -97
-266 59
73 -11
-211 174
-12 67
75 118
-445 192
44 40
-293 410
-157 12
71 -162
-148 -133
175 -439
-35 -8
53 -336
142 51
-113 -150
-167 -124
238 -186
-363 143
-83 -359
132 -147
641 387
-160 -104
464 128
30 -36
-31 88
80 -113
123 257
67 -58
57 66
340 -172
386 58
-90 175
61 -238
172 173
-47 -46
-37 -202
175 239
-116 -47
344 4
32 -223
161 -140
34 -198
68 -131
106 -225
217 247
-180 -195
321 41
-306 163
-34 -184
-142 144
-155 -335
-145 241
-103 -285
117 100
-116 -13
77 180
-121 214
173 -110
45 -13
-260 411
38 -316
34 487
-305 -284
-23 178
-50 -212
62 5
-216 -104
-51 104
234 2
83 118
29 -71
-27 138
-20 -126
23 173
-18 -233
-119 128
-9 116
-9 33
22 137
-77 -2
15 -140
65 -30
-68 -202
157 30
206 12
98 185
-33 -128
-137 -170
95 179
-180 -158
280 -58
252 -70
178 -56
309 -45
56 125
134 82
-189 104
127 -12
-94 292
-168 -21
-97 26
-167 -80
57 -2
-48 -102
355 -108
-14 143
231 -110
-10 65
-52 -78
113 -36
-155 -50
-265 -369
311 273
-352 -121
337 -240
-296 -153
2 -68
-281 173
-17 -111
79 33
91 234
-33 31
57 246
127 -65
149 143
60 -65
272 95
307 -259
57 170
-18 -319
119 229
86 -203
21 -34
6 -163
80 1
92 -46
203 90
104 -75
196 -16
-103 162
-250 -227
-49 -56
-243 -213
254 -181
-124 146
3 -140
-21 209
-11 69
-170 110
-55 -14
-104 81
84 95
43 -164
242 84
-122 -76
99 40
-94 -144
88 -16
-123 -49
5 -47
-133 -14
-43 -67
-18 -2
-112 -39
141 -62
-233 104
60 -196
210 -154
-89 274
16 -385
145 131
18 -183
99 118
-99 -142
255 99
285 -81
-226 -28
351 -297
-120 289
23 79
-216 67
-9 65
-92 140
-175 -119
353 73
-201 123
184 -233
-139 -33
124 -256
-15 35
-115 -248
-46 -20
-5 -230
-25 118
-187 -183
107 -26
206 -207
122 12
20 -127
-112 42
-76 -232
-43 166
-132 -142
-241 156
141 -118
-52 298
-16 -181
152 207
-273 -115
320 -36
-309 119
35 238
-129 -196
157 182
-244 28
61 320
-192 -264
283 166
-324 -33
72 -209
17 219
-103 -191
176 132
-190 36
160 -108
-102 163
28 -193
8 -127
42 116
-83 -92
115 47
-55 109
4 -123
46 119
-87 -89
-73 -138
124 96
-150 -34
151 -26
52 -116
1 131
-52 -117
96 88
18 60
-44 -49
56 27
-63 -2
-107 191
18 -218
73 209
-148 -160
277 145
-316 -21
294 -111
-223 223
204 133
-245 -40
241 -63
-191 153
204 -76
-153 155
79 -204
10 217
210 -51
-169 133
103 -193
-11 213
27 -44
-2 53
-13 -49
37 37
140 -109
-87 163
17 -179
59 168
281 173
-329 -44
320 -92
-253 213
14 22
-25 -13
31 6
-25 7
-162 -244
246 154
-290 -42
280 -77
227 37
-223 61
181 -144
-105 202
-133 61
98 -109
-45 137
-17 -149
150 12
-142 50
110 -104
-57 139
-212 58
168 -137
-96 193
9 -216
103 202
-174 -141
216 53
-227 36
147 64
-158 1
147 -63
-108 122
150 119
-187 -48
189 -30
-161 109
-25 -47
45 31
-52 -12
49 -13
-180 3
163 -76
-116 136
50 -173
158 -280
-33 323
-103 -308
221 237
-125 -19
123 -32
-99 81
56 -111
24 -51
-3 55
-22 -50
39 37
8200 -10764
15661 -11523
21484 -12101
25612 -12502
10230 -1581
10129 -3414
9137 -2137
6968 1193
-1504 3942
-1921 3462
-1144 2112
63 -751
-2328 1384
-3099 -481
-3786 -1330
-3820 -1451
-636 1385
162 1878
369 1615
1082 265
-1870 -565
-676 -41
-1050 899
-1445 931
47 -859
24 -753
351 -1456
605 -1551
1007 -19
867 291
1276 166
1044 138
216 593
335 -22
548 474
-271 542
481 -201
420 -235
163 -363
296 91
272 -835
1092 -419
600 -71
758 37
-446 1476
-459 1234
-302 1094
169 580
-610 657
-516 412
-627 724
-651 464
-243 1036
212 554
466 383
508 -121
372 -397
-282 -383
-234 -535
-639 -708
-418 -261
-545 -404
-509 -389
-416 -430
-385 -151
-101 -150
-534 -283
-546 -124
-11 -415
66 -247
-146 -221
-26 -349
240 -213
-183 -321
208 -187
-30 -298
-646 147
-642 -57
-662 148
-713 110
677 -334
11 55
443 -492
179 352
59 466
425 50
107 -119
-32 -153
-165 -641
12 -225
14 -254
139 -72
16 -167
341 -19
223 -71
533 -396
-79 571
-34 -58
-115 -12
77 -168
124 40
-89 -320
-10 -263
134 -226
-262 -24
-151 -12
126 -56
392 -416
-390 -246
-63 -128
-416 -208
-267 -50
113 -141
194 698
-301 130
107 398
-121 368
-7 27
-133 44
-145 -616
-27 -241
-69 -63
412 -8
401 181
303 169
-38 -295
362 -173
93 97
17 -168
113 187
-1 71
167 -17
-289 351
-311 281
-303 236
-516 293
-77 -213
-190 30
-95 65
88 86
-512 -4
120 53
-200 -47
0 -77
-114 339
57 72
-353 275
-410 195
-84 -188
-259 -77
-105 -388
13 -86
39 -120
176 -71
39 150
77 159
409 -313
81 100
187 -371
185 -78
-55 54
-42 -22
102 49
17 -140
-143 162
-82 -73
-27 346
-139 -51
-328 70
-19 199
-308 241
143 99
35 -196
-100 -120
125 -432
295 -332
-52 -97
138 -210
-2 88
155 66
13 35
-250 -155
-70 -42
-220 183
423 16
193 148
45 49
320 293
272 -72
-123 153
202 -75
153 219
-34 -18
456 -138
261 77
415 -186
129 92
-23 -94
247 120
-75 85
89 152
-7 -2
223 2
-87 188
87 -9
45 -347
125 11
-10 -187
41 -340
224 263
-234 -221
272 140
-175 17
-96 -95
-96 -98
-189 -51
37 -371
22 234
-78 -177
331 222
-189 32
312 33
-137 -84
466 -192
55 -42
-94 239
-86 -118
-101 269
-46 -130
30 -68
-155 -54
5 -130
78 316
99 -235
159 257
-232 -138
61 207
-193 -102
288 -72
-258 -74
99 108
-103 86
89 53
-54 193
-113 -181
197 -47
-180 -132
149 -78
-113 298
264 -213
-34 306
-282 -160
5 -6
-19 -24
81 -110
143 -2
409 -96
118 90
174 -75
132 284
-201 -57
201 137
-218 188
300 -53
-250 -31
5 -85
-93 73
43 -99
90 -77
212 7
76 106
132 -52
-155 -231
271 62
-336 -70
196 -187
-52 138
32 -148
-4 -59
125 -21
-287 5
-47 -10
-162 155
-88 29
89 89
28 166
-52 143
-174 19
367 67
-107 95
359 -118
-81 165
347 -17
-212 -33
180 -111
-158 202
37 -333
113 112
-135 -209
184 42
-95 246
314 -338
108 309
-25 -335
-261 -97
-95 -175
-156 -119
-108 -257
242 96
-316 48
190 -104
-211 249
148 -58
-282 274
-17 -276
40 352
67 81
120 -132
76 74
-39 -101
-159 -118
141 -64
-151 17
78 -67
100 86
-296 -65
206 -111
-240 106
-183 -98
73 1
-176 21
133 -194
-43 31
72 -150
-3 -66
29 -237
-280 -86
334 -111
-149 247
226 -192
-162 30
272 -321
-41 274
-85 -187
-13 17
-170 189
2 -46
42 124
99 92
23 -4
36 -29
-68 -70
196 -182
-110 -11
-10 -247
49 156
20 68
-171 -144
61 -2
-292 -18
211 -228
126 31
12 -145
165 22
-217 -139
51 22
-160 29
112 -17
20 120
-33 28
84 73
-93 149
131 -23
-87 47
28 -122
10 58
69 42
-125 51
70 34
-72 164
11 -180
68 166
-126 -127
169 60
8 -35
9 36
-22 -31
32 20
26 -7
-19 17
13 -23
0 24
-8 21
-4 -20
10 15
-20 -15
-123 -34
126 -17
-106 64
73 -105
-159 -33
162 -33
-135 94
78 -140
-75 155
7 -172
64 158
-122 -117
-147 95
91 -147
-20 171
-46 -161
-330 -104
346 -41
-299 177
200 -285
8 -80
27 77
-55 -60
77 30
-8 -61
35 52
-51 -36
64 10
49 -100
-4 115
-41 -108
82 82
-71 40
47 -66
-15 81
-19 -80
-276 155
194 -257
-70 311
-64 -313
-13 285
-104 -265
208 201
-272 -95
108 -106
-53 140
-4 -150
68 134
-92 106
38 -136
17 138
-73 -118
-61 77
25 -98
17 100
-56 -82
-166 -11
159 -57
-121 117
62 -155
-51 -88
79 60
-98 -21
98 -21
121 -211
-29 240
-73 -233
160 180
280 161
-323 -32
303 -103
-235 216
-21 -79
52 67
-72 -40
83 9
158 76
-179 -8
162 -64
-123 126
-113 40
87 -80
-43 108
-2 -117
73 -246
34 254
-132 -218
211 144
-171 84
122 -150
-50 188
-32 -190
10 38
-25 -29
38 14
-37 0
-187 234
74 -290
49 291
-167 -247
197 117
-231 -23
217 -74
-170 158
15752 -11484
21386 -12102
25700 -12543
27271 -12339
10260 -3086
8885 -2386
7299 1317
4521 5105
-1823 3758
-1351 1885
346 -629
2277 -1825
-3114 -590
-3732 -1243
-3912 -1519
-2087 -1085
-152 1806
686 1552
823 454
1524 -1435
-712 64
-1056 794
-1395 1032
-2469 1088
46 -1156
499 -1079
318 -1841
1119 -1651
1318 214
898 424
1284 -252
892 440
740 157
110 477
133 360
-355 1466
446 -353
178 -244
229 -8
44 570
890 -498
819 -81
561 130
294 373
-482 1101
-234 1207
60 504
622 525
-602 532
-598 577
-621 610
-300 606
266 814
314 160
740 17
719 109
47 -333
-551 -443
-389 -915
-457 -304
-495 -292
-605 -469
-304 -394
-55 -476
-255 -355
-313 -160
-801 -147
-188 87
-98 -229
-3 -305
-120 -215
-295 -23
-38 -231
36 -204
134 -354
-93 -60
-974 85
-418 -115
-831 447
-326 -333
394 -429
294 113
69 -257
303 192
480 10
69 -57
-20 -221
103 142
-146 -161
137 -373
78 88
-239 -32
616 -77
0 94
670 -642
425 -31
-22 -79
-119 9
69 -188
39 -255
-67 -512
51 -77
3 -369
115 127
-167 -139
193 59
283 -488
557 -343
-52 -202
-395 -129
-316 -111
-99 60
60 383
-57 361
-216 290
-326 -136
-124 225
-102 -188
-79 -397
-228 -90
-42 -34
371 -20
444 176
163 385
-60 -206
349 -265
142 169
-13 -276
-15 107
148 90
20 22
-79 -42
-344 245
-260 252
-561 296
-173 -113
-137 -82
-101 185
43 -27
-247 316
-129 31
33 -135
-177 98
392 -55
-104 326
-312 -30
-326 490
-565 76
-186 -171
-137 -275
-7 -207
-184 -99
363 -6
-161 161
249 57
-70 381
-6 -83
344 -238
-10 -138
14 -244
85 148
-87 -49
227 -126
96 35
34 -182
-88 491
-140 -209
332 151
-156 135
-154 238
3 161
209 86
33 -254
57 -258
284 -519
282 -205
256 -194
-118 123
248 -8
264 342
-254 91
-165 -270
-39 353
-375 -217
43 102
203 28
187 375
-73 145
191 223
-111 -5
414 26
-88 75
195 52
423 -208
385 142
247 -112
13 -19
180 66
11 112
14 -139
272 190
-107 -56
239 110
-81 178
162 -101
-85 -168
255 -119
-110 51
49 -208
121 140
-196 -45
314 136
-23 83
-235 -230
-5 22
-301 -111
-117 -130
198 97
-36 83
141 51
-113 -37
276 -198
132 82
213 -367
207 213
-351 33
78 26
-351 142
132 129
-333 -186
223 -79
-206 120
56 -83
134 103
-151 -2
63 -6
-202 -58
283 -119
-227 -35
319 -238
-36 16
61 139
-57 103
-45 125
71 48
-98 -269
131 80
-192 -150
-10 405
-30 -370
-9 462
-308 -318
-93 -104
180 -66
34 -1
58 -85
120 -79
240 84
9 166
120 -31
0 90
-20 153
136 59
-14 45
-123 -171
62 93
-101 -57
184 136
274 -30
38 166
143 -123
-79 36
-212 -297
252 60
-389 -68
277 -220
-124 -129
133 -143
28 110
205 -213
-44 -29
-157 173
-101 11
112 224
360 128
-341 311
20 -252
-317 260
380 -152
21 308
54 -362
166 247
55 -30
-69 1
20 3
-44 12
67 -37
-32 -88
38 -27
-92 -11
275 -81
36 58
138 -136
71 109
-126 -236
-101 -77
-177 -270
29 -62
-56 31
-37 22
-57 42
82 40
-65 95
-140 -19
56 73
-61 89
-57 -79
217 -49
-117 69
190 -113
105 -153
-81 86
-12 -102
71 178
-230 -256
233 98
-343 -75
251 -95
-319 -325
315 160
-372 -122
376 -97
111 -384
58 163
-116 -425
262 17
-78 88
144 -98
95 250
12 -51
-12 -184
168 40
-177 115
36 23
-216 313
-7 -170
104 235
-49 -127
34 -33
33 2
-82 -101
101 -115
-245 -101
152 -218
-111 197
19 -163
103 36
-267 -54
27 -103
-223 92
96 -143
115 4
11 -70
48 -110
-262 -181
214 88
-250 89
289 -49
79 92
-49 61
35 106
-44 163
95 39
-136 -47
125 -80
-81 -46
23 22
-55 121
10 34
18 99
-18 26
6 -31
9 31
-20 -23
-138 -236
221 158
-268 -57
267 -62
47 -72
-12 83
-23 -82
58 61
162 -97
-105 156
32 -187
46 182
-160 -106
190 37
-191 46
155 -121
-58 334
-81 -332
209 270
-301 -161
-69 93
30 -113
18 117
-68 -98
18 58
-40 -43
53 26
-61 0
-142 7
126 -69
-89 112
34 -140
-153 157
76 -210
16 224
-106 -197
71 26
-71 8
63 -39
-43 60
-5 109
-39 -102
79 74
-99 -40
-79 72
43 -92
4 102
-43 -94
183 97
-209 -17
198 -69
-152 143
11 -200
70 191
-143 -144
192 73
-284 83
221 -192
-121 267
-1 -295
-120 -212
198 142
-236 -51
238 -49
175 -17
-152 83
104 -140
-37 172
-28 -327
162 282
-263 -193
320 67
-32 209
-59 -205
137 168
-193 -96
49 98
-84 -64
104 31
-105 19
-87 -164
148 117
-181 -46
184 -36
114 -49
-82 88
41 -115
14 123
-68 138
1 -157
63 142
-114 -108
54 22
-63 5
54 -29
-37 44
-81 213
-13 -230
107 198
-178 -142
-51 -31
60 11
-61 14
49 -39
-116 48
86 -91
-41 117
-9 -121
-103 -154
159 97
-184 -25
181 -55
5 105
-52 -94
84 68
-104 -26
21659 -11967
25401 -12557
27553 -12446
26559 -12037
9044 -2371
7145 1366
4638 4996
3084 8023
-1407 2010
344 -768
2330 -1698
3557 -1121
-4028 -1599
-3496 -1312
-2551 -1103
273 -902
600 1378
976 579
1342 -1493
1748 -1816
-1150 689
-1272 1083
-2602 1095
-1962 46
379 -1360
537 -1631
827 -1751
456 -1309
1356 137
983 198
981 -89
558 961
279 461
-17 445
-260 1328
-779 1135
41 -36
272 -248
107 812
-35 263
1003 -74
390 198
426 237
35 -124
-681 987
559 523
156 707
401 63
-666 251
-425 883
-591 435
3 617
233 405
713 -233
844 331
613 -100
-328 -425
-599 -844
-293 -457
10 -227
-632 -492
-265 -388
-89 -465
224 -504
-212 -349
-813 66
-265 -107
98 250
-298 151
-38 -748
-149 501
-624 -317
78 -60
35 -464
43 1
-250 327
-568 -163
-669 434
-469 -253
-74 382
239 -292
288 95
-34 -35
334 145
222 -412
-14 166
-58 -205
247 345
79 -407
142 90
-299 -13
-16 36
535 -162
281 -193
595 -604
598 291
-190 110
95 -309
61 -133
-144 -62
168 112
-176 -498
333 170
-330 456
198 -87
337 -354
453 -441
156 -417
-409 -371
-203 104
-291 -91
193 -225
56 514
-379 191
-137 -115
-367 181
2 -235
-155 -313
-197 -199
-178 51
432 -19
386 205
206 341
191 315
123 -165
304 -13
-89 -41
-21 -90
65 -92
176 156
-269 -103
231 -102
-553 371
-346 68
-278 180
-417 -376
-8 -71
63 245
-376 74
-79 354
-194 -77
9 -49
282 148
133 88
-112 256
-620 316
-227 117
-575 309
52 -49
-276 -329
111 -96
-193 154
274 -100
-38 479
23 -120
277 487
172 -77
82 -352
20 -8
69 -17
-19 -218
243 59
9 -127
80 -160
-116 353
-61 -96
216 83
-84 -290
-205 120
96 251
85 46
331 -129
-28 -349
402 -472
151 -204
508 -319
13 -21
183 175
244 144
94 135
-252 24
-75 58
-219 37
-258 38
69 -27
329 374
-203 209
353 163
180 394
-14 -214
407 119
-157 -163
401 -86
354 18
322 -14
299 176
171 -181
121 334
-181 -299
164 218
160 66
-52 104
185 60
-205 121
28 -353
227 101
-176 -157
321 -14
109 -50
-115 121
163 19
70 116
99 -45
-383 -15
59 -231
-231 126
149 -141
102 290
-69 -75
209 231
306 -265
129 157
184 -440
173 147
-49 -124
-130 298
-269 -189
-17 42
37 -84
-158 -22
115 -86
-18 57
-45 97
17 -74
-60 128
-165 14
-143 -235
202 -105
-48 -3
133 -221
16 86
-1 133
-114 122
-53 133
75 -269
-31 151
-76 -279
171 204
83 -110
-215 271
-38 -229
-14 128
25 -69
173 -62
-47 25
-12 -142
-78 -61
354 163
-195 111
156 -102
-31 357
64 -131
133 192
-89 -30
-84 -171
137 126
-112 69
147 139
230 82
0 37
-11 -165
-134 -15
-216 95
23 -293
-9 154
-143 -307
216 21
-112 -6
378 -171
-90 281
-226 55
11 88
-17 195
-12 -16
72 301
-348 -70
-51 -57
-302 -84
18 -62
208 -24
-115 0
44 -145
-14 44
-47 -17
21 5
140 -26
-194 -158
212 -31
-251 60
119 -85
125 -34
100 -20
59 -16
15 2
-268 -112
-7 -306
-110 41
-110 -319
-142 211
-37 -176
150 244
-167 -94
-148 -101
93 143
-124 43
61 21
-30 23
82 -98
77 121
6 -100
-61 -63
30 46
-27 57
20 -7
12 -78
-70 -3
-28 -47
35 104
-107 -181
155 20
-163 -14
227 -86
-12 -259
120 -65
-99 -216
107 -163
-47 193
153 -100
104 292
-63 -103
14 -96
21 169
-168 47
-59 103
235 36
-205 144
268 -168
71 189
-217 -17
156 -180
-85 55
107 -260
-134 16
51 -131
8 204
-60 -3
-132 -112
-74 4
-175 -46
-15 -107
250 96
-152 -102
210 -147
-219 36
-192 163
89 -150
83 305
-35 -146
-178 -199
264 292
-331 83
257 -36
-111 -94
124 -29
-99 -91
151 -111
29 259
-123 -60
177 132
-237 -57
67 -129
-10 141
-51 -133
100 101
81 39
-90 -5
85 -34
-62 61
157 -47
-126 108
69 -148
-3 164
69 108
-109 -71
123 23
-128 33
-270 -176
316 53
-306 84
250 -197
4 -40
11 37
-27 -27
36 14
-148 -116
182 45
-185 33
155 -111
-158 -201
224 119
-255 -17
238 -91
-51 -106
89 76
-111 -34
116 -17
167 -17
-144 82
96 -135
-33 162
218 -30
-187 118
124 -183
-37 219
-311 18
273 -144
-191 240
73 -297
111 -122
-47 159
-16 -162
86 140
-95 -10
90 -29
-65 65
37 -86
-80 72
44 -96
1 109
-45 -101
-230 161
146 -240
-33 278
-85 -267
-120 -24
113 -30
-93 69
56 -105
96 98
-127 -48
136 -7
-123 64
-88 -238
179 178
-234 -88
253 -13
103 41
-113 3
100 -45
-69 86
90 -120
-32 145
-30 -140
84 122
-19 -82
51 66
-74 -44
86 4
-222 -134
255 33
-244 75
190 -169
-19 233
-79 -223
161 168
-221 -89
-150 -67
164 2
-147 67
108 -124
-155 -60
161 -9
-147 73
104 -126
-65 -70
83 36
-92 0
86 -42
-38 -122
86 93
-120 -52
130 -6
-56 141
-10 -151
69 136
-115 -96
112 64
-126 -9
119 -40
-95 88
25566 -12228
27267 -12686
26921 -11942
23553 -11406
7200 1284
4622 5094
3058 7927
1579 8581
169 -558
2410 -1964
3596 -845
3532 1564
-3722 -1226
-2368 -1271
179 -672
1756 -418
956 582
1355 -1500
1735 -1796
724 -1355
-1705 1179
-2242 826
-2183 433
-973 -329
467 -1744
939 -1676
324 -1336
-438 -1456
1084 73
937 66
535 805
208 1073
50 624
-392 1194
-602 1207
-513 668
70 139
131 375
127 673
162 176
620 333
157 206
293 -205
227 -649
-72 646
681 345
69 605
129 3
-570 761
-400 492
-190 643
-306 523
679 1
787 105
763 84
637 217
-459 -649
-498 -580
251 -198
-53 -452
-565 -250
127 -711
127 -184
-18 -271
-911 -181
-77 74
-150 163
581 205
-75 -73
-396 -134
-141 160
-373 -345
451 -407
-359 118
71 57
-427 859
-480 132
-518 98
-171 42
-445 329
342 -95
-12 159
232 -22
235 227
-228 23
194 -172
2 414
-45 -71
108 -115
-187 164
-194 -78
67 -194
363 -264
548 -501
600 184
281 6
125 -241
3 -190
-68 -34
156 324
351 -288
-235 194
176 200
298 481
421 -722
526 -74
-58 -724
366 -461
-257 -16
-193 2
61 -268
67 -34
-586 414
-42 -402
-338 482
-412 -368
-118 -343
-215 -156
-181 0
-232 -10
435 139
184 418
180 234
-208 181
266 168
-133 -225
91 55
-349 154
3 -221
40 169
-164 -223
303 -245
-419 425
-356 -178
-203 -84
-509 -239
133 32
-354 299
-190 162
-149 255
76 218
112 -65
375 215
-236 332
-450 452
-436 63
-358 275
-343 151
-242 -391
111 -27
-217 92
33 -92
398 271
-288 247
412 24
-81 426
358 -379
-225 130
234 -247
26 271
211 -204
149 102
-133 -313
133 -26
-42 -167
226 160
-126 -356
133 -39
-114 87
347 103
72 -73
317 -352
275 -260
188 -448
585 -80
29 -132
56 213
349 58
35 254
116 -80
-39 198
-314 -77
-126 106
-61 260
263 79
-21 449
90 18
300 295
164 -44
174 33
92 -182
89 -72
351 -37
348 34
259 143
186 29
139 203
-139 -173
77 122
-296 -67
205 76
-35 188
-55 -92
-57 252
154 33
-82 -135
227 0
-43 -222
-43 9
146 150
33 -11
90 80
-343 107
-31 -325
-106 178
-224 -470
-134 -61
288 144
-208 176
146 -279
259 -222
222 -38
-23 -206
224 73
55 57
-337 106
-72 -257
-123 148
-101 -27
69 -58
12 7
111 -138
86 53
-175 34
-19 48
-132 105
85 -258
125 86
-61 -236
199 133
-125 348
-89 -122
28 361
-229 -195
-236 -295
297 47
-298 64
321 -87
-208 112
20 -78
-129 16
4 18
-15 -195
182 67
-239 -85
102 -108
241 -111
25 311
-128 -200
226 55
232 64
-105 78
174 -24
171 150
72 -62
28 210
-33 64
-125 239
58 -35
-41 -79
-146 -103
-88 -173
19 -162
-57 29
-48 -216
184 -149
313 66
-39 -58
242 9
-107 206
-79 242
-1 21
47 154
-71 74
-19 142
-438 -115
76 -188
-191 31
21 126
1 -211
31 97
-235 -154
-131 -248
195 182
-85 -117
348 -63
-196 -141
169 -9
-236 149
145 -212
94 -35
73 0
-2 -3
-17 33
-79 -77
-134 -195
6 -119
-127 -60
55 -61
21 181
-22 -88
63 133
82 -31
-48 193
-74 -81
46 159
-267 13
358 -122
-147 238
109 -262
-252 -301
371 262
-429 -26
379 -115
59 -96
-103 88
53 -51
-90 212
-128 35
92 -144
46 138
-25 -168
108 -130
-59 -163
54 -199
-103 30
135 158
15 53
118 75
-54 113
14 -139
-33 329
-296 -104
126 143
106 -69
76 155
119 -181
142 72
-151 -86
162 -155
-28 27
160 -221
247 -148
-162 297
57 -156
58 371
-255 -95
30 -31
-211 -41
19 -137
190 -115
-96 8
-3 -229
12 104
-156 277
126 -188
121 321
-154 -199
-273 155
215 -5
-204 269
49 -229
-93 -29
103 -177
0 51
17 -137
37 358
-138 -186
183 98
-266 -33
76 226
-167 -175
224 94
-242 5
-59 65
27 -79
7 85
-42 -76
82 52
-99 -13
93 -32
-69 67
-122 192
35 -227
59 216
-144 -174
-224 -24
216 -70
-169 151
90 -204
-138 -6
128 -49
-98 96
52 -130
-93 155
21 -178
51 170
-117 -138
1 107
-47 -93
79 68
-102 -32
-33 227
-65 -219
147 177
-206 -102
263 163
-308 -39
297 -92
-232 203
-152 208
56 -248
53 250
-150 -206
-5 -11
9 8
-12 -2
12 -1
-42 -157
102 126
-147 -76
167 8
-38 39
20 -55
5 52
-27 -51
221 -107
-160 191
66 -238
33 245
-154 -176
212 104
-232 -2
215 -90
29 57
-44 -37
61 15
-57 10
-147 -27
142 -38
-115 93
64 -132
263 38
-255 72
201 -170
-112 240
-121 201
25 -234
73 225
-157 -173
120 -42
-91 89
48 -117
3 126
-47 40
25 -57
-2 61
-24 -58
-82 -45
93 10
-88 29
69 -64
-112 366
-49 -380
201 327
-314 -217
114 129
-160 -77
177 6
-162 69
79 211
-158 -160
209 81
-224 11
-26 -199
108 169
-167 -111
200 34
-40 -116
84 96
-112 -52
126 -1
-179 -181
240 92
-258 11
230 -116
-122 33
100 -82
-55 113
2 -127
27473 -12423
26629 -12094
23883 -11383
18594 -10055
4722 5128
2953 7930
1664 8530
1377 6370
2319 -1824
3624 -1010
3573 1728
1728 4617
-2292 -1156
63 -749
1888 -400
2570 640
1458 -1211
1523 -2018
1013 -1239
-506 85
-2308 1139
-2254 121
-782 -71
-96 -562
563 -1505
599 -1643
-566 -1061
-1313 -1806
929 231
473 648
329 1190
260 915
-347 1114
-611 1296
-543 589
23 -265
-92 589
237 387
172 484
-18 -315
181 338
222 -321
346 -576
487 -562
681 203
125 737
25 -98
-89 147
-348 374
-192 776
-358 403
471 750
823 -90
805 271
520 63
743 200
-379 -506
111 -216
85 -493
-135 -348
70 -472
78 -430
124 -65
201 457
-617 -152
437 145
54 462
971 298
-183 155
-453 -14
-19 -314
-366 -211
-223 72
-37 158
-373 724
-699 502
-465 201
-261 -33
-331 361
-519 -323
250 445
-131 -174
626 217
-97 -42
-55 79
125 91
-30 278
-72 -178
-178 -177
-52 235
-185 -428
287 -91
378 -384
706 7
257 212
459 -58
-21 -456
61 195
-51 165
286 174
-38 108
25 359
371 280
95 316
428 -560
233 -315
-67 -708
41 -125
-125 -29
16 -212
92 -102
197 -118
-93 281
-573 -164
64 128
-400 245
-439 -15
-33 -217
-274 249
-458 -134
170 337
225 303
-277 137
-331 322
91 86
-243 -134
34 192
-425 -30
127 -134
-124 83
138 -511
117 99
-299 -170
-258 -60
-472 -277
-134 -250
-395 199
-117 237
-248 216
-56 -1
362 -18
128 273
-35 176
-41 270
-308 25
-465 362
-289 26
142 168
-296 -220
230 100
-382 82
165 -31
-126 -22
370 341
-177 121
259 -158
191 -14
-87 56
195 -136
-127 369
-21 69
34 -349
-1 77
-195 -340
88 -355
216 55
-342 -270
295 -181
359 -158
171 171
129 -534
263 46
452 -166
222 -229
419 -141
-220 13
399 107
-35 228
187 -79
86 111
-217 -278
-138 332
-142 48
-52 237
-45 10
289 409
-43 22
474 -10
292 -224
89 106
-18 -334
249 321
541 27
87 234
312 -126
176 290
75 -163
-128 203
-146 -226
-21 -111
186 160
-250 25
78 69
-279 -115
-304 162
307 -353
28 139
-68 -465
225 44
2 118
66 -49
-32 84
-74 256
-309 -368
179 -52
-314 -114
-99 49
186 99
-181 -54
151 -76
63 224
9 -509
315 361
-452 -399
-79 -66
-237 8
-77 -161
-95 -46
126 40
-79 -51
223 -117
20 153
93 201
-334 6
177 11
-129 149
270 -295
-37 185
7 -233
136 114
108 8
-204 323
0 -253
10 187
-162 -60
158 -25
-63 183
65 -142
6 24
-157 -84
77 103
-108 71
-138 -235
173 57
-337 -66
143 -42
261 -19
-207 203
132 -346
34 161
277 30
-156 178
389 -171
-77 328
139 91
-86 221
-141 79
-123 110
215 -136
-356 48
37 -400
-56 131
-344 -7
229 -294
-33 35
180 -388
64 -97
165 86
-62 100
-86 23
109 263
-153 -22
181 151
-51 126
-440 -92
64 -210
-172 44
188 -165
183 174
-294 -179
178 -33
-375 5
52 54
95 -63
159 -39
63 37
222 243
-383 -55
362 -83
-348 118
148 -62
-51 84
-8 -66
47 94
-32 -3
-170 -247
88 -7
-156 -38
285 38
-201 156
135 -161
-63 194
-4 62
-59 54
-21 42
-114 68
204 -202
23 249
-52 -206
162 200
-173 -74
201 55
-233 66
165 1
-304 -129
314 64
-380 214
148 -106
-142 118
153 -198
13 179
-89 -182
-193 -505
319 62
-447 -101
330 -114
216 72
-72 139
97 -19
0 242
-116 181
-161 -2
-39 98
-115 -31
125 117
92 -128
145 8
112 -24
-69 139
60 -336
226 144
-85 -264
47 79
-50 128
39 67
-83 86
-151 49
-79 -189
-41 50
-141 56
-154 -54
74 -198
-72 103
-67 -206
132 90
7 71
52 -15
-60 47
4 -64
17 237
-139 -106
124 38
235 50
-218 -105
276 -83
-145 213
66 -25
-72 38
-7 -81
11 53
-7 -26
16 22
-22 -12
27 5
118 -202
-27 235
-72 -228
158 177
-9 -136
63 123
-107 -87
134 37
139 -133
-75 180
-7 -191
87 172
26 -253
82 240
-174 -189
237 102
-13 -103
55 90
-90 -58
104 19
-33 43
14 -57
12 57
-33 -44
-243 -152
280 41
-275 78
219 -180
-225 -84
241 -16
-214 111
149 -190
39 96
-79 -73
98 33
-107 9
35 173
-100 -149
152 92
-179 -24
-202 -119
235 25
-221 70
173 -159
-53 -56
68 30
-75 2
69 -29
54 -82
-15 97
-29 -94
65 72
40 -37
-21 48
-4 -51
19 47
-128 145
60 -183
21 192
-96 -165
126 30
-132 22
108 -71
-66 108
123 -105
-71 147
5 -164
63 151
-39 -171
106 140
-153 -87
173 14
55 -23
-41 38
24 -53
1 57
-149 32
121 -93
-72 134
12 -148
-3 -10
7 6
-10 -7
10 -2
-255 261
127 -344
21 369
-172 -324
-96 -80
120 29
-123 21
102 -69
49 26
-54 -7
51 -17
-40 38
-21 -30
26 18
-35 -4
31 -10
-144 17
122 -72
-84 117
28 -140
126 -52
-94 100
44 -128
14 135
5 -34
11 33
-21 -23
30 15
-44 -10
44 -7
-40 21
24 -40
26659 -12047
23827 -11411
18653 -10047
11808 -8678
2956 8028
1633 8449
1441 6435
1424 2748
3567 -952
3604 1649
1733 4695
-709 5962
-58 -603
1943 -584
2594 833
1308 1958
1304 -1974
1192 -1371
-613 285
-1964 565
-2113 7
-855 92
-90 -738
776 -495
359 -1379
-450 -1401
-1280 -1452
-878 -1611
455 729
314 1110
303 983
604 375
-793 1388
-413 423
-32 -63
526 -1101
-1 493
348 288
-98 -66
-99 -387
110 -252
414 -687
470 -440
626 -192
206 522
39 137
-199 -61
-569 -563
-400 562
-78 513
169 765
525 574
492 126
870 72
423 334
421 -557
103 -79
29 -628
-32 -247
-254 74
173 -295
-14 -156
364 476
-92 692
-42 46
535 351
576 590
645 -37
-233 -190
-146 -59
-352 -498
-8 -36
103 504
-639 472
-351 621
-754 961
-256 -42
-333 372
-521 -333
-146 -158
141 163
239 17
329 -18
186 -127
311 354
-300 109
248 -133
-600 152
-102 -75
-20 -163
31 -259
176 -216
653 256
203 -37
606 146
-101 310
-215 213
190 41
114 385
266 154
411 176
96 601
215 -91
344 494
334 -300
-164 -684
121 -190
-501 51
60 -84
-2 -202
324 -69
-96 -81
-386 292
-294 -207
60 404
-128 240
-291 -110
-80 48
-557 134
-113 -354
170 200
-187 210
-445 292
-46 -68
-149 -50
-89 154
-301 -43
138 6
-138 -194
268 -261
-100 -74
156 -269
-277 -193
-399 -169
-239 -319
-297 -2
-301 451
-167 -54
-21 274
-81 -133
32 176
95 223
-180 277
-452 306
-386 78
-243 321
-15 -80
151 -53
-175 183
-50 -162
-41 326
-18 -308
119 524
-14 -155
225 151
-240 -105
-70 142
144 -207
-47 415
54 -164
-22 -377
60 82
-252 -321
-154 58
57 -137
-123 -159
45 -197
-279 107
212 -39
175 -328
140 -124
-137 -379
736 -227
-51 60
126 -366
-62 143
-77 149
257 -24
-6 86
73 -228
-176 216
-57 137
-170 192
-67 356
192 232
119 142
279 -52
294 -70
115 -408
157 144
-117 -37
333 188
232 94
239 65
170 88
265 119
-272 -44
89 -63
-300 -167
14 -141
-116 52
-54 91
-174 -191
-131 22
158 -52
38 -198
59 -151
15 -284
352 41
-223 163
148 -224
-175 428
-300 -64
46 -331
-79 81
120 -130
-76 181
24 -234
37 168
-44 -152
228 -218
1 189
-92 -370
55 138
-58 -260
-130 161
-180 -359
218 198
194 -64
-19 9
190 -57
-94 242
73 -7
-189 193
130 -163
-62 178
34 41
1 -82
75 -30
-257 -99
10 218
-154 -69
73 -47
-248 101
-77 124
93 -51
15 128
-20 44
-60 -56
-20 115
-28 19
72 113
99 -46
-225 -5
19 -52
-201 185
-221 -182
303 2
-264 -83
334 -172
292 186
-26 7
229 1
146 259
-166 28
11 217
-321 39
-86 -148
-13 -109
-209 -111
54 -232
100 132
63 -172
71 -138
155 -186
90 7
66 -46
78 186
-249 9
16 101
-23 218
-39 -15
216 188
-113 -5
-48 -208
-69 -3
115 -78
211 134
-48 -22
-115 -74
-94 -75
-170 63
328 36
-87 -36
291 -67
-15 200
-12 74
-31 -50
-2 -73
-49 -61
-267 231
130 -287
12 356
-212 -309
116 -285
-158 138
6 -277
18 280
0 295
-111 -209
178 132
-257 -95
-52 -110
37 193
-229 -43
82 74
138 -100
-18 162
-22 -119
-55 69
53 16
-81 42
38 85
-16 110
158 92
-249 125
61 28
-170 203
60 243
-84 -262
184 183
-191 -46
100 -451
-37 277
-197 -292
188 268
259 369
-303 -94
396 147
-299 250
-207 118
-46 -32
-61 89
-143 -97
175 39
1 -107
290 25
-14 -81
-212 -280
456 -14
-226 -30
315 -304
-82 249
21 -54
-16 192
-177 -181
-149 -46
-39 -111
-75 204
-46 -42
34 -64
-86 -32
6 -82
19 71
-123 7
197 -13
-197 109
55 -174
33 105
-96 19
40 -61
-138 107
119 -19
-58 -27
142 20
-95 143
80 186
-204 -153
225 40
-254 93
35 -72
-1 79
-33 -74
60 55
51 -1
-47 15
36 -34
-18 43
232 -239
-112 314
-24 -337
159 296
-236 45
199 -139
-123 205
28 -239
-248 3
230 -105
-170 190
79 -241
-88 80
43 -108
5 117
-53 -106
-177 7
159 -81
-109 136
46 -167
33 -283
85 273
-189 -215
260 120
124 267
-225 -189
284 83
-295 37
-110 81
68 -115
-16 136
-47 -128
236 -54
-197 143
119 -214
-19 239
128 -41
-100 89
54 -120
-2 133
-276 -48
274 -69
-217 171
132 -244
69 74
-95 -41
98 -5
-87 45
249 240
-327 -123
346 -21
-309 163
18 -526
196 489
-378 -363
496 179
103 -98
-59 132
-2 -143
60 126
35 223
-120 -189
189 121
-219 -33
33 23
-37 -10
38 -8
-31 25
-174 213
72 -268
45 277
-151 -231
-203 -322
318 210
-375 -62
364 -94
99 65
-117 -19
117 -32
-94 79
317 54
-315 82
255 -204
-150 288
167 163
-219 -82
233 -11
-211 106
-13 -233
107 203
-181 -145
224 57
-32 11
25 -26
-15 35
0 -37
-96 137
35 -167
38 167
-98 -133
52 -125
-1 138
-52 -123
102 87
-26 63
-5 -67
37 58
-53 -43
40 202
-120 -170
181 107
-207 -25
23751 -11171
18625 -10307
11940 -8459
3664 -6750
1913 8270
1263 6710
1478 2421
1872 -977
3609 1882
1636 4487
-534 6113
-2792 5301
1861 -509
2642 725
1309 2075
-232 2938
948 -1228
-447 60
-2025 842
-3000 550
-965 182
-31 -864
774 -355
-47 -445
-484 -1408
-1251 -1460
-904 -1593
353 -1013
391 995
284 1120
568 239
702 548
-628 771
22 -467
636 -709
867 -1019
128 401
58 -260
-160 -145
-445 -149
385 -681
496 -450
605 -163
622 66
54 405
-320 -294
-364 -393
-444 -394
-151 445
261 799
428 580
546 755
702 127
551 213
353 -401
279 -564
164 -700
-125 -122
-218 -75
33 189
228 28
69 409
205 633
-382 851
427 576
587 342
741 189
-158 94
-302 -333
-104 -312
-313 -99
-49 -322
-112 539
-867 782
-352 611
-410 613
-431 -139
-223 90
-594 -419
150 -356
353 22
227 24
267 -210
33 -255
-27 269
-74 -174
-290 56
-497 -402
114 64
-188 -416
436 -163
-73 -214
388 52
402 145
91 224
-303 -18
37 259
168 127
328 412
159 141
646 342
-182 372
516 -90
-189 90
301 -638
-319 -42
-159 -262
-11 383
41 -95
242 -150
14 -41
93 -140
-74 -71
-191 366
121 170
-36 375
-294 183
-415 -79
-155 -100
-274 -436
-184 175
-431 322
-68 -91
-207 -43
-285 104
-95 -75
-35 124
10 136
292 -346
-91 9
109 -343
180 -114
-611 -360
28 -229
-579 27
114 -28
-56 82
-176 191
99 -125
229 -28
-122 138
56 268
-664 413
-300 164
-176 192
-26 64
99 -186
143 52
-122 162
-106 -4
177 -33
-225 -260
28 89
87 -53
-25 27
-162 -193
-8 -162
71 309
-13 -24
291 125
-191 -283
124 -90
-588 2
142 -132
-4 -256
-18 -56
-276 -45
136 344
185 -361
143 -86
-156 -412
-60 -55
159 188
-115 -398
172 75
-310 -264
-187 108
350 -214
-130 191
155 -189
115 -95
-232 473
-129 77
356 439
306 -54
186 200
271 -341
340 347
-51 -109
176 108
4 176
172 188
236 211
105 -42
376 208
-143 70
-29 69
-247 -335
33 31
-213 -50
14 -8
-193 -66
-165 -108
343 -2
191 -355
-17 56
4 -506
-38 -10
90 -186
8 218
-226 -37
28 116
-110 -193
8 -105
117 73
-161 102
-124 98
40 -192
108 183
-104 -219
72 169
-148 -325
90 73
-203 -40
-437 -125
215 -228
-193 236
98 -252
88 47
76 -53
3 191
-182 -52
7 -129
82 212
-170 -185
69 108
-135 -129
220 -44
-382 -27
242 -253
20 111
-161 -142
3 97
-212 207
176 -212
4 312
-86 -125
137 229
-120 125
53 -32
21 194
-2 -23
-228 -113
66 44
-281 116
55 -118
-145 -204
225 -81
-114 21
331 -218
90 114
84 -51
302 248
22 -70
-192 190
-124 -18
-245 -11
-191 -49
-134 -249
42 -76
44 -12
261 -69
-68 -121
277 -262
10 127
36 -204
-186 163
3 -86
-180 287
-169 -121
68 130
56 98
70 9
-24 5
-162 -140
255 7
56 108
157 -26
-10 -150
-153 33
-154 -62
116 121
399 2
-169 96
336 -135
-115 334
-36 134
-75 -249
92 67
-167 -205
-85 79
64 -66
-87 94
-34 21
-31 -78
-23 -25
-58 36
0 81
127 123
-179 -74
152 -45
-122 -30
97 96
-241 68
50 -31
-215 134
108 221
-160 -118
70 15
-283 16
-8 -26
-2 181
-23 5
82 161
-56 107
-103 122
-56 48
-60 84
-32 43
8 -76
72 114
32 -26
-295 -94
184 -62
-254 216
35 -104
70 230
-82 -2
199 189
-67 59
-112 -209
74 222
-321 -169
140 24
-25 99
231 -169
123 79
-27 -169
-109 188
205 -436
95 243
-222 -420
256 -61
-231 291
-24 -358
82 201
-182 -81
41 114
-124 87
59 58
-12 -43
-66 -47
66 6
103 33
-76 18
46 -32
-114 53
-67 -70
-309 -56
265 -84
-331 215
96 -253
129 62
-68 18
97 61
-141 110
-43 -83
49 38
-91 20
136 16
