2 1
-3 -2
-3 -1
1 1
2 -2
-1 -1
0 -1
0 -2
0 1
0 -2
1 -4
-2 4
3 -4
-1 1
1 0
0 2
2 0
2 0
0 3
-5 1
-3 0
-1 -5
1 -1
2 -1
-1 0
-3 4
1 -2
-1 -1
0 -3
-1 -2
-1 -1
1 1
-4 -4
1 -2
4 0
0 -2
-4 3
-1 -2
2 1
0 -1
-2 -1
-1 0
-1 -3
0 1
2 1
-1 -1
1 -1
0 -1
1 1
2 1
-3 1
1 1
-3 0
-1 2
2 -2
0 0
0 2
0 1
-1 -3
2 1
0 2
2 2
0 -3
0 1
4 2
0 -2
3 0
0 -2
-1 3
0 3
-1 -2
2 4
-4 0
2 -3
-2 2
3 0
0 0
0 -1
-1 -2
1 -1
-2 2
0 -1
-1 0
-1 -1
1 0
1 0
-1 1
-2 1
0 1
1 0
5 0
2 0
0 0
1 0
-4 -1
-1 0
0 -2
4 1
0 -1
-1 -1
0 -1
2 1
-1 -2
-4 0
-3 3
2 -2
1 -1
-4 -1
-2 1
1 1
-3 -3
-2 2
1 -1
1 0
-1 1
-1 4
0 -1
-2 -2
2 -1
-1 0
-7221 12537
-2988 13254
-150 12609
2822 10781
1055 -3631
478 -6273
-1201 -8745
-3860 -8399
-1409 -1061
-2659 -1353
-3272 -199
-3576 1078
-1469 459
-2677 431
-3554 -13
-3416 -1279
3132 -863
3034 -378
1968 359
-329 1409
458 1481
129 2264
-518 3308
-68 3627
1326 -602
1155 -958
418 -1464
-212 -1405
342 -1609
797 -1506
643 -694
364 -8
-367 93
-64 -490
-124 574
-725 104
975 -146
749 -229
797 121
451 459
-17 -430
80 -20
293 -56
824 -183
-74 -225
-494 -146
-304 59
-313 326
-472 46
-709 -326
-383 -206
-456 -960
18 206
-587 -62
-101 -498
-378 -422
60 -96
-118 266
-71 508
93 486
-912 542
-809 -179
-812 367
-552 87
-91 -33
100 -240
-517 -180
59 -473
-285 190
-76 69
-509 104
4 -189
150 -119
379 -73
48 -114
120 -633
-324 -433
-662 -137
-143 -603
96 683
-187 369
-304 562
-270 273
-361 557
-165 323
15 133
26 -23
49 420
-196 -191
89 200
123 -160
224 -37
-206 -302
-345 90
-106 -256
-562 -121
-273 -271
-440 -305
-331 -358
-319 -496
-244 -431
92 -96
-237 -171
305 223
301 121
413 376
293 262
16 277
-50 122
294 -245
142 -1
216 -242
124 100
-334 315
-147 -27
-146 249
-217 -360
-269 -476
257 -348
192 -304
293 -206
265 287
104 -77
295 144
-563 -106
137 -302
-64 -54
-49 -108
-98 60
-118 -70
-397 -21
17 75
443 -90
136 97
295 312
-28 320
-73 -90
-105 -45
9 -206
-14 224
-184 -429
73 -1
-319 -199
103 -305
-21 105
-215 68
-206 176
-87 395
-187 -81
376 -341
-134 -27
245 -418
-613 104
196 -319
-626 375
-231 -291
-395 -188
293 16
-353 -17
150 -499
381 -95
-27 -50
56 -77
-94 -45
238 -348
55 179
-113 -351
176 -140
-365 -115
-92 -269
-393 60
-95 -498
118 259
173 314
-196 191
59 243
-80 -197
27 -13
-20 -279
-83 -59
-79 -21
-93 39
-186 -94
196 135
-222 -151
-216 -269
-156 -95
-232 -14
297 -132
76 -43
160 -315
-223 -93
239 -278
-70 -78
220 -44
171 64
191 253
-36 43
297 26
4 -6
-323 83
248 -194
-250 399
1 -337
-45 68
90 286
-30 97
246 79
408 52
-189 -103
367 -239
-200 182
-284 148
-237 -129
100 55
-101 -89
-33 -152
-20 -191
-79 -52
-216 -249
269 194
-232 -73
104 130
-262 387
140 251
65 -19
177 14
-72 -32
-153 65
234 -81
-31 165
132 -405
-17 31
32 -181
-8 187
-107 3
-17 -228
80 -28
12 -116
155 -104
354 -35
15 112
63 -152
62 -113
30 83
-129 -49
108 -20
145 120
-435 130
283 115
-345 491
26 -198
132 158
-110 -229
270 -17
-151 -82
162 224
-266 -227
241 -75
-215 14
93 28
-165 -38
88 89
-171 55
-38 330
93 -216
242 230
-74 -214
-114 16
-56 -107
28 143
-41 -84
329 -47
35 175
95 -108
97 267
119 244
21 -34
135 -39
-34 113
-50 -3
-35 49
-218 91
-122 -11
-265 151
120 -97
15 402
-44 -192
95 -228
197 242
-87 -171
205 143
-194 62
281 -10
-86 221
123 -144
-111 139
-50 -139
-78 205
-164 -115
-324 93
1 -49
-104 282
-147 -178
-263 215
56 -222
-73 297
-162 -145
19 150
-372 138
265 -49
-86 218
-13 -113
61 -2
-126 -62
101 -139
89 89
165 -39
90 67
27 -23
-82 -252
133 8
19 -127
209 65
68 -11
-121 4
104 -144
56 76
-242 -383
358 545
-538 -95
469 49
-232 53
184 -317
-18 189
-101 -288
-300 89
67 -143
-16 214
-77 -249
34 -56
101 -28
50 32
70 -70
348 -110
-232 249
6 -204
-40 381
-85 127
-233 -41
32 141
-146 89
-36 32
-26 -85
11 -80
-10 -29
124 83
98 63
181 44
95 123
-10 -314
263 108
-163 -143
276 -40
79 2
172 193
24 131
192 139
-175 167
247 -301
23 291
-113 -393
-40 -29
-32 106
-21 -19
-76 10
71 15
-16 24
78 32
28 91
-37 3
32 -18
-21 31
8 -33
14 77
-48 -63
67 33
-79 -7
125 246
-218 -172
270 67
-269 45
-155 -377
294 283
-384 -137
408 -35
140 -354
20 379
-176 -339
297 240
159 3
-148 67
105 -121
-50 152
157 80
-178 -11
160 -66
-127 126
-52 27
40 -44
-18 55
-5 -60
-105 138
40 -172
34 176
-103 -145
-66 -30
72 5
-64 24
48 -52
-46 -126
94 94
-123 -41
129 -7
48 -88
-13 100
-33 -94
61 76
-150 61
110 -119
-55 149
-16 -161
221 -23
-193 112
131 -181
-47 221
88 59
-106 -16
106 -26
-82 71
52 -312
81 309
-198 -251
282 147
133 -28
-111 81
69 -121
-11 134
-33 199
-52 -196
127 161
-181 -94
-218 -8
202 -84
-152 156
73 -206
89 52
-104 -11
98 -35
-78 70
-278 -42
270 -72
-218 178
127 -253
24 -4
-24 16
14 -26
-4 27
-177 -146
226 60
-227 35
197 -125
-44 -237
138 200
-211 -127
242 32
-215 128
144 -204
-46 247
-57 -244
-135 -358
269 274
-357 -135
383 -21
-111 55
81 -92
-33 120
-21 -123
-15 -50
32 40
-45 -22
50 8
-112 87
69 -129
-9 144
-52 -137
130 -43
-103 88
58 -125
-3 136
-3400 12999
326 12674
2361 10919
4269 8354
450 -6364
-1136 -8673
-3948 -8435
-5899 -5950
-2688 -1388
-3227 -178
-3627 1075
-2093 1756
-2655 80
-3431 315
-3664 -1527
-2810 -1866
3076 -398
1934 395
-312 1361
-1796 1942
-280 2161
-101 3241
-416 3863
805 3492
1038 -996
535 -1477
-311 -1342
-910 -1250
694 -1384
690 -849
387 151
-338 691
-103 -193
-211 283
-533 337
-722 67
1015 -316
591 308
558 203
667 803
-182 -249
626 39
481 -136
970 -483
-225 -119
-555 143
-116 143
-439 775
-664 106
-601 -582
-101 -699
-279 -1235
-467 -342
-95 -188
-513 -700
-118 -718
-188 247
-3 499
28 527
94 239
-831 60
-894 133
-390 267
-148 23
-297 -220
-160 -360
-192 -166
505 -386
-270 99
-342 -3
-99 -25
-304 -651
299 -69
114 -155
76 -569
-57 5
-436 -274
-292 -383
145 425
230 451
-18 535
-518 415
-193 324
-307 684
6 116
39 -15
37 418
-46 429
187 54
92 17
174 -214
21 8
-355 200
-143 -363
-480 -37
-271 -236
-712 -121
-156 -642
-361 -166
-253 -526
-260 -118
93 -293
56 475
54 -69
382 190
397 418
-141 174
-154 318
137 -337
323 23
43 -188
391 -111
-328 43
-40 223
-343 63
412 -179
-449 -417
392 -475
116 -131
282 -283
362 134
79 102
241 -32
-179 157
-52 -141
38 -280
-54 139
245 223
-173 -97
-336 -23
-39 101
-182 -144
244 158
170 298
92 287
-144 28
-164 -68
77 -211
-77 256
167 91
-54 -7
-197 -243
15 -218
-276 15
-83 323
-432 -3
188 459
-465 228
26 -243
142 -261
87 -89
41 -503
49 -171
-556 177
-216 -82
-311 239
-258 200
76 -407
-81 35
-141 -281
98 -224
18 133
-142 -248
219 -85
-32 -142
96 -96
-117 -287
191 2
12 -107
-548 -44
91 -469
42 -20
90 189
-75 270
-85 221
82 -157
84 141
-138 -393
71 -3
-156 -305
-34 156
-283 -177
323 169
-145 77
-304 -46
-167 -332
-122 203
-269 -114
303 20
-71 -280
-31 -217
-340 2
-30 -263
261 136
60 -82
202 -34
249 295
-63 -85
384 -49
78 116
-3 -43
-86 160
-55 -50
-98 81
241 140
-108 289
240 -130
74 265
140 -215
113 2
-61 -147
40 -34
-348 -266
256 139
-277 -100
122 -17
-53 -93
-90 -157
-165 -162
65 -109
47 40
-192 142
3 254
-154 110
-21 227
162 -250
55 198
-181 -376
-168 -165
372 83
-202 -162
243 -345
-11 -146
18 138
-106 54
-20 26
4 -32
78 -148
104 -55
69 -23
13 154
50 -192
90 -84
-94 -254
-190 -42
161 -51
105 171
122 -199
-82 190
-42 274
-157 128
-79 -51
-61 -84
164 -126
-12 -27
72 -132
-114 -233
105 -5
-122 -109
98 -41
148 -106
-167 282
-10 -230
53 293
295 47
-53 65
257 -186
-124 186
-206 -36
133 12
-88 77
140 -196
260 -309
80 432
-113 -231
196 274
265 -142
-34 151
47 -135
93 279
-182 135
-118 -51
-155 162
-214 -279
259 393
-311 13
415 29
-320 366
190 19
14 25
32 5
27 95
161 177
-55 5
185 69
-131 42
-113 -101
-47 148
-176 -45
-44 69
-68 253
-155 -28
31 82
-217 -14
-115 129
-57 -92
-13 216
-154 -48
-91 401
-103 -173
296 182
-126 -23
24 34
-110 -106
100 -97
-120 -33
-146 57
328 -148
-108 273
115 -280
129 55
-5 -172
247 102
-105 -3
109 -87
-66 46
140 -163
-7 141
-83 270
-27 -23
-32 193
-80 -150
75 45
-64 -187
96 38
-248 22
229 -44
-198 192
100 -307
44 307
-206 -163
389 33
-238 71
284 -122
227 -32
-300 243
67 -152
-31 289
-69 -72
-105 235
-61 -51
-3 212
125 151
-221 -229
265 14
-144 -15
62 159
176 -67
141 218
-3 -25
146 -172
60 66
-17 -140
130 110
64 -81
235 329
-82 47
238 117
-104 -35
236 -101
-148 49
58 -268
-247 147
160 -144
-188 199
-98 -198
-104 -8
175 23
-58 135
72 7
32 35
-38 -17
40 1
-40 16
53 90
-92 -62
108 21
-104 24
-123 282
-3 -308
128 281
-234 -204
89 -104
-38 136
-17 -137
76 117
15 59
-38 -46
55 30
-64 -6
-92 13
80 -49
-51 76
17 -96
26 203
-105 -175
168 118
-200 -39
-108 -62
127 13
-119 42
94 -89
189 132
-227 -36
222 -62
-179 141
-141 158
61 -202
26 211
-109 -182
92 -407
85 409
-242 -339
359 211
103 7
-95 34
70 -72
-38 95
36 -198
45 193
-122 -163
177 96
152 -9
-137 72
97 -120
-34 148
99 22
-101 23
81 -60
-49 87
-101 288
-30 -302
148 265
-244 -179
-65 -47
79 14
-80 18
66 -48
-50 313
-83 -305
198 247
-279 -142
15 -159
56 150
-112 -118
149 61
88 96
-118 -50
131 -1
-117 51
71 -248
38 254
-139 -213
215 144
-103 104
50 -133
9 146
-68 -132
-177 -142
217 61
-223 34
190 -121
246 -78
-189 173
104 -240
2 259
-29 -16
33 1
-30 11
22 -24
42 -79
-10 95
-31 -90
66 66
27 -3
-20 13
16 -22
-2 25
-208 163
123 -236
-16 262
-89 -248
-43 -5
39 -7
-30 25
21 -38
234 55
-236 45
198 -138
-121 206
175 12578
2536 10950
4098 8399
4274 5561
-1176 -8472
-3994 -8638
-5773 -5785
-6229 -817
-3386 -317
-3422 1141
-2299 1781
-302 2161
-3533 -41
-3428 -1242
-3143 -2025
-2632 -2740
1903 429
-298 1317
-1789 1986
-1978 2234
-513 3154
-11 3767
474 3746
894 2824
539 -1640
-248 -1191
-1034 -1362
-1024 -577
640 -698
365 -9
-255 821
-985 668
-125 264
-602 386
-684 -8
-690 -268
610 218
581 297
610 731
605 589
354 -28
754 -186
744 -325
282 -452
-362 91
-271 272
-352 592
-629 573
-502 -323
-297 -903
-17 -1136
-44 -679
-345 -319
-227 -687
-386 -616
-559 -740
-158 427
195 525
-55 312
66 -244
-520 100
-725 454
74 -283
-278 290
-355 -158
-95 -431
527 -111
315 -144
-491 252
-71 -317
-213 -373
279 -761
43 -193
157 -565
-131 31
-244 89
-217 -300
35 379
349 448
134 -147
-174 444
-516 436
-63 448
31 444
-201 162
185 158
-75 728
-321 120
242 -254
150 95
-79 -284
359 -376
-378 -140
-364 -331
-259 79
229 -273
-510 -611
-56 -338
-470 -238
36 -366
-108 -177
189 287
3 153
425 326
405 92
-19 479
-393 94
44 243
288 -164
149 -30
226 -210
-188 62
-271 274
-156 -79
300 34
122 -124
264 -488
246 -175
191 -195
331 62
97 -14
270 81
-254 60
-122 1
-70 -208
19 32
226 352
-251 25
-39 146
-379 64
141 -255
-371 491
191 598
-51 18
98 211
-109 -72
-91 -387
146 349
-74 96
123 42
-126 -306
-28 -130
-270 -81
114 -115
115 103
-349 587
-25 -106
-315 634
100 -167
89 -196
82 -407
34 -156
-564 83
-166 8
-391 179
-384 -4
-303 -99
138 -402
-162 208
-26 -468
-206 -23
121 -198
-47 -22
147 -286
194 -250
-146 -110
143 -170
8 364
-391 -192
10 -264
39 -237
119 -117
-188 205
49 234
-42 -115
-10 -53
-125 -263
10 -119
-54 -229
-118 -399
-291 -7
258 8
-17 195
106 -43
-67 -207
-263 128
-108 -107
-1 170
231 -257
-316 -115
-123 -213
-348 137
295 267
-21 -191
316 25
26 -22
127 207
91 -236
419 167
80 -77
-146 -136
120 197
-357 -71
142 36
339 -407
111 688
-143 -530
454 389
11 -259
139 49
-221 -130
128 -52
-13 342
-114 -391
93 320
-548 -38
-191 -145
-76 -213
11 -28
46 -173
-322 78
148 261
-288 164
54 139
216 159
-159 -155
156 -140
-256 -16
73 2
103 -211
-14 -173
3 -459
-371 114
259 -89
-298 304
13 -224
125 48
-14 -211
242 71
-114 -66
219 -205
-60 -4
11 -393
174 -70
-31 49
241 3
65 8
114 -33
-232 202
45 109
-258 44
4 -211
14 -135
131 -78
-33 -34
261 -128
-40 -114
54 -68
-82 -6
-54 -52
-304 254
122 -254
-60 368
-98 -208
30 -7
208 -79
-123 70
-100 -74
99 -28
-34 104
81 -199
91 96
261 13
-98 223
-5 -137
46 192
202 -27
-97 130
117 -18
-50 337
-223 101
-126 -22
-170 -99
77 -121
-47 231
87 -59
17 313
36 -170
26 203
-53 -157
171 210
-224 -228
-70 -140
259 193
-248 -43
230 -61
-103 161
-123 -85
-75 124
-149 -86
5 71
-156 60
-38 -75
-136 89
38 -354
5 493
-285 -289
207 191
-185 131
249 -130
42 241
111 -219
-249 -95
225 -161
-204 76
121 -151
-3 324
2 -302
249 290
-225 -65
-147 -196
392 63
-225 88
274 -234
75 -15
40 -51
39 2
-30 -85
-284 31
182 42
-208 74
148 -219
-5 -225
59 95
-238 -40
139 -2
227 187
-292 -129
326 -12
-212 154
104 -124
81 94
-21 -14
107 49
-98 17
-34 138
-58 -12
-5 -9
-136 124
14 38
-111 166
16 22
-49 40
-2 -163
165 36
-81 -2
97 24
176 110
9 90
114 25
-40 -333
230 184
-229 -80
273 18
175 334
-29 15
201 164
-163 132
197 -160
-89 81
-13 -274
-4 84
-184 1
71 -79
-220 154
-39 -260
8 57
81 38
-12 151
41 16
-28 -145
82 122
-126 -80
147 21
-223 -40
223 -57
-179 142
103 -201
-40 106
-5 -108
50 97
-84 -69
87 15
-82 19
69 -52
-39 74
-74 17
61 -44
-35 68
7 -72
74 -32
-55 55
30 -76
4 78
249 -210
-139 296
9 -322
124 300
65 -93
-15 113
-29 -110
74 92
124 55
-134 0
123 -53
-88 100
-26 -91
58 71
-85 -43
94 5
306 53
-301 80
239 -194
-140 274
-5 149
-58 -143
107 104
-145 -53
36 -20
-23 34
7 -39
5 42
63 120
-104 -81
128 35
-131 25
33 -168
37 169
-103 -142
154 88
-81 -142
131 95
-161 -32
160 -34
26 146
-84 -122
126 74
-146 -16
194 -48
-156 122
98 -177
-15 201
-333 166
235 -285
-98 361
-57 -370
137 18
-133 41
101 -93
-58 123
-153 33
128 -89
-78 133
16 -152
91 6
-87 30
65 -65
-32 86
122 101
-155 -47
160 -24
-136 82
-109 180
26 -210
62 203
-143 -160
-86 -25
89 -11
-79 48
51 -73
-71 8
57 -38
-40 53
11 -69
-107 269
-11 -289
132 259
-226 -183
212 124
-246 -26
237 -75
-184 167
145 153
-191 -85
211 -5
-190 87
-133 204
36 -242
66 237
-159 -188
2430 10914
4208 8383
4182 5622
3534 2259
-4196 -8635
-5592 -5871
-6360 -660
-3873 4237
-3331 1012
-2333 1932
-332 2012
1468 2061
-3459 -1579
-2973 -1737
-2907 -2939
-1202 -2238
-357 1317
-1733 1964
-2020 2278
-699 1652
-11 3964
391 3565
1042 2954
337 2006
-82 -1593
-1024 -924
-1212 -972
-1039 -138
402 187
-374 657
-814 770
-1340 439
-665 358
-608 -5
-755 -240
-49 -360
427 548
650 436
690 874
569 547
866 -65
591 -388
443 -458
-451 -292
-182 381
-477 530
-489 587
-619 658
-301 -1021
38 -1024
-139 -757
134 -161
-249 -739
-337 -575
-618 -759
-328 -723
-21 448
171 288
-133 -131
-89 -888
-357 294
-191 14
-157 -95
-91 93
-111 -180
441 -345
491 32
485 147
-39 15
-376 -668
550 -556
316 423
174 -531
-163 7
-207 95
-101 568
-104 597
387 190
203 106
-253 -174
-451 536
-164 386
149 464
-53 9
5 595
-91 251
-118 546
-501 258
-57 -126
197 -167
54 -371
223 -203
-739 -136
2 -253
130 139
316 26
46 -621
-443 60
-108 -627
90 82
144 247
66 174
367 330
368 293
138 297
-461 320
12 11
-316 460
505 -462
79 328
-273 -497
79 553
3 -122
172 140
197 -267
469 200
403 58
-55 -339
611 94
-258 102
298 376
-401 -194
119 173
-644 156
22 191
154 204
-124 130
-239 532
-83 51
-118 -119
-192 263
-130 39
-133 151
112 58
-61 74
24 -385
113 291
-17 131
56 32
-106 86
-192 -253
-69 -35
-88 -78
-23 8
-102 357
-154 204
-324 296
-144 -39
355 -224
-152 -274
193 -371
47 -13
-286 273
-392 -119
-263 269
-142 -66
-51 -143
-99 -103
43 -152
-16 -221
140 -356
4 125
40 -397
290 -20
187 -43
-181 -95
274 164
-152 471
-20 -389
113 -133
15 -178
289 -50
157 215
-132 -50
50 -146
71 45
-206 -84
133 -344
-237 -215
-75 -124
132 -72
131 215
-37 -2
290 47
-198 -174
-48 197
-178 -82
266 135
2 -574
-223 342
-481 -406
122 341
131 -189
176 86
126 -135
34 -163
18 -81
423 -3
150 77
283 -239
-205 -141
82 107
-327 54
146 -131
-9 143
188 -85
-34 120
-78 -184
-51 -164
38 -7
-156 -54
233 35
-158 -96
11 31
-359 187
-190 -92
-343 -279
279 -76
-178 -17
297 -272
-27 490
-217 -117
110 423
-326 -70
-69 -73
40 -175
-131 -32
158 -339
119 -359
38 -32
-98 -565
66 -154
-146 54
14 10
-149 170
29 -205
-4 69
118 -184
105 107
-27 -151
51 -381
68 0
-37 -406
192 -133
336 16
-27 40
184 -94
95 86
-138 -53
-24 121
-236 -188
204 -164
208 -434
43 329
44 -422
230 205
142 -244
-89 197
-130 -241
-79 270
-168 -218
195 218
-263 30
320 -161
241 -183
-113 179
-151 -162
-21 133
-107 -63
212 -78
-79 37
219 -195
50 212
-129 -63
131 71
-132 -82
-241 80
274 -31
-180 411
74 -199
-130 -170
-102 28
-41 -208
190 -49
-26 165
27 61
129 65
-60 -48
113 278
-153 -122
205 -62
-250 19
-96 21
149 -31
-132 92
47 -161
-254 105
-34 -100
-98 140
-111 -265
21 69
-201 -12
-8 -34
-182 78
-248 -80
182 132
-390 2
159 -173
-137 210
258 -227
109 296
0 -414
-185 -96
147 -150
-105 198
34 -122
97 7
32 43
66 68
40 88
8 -115
202 89
-119 -65
153 37
164 5
-104 -4
94 -137
-152 40
178 41
-204 72
146 -211
4 235
75 247
-318 -173
265 88
-416 33
-4 38
-4 -49
99 52
-90 -33
-146 235
133 -232
59 312
-127 -217
100 246
-226 -57
162 -36
-252 18
4 110
-128 89
60 75
-133 13
71 -72
67 -14
29 3
46 123
132 -108
143 270
-77 -83
230 116
151 -151
-12 189
-35 -139
46 185
158 303
-89 -20
179 186
-186 90
-146 0
65 -220
-96 74
-17 -144
-101 322
-230 -275
145 132
-528 -144
-35 163
42 -8
59 183
-17 -90
-12 128
-43 -120
86 94
-119 -48
-34 17
21 -29
-7 35
-8 -35
-203 31
177 -108
-114 171
36 -203
-6 -57
31 54
-48 -34
57 12
-117 111
61 -145
3 161
-69 -145
-171 131
103 -188
-13 214
-72 -201
-121 -69
139 11
-128 45
99 -97
53 -164
18 173
-87 -149
138 101
103 151
-154 -95
182 23
-180 55
236 86
-254 18
222 -120
-154 200
70 263
-169 -208
237 123
-271 -13
-99 -101
137 53
-144 9
126 -69
117 19
-116 31
93 -73
-52 101
30 198
-109 -166
169 110
-199 -31
155 13
-148 52
110 -104
-61 140
-26 -76
54 61
-76 -28
81 -2
204 -55
-163 134
90 -185
-10 204
-158 -376
295 279
-384 -132
405 -37
-140 138
70 -186
9 196
-90 -174
146 219
-223 -139
259 38
-253 73
105 -25
-83 67
51 -93
-8 103
-24 -29
35 14
-40 0
34 -15
132 15
-123 39
97 -86
-58 117
-22 192
-58 -184
131 146
-179 -79
-112 -46
122 -2
-106 51
77 -94
129 -104
-77 150
9 -166
61 157
287 15
-268 102
199 -207
-100 265
-57 24
39 -47
-18 59
-5 -64
-54 -114
97 83
-121 -39
126 -17
23 -156
42 151
-96 -122
140 69
3833 8461
4493 5401
3340 2589
1828 -525
-5865 -5784
-6151 -860
-3986 4506
-333 8374
-2326 1948
-343 2002
1484 2068
2472 1733
-2906 -2237
-2764 -2458
-1529 -2620
-324 -1123
-1702 2118
-2112 2147
-560 1728
631 1035
282 3750
1068 2735
404 2215
308 1168
-718 -1201
-1376 -594
-1041 -546
-585 -129
-295 677
-892 783
-1278 390
-1147 74
-928 -42
-452 -338
-290 -147
420 252
648 492
670 821
608 585
606 629
467 -318
532 -576
-481 -150
-440 -232
-619 718
-433 356
-577 889
-339 514
130 -1244
-128 -516
29 -377
-8 248
-261 -908
-551 -425
-528 -1000
-50 -760
-150 460
86 -417
-176 -534
-264 -1020
-15 252
-412 -234
200 120
111 -173
221 -285
664 -111
382 347
754 366
-484 -853
727 -430
109 380
319 -68
-161 -144
-150 235
-211 466
-147 688
174 331
340 -110
-293 81
-214 -287
-145 598
45 276
116 136
-211 -129
-204 225
-2 524
-595 321
178 -68
44 -52
146 -538
209 -14
-30 -81
-75 -8
98 -118
448 246
377 471
-118 56
-401 -493
301 -155
-111 213
194 -23
327 563
307 67
595 61
-171 348
-265 100
-96 265
122 54
308 -101
-306 -2
-90 94
-345 195
312 -31
133 -56
438 -17
28 339
263 -294
306 186
-18 -110
-44 258
-243 -56
-82 113
-436 126
-446 -313
209 -21
-82 357
-373 343
214 278
16 -43
-345 244
18 -8
-257 112
29 -11
41 104
-82 -371
44 -28
79 -8
24 196
-143 -80
-22 -269
-335 -37
153 -185
-203 204
52 -30
-254 80
-184 369
-296 -49
-17 -146
-127 -358
206 -281
-3 -82
-115 -345
-51 22
-626 280
188 -232
-78 95
-110 -137
68 -133
-50 -227
79 -59
2 -101
132 -194
123 -166
43 -65
294 111
-241 167
308 256
-214 375
182 -201
-23 -93
285 -139
6 114
270 -49
-316 17
339 -253
-118 150
-26 -332
-101 -292
-168 2
86 -184
217 96
-67 147
255 -98
-109 50
35 20
-185 109
190 -45
-16 130
18 179
-636 -157
165 53
-218 64
-36 -183
428 21
-307 -180
227 -63
415 10
152 62
284 -221
139 36
55 -40
-247 178
22 -211
113 343
38 85
31 -96
-50 41
-84 -75
-59 -105
-28 -1
101 38
106 4
26 -17
-350 240
-213 -134
-135 265
-191 -23
231 -254
19 113
-33 -315
-60 210
-172 192
29 26
-311 -47
-30 -367
11 114
-33 -418
265 -133
-272 -194
245 -549
-256 -26
-85 -455
-215 77
29 17
-71 5
-3 -195
-90 -55
241 -93
-73 88
61 -182
92 -179
15 -225
69 -279
72 -65
27 -59
177 16
56 -16
-6 -121
-183 -128
5 -23
-89 -218
108 -93
-116 7
318 -194
-119 112
74 -291
-181 -12
39 -89
-289 206
-107 -120
17 -75
14 229
-14 -225
153 134
18 26
-207 24
-48 -64
-197 116
235 -170
-61 130
161 -272
124 158
130 147
-197 -16
203 -136
-158 101
-15 219
-24 61
68 182
-137 -96
-191 -45
76 -182
72 -29
59 -91
134 147
-9 34
74 -75
10 115
228 245
-296 -240
280 -26
-204 -5
225 -208
-130 287
-28 -339
67 355
-120 -31
-46 37
-117 -154
-20 21
-101 146
-161 -141
-1 109
-155 -28
81 -232
-151 291
-174 -329
192 230
-39 178
214 -195
107 79
-80 -279
68 61
-120 -23
136 79
-127 106
-27 -102
186 175
-107 39
190 -110
240 20
-127 15
128 -37
-96 163
-54 -29
60 -95
-137 -15
-118 -44
183 -158
-117 159
102 -210
88 332
-151 221
-49 -208
-11 176
-162 -133
133 33
-58 33
60 -77
-23 32
346 56
-256 135
238 -188
-73 265
7 366
-225 -327
223 125
-369 -96
-68 120
-6 73
-71 -13
-200 -45
224 -182
-43 220
27 -104
36 191
215 56
-54 147
123 -77
31 161
-161 -30
195 2
-215 149
-37 -132
102 97
-48 153
34 28
-82 165
-52 -10
-76 -176
64 88
-17 -40
-57 232
-223 -269
-34 69
-324 -85
99 -34
14 228
6 -152
168 76
13 67
-40 -59
62 35
-72 -8
36 117
-81 -93
112 55
-127 -4
61 168
-122 -133
162 69
-178 4
-123 -112
159 52
-167 15
145 -84
-114 177
30 -210
57 209
-136 -167
-32 106
-14 -110
54 93
-90 -61
-222 -54
220 -38
-186 127
118 -195
25 -1
-20 9
16 -15
-4 25
4 -119
43 105
-83 -79
109 39
-220 -86
234 -12
-208 106
146 -184
-32 -201
116 169
-171 -110
202 27
-64 -83
95 50
-113 -5
97 -39
-28 134
-23 -130
76 111
-114 -71
72 -126
-15 149
-46 -140
97 108
-192 -211
262 116
-287 4
259 -119
-148 -191
212 109
-240 -16
227 -84
-183 -23
178 -56
-139 124
82 -172
-267 0
242 -109
-180 200
83 -253
-80 -42
93 12
-87 24
67 -61
-26 4
20 -12
-16 19
3 -24
-63 -87
90 53
-109 -15
102 -32
119 -296
8 321
-140 -285
248 202
-226 152
144 -232
-36 271
-78 -259
-10 -185
84 166
-142 -117
183 50
44 -26
-30 41
10 -52
11 50
133 -8
-119 63
84 -107
-31 128
166 -2
-148 65
107 -121
-46 156
250 93
-268 16
239 -125
-167 213
-13 0
13 -2
-13 10
4 -13
-59 96
17 -112
31 109
-76 -91
4287 5447
3507 2463
1727 -343
-438 -2417
-5908 -794
-4231 4544
-124 8238
3319 9259
-229 2058
1351 2055
2591 1687
2406 1851
-2568 -2431
-1720 -2563
-174 -1252
701 -119
-2072 2179
-610 1722
685 1027
1696 81
854 2904
523 1974
293 1434
558 1401
-1188 -920
-1076 -179
-705 -483
249 -419
-939 830
-1252 333
-1145 141
-1123 -263
-600 -482
-95 -70
210 263
312 947
531 655
804 681
386 622
532 165
383 -473
-392 -306
-460 -51
-392 680
-375 451
-666 819
-231 542
116 910
109 -980
5 145
-199 -236
16 207
-392 -597
-596 -778
-74 -990
-127 -917
110 -239
-269 -690
-119 -916
240 -300
-191 -113
-49 98
349 -254
327 -285
474 -92
548 255
644 514
441 459
340 -393
446 188
87 242
234 193
-212 189
-136 483
-226 702
-94 368
91 -76
-80 -53
-356 -78
-469 -636
435 132
-183 431
-60 -512
258 244
-325 383
-245 320
-144 77
-46 -172
214 -233
21 -260
249 75
-33 -220
153 -149
412 293
386 410
227 15
-275 -183
64 -383
200 323
212 -79
-4 305
711 165
181 134
449 -211
-473 321
5 -18
149 353
121 -165
-104 44
-298 129
-177 86
-474 -108
293 -20
283 14
160 249
-219 79
372 174
-71 -74
-12 206
-99 -11
-215 6
-268 174
-614 -280
-121 -228
-105 -82
-169 735
-131 1
-22 274
-122 371
-235 -34
-21 28
-144 57
22 36
-37 -315
-17 -52
-65 -247
0 -150
13 227
-302 -482
80 37
-40 -144
-46 90
-47 133
120 149
-192 178
-216 126
-166 -271
-279 -115
392 -182
-217 -103
89 -412
-65 222
-369 185
-7 -36
22 -165
115 30
-66 -94
58 -315
23 66
56 -300
-8 -71
196 -336
46 115
-260 -115
-64 -111
266 580
-306 60
8 63
63 -100
211 -98
58 42
-150 -2
-128 121
126 -272
82 73
-96 -204
-218 -554
44 192
-187 -277
213 220
-27 -51
301 102
-230 -115
74 -97
100 -173
49 331
-41 -271
400 26
-564 6
29 -67
-43 122
-3 -326
569 -97
-381 -16
227 -243
66 338
205 127
210 -261
220 42
-117 -454
109 184
-302 -71
354 82
-220 317
44 192
-180 -218
141 110
-291 9
-335 -34
385 -57
-121 207
348 -185
17 413
-617 -139
231 111
-267 83
231 59
-102 -169
203 -108
-256 77
77 201
-206 124
-135 -233
-109 165
-196 44
180 -434
75 -24
64 -245
257 -282
-372 -263
115 -291
-295 11
-266 210
116 -288
-61 154
29 -143
24 -21
100 -64
-29 33
-92 -27
176 -151
-103 -279
232 -135
-210 -206
278 42
-47 0
84 -178
23 124
-161 -291
176 -42
-204 -146
246 44
247 -65
-104 -35
121 -148
-60 15
-409 53
61 -105
-302 301
-39 -300
-213 421
116 -500
143 435
-204 -336
-82 -183
-75 179
-272 -119
146 75
-127 -161
340 -34
-145 10
211 3
143 -60
-89 46
40 -180
-94 74
-58 440
-52 -171
123 180
-295 -167
21 0
52 -217
156 71
11 60
81 -56
32 40
-1 -9
166 -34
-90 -232
86 49
-61 -149
160 -3
73 -62
-74 64
-56 -31
34 90
-137 -15
-15 -137
-120 51
6 -131
62 -231
-169 281
-67 -256
75 325
-81 27
-130 -63
43 1
-47 -90
148 190
12 -296
161 26
-138 -154
144 9
-114 157
71 -67
76 141
-230 107
302 -76
-136 156
70 -368
-47 62
32 -52
-9 134
-38 -139
-287 68
111 -305
-227 327
-117 -365
165 -114
-50 149
75 -60
91 295
70 300
-327 -235
295 116
-394 22
-178 -182
261 66
-266 -15
236 -244
35 30
13 34
42 -25
-9 35
118 -88
-186 46
31 -191
-159 95
240 -163
-200 300
-210 -380
-11 219
11 -80
95 196
-151 -53
57 -39
154 100
-52 51
139 -21
20 55
59 410
-256 -279
173 244
-449 2
130 -94
-24 324
-155 -131
11 223
-52 -89
6 20
62 2
43 14
-238 -141
-71 -53
-240 10
-43 -130
0 270
4 -199
195 123
-89 -224
-5 -298
122 269
-222 -196
284 89
-121 -14
117 -37
-95 84
50 -111
56 32
-63 -5
60 -22
-42 43
58 27
-62 -2
58 -26
-45 42
-75 150
11 -169
60 159
-120 -118
301 -163
-211 272
81 -333
67 337
-73 178
-4 -194
82 172
-143 -122
-130 299
-8 -323
140 292
-250 -211
210 -158
-126 226
22 -260
86 248
-251 -26
241 -81
-187 177
102 -231
-118 40
97 -83
-52 113
5 -125
53 -58
-28 72
-6 -78
37 68
-15 158
-51 -145
108 118
-146 -62
65 77
-91 -40
100 3
-92 40
4 66
-28 -60
51 43
-63 -17
-192 -184
253 88
-266 23
233 -128
142 -173
-61 220
-32 -222
126 190
-65 -4
63 -23
-50 47
26 -65
-108 65
74 -103
-28 127
-27 -123
3 39
-18 -31
26 23
-34 -10
-122 8
109 -62
-73 102
28 -119
-210 33
177 -113
-113 172
31 -210
39 -95
3 99
-48 -91
78 63
-122 94
73 -134
-13 150
-49 -144
-111 142
47 -175
30 181
-101 -151
-218 -117
247 20
-232 83
178 -171
102 123
-144 -70
160 1
-150 63
-60 219
-39 -229
130 190
-193 -123
-25 -19
31 10
-30 3
24 -15
-245 98
185 -188
-91 246
-15 -262
3522 2515
1690 -380
-392 -2396
-3002 -3552
-3844 4590
-497 8350
3615 9002
5295 6707
1517 2025
2456 1782
2493 1704
1165 1492
-1605 -2279
-395 -1467
989 -16
1642 1065
-733 1805
761 894
1680 234
1827 -34
417 2039
361 1332
539 1520
1078 1191
-1070 -245
-683 -418
203 -476
209 -832
-1476 397
-967 -19
-1219 -51
-1053 -914
-431 -470
677 485
-206 934
94 671
549 681
618 519
362 356
388 239
-139 -264
-709 12
-196 516
-442 807
-607 870
-304 520
187 896
5 84
345 -297
-330 308
-88 -347
-312 231
-822 -843
157 -1020
-323 -792
20 -1238
3 -827
-309 -681
317 -594
735 5
-230 -34
567 -209
110 -234
116 -419
414 347
727 378
425 618
464 177
460 427
-21 31
418 341
17 432
-356 655
-95 455
-110 647
12 -214
-81 270
-483 -374
-230 -418
-831 -61
-89 199
-41 -268
143 25
124 -4
-188 292
-179 125
-30 -230
141 4
286 101
-144 -147
416 -177
-458 183
244 -22
668 631
-116 -73
145 75
123 -172
59 157
409 17
268 213
293 364
484 -220
315 234
120 -186
-53 444
9 -92
434 182
-342 372
-293 102
-171 107
-494 -127
-7 -249
641 81
-194 331
76 -141
-134 461
23 232
-217 -34
189 125
-219 -141
-243 194
-646 -293
-83 -232
-274 -286
129 531
-319 304
22 -83
-141 381
-38 99
-257 -9
87 -4
-29 -211
86 -150
-200 -156
138 -233
-122 96
-243 12
23 -399
-250 90
83 -189
-79 113
-25 107
117 186
197 90
-239 -69
-64 -100
-442 -224
-108 -461
229 -349
-218 -8
37 -270
-206 29
-44 -38
60 -179
87 59
119 -267
-110 -20
53 -274
164 28
-167 -266
162 -200
22 -16
-181 -2
-132 -32
277 440
-252 188
-87 -40
-318 261
-40 -61
270 -92
-286 209
185 -130
191 -143
-26 -17
45 -167
19 -94
-66 -82
25 -73
-64 120
178 96
203 -4
-98 -57
-71 -99
-85 50
-177 199
218 -242
153 108
77 -365
158 273
-302 -138
335 -192
-150 140
-256 -84
142 -131
102 195
-36 -134
148 236
76 -437
211 -71
-162 -440
312 86
-271 189
304 -35
-223 481
-29 -68
-57 33
-83 -1
-18 174
-16 -13
231 4
108 146
528 -60
-364 122
-102 -25
96 69
31 -86
192 -148
-82 -7
-39 -136
-23 -57
-127 -6
-156 -85
-153 24
-36 -148
35 -308
156 -196
57 -51
211 -26
-32 -273
-194 -138
-76 -254
-103 -35
-54 -134
36 -57
31 87
132 41
218 -210
-77 209
-124 -207
117 283
358 -291
-181 64
91 -557
-27 133
127 -68
-44 -49
87 -51
25 -31
176 -129
-172 -59
179 -18
-110 95
63 156
-108 -251
192 19
-305 54
-156 62
-175 59
-60 -29
-36 100
242 -114
-126 139
160 -178
-8 130
-87 73
-216 -21
61 13
-140 46
243 -28
-57 -36
149 76
-37 208
-335 11
280 -253
-286 240
-99 -298
9 -32
8 76
-149 -116
2 -57
183 -106
-12 27
186 36
-117 213
94 19
-43 38
191 -96
30 179
-256 6
270 -247
-99 227
49 -250
134 -70
-191 173
72 -151
-41 277
13 -68
-176 -5
79 -104
-79 141
-96 69
-50 -28
-36 127
-53 -23
132 73
-254 -17
226 -193
-77 107
152 -115
-40 -84
87 -139
-125 -69
-12 -88
76 196
-35 -98
98 -56
23 -378
240 327
-344 -369
397 -26
-197 113
133 -108
-67 139
-27 -133
-161 52
-125 -111
-34 73
-137 -25
-92 63
143 1
0 267
37 -65
-275 72
121 -146
-135 189
-57 -197
207 -112
-145 129
69 -325
26 126
41 -45
47 55
-49 -33
89 1
-173 129
-9 -260
-92 140
-228 -154
-93 -369
-31 271
-437 -306
136 7
-5 179
-54 -79
-22 26
-154 -99
81 174
-35 -84
203 42
-69 41
-160 164
-95 -119
-55 221
-179 -147
-44 182
-76 -7
-110 147
-157 19
-139 53
179 -83
-35 141
18 -171
-425 90
27 -266
-170 233
-229 -271
114 -250
118 218
-59 -347
353 79
187 -71
-145 143
71 -188
11 204
-56 50
31 -68
3 72
-31 -66
95 9
-88 27
67 -66
-40 84
-107 218
10 -241
90 223
-175 -170
41 177
-110 -147
160 83
-179 -15
187 -25
-161 101
103 -157
-31 185
-103 50
73 -88
-29 107
-16 -113
-155 74
114 -127
-50 163
-19 -170
61 -168
19 176
-87 -154
141 106
-9 173
-67 -159
126 123
-163 -55
59 185
-130 -144
174 77
-192 3
-164 -55
170 -18
-152 85
106 -137
-1 -48
20 39
-35 -29
45 13
-92 -22
94 -15
-78 51
50 -81
51 155
-109 -119
150 66
-166 3
223 -105
-163 186
67 -238
33 244
-9 71
-22 -72
48 52
-66 -30
-84 76
42 -107
2 113
-49 -98
-127 -115
163 52
-173 18
147 -88
120 136
-165 -72
183 0
-163 77
144 -129
-77 177
-3 -193
82 175
-198 127
126 -195
-35 233
-60 -228
-258 100
196 -197
-101 261
-14 -280
52 -225
44 228
-132 -193
197 119
301 40
-296 81
231 -195
-133 275
134 -212
-35 246
-70 -242
160 190
-205 -98
231 2
-214 90
154 -168
10 -29
2 28
-13 -26
23 17
67 61
-83 -29
89 -9
-77 44
9 23
-16 -11
20 6
-23 3
1889 -133
-675 -2546
-2681 -3532
-5331 -3613
-509 8369
3619 8980
5305 6729
4366 1709
2529 1921
2369 1613
1319 1526
-683 903
-433 -1214
919 -257
1805 1257
1901 1530
1092 854
1396 410
2021 -314
2068 785
134 1455
693 1316
1023 1444
1346 890
-616 -297
92 -556
341 -804
136 -1187
-1180 19
-1036 -163
-1169 -733
-1288 -1227
264 191
296 1034
-403 791
-369 651
576 588
370 276
414 320
-147 643
-460 300
-540 354
-59 809
-493 408
-340 886
70 547
254 353
-14 -159
-173 -59
-79 56
-484 -129
-299 -476
-241 -1024
40 -954
-239 -941
-331 -653
-135 -719
179 -486
824 -150
430 356
339 -222
325 -318
-48 -255
-14 -307
416 636
602 257
447 581
582 -39
348 305
-28 241
466 345
-462 175
-316 772
-35 271
98 163
-85 -231
-302 -229
-453 -477
-602 -98
-580 -134
-119 -219
187 -49
114 82
193 66
-5 104
-186 -138
241 -143
150 123
6 64
191 -302
-202 210
-194 -309
397 547
163 -109
-101 222
-388 66
-30 -11
559 135
79 164
182 144
504 -229
298 250
130 -202
99 2
123 105
249 47
-122 420
210 1
-161 268
-565 -270
116 -152
-234 -116
-44 204
-8 35
-125 265
-227 -103
-49 106
-20 65
-9 -173
-346 -36
-401 -480
-235 38
-249 -595
176 -396
11 132
-209 211
-50 19
116 -102
-233 198
-19 -185
140 -90
-83 -121
-135 -431
193 49
-283 -135
432 -72
-210 -415
-33 3
-80 -27
-78 -47
-119 21
235 221
72 104
652 -61
-309 -179
-189 -260
-324 -331
-74 -269
-255 -285
195 -34
-444 -129
-63 -269
-87 -199
231 17
2 -174
47 -35
-11 67
82 -316
42 11
-154 -174
-58 -199
-33 132
-326 -96
91 -190
41 82
-317 180
-203 -27
-90 28
50 -190
-47 209
-34 -31
172 142
-49 22
47 -209
32 -53
-26 -349
216 -449
-85 545
23 -298
255 245
-98 -72
-64 -82
-96 37
-35 -1
226 -204
130 73
112 -342
187 89
107 -488
103 295
-138 -398
356 9
-9 -15
188 33
-49 57
242 -82
228 195
-184 -592
408 -131
-267 -141
208 132
-108 213
57 82
-45 181
-24 29
-107 18
-1 148
-129 143
170 79
134 54
542 34
26 0
-135 241
15 -186
208 111
-159 156
-13 -212
-24 77
-127 -247
63 101
-150 -66
-169 9
-18 -142
53 24
161 131
-77 -346
457 192
-356 213
-170 -200
-72 -187
-138 -93
-102 -305
-296 168
246 -256
80 440
-14 -203
113 -52
-186 103
48 -30
-88 204
74 -229
-25 -186
-75 -253
116 -182
-192 -201
282 35
-181 -26
222 -86
-9 -189
85 167
-98 -113
53 182
90 -209
-7 58
-142 -67
114 8
32 146
-279 -19
163 2
-6 199
254 180
-201 -56
271 -128
-181 97
-132 16
-28 9
-60 10
61 125
266 -83
-124 252
144 -64
-36 334
199 -35
-304 8
10 -92
-184 261
-229 167
35 -293
-91 182
-17 -257
370 -46
-136 258
82 -122
-15 401
33 324
-1 -322
292 312
-151 -86
74 -173
46 77
-26 -57
48 67
-94 15
44 33
-98 98
-17 188
-10 -113
-24 65
-57 -52
119 121
-333 -13
215 -9
-234 200
48 -224
-149 125
75 -279
97 124
-50 -267
67 -136
11 -45
-93 -187
-95 82
113 204
-71 -87
124 -75
-128 -11
6 188
-69 -342
144 58
-244 -169
-14 97
-22 -110
29 117
-132 -108
-269 223
-39 -285
10 303
-190 -78
108 26
26 232
29 -20
139 130
-172 -232
170 141
-316 -31
288 -86
281 -275
-154 217
5 -466
105 171
20 -215
82 197
-128 -157
194 -4
14 16
-223 -105
-13 10
-165 -70
-274 38
-119 -190
-200 30
-190 -188
54 -54
-133 46
-61 -166
-70 -45
-10 154
84 -167
122 184
-4 -20
-543 -46
326 -28
-421 239
179 -331
-221 9
20 72
-239 140
42 -75
225 -242
-10 304
-71 -313
182 147
126 144
-432 -101
147 -78
-322 151
68 -261
181 70
-36 -203
314 -7
-76 17
62 -52
-38 67
6 -79
-175 238
62 -287
59 288
-173 -236
-127 -278
233 205
-295 -92
305 -35
-5 27
-5 -28
16 23
-23 -12
238 -27
-208 123
137 -201
-47 237
196 81
-214 7
194 -92
-140 161
-44 62
15 -75
12 73
-43 -65
-136 -295
240 217
-309 -98
320 -38
46 -130
14 135
-70 -115
112 81
101 -140
-36 168
-39 -169
103 139
70 -75
-30 97
-10 -101
51 87
6 -193
70 180
-139 -134
182 62
-157 -95
179 27
-173 53
137 -117
-131 154
55 -199
31 201
-109 -174
-106 -189
175 131
-211 -46
212 -42
-102 -169
160 111
-193 -34
188 -46
366 237
-431 -65
422 -116
-336 277
-51 33
33 -53
-9 63
-13 -59
208 -45
-173 129
104 -187
-20 211
-51 -230
141 189
-210 -113
236 18
-31 -35
43 21
-47 -6
48 -17
53 164
-119 -129
160 69
-174 4
-126 -212
200 142
-242 -46
239 -53
14 24
-19 -14
26 5
-27 8
-87 31
67 -63
-33 86
-4 -91
-149 -24
145 -39
-116 94
71 -135
68 -50
-45 73
5 -85
28 83
-60 41
37 -60
-10 75
-22 -71
180 90
-201 -7
189 -79
-141 143
18 76
-48 -63
72 37
-75 -6
-274 -2449
-3090 -3452
-4990 -3852
-6825 -2490
3377 9175
5446 6455
4350 2017
156 -2867
2150 1930
1387 1147
-590 1282
-2521 -144
753 -303
1975 1225
1762 1631
2215 1491
1381 -150
2266 193
1642 425
3027 1232
613 1119
1172 1590
1150 819
1240 697
46 -449
341 -922
183 -1078
-270 -1423
-827 142
-1488 -930
-917 -1183
-1705 -1349
360 874
-396 961
-448 495
-634 545
708 420
43 330
190 490
-798 898
-451 510
-204 707
-317 443
32 201
66 627
224 276
42 -102
-278 -116
-358 -38
-189 -158
-556 -331
-492 -577
-47 -962
-158 -969
-394 -595
-131 -230
319 -342
639 -228
633 353
-70 758
44 -211
167 -473
-120 -19
-458 -260
509 413
469 399
639 141
208 -21
313 194
169 525
-270 -114
-14 -212
122 199
-17 297
-31 -401
-344 -485
-331 -530
-697 -3
-535 -254
-460 -483
425 -205
-40 321
233 -213
175 63
177 -63
-119 -61
443 -96
-96 498
208 -259
-235 170
-148 -291
254 -137
141 11
-126 106
-315 165
-278 35
425 80
229 167
48 208
-111 184
37 90
435 -164
-197 87
-117 -365
-53 240
73 123
149 349
-53 -189
-205 -43
-300 -211
175 -238
-234 -71
-100 339
-164 -50
-64 172
-331 -267
227 105
-253 -105
-148 -198
-110 142
-320 -155
-93 -453
-25 -465
68 -362
-136 123
-79 130
98 -218
79 322
-198 -41
244 -288
-95 107
125 -196
112 -138
-137 5
243 -137
147 35
52 -145
-96 145
-138 -206
-15 335
11 285
247 -43
559 149
331 -13
-319 -91
-273 -533
-37 -63
-122 -58
-13 -32
-252 -214
-202 -110
136 -271
136 139
45 -320
70 121
-111 -9
361 -93
-299 -78
197 -231
95 3
-65 -15
-234 27
-46 -272
-155 76
-394 -45
-38 143
-311 -62
-16 62
-91 -27
97 172
-37 15
-50 70
-10 -65
25 -210
45 -208
101 -213
26 309
14 -42
154 10
-253 185
-112 -234
11 160
-187 -71
240 137
369 -230
15 32
119 -291
113 -161
194 -71
-66 -31
140 -297
-81 200
312 204
-232 -50
450 -61
-322 -95
39 -445
152 -168
-8 -214
234 -147
100 253
-155 136
125 46
-293 146
85 84
-202 161
54 45
-321 290
-7 103
652 -73
-32 138
217 -246
-54 -8
199 -76
-74 329
-154 59
3 -25
-108 -133
-4 14
-50 -133
-43 -293
-6 182
-91 -267
354 227
212 -128
101 110
-2 143
116 308
-193 -263
6 -75
-239 -264
-4 -162
284 120
-117 111
299 19
1 181
62 232
-228 -46
169 104
-286 53
69 -199
-155 -202
169 -258
-26 -17
444 -114
-269 173
219 -303
-6 394
-131 63
143 -108
-168 273
-32 -98
-63 -6
-59 -28
22 10
-94 89
-125 112
-29 -58
190 173
119 40
64 73
-14 -138
88 -15
-77 -165
62 -227
-48 263
-53 -98
132 215
-82 302
84 -91
30 338
-195 -155
-161 -259
-13 212
-286 -20
127 94
-79 -199
-30 49
-16 -104
99 212
125 26
-58 198
-18 55
-39 149
234 72
-81 45
298 1
-79 104
207 337
-278 -231
353 120
-305 158
-97 -100
90 158
-209 208
161 13
36 -225
5 235
-56 -115
223 64
69 392
-258 -224
244 152
-435 52
-64 -309
236 97
-164 -185
198 -162
11 49
-131 -277
-23 147
-341 -82
34 -128
48 5
-90 -116
193 -16
-89 89
-14 -337
56 131
-87 -142
-319 -214
341 91
-409 43
180 -341
70 -142
-146 220
-14 -59
56 208
147 379
-136 -104
329 139
-218 -34
-114 110
-38 -116
70 106
-113 -60
160 -362
-46 194
-114 -454
130 196
-199 21
196 -116
-123 89
169 -250
6 -264
-150 258
-137 -354
176 158
-389 -82
-1 -178
-287 80
-57 -224
-115 -80
-26 -39
-155 -145
-15 -83
-41 184
93 -187
175 310
-130 -125
-262 18
92 -46
-179 134
113 -203
-270 -9
52 92
-211 86
71 -58
5 42
22 -66
-2 -36
-23 -116
-214 20
-103 -96
-86 63
-83 -78
-171 21
306 -301
42 227
-22 -305
