2 0
0 0
-2 0
2 0
-2 1
0 4
1 3
-1 -2
1 1
1 0
0 1
0 -2
-1 5
1 -2
1 -1
0 0
1 -1
0 -2
1 0
1 -1
4 -1
0 0
3 -2
-1 2
-3 2
-2 1
-3 -3
1 -2
2 -2
-3 0
-3 -2
2 3
-4 0
0 0
-3 -2
0 -3
2 1
0 0
0 -3
-2 1
3 0
2 -4
1 -1
0 3
1 -1
-2 3
3 -1
0 2
-1 -2
1 0
-1 0
0 1
-1 -1
1 -1
0 0
0 3
-2 -2
2 2
3 1
1 1
-1 -1
3 -1
0 -5
2 -1
-3 -1
0 4
-2 -2
-2 -1
5 -3
-3 2
-3 -1
2 3
2 -1
0 -2
0 -1
1 -1
1 0
1 -1
0 0
1 -1
2 0
0 -1
0 3
0 0
-2 0
2 4
-1 0
1 -1
-1 3
1 4
1 0
0 0
-1 -1
0 0
-3 2
-1 3
1 1
-1 -1
0 1
1 1
-2 -1
-2 0
0 -2
2 -3
1 -1
-5 2
0 -3
1 -4
2 1
-1 -3
-1 0
-1 1
-3 2
4 2
2 0
-2 -1
0 -1
1 1
-4 0
-1 1
5184 4533
6016 6461
5956 7330
6879 8767
-4401 6677
-6045 6261
-5969 4304
-4829 2818
665 -2039
2161 -24
4044 1284
4689 1990
2132 1515
1701 1203
1107 2114
294 2274
1155 -1875
420 -1472
-31 618
-103 2248
288 -52
710 -33
977 -136
564 721
-59 -505
181 -497
431 -667
-264 83
-148 -28
40 98
362 943
300 410
387 -286
-106 181
-816 817
-1093 1731
1221 -128
866 268
421 -308
-262 -409
-314 -398
-146 -874
-100 -502
8 -344
-182 244
-366 -51
-812 -238
-739 -380
399 280
-85 275
-127 -322
62 -302
-687 366
-529 -19
-525 -136
-101 -227
-452 -308
-494 -490
-933 -713
-230 -543
89 -163
440 43
111 65
384 106
-360 577
-204 526
-166 1102
-581 565
457 -222
563 -228
813 -258
558 -42
-373 18
-429 -570
-99 -153
-435 -899
-127 226
227 -96
4 -103
441 -266
-6 84
-611 350
35 -225
-196 236
-90 639
48 247
13 579
-359 151
243 182
390 59
233 251
143 -377
303 281
-296 105
262 -36
-168 294
-80 -183
-236 -411
316 -140
-439 -32
-129 315
-204 435
329 -106
269 259
340 -252
589 -129
81 -286
-94 381
-46 30
142 -309
236 -340
308 -131
-337 201
-18 108
-321 117
11 192
126 245
-91 -59
44 -139
72 -16
-1 275
87 432
-74 292
-40 178
325 -173
-33 -180
49 6
-184 115
173 -8
63 -233
-259 -63
-280 -199
174 -105
207 -199
144 -44
-23 -212
-51 320
46 361
-355 470
-133 8
-327 133
-234 1
-381 222
16 6
3 331
-43 -24
-43 -162
176 -249
369 -452
-245 191
-26 -127
350 551
-241 357
-232 -236
33 320
-99 -65
-135 25
22 231
-178 92
66 117
-312 -30
182 -306
-105 215
242 6
-148 -160
329 206
293 -123
258 15
-5 -5
295 -122
258 -356
348 -442
-61 66
-52 -264
211 164
20 -59
38 144
78 142
-91 199
146 15
199 50
374 329
86 95
434 106
-170 163
7 248
-446 77
79 102
68 304
-191 250
81 46
68 293
-13 -139
167 79
171 14
336 254
-182 -191
191 -430
118 88
-24 -430
165 204
-544 -6
192 97
-305 229
42 63
107 187
-21 -110
77 32
90 -124
-258 475
-140 -199
233 458
231 23
127 -184
291 -242
60 -62
88 26
146 -78
355 138
72 -69
-164 244
-70 -98
-82 163
-316 87
-148 97
-36 56
-70 102
-31 60
-46 -283
-79 284
-94 -211
261 113
22 6
211 -63
46 43
194 -101
358 124
-341 -207
454 -51
-237 150
143 60
-490 -37
353 -85
-230 261
-195 -182
-47 18
-167 -122
85 -14
22 -180
70 252
31 59
219 189
223 -389
146 328
-187 -414
380 230
136 73
219 -34
114 -7
51 -133
-174 -64
67 73
-148 97
11 83
10 88
-33 -51
200 16
-110 -29
288 344
-245 -225
328 -80
-362 -211
-72 -160
174 -30
-6 -79
113 -225
37 -68
-108 120
-105 -144
18 61
-8 297
-18 -202
61 36
-229 -247
9 -140
131 196
-285 -165
-10 -44
-11 89
27 -386
218 -11
-171 -125
57 109
-19 -162
252 -31
-46 -122
-131 79
-79 104
-93 82
-103 126
231 -68
-223 209
64 -280
53 212
-72 -89
-179 247
-179 16
-6 266
-90 -53
124 230
-173 134
258 -36
-88 -352
104 77
-205 -44
128 55
379 241
-159 97
186 -91
-152 219
-154 -70
-82 177
-162 27
79 49
164 -110
-177 0
212 -54
-41 140
187 471
-362 -109
319 132
-439 136
-246 223
60 -117
-99 277
-40 -205
-75 -14
116 71
-115 28
31 -97
81 73
-37 -102
137 137
-159 103
-283 137
149 -236
-28 260
-105 -233
-109 -112
266 -24
-99 63
143 -142
33 57
-9 100
81 14
6 73
-102 -206
268 74
-221 -5
206 -23
-187 -259
261 170
-338 -33
280 -73
115 121
-9 -137
87 43
-181 -49
-196 279
-66 -135
91 154
-154 -116
-452 -109
282 -26
-367 194
147 -312
79 171
-44 -223
181 149
-136 -118
91 147
-140 -101
169 30
-166 39
-33 49
8 -62
18 60
-41 -48
72 -6
-72 42
50 -65
-16 75
-59 64
28 -81
12 87
-43 -77
-77 6
66 -37
-51 63
18 -71
336 -65
-279 196
173 -294
-40 340
157 -161
-77 207
-14 -221
101 199
146 68
-164 -1
144 -65
-109 119
-113 -95
147 43
-151 22
128 -85
264 -58
-216 163
129 -239
-22 269
54 -102
-7 115
-40 -108
78 80
46 113
-92 -84
114 42
-122 8
55 74
-84 -41
96 3
-87 32
-204 228
93 -295
37 306
-156 -266
-301 110
230 -223
-121 296
-15 -320
-45 24
36 -40
-16 50
-10 -52
-95 -65
110 22
-113 25
92 -70
124 -151
-55 191
-34 -198
107 166
-47 80
11 -90
28 83
-61 -68
101 152
-154 -98
181 26
-178 51
86 -40
-63 67
29 -91
11 94
-42 -202
118 165
-179 -103
206 24
-75 -63
99 24
-98 15
82 -55
70 237
-161 -187
224 104
-246 -6
54 -221
38 222
-126 -186
196 119
-44 -155
101 124
-140 -68
158 3
61 183
-133 -144
178 76
-194 5
-55 -98
87 71
-108 -27
109 -20
31 -37
-14 47
-5 -51
24 42
151 -47
-122 108
66 -150
-1 160
5918 6202
6146 7524
6621 8669
6751 10068
-5724 5991
-6154 4682
-4816 2398
-3169 1175
2280 -144
3987 1436
4680 1825
3500 823
1797 1679
829 1712
712 2520
219 1866
507 -1257
-196 450
113 2330
390 2778
899 -216
874 106
554 453
-332 601
520 -482
111 -539
-24 -161
-1646 477
205 315
123 815
575 436
-77 894
-228 -103
-590 1026
-1382 1632
-1004 1900
1288 -11
152 121
-192 -911
-576 -745
-171 -813
-99 -565
36 -285
28 355
-233 168
-1019 -394
-490 -330
-541 81
168 220
-332 -175
186 -522
263 -98
-786 78
-327 -325
-201 27
188 -7
-582 -556
-824 -688
-339 -521
-264 -276
71 -27
476 -31
89 341
384 -28
-209 829
-286 822
-357 770
-80 361
776 -237
625 -159
687 -208
-29 104
-211 -70
-501 -523
85 -726
-369 -436
-145 5
299 -344
273 75
615 -554
-342 157
-130 63
-159 -91
259 88
-150 487
89 285
-311 453
-201 173
300 170
273 108
169 -238
-62 -410
209 179
-233 103
220 -37
-202 546
43 -410
58 -26
-248 -239
-135 20
-80 340
252 28
281 109
489 83
510 -278
212 -184
-258 338
-153 174
-59 -157
350 -565
296 120
104 -231
-306 150
-81 -41
-145 436
117 -285
207 107
-295 -170
398 -131
-17 -95
97 422
-77 310
-39 160
37 250
352 -252
-277 231
24 -220
-232 580
132 -263
-310 -11
-257 -265
68 -253
384 -27
-88 -129
227 -226
-73 105
5 415
-332 400
-122 80
-455 -150
-41 -25
-552 327
132 -160
167 533
-7 119
-136 -281
307 -182
-71 -396
-226 -206
124 245
61 274
82 316
-143 -25
-133 169
113 4
114 107
-137 110
14 144
-129 149
222 -19
159 -99
-167 14
382 163
170 182
335 -184
442 232
-24 -250
652 161
103 -107
424 -458
239 -286
231 -360
224 -304
-29 313
179 -287
544 330
-31 173
-7 127
98 113
17 -68
170 243
302 87
247 202
252 -102
-81 288
-388 -3
50 195
-128 -63
-180 52
149 234
-73 153
104 -265
-276 -39
621 -64
-47 506
284 -197
65 -3
61 -357
210 -46
-177 -10
-179 215
-232 47
106 100
-188 136
162 194
-76 -89
123 -7
-199 -20
-66 100
-160 223
76 68
155 123
218 -300
254 -97
33 -206
237 -61
160 324
178 -225
374 189
-259 -5
-88 286
-225 -189
-39 357
-281 -25
78 132
-206 81
107 23
-235 266
62 58
-132 50
183 -138
32 157
76 -121
193 40
65 -40
344 3
216 6
-140 -18
289 -123
-139 12
-281 -91
180 46
-125 71
272 3
-236 239
-93 -401
132 270
-264 -116
406 -18
-162 449
237 -247
120 438
167 -250
29 126
-34 -173
152 214
296 28
22 -34
139 -147
-40 7
20 0
-66 141
-80 74
-136 130
260 147
-153 -49
239 -114
-177 114
-76 -270
188 31
-287 -366
191 -268
113 -70
66 -65
40 -206
112 -24
-431 -365
388 167
-562 -26
454 -295
-3 -72
-4 -71
-123 -170
17 -107
137 318
-345 -279
84 36
-466 -21
271 -141
-105 -136
179 -147
-175 105
332 -125
-94 81
220 -363
99 154
-92 108
-84 73
-110 138
58 78
-61 -189
78 147
-131 -171
225 -41
-240 -148
34 355
-338 44
282 116
-361 268
251 -97
-40 354
26 -379
75 157
-209 -127
164 125
-368 195
296 222
-278 -18
247 -37
-184 68
-38 97
-168 119
50 -40
-32 -73
72 32
-29 15
154 -28
-104 81
-60 353
-146 -165
104 218
-319 -111
155 203
-315 33
258 -66
-165 213
-135 94
104 -88
-119 98
-73 -173
-9 179
-11 -107
74 259
-170 66
-161 -101
197 15
-207 81
8 4
164 16
-16 -13
102 -39
-37 95
-3 285
0 -157
145 198
-138 -58
-4 236
-39 -267
145 288
-266 -126
-133 -112
135 65
-190 34
111 -30
-107 -251
225 110
-328 -54
257 -5
14 8
-45 58
14 -82
63 17
-127 -9
-3 14
-107 5
-13 -101
256 -37
-166 99
196 -220
0 223
70 -84
-31 111
-18 -110
56 96
-56 125
3 -138
52 125
-99 -90
-126 -107
158 45
-162 23
141 -88
66 132
-113 -91
138 36
-146 23
90 -120
-34 147
-31 -145
85 119
37 -165
33 164
-99 -134
145 86
-121 -2
109 -44
-81 86
42 -113
137 -45
-107 97
59 -129
-1 143
-37 140
-22 -142
81 118
-122 -74
-186 -99
212 17
-199 71
152 -141
294 -38
-255 160
163 -245
-50 292
-115 -209
193 142
-233 -49
231 -50
158 159
-210 -81
223 -13
-199 104
233 56
-234 47
195 -140
-119 206
150 -261
-29 299
-91 -285
203 222
-205 -195
268 90
-280 23
248 -136
139 186
-208 -114
234 20
-221 79
96 -45
-67 78
29 -102
15 104
-6 -15
9 11
-13 -9
14 1
21 -72
6 77
-36 -66
59 43
204 265
-294 -160
336 28
-316 113
117 89
-143 -32
144 -30
-116 85
130 -86
-85 132
19 -154
43 152
-13 -176
80 154
-135 -108
170 40
-115 66
78 -105
-26 133
-29 -132
-58 -56
76 26
-83 4
72 -39
-24 168
-47 -164
107 134
-155 -73
120 9
-108 36
86 -78
-47 108
237 32
-229 67
181 -154
-103 213
132 21
-133 34
104 -84
-64 120
6351 7571
6415 8712
6922 9944
6893 11285
-6018 4470
-4851 2646
-3239 928
-1635 -361
4056 1357
4649 1931
3482 715
904 -901
1073 1980
379 2383
575 1853
913 697
42 396
-80 2480
502 2567
574 1843
1140 -265
463 908
-433 152
-453 -129
512 -455
-422 -71
-1318 230
-2169 721
234 743
502 550
-56 762
-1045 941
-539 873
-1367 1791
-1080 1761
-1383 1541
249 -103
-191 -665
-671 -970
-170 -968
-1 -694
-3 -125
-2 194
-13 395
-974 -238
-594 -448
-393 151
111 257
-229 -135
82 -515
359 -150
733 -370
-170 -92
-441 -124
475 32
-97 333
-557 -515
-647 -575
39 -357
-106 -175
473 78
48 238
460 51
303 535
-531 797
-125 696
-264 527
612 -270
951 -38
350 -186
271 -57
-162 28
-286 -259
-219 -877
-26 -422
-343 -308
153 -146
326 -164
664 -311
362 -160
-31 77
-258 -68
336 20
178 30
82 277
-301 453
-215 177
80 167
129 134
287 -319
-138 -288
98 -299
1 206
-33 -32
32 436
-259 -70
381 44
-571 -173
132 -171
-422 -262
95 80
403 -6
422 236
22 -175
80 -140
-153 247
-216 301
-189 216
417 -280
119 -115
358 -87
-94 184
-76 108
-214 302
229 -189
177 118
59 -241
102 81
166 -412
153 168
48 238
-120 280
63 112
-111 42
81 -123
-159 247
-254 81
-84 500
-228 -154
-272 -100
11 -410
43 -169
-17 -279
220 -57
-138 -46
328 -56
-429 460
-60 -20
-467 -39
-108 -385
-374 191
18 39
186 308
229 76
-7 -298
200 -114
-3 -504
405 -221
-134 165
331 235
-153 464
45 205
-290 13
322 86
-114 121
13 76
168 165
-278 192
340 -115
-35 186
-105 243
227 -20
385 282
61 -76
582 47
-74 -26
609 -63
-180 60
81 -591
599 -301
-98 -194
284 -488
195 -38
115 125
437 -74
358 156
-61 144
137 78
-9 -18
-62 108
94 -18
476 204
35 -15
345 -104
-359 227
-67 -3
64 74
-113 -92
143 -75
56 431
-129 -462
198 128
167 254
237 35
222 345
14 -15
304 -179
-85 -115
118 -74
-149 10
-13 278
-190 -20
128 124
-225 13
72 150
-113 -166
86 27
-322 15
-213 45
196 209
-15 37
199 -124
194 -227
142 -110
106 -102
70 -53
379 76
74 0
95 48
-235 -22
-87 115
-289 135
39 78
-360 181
-209 240
40 -129
-117 378
-212 -134
-161 209
147 -292
133 287
-26 -314
236 -1
43 12
344 -48
86 213
232 155
-119 -133
240 -149
-29 55
38 -69
48 116
90 33
80 21
104 -144
-155 111
58 -85
-42 284
121 246
58 59
157 89
140 -170
87 -188
41 139
-46 -37
76 90
86 61
45 -209
70 22
-63 -186
-255 202
70 -55
-211 303
-27 -170
44 -13
47 -67
-24 -12
80 -149
-239 -186
197 -342
-261 -95
159 -481
253 -142
-101 -62
177 -215
48 -83
-269 -25
110 -115
-120 66
193 -289
109 -193
-177 -17
1 -276
20 219
-16 -108
-285 14
-115 -152
-240 71
102 -211
20 10
-93 -106
-100 16
236 -328
88 143
13 -361
151 39
-203 72
-3 86
-22 171
65 -44
118 0
-111 -23
142 -168
-5 -18
-172 61
-37 233
-66 67
-5 103
-57 168
132 -20
19 32
98 -194
-80 14
-11 47
-178 195
-13 92
-189 15
151 -30
-101 24
105 -174
-109 -100
82 184
-157 -262
241 -147
-123 8
245 -58
-174 143
117 -94
164 21
-249 177
17 -223
-92 107
162 236
-261 -62
309 -5
-200 204
62 4
-121 -5
-32 -82
-132 -11
198 280
-277 -8
259 174
-232 116
111 -188
-44 228
-199 -57
-39 239
-69 242
45 -295
116 304
-236 -117
-52 98
88 -54
11 144
2 -39
-85 174
11 -130
29 204
-212 -168
200 228
-315 -92
279 24
-205 209
48 -29
-113 -2
32 33
-118 71
-232 179
136 -269
24 237
-34 -253
-159 -85
67 39
-189 -60
107 -60
105 -95
28 68
34 -110
151 221
-86 102
32 -125
22 130
-75 -114
111 -140
-44 173
-33 -179
101 146
-312 -18
292 -115
-223 223
112 -291
-48 5
41 -22
-28 39
10 -47
84 -70
-50 100
1 -109
43 101
129 192
-191 -121
227 33
-218 64
-210 -33
206 -59
-163 137
93 -194
-69 118
15 -137
48 132
-93 -102
212 -63
-170 138
100 -197
-7 218
2 -66
24 57
-47 -43
61 23
-56 -107
91 74
-115 -32
118 -22
-1 -27
13 20
-21 -18
25 4
-41 60
16 -71
13 70
-43 -58
-30 -102
72 80
-93 -44
106 1
207 -72
-161 151
86 -204
4 223
125 27
-125 23
103 -73
-68 110
-111 -8
103 -33
-79 73
42 -99
81 -28
-64 58
32 -78
2 83
-17 -51
35 43
-55 -26
58 -2
-137 16
118 -73
-82 110
27 -139
91 232
-180 -174
236 85
-249 22
-42 208
-46 -208
121 172
-187 -110
-37 13
32 -27
-17 34
2 -42
-105 89
63 -121
-6 135
-54 -130
-5 -82
35 73
-65 -55
80 25
5 63
-33 -54
52 35
-59 -12
-181 30
155 -105
-100 159
27 -183
-88 -24
89 -15
-73 47
48 -77
101 -54
-74 86
34 -111
16 111
-7 -7
10 2
-10 1
9 -8
6624 8815
6690 9935
7105 11198
7118 12492
-4685 2619
-3381 1017
-1544 -499
-975 -1011
4459 1760
3731 793
651 -872
-2146 -2268
442 2449
490 1820
1004 696
1145 -613
57 2210
488 2865
472 1561
-11 -236
629 679
-487 429
-516 -401
-655 -1209
-212 -35
-1522 289
-2005 587
-1911 864
433 724
-64 573
-958 1111
-1709 1380
-1180 2081
-1368 1576
-1045 1594
-1888 97
-361 -586
-553 -1110
-223 -786
182 -109
-122 -136
113 152
-102 477
-232 -164
-768 -545
-201 166
-72 320
325 689
-14 -238
331 -439
880 -120
715 -661
-272 -234
361 200
-65 132
76 -9
-374 -621
-190 -199
43 -415
935 44
127 135
430 176
278 409
147 370
-432 702
15 395
409 -37
366 -302
531 -63
54 -96
55 -21
-96 -203
46 -857
-277 -333
-145 -491
-169 -71
275 -175
717 -323
322 -129
345 -144
-8 -94
123 151
323 -175
405 27
-39 414
-440 323
235 -56
-195 540
63 -91
-23 -588
122 20
192 -574
21 191
-105 254
-58 43
-391 61
-71 249
-495 -349
217 -351
-764 -439
738 182
41 201
382 -295
-112 535
-297 201
-59 281
-325 291
-22 87
163 60
249 -228
61 270
9 342
-180 200
244 -84
127 27
235 -241
190 -272
228 -51
-54 -132
135 273
-117 133
119 246
-219 -59
-126 -86
-156 128
-208 186
-171 423
-354 148
-250 -133
7 -370
38 -207
408 -174
-4 -169
113 -35
98 37
0 91
-158 -323
-255 199
-400 -517
351 -362
387 16
-140 472
461 -207
97 434
18 -248
217 -460
186 -173
474 -330
309 -51
-16 717
-185 28
179 342
363 111
-160 117
56 61
-167 311
-232 425
203 -307
166 308
-174 -343
421 193
122 167
349 -80
160 329
-105 124
576 -213
-91 182
-236 -400
319 -456
223 -165
-20 -380
69 0
148 -297
578 325
67 -148
376 89
280 32
-118 83
-2 -31
-17 143
345 166
171 -30
226 -31
1 -87
-18 202
-66 -91
70 7
-67 -53
-125 283
99 -403
-31 166
-42 -622
240 351
88 62
259 191
-78 7
133 -173
-55 71
-51 -195
-13 253
-66 -294
130 421
-347 -257
135 8
-171 41
55 -182
-214 196
-128 -123
139 265
15 -33
197 -45
1 -39
380 -98
-116 -21
241 -220
-30 176
115 -115
103 168
-289 -129
-122 23
-137 304
-172 -16
-133 179
-177 14
-224 175
4 -4
-167 264
-113 -186
-76 7
216 -78
51 52
131 -266
68 100
288 -120
164 251
39 -111
19 60
33 -267
207 82
-140 -209
-3 23
177 91
-25 -1
-109 -37
-71 -49
48 93
-109 113
-8 5
246 -72
36 286
177 -400
269 78
296 73
-251 118
199 -144
-139 229
-143 39
142 -283
-7 118
-117 -308
-172 202
-96 -24
7 179
-104 -149
-122 171
39 -297
144 138
-111 -130
-36 -118
-141 -396
165 -155
-140 -129
18 -98
83 -132
99 -198
-42 -35
-182 -17
103 -152
71 -1
66 -221
-388 -142
244 -242
-216 287
232 -319
-170 -255
-113 140
-364 -196
14 68
-48 86
-68 -204
-84 123
-300 -226
258 14
-89 -179
163 -169
-167 53
108 75
-117 223
126 -136
162 275
-16 15
35 -165
94 -66
49 -114
-472 174
357 -58
-344 390
127 -438
-55 236
84 -280
166 114
-189 -250
-57 78
-143 145
-24 150
-95 124
-4 -74
62 2
-33 -86
304 -14
-283 -32
266 -217
-167 -16
255 -398
-86 104
58 -140
24 258
-154 -286
88 121
-269 -35
92 -174
-203 91
-306 -223
419 124
-352 126
382 -196
-143 -117
38 9
-233 -67
97 -73
163 -33
-133 377
48 -230
164 255
4 197
-230 -13
-28 188
-319 119
24 36
2 -6
-1 116
-57 10
-213 266
159 -272
34 397
-125 -165
74 72
-113 41
-19 -79
-37 -18
-86 -38
46 74
-9 74
13 183
-189 59
78 -50
-127 168
-71 -126
-54 -91
126 -2
-27 2
167 27
-138 -144
73 22
-168 -22
143 -51
9 -101
123 34
12 120
112 66
-71 -253
169 208
-232 -119
263 11
172 -120
-112 182
27 -208
60 204
-34 37
15 -48
6 47
-24 -41
8 -29
3 32
-18 -24
24 17
-60 -5
57 -19
-44 40
24 -57
-326 -120
350 -23
-308 168
213 -273
116 -48
-87 92
43 -119
16 122
59 -93
-18 111
-28 -110
71 87
-192 -16
185 -70
-140 135
72 -182
140 -28
-115 86
73 -125
-16 147
-135 99
83 -143
-15 163
-52 -160
-63 -223
150 180
-209 -101
231 8
142 -204
-46 244
-56 -246
156 199
-84 127
25 -152
39 148
-95 -119
-37 -147
95 116
-135 -69
150 8
-221 166
133 -243
-23 277
-90 -262
-204 108
145 -179
-59 224
-39 -229
-145 -7
134 -55
-105 104
51 -138
-308 -32
292 -92
-232 206
126 -280
61 23
-64 1
60 -28
-43 49
-142 73
102 -125
-39 159
-25 -160
55 -86
-15 101
-26 -98
64 76
-140 166
57 -209
32 217
-117 -184
7 32
-18 -26
26 19
-32 -4
124 -145
-55 183
-26 -190
102 167
-31 155
-34 -155
96 122
-140 -76
-6 217
-83 -200
158 151
-207 -69
178 -32
-148 102
91 -155
-19 179
179 -203
-80 259
-34 -269
143 231
197 -22
-172 100
111 -162
-40 195
6914 10242
6777 11010
7492 12530
7156 13727
-3056 856
-1777 -225
-880 -1355
-1108 -1614
3679 962
623 -1048
-2047 -2119
-4768 -1390
505 2021
904 514
1308 -483
858 -877
637 2699
399 1775
-37 -459
-585 -1856
-235 473
-768 -336
-459 -1369
-204 -1374
-1071 250
-2400 805
-1638 504
-979 1170
-128 761
-975 917
-1616 1547
-1428 1256
-1302 1872
-1229 1352
-1620 243
-1408 -596
-464 -964
-360 -888
349 -73
101 680
156 121
-133 517
-222 -214
-671 -137
-260 -82
82 521
100 565
101 429
93 -383
1070 -266
601 -447
718 -907
285 101
45 191
-50 -19
-121 133
25 -386
-76 -158
940 -239
908 422
304 280
348 262
144 532
-145 -153
-349 464
712 -244
176 13
383 -676
162 17
-88 -79
59 -211
-100 -144
-232 -411
-156 -399
-199 -164
-303 -195
528 -382
516 -158
180 -38
246 -246
-11 144
446 -218
309 123
649 -217
-217 267
46 85
-88 340
117 259
69 -204
-121 -294
543 -390
-36 -166
96 451
-324 -59
-110 41
-631 -11
-436 -207
107 -457
-617 -389
-132 -760
282 -37
259 16
-129 196
219 150
-442 212
53 197
-334 323
389 -539
117 -1
87 11
91 590
-137 318
198 -99
177 24
187 -220
171 -380
103 -135
101 -105
-14 312
-245 -10
3 273
-124 -126
-184 14
-245 58
-338 355
-116 218
-316 360
-460 332
123 -121
-173 -386
677 -99
-120 -147
38 40
136 -58
11 198
72 53
-314 -115
-219 -257
82 -527
-116 11
78 357
306 -11
155 189
-109 -78
-149 -381
491 -396
288 0
212 -277
152 325
-178 456
-2 -50
-200 434
-40 80
-40 139
-111 196
-83 49
38 -176
263 121
-178 -130
113 -21
297 -37
271 179
127 65
-151 199
416 -97
7 11
-258 -203
103 238
-23 -192
214 -457
-115 170
-148 -228
399 -35
373 109
-6 -20
112 12
64 133
-188 -3
138 46
-187 -5
364 106
-5 -82
234 -144
-35 2
10 57
-48 -96
93 -6
-145 -293
-174 -343
189 0
-174 -382
302 -336
187 118
141 181
35 -28
82 50
-360 240
153 -469
-88 591
-18 -363
164 100
-246 50
-81 -233
-125 73
-206 75
-76 -144
-118 239
-226 -128
436 18
-205 80
321 -316
-59 156
156 -337
120 182
-80 -241
434 -55
-73 -8
-55 -45
-371 46
-102 16
-149 60
-191 120
-101 44
-47 -143
-119 386
-215 -142
96 167
-364 -73
-50 -194
341 46
-133 -144
269 -20
146 -248
350 313
-154 -91
234 59
-85 33
194 -245
4 79
-116 -150
43 28
126 5
-241 21
-52 67
64 -111
-39 309
-152 -145
103 218
43 166
219 -284
183 -10
46 -191
92 67
-92 46
53 -62
-130 95
-55 236
-35 -434
137 189
-339 -252
-184 259
-32 -118
54 102
-74 -187
83 1
-21 -113
140 32
-6 97
-419 -252
366 -397
-216 178
71 -354
256 -241
-15 -30
-11 -231
102 67
-84 -129
233 -95
-43 -69
188 -186
0 -354
53 290
-14 -212
368 262
-196 -129
-178 16
-242 -55
-85 -30
-15 99
-250 -134
-46 -62
-219 -97
266 -19
-226 -165
185 -105
-116 73
-75 232
84 -125
196 246
-80 -128
157 -121
-34 -59
161 -173
-38 -63
-93 96
4 62
-59 0
-3 -118
-141 -356
401 94
-397 -133
231 -192
-224 197
27 69
-107 220
76 44
156 43
-135 -85
392 -54
-12 77
-179 -249
261 -164
-77 -86
226 -269
-100 -132
161 185
-254 -164
104 -96
38 -248
-100 144
-161 -282
140 171
292 197
-269 13
349 -59
-262 224
90 47
-297 -78
155 -90
-141 103
19 70
33 114
35 -64
50 -7
-159 95
-131 116
-198 135
-65 63
36 -106
10 221
-108 -80
128 137
-96 68
129 -13
-40 255
96 -33
88 -122
-134 155
-21 -279
103 17
12 -36
72 155
-96 141
10 190
-29 -89
-12 158
-171 -73
126 70
104 50
-30 -49
188 76
38 101
61 -387
9 342
-169 -316
295 288
131 213
-68 -37
250 180
-188 148
-90 -198
157 146
-201 -67
216 -19
-9 101
-33 -94
67 72
-92 -34
-125 -140
172 78
-189 1
172 -77
311 38
-298 96
234 -205
-125 284
-130 -191
198 121
-233 -32
221 -69
245 5
-224 97
164 -179
-79 231
-176 89
128 -151
-56 188
-26 -196
-40 48
14 -60
10 61
-34 -50
-51 -292
166 247
-252 -153
291 37
75 139
-126 -91
155 34
-150 29
67 42
-79 -7
76 -25
-58 53
97 -65
-65 101
20 -118
34 117
124 91
-151 -26
148 -31
-120 89
-20 229
-77 -213
157 166
-209 -89
-115 103
63 -138
1 153
-64 -141
-55 -237
145 196
-214 -117
242 19
-3 -37
18 29
-30 -26
31 8
-21 13
11 -28
-4 28
-8 -24
-221 -174
268 66
-276 47
231 -158
4 -81
28 75
-57 -56
75 29
-136 29
113 -79
-69 119
15 -138
142 -49
-109 103
56 -141
4 150
-184 38
151 -110
-97 162
20 -188
131 126
-167 -58
180 -9
-158 84
-45 84
5 -94
33 89
-65 -67
-58 -161
114 122
-153 -66
171 1
27 11
-31 -2
24 -14
-24 20
214 70
-224 25
193 -111
-132 186
-99 -113
139 63
-155 0
140 -62
-21 17
13 -28
-1 30
-13 -26
6973 11282
7202 12364
7493 13761
7644 14873
-1369 -386
-1182 -1041
-961 -2029
-2103 -1928
979 -1003
-2391 -2017
-4501 -1623
-5201 1048
825 602
1348 -597
868 -757
599 -395
602 1662
-176 -270
-532 -2082
-455 -2642
-861 -255
-399 -1486
-208 -1243
-606 -1091
-2093 477
-1787 932
-1017 718
115 849
-895 1055
-1752 1454
-1268 1287
-399 847
-1233 1153
-1536 419
-1562 -720
-716 -470
-275 -726
205 -185
282 722
-308 721
144 246
-370 142
-681 -522
-1189 -110
-134 541
294 462
-31 598
-100 -125
736 -214
884 -633
536 -619
-45 -481
236 116
-196 130
-50 -61
77 -210
69 -463
929 94
780 114
1043 416
186 227
305 498
-281 -54
294 -650
659 38
112 -265
558 -451
150 -178
-5 -39
-31 -213
-12 -188
116 31
-106 -381
-252 -157
-259 -219
-50 267
349 -52
293 -203
212 -52
-197 -307
346 -186
389 52
607 -117
1003 -133
6 -357
131 722
-234 -4
776 264
197 -368
283 -187
125 -457
315 244
-12 -106
-372 210
-460 -276
-446 -382
-172 -640
-288 -341
-453 -667
121 -676
175 -124
1 293
53 116
0 172
-174 339
-180 101
342 -281
276 47
316 106
-154 593
84 214
-81 579
260 7
120 -172
218 -453
158 -28
88 -14
-44 224
-186 59
-62 111
29 -32
-361 -10
-68 5
-290 91
-21 447
-497 184
-223 412
-286 207
-1 -487
558 64
-76 -339
-52 96
240 -50
-96 228
152 -17
103 -48
-372 -154
176 -685
-138 195
-191 -310
351 122
62 86
16 -23
50 85
484 -136
189 -245
402 -101
36 36
132 215
-180 298
-175 47
-161 47
-295 244
82 2
-175 305
-114 -11
95 -152
88 48
-203 -78
-123 14
332 120
93 142
-153 115
-195 170
219 -26
-430 -82
216 60
-251 346
-164 -338
181 -98
-309 138
-158 -334
661 -139
-169 322
120 -364
-35 404
27 295
-177 -147
182 44
-383 -5
28 -18
181 -182
30 19
134 -277
-74 27
64 -130
-71 -197
21 -129
-270 -380
398 -222
-292 -247
414 -346
126 10
116 120
-56 -52
-23 -108
52 -50
-161 166
226 -7
33 277
41 72
-352 -138
83 -125
-206 -72
-83 -50
-149 151
-161 -61
8 116
-55 -71
244 -116
-73 -59
62 -345
-40 -82
177 -60
134 -109
129 -225
-202 -93
-215 26
-241 92
-43 -13
-270 125
-34 10
-92 -75
113 -128
34 99
-232 48
-19 -102
-86 24
-46 -37
247 -230
-46 216
105 -79
205 49
84 93
-57 -12
-288 -41
2 -259
188 19
-257 -12
213 40
-92 -223
49 137
-365 78
215 -33
12 -108
-27 254
-177 -99
185 97
99 -271
281 -72
-25 -95
158 -129
157 -174
-86 243
-131 -237
113 135
-138 -159
117 -109
-199 10
-1 -291
-77 261
-64 -259
180 93
108 -177
158 39
-85 -40
232 73
4 79
90 -149
-61 -165
71 16
-144 83
-118 -138
133 -176
-43 72
-36 -285
285 -390
30 215
2 -420
226 232
-214 19
336 -74
-9 279
162 -172
-330 -189
-22 72
-345 -47
0 -100
-211 171
-205 -325
30 81
-211 -197
-4 -154
-26 -25
45 -85
55 -16
285 351
-182 -103
408 38
-265 116
8 -185
175 -41
-105 -176
115 -144
-145 18
92 -17
-137 -40
96 -56
213 -61
-160 -71
-16 -154
-231 30
-251 -288
295 426
-375 16
536 15
-179 -153
461 -11
-92 63
298 -138
142 -110
8 -187
189 -141
-72 150
81 141
-155 -150
10 -64
-108 -64
-49 115
-200 -231
155 112
-166 -47
20 -168
159 231
-202 -111
199 1
94 -44
-214 40
141 -163
11 17
198 41
-88 67
111 -178
-161 47
-148 67
-160 169
-111 47
27 64
-143 217
31 -139
26 247
-117 -225
70 123
-42 99
165 101
-26 147
-111 -135
74 -8
-96 -194
154 -146
90 78
-84 227
-34 119
-107 160
-164 152
-29 -124
14 175
-134 -130
225 50
-82 90
277 -25
42 191
174 270
-288 -184
348 118
-220 212
206 203
-96 73
173 99
-140 205
-97 50
69 -91
-27 107
-18 -108
137 -191
-43 230
-53 -230
143 189
23 -171
52 166
-112 -129
159 73
-142 7
122 -61
-87 107
35 -132
38 -123
18 125
-69 -109
105 73
-81 116
27 -141
31 137
-87 -110
-171 32
141 -97
-88 146
22 -171
54 26
-58 0
58 -25
-40 43
-130 137
61 -178
16 188
-92 -164
-136 -54
142 -2
-130 62
92 -105
-65 215
-34 -223
117 189
-187 -124
-61 104
13 -120
39 116
-83 -91
-134 276
8 -305
117 279
-224 -209
70 -266
45 271
-150 -229
230 148
149 -47
-116 101
64 -142
-1 158
-1 -59
26 54
-49 -38
56 17
144 334
-269 -245
343 114
-361 37
-3 -150
64 138
-114 -99
147 44
-26 -18
27 1
-29 6
25 -21
-5 -198
87 179
-148 -129
191 54
34 -112
11 117
-61 -103
95 64
173 73
-184 4
168 -81
-122 145
40 -61
-10 70
-24 -70
48 59
94 -143
-27 172
-44 -170
110 136
16 -64
10 63
-35 -57
57 37
35 -70
-7 81
-23 -73
57 56
-6 -46
26 39
-41 -27
50 6
27 188
-101 -159
157 104
-188 -32
-212 197
112 -264
8 290
-125 -260
212 49
-215 40
182 -130
-110 190
7375 12465
7289 13739
7834 14812
7899 16268
-1260 -1147
-845 -1965
-2234 -1939
-3019 -3045
-2417 -2294
-4363 -1376
-5430 874
-4086 3908
1454 -632
781 -676
646 -500
600 271
-235 -113
-544 -2252
-375 -2497
91 -2424
-289 -1349
-367 -1323
-429 -1085
-1643 -367
-1814 669
-884 942
-103 697
788 959
-1856 1275
-1094 1410
-611 803
996 -138
-1624 233
-1402 -586
-914 -526
164 -306
23 90
333 395
-223 1044
-728 466
-500 -139
-443 -321
-1490 -192
-931 -84
126 507
104 493
-177 36
-315 92
1007 -651
434 -550
20 -586
-345 -65
163 269
-435 -47
421 -384
40 -263
604 129
1062 -54
848 682
797 420
-49 408
81 -114
-10 -447
226 -608
57 -364
648 -387
42 -200
82 -862
-104 -406
132 -38
-73 -47
140 -30
-110 -205
-363 -119
6 134
-37 205
57 -50
360 -289
-237 -32
7 -344
158 -7
841 -161
804 -3
560 -253
107 527
-137 167
620 148
-371 474
368 -376
121 -250
231 56
256 -20
-72 -85
-613 116
-466 -801
-807 2
-417 -330
-343 -729
47 -573
-419 -778
34 454
-38 -20
145 250
-105 260
-87 176
226 -309
393 25
169 -94
106 659
-185 260
143 427
-34 119
196 -160
143 -437
217 -80
-68 -181
-220 223
-26 -14
-180 244
-203 -218
110 -48
-486 234
-7 -288
-132 293
-442 63
-223 547
-339 87
46 -18
198 -152
337 -293
-454 222
-300 27
69 395
-60 -106
335 -57
-472 -18
-52 -419
-38 -140
-151 37
-398 -3
22 -174
163 201
-170 -57
205 78
446 -149
129 -79
281 -96
-91 -20
-25 165
-262 228
-157 -160
-72 158
-8 197
-175 93
-23 180
-184 -22
-67 1
-42 -96
-263 103
-183 -82
412 147
-448 235
22 -61
-394 516
-209 100
-60 -12
27 302
-186 74
111 -35
-271 52
-161 -237
-172 -15
143 -32
-17 80
-91 -62
-70 92
24 -140
-3 122
-246 -153
71 75
312 -31
-154 -69
337 -275
-241 17
102 -64
-136 -243
95 -115
-71 -128
16 -257
73 -373
135 -82
-83 -288
48 53
39 -20
-120 -100
-277 -121
-102 196
155 -10
102 250
223 126
-394 -42
84 -234
-161 29
141 -350
-91 91
-187 13
-2 36
-118 -37
305 74
-206 -208
248 -264
-154 -71
193 -193
168 16
46 -324
158 -52
-472 43
-11 -24
-209 190
143 -52
31 109
-192 -142
231 -109
44 -160
-255 -237
115 152
-315 -146
219 -33
251 -128
-87 126
179 -16
10 159
300 -52
-193 206
-254 -294
-160 30
3 35
-94 -107
107 189
-319 148
-197 -149
-24 242
-163 -38
182 -9
40 189
-209 -15
184 0
-180 102
403 -13
-154 -99
281 -184
-256 227
18 0
-131 25
3 -104
-96 -45
-146 7
-10 -202
-91 -19
-172 -140
-246 60
213 -271
223 167
-2 -325
170 87
-52 58
272 -22
5 131
-108 -164
112 0
-172 119
57 -21
-74 -112
111 -74
-120 -89
35 -158
40 172
17 -377
199 194
-296 -178
204 -115
125 265
44 -100
138 133
-369 -15
7 -113
-295 106
-64 -195
-219 -129
-36 -104
-76 -59
-62 -38
103 -101
-37 26
77 -155
131 124
154 -1
58 75
35 -63
22 -45
233 -33
-161 -162
158 -179
-64 14
56 36
-123 -105
114 8
-70 -7
53 -255
-129 101
-231 -248
32 66
-200 74
219 134
-52 148
112 -89
317 -177
107 157
74 -146
167 244
80 -398
210 75
-178 -43
168 155
-315 -186
169 -99
-243 35
85 -312
-17 -241
-15 194
-52 -187
145 191
-53 26
73 -14
-93 21
1 -133
42 -136
-14 100
47 -289
226 12
-30 5
82 -100
-166 -42
-107 -122
-108 105
-133 127
10 -16
-81 82
-43 -24
45 112
-79 -91
174 -63
-100 -81
290 244
-195 69
229 46
-160 -120
160 -189
-90 -48
186 -256
63 178
-148 220
-49 15
-140 229
96 46
-163 77
70 -112
-27 198
126 260
13 -90
308 147
-153 -5
16 33
-16 44
139 134
30 127
202 394
-224 -68
298 198
-288 105
16 191
-89 -171
150 116
-186 -45
-71 -57
87 21
-90 11
76 -51
32 8
-31 7
28 -18
-15 26
137 39
-139 19
121 -75
-79 117
5 -94
37 83
-70 -62
90 31
167 50
-168 20
144 -88
-98 143
122 -43
-92 87
50 -118
3 129
-141 -16
138 -42
-108 89
62 -130
-133 64
97 -113
-39 140
-22 -146
-188 118
126 -185
-41 220
-54 -216
-57 -322
180 271
-273 -177
320 46
39 205
-116 -171
175 109
-208 -28
181 -235
-68 288
-55 -290
166 242
-248 -96
264 -19
-235 122
165 -207
-23 -34
36 23
-42 -6
39 -12
113 -64
-74 102
25 -129
24 125
-143 -59
151 -1
-138 60
98 -118
-83 -359
229 292
-323 -176
368 30
-41 -278
152 233
-232 -152
276 44
-140 -8
129 -49
-100 97
53 -128
-34 -142
88 115
-127 -69
144 8
22 -52
-2 53
-23 -51
42 37
-151 -7
144 -55
-105 107
55 -144
3 -14
1 15
-6 -13
12 11
-109 -31
111 -13
-97 59
67 -94
28 -261
79 251
-176 -197
241 108
121 -142
-51 180
-28 -184
99 158
-125 -61
139 5
-129 48
103 -101
61 189
-135 -148
184 78
-204 -3
108 56
-119 -10
114 -40
-87 88
7517 13908
7564 14754
8176 16212
7952 17212
-1141 -1968
-1963 -2056
-3219 -2828
-3329 -3160
-4643 -1497
-5123 867
-4362 4041
-2833 5896
1024 -802
477 -287
668 11
1471 -798
-522 -1862
-556 -2839
400 -2183
275 -760
-240 -1461
-485 -909
-1668 -556
-2799 -989
-1009 574
167 983
430 805
1528 981
-1257 1410
-463 735
885 -15
1398 -301
-1376 -613
-929 -493
168 -343
825 111
126 627
-130 747
-693 777
-494 472
-507 -672
-1288 104
-1235 -275
-480 1032
-17 298
10 163
-542 55
-646 -13
384 -464
24 -683
-310 23
-615 -226
-180 -182
244 -151
108 -543
590 -356
683 87
1138 400
645 801
654 64
-159 -94
197 -561
82 -415
293 -787
329 -186
250 -518
17 -491
-137 -889
250 64
-226 -87
295 -56
-663 -182
-301 -111
-55 155
10 164
277 214
267 -51
-245 -287
120 -111
-250 -287
825 -121
808 -42
577 -214
77 301
208 320
237 150
-26 320
-191 -75
151 -371
257 176
182 -122
149 -160
-471 -64
-521 -578
-849 -228
-604 -312
-435 -595
77 -734
-383 -614
-35 -730
-41 45
118 194
-55 300
352 148
247 -136
298 -129
316 2
271 -244
175 562
-308 297
430 54
-324 -8
-26 -419
367 -165
-168 -46
64 -471
-156 -59
-46 230
-329 -145
-14 -71
-197 203
-260 -141
39 55
-74 21
-451 326
-44 198
-266 8
-3 73
270 -142
-453 54
-236 179
-779 359
83 196
79 -269
-148 76
-98 -96
-2 99
-280 -163
-201 128
-452 507
328 -109
-202 291
90 -253
109 509
47 -250
424 29
-275 -76
196 56
-362 304
-100 -258
-81 278
40 204
-488 101
256 48
-388 219
-56 -409
-42 85
-338 -63
-47 37
-188 119
-244 213
-152 42
-276 356
-347 -22
177 241
-290 165
162 71
78 483
-36 56
-377 -142
-14 -188
-181 13
4 -67
-52 78
-165 -18
166 -49
152 9
-344 14
96 -121
-287 137
-28 -84
227 -213
-166 -81
156 -256
-144 -234
102 -125
-67 -115
67 65
-19 -385
227 -109
-155 -225
136 -167
233 -220
-217 159
-296 -400
-175 248
333 136
-124 193
448 89
58 202
-64 -347
17 68
-41 -316
328 -69
-17 109
-191 23
59 -101
-173 -56
231 -91
-196 -192
219 -325
-45 -72
119 -262
206 -91
-83 -203
196 -248
-230 194
-92 -94
159 255
-10 10
-136 -2
128 -216
183 -106
122 -218
-54 -32
-81 -51
-32 -23
-100 224
-95 78
207 26
-28 135
91 17
-159 284
-320 -351
-75 58
-249 -318
-14 84
-52 52
-125 212
-91 141
62 70
-174 151
117 -188
56 180
-168 100
95 -78
-67 143
32 -110
-6 -177
174 -46
-220 61
162 -45
-160 79
11 -173
-82 20
-166 -189
169 -170
-272 22
-27 -251
20 288
25 -268
396 87
-127 -182
297 -35
8 -82
265 129
-54 -16
238 -28
-59 -69
12 109
-111 61
178 99
51 -359
53 150
-218 -307
172 -35
-3 -260
167 83
-220 -91
72 -93
89 -30
202 150
-105 -35
185 61
-102 133
-300 -161
49 48
-215 86
-33 -50
-99 -111
-26 0
-78 0
-121 -69
201 -107
5 122
62 -144
-28 163
83 -174
28 77
-240 -193
77 -51
-99 -182
181 -92
-168 -15
-92 -161
107 76
-91 -65
180 151
-221 68
-135 -261
-52 115
-201 -246
-13 25
203 155
-126 8
139 -60
-19 -267
365 184
-234 66
295 13
94 -181
31 143
-101 70
-51 85
21 -119
-98 -1
-27 -223
-48 -5
-241 -46
256 -61
-181 202
179 -83
209 -2
-221 65
92 -228
-33 184
75 70
-22 -227
261 -77
-9 -30
-10 -89
-87 -89
-159 -47
-83 23
-150 12
81 76
-179 26
99 9
-210 311
77 -378
153 266
-165 -298
171 111
-38 145
51 47
-73 98
133 -126
-84 -113
209 -193
17 -14
158 82
-272 271
-38 -97
-67 232
-169 120
57 -152
3 236
36 -80
-59 11
335 24
-127 117
57 -122
193 286
-148 -9
352 133
-193 229
39 96
-15 154
17 8
90 30
-103 -216
182 154
-233 -67
235 -33
-468 16
417 -211
-300 362
122 -457
-41 -215
122 178
-185 -111
213 23
-63 -110
102 71
-121 -25
120 -27
-181 28
153 -101
-100 155
31 -179
-191 286
62 -341
89 336
-219 -274
-163 30
134 -96
-87 142
21 -159
-75 312
-62 -316
181 269
-274 -168
-112 51
81 -93
-39 113
-16 -120
138 -3
-126 65
91 -104
-37 132
-24 -151
86 128
-129 -83
150 23
302 114
-325 17
288 -149
-202 256
-177 137
106 -194
-18 221
-75 -207
204 159
-256 -62
256 -45
-214 150
86 -101
-38 125
-17 -131
73 113
-150 -24
144 -39
-113 94
64 -137
295 -185
-193 288
56 -344
87 338
-241 121
169 -205
-72 258
-40 -266
119 65
-136 -11
126 -45
-97 93
-26 -86
57 68
-80 -37
88 -5
-67 -217
147 174
-207 -98
230 7
-191 -101
215 14
-202 78
154 -152
-149 -48
156 -18
-134 83
91 -127
-26 -138
79 113
-118 -72
137 20
-98 -59
117 12
-110 34
90 -73
-42 305
-88 -297
201 233
-278 -130
-12 -46
26 36
-40 -22
46 4
-183 -58
190 -22
-162 96
109 -154
-219 -254
304 141
-335 -7
307 -131
-163 127
96 -181
-12 204
-73 -190
7687 15117
7913 15933
8311 17359
8105 18093
-1715 -2361
-3317 -2452
-3391 -3546
-3005 -3388
-5310 939
-4225 3901
-2904 6082
-1916 5555
653 -154
453 -38
1687 -839
2521 -2532
-389 -2916
276 -2044
330 -936
-7 945
-666 -777
-1555 -746
-2825 -768
-3417 -1593
113 806
545 947
1359 895
1713 655
-280 999
616 -180
1714 -259
1404 -435
-842 -678
167 -138
740 -80
900 -160
-209 865
-666 636
-463 611
103 491
-1047 -222
-1324 120
-559 642
-489 1124
-69 64
-428 111
-772 -23
-850 -118
-55 -354
-373 -308
-421 58
-311 72
-74 -149
393 -679
386 -115
322 -547
881 456
859 640
519 297
-143 -220
83 -299
82 -698
413 -530
268 -896
484 -435
-232 -469
85 -1011
142 -462
170 246
-205 -202
-141 -256
-599 -426
-117 50
109 232
160 193
278 351
-142 -226
-3 -125
-138 -324
-199 -417
988 134
340 -301
331 279
-577 101
415 363
-276 196
84 -59
-138 -488
105 -106
431 74
-167 -235
249 -100
-442 -321
-1026 -432
-357 -192
-649 -231
-34 -767
-271 -634
-132 -668
-255 -362
-29 185
81 251
247 250
60 199
157 -107
436 -68
188 -127
452 13
64 613
-39 -87
161 -74
-588 -282
312 14
-188 -228
155 -309
-153 139
-212 -111
-35 96
-378 -179
293 -162
-48 -285
-92 271
-41 -227
217 306
-4 286
-339 -62
92 101
-142 -213
-195 -157
-387 481
-766 20
-153 506
165 -301
-212 140
-67 -181
80 100
-72 -271
-341 306
-389 282
-29 369
64 -116
10 225
-15 42
123 52
279 -27
-116 -87
56 126
33 188
35 -201
-229 275
171 146
-31 275
-357 297
69 -266
-280 217
-162 -406
-184 -21
-204 67
-57 29
-120 201
-288 169
-199 181
-345 167
-15 -50
151 26
-189 379
270 57
242 417
-242 -203
-110 -85
-137 -125
-9 55
-70 293
-234 -223
310 107
-310 -186
-26 7
-195 21
-83 -110
-287 54
231 -291
-134 -11
105 -307
189 -72
-158 -258
223 -97
-211 171
249 88
-115 -128
168 -345
-110 78
-206 -308
-327 -324
6 -9
-607 18
-73 -198
108 387
158 11
353 159
-26 -3
37 -156
34 -103
174 -234
-30 -13
-31 340
-216 -327
170 36
-368 -184
-132 -455
270 -50
-206 -302
256 -148
208 -131
-70 -160
166 -278
-65 -40
-77 62
82 121
116 107
-28 8
153 89
34 -372
366 -38
-145 -144
-339 -318
308 112
-463 238
282 -43
-43 93
171 -32
-24 250
48 -117
-325 -143
-153 -139
-101 -174
121 -128
-50 -20
-99 275
-145 89
56 54
-143 109
110 -130
37 130
-5 -277
-37 246
-80 -208
187 196
-359 -135
-8 -268
42 193
-125 -59
227 -16
-208 -8
53 -214
-191 81
64 -231
100 -165
-288 79
123 -116
83 230
125 -125
212 -97
-47 27
100 -71
200 26
47 55
113 -44
132 35
-267 -120
243 156
-180 161
325 -19
-187 -158
129 -127
-223 -58
142 -137
63 -80
-63 16
-111 -120
-94 55
-52 -11
185 10
-103 141
11 -116
-110 82
-227 -92
91 104
-76 95
-311 27
113 -209
-116 252
-87 -340
36 -144
168 95
-75 -46
157 31
-162 -121
228 -71
-360 23
118 -248
50 -88
2 -118
6 -67
24 92
-66 272
-12 -314
208 409
-218 -123
-293 -89
20 -104
-178 -17
94 -190
-109 -63
252 84
-230 23
89 -233
-85 103
214 -43
-73 298
135 -65
228 -55
-199 333
-67 -191
-80 324
-73 -5
-46 -209
-37 -30
-148 -200
175 168
-204 -45
301 125
-195 173
234 -198
-216 201
74 -331
96 299
8 50
123 -316
221 133
-97 -165
-88 -62
-172 -70
-64 41
-121 -77
241 -206
-213 349
-1 -302
64 346
192 -8
-109 -23
192 -139
-52 27
-135 -60
223 195
-292 36
152 -40
-80 233
62 -508
278 212
-241 -283
-33 204
-228 63
41 11
-112 105
-280 -8
256 -36
-83 271
193 -145
199 255
-96 -146
137 132
-288 37
-81 115
239 49
-59 262
36 -107
272 -55
-159 323
123 -324
162 319
