51 65
-73 -35
80 4
-75 31
105 -46
-75 84
35 -110
13 115
205 33
-201 53
160 -131
-87 188
-114 -91
143 35
-143 25
122 -78
-17 -221
108 196
-178 -137
218 48
176 122
-213 -42
210 -51
-175 133
75 -58
-47 89
7 -96
36 95
2 209
-86 -187
158 138
-196 -59
-68 83
27 -102
18 103
-57 -86
187 67
-201 19
176 -96
-125 162
10 -144
49 132
-101 -103
134 53
50 46
-66 -18
67 -10
-59 33
-77 -48
84 12
-82 25
64 -53
102 86
-130 -35
131 -21
-111 75
-21 -36
41 27
-45 -6
45 -8
87 -234
19 250
-115 -221
195 154
42 -134
19 137
-73 -118
119 78
61 128
-109 -92
140 40
-144 22
-113 102
62 -135
1 150
-58 -139
293 -54
-247 170
152 -255
-34 296
5 -162
62 149
-116 -110
150 52
-6 -82
42 75
-63 -50
80 19
-48 -107
90 82
-112 -38
122 -14
-131 -103
161 37
-167 28
134 -99
-80 -174
149 126
-181 -56
190 -28
-156 -224
236 142
-272 -35
263 -81
-177 109
119 -172
-37 206
-51 -205
-178 2
164 -76
-120 136
53 -174
-143 -46
149 -15
-131 76
89 -121
-13 -110
53 97
-92 -64
110 24
5597 9357
8395 12012
10496 13073
12794 12681
1015 -1184
-70 -53
-2415 761
-5180 1028
1572 -1000
817 -1577
-378 -1816
-1463 -3247
290 -3742
-2503 -1810
-2862 -799
-739 -1154
-2215 882
-1480 -172
-1079 -6
-1513 1130
67 -1501
750 -365
1597 288
2321 807
606 -236
10 -1048
-109 -866
-702 66
532 -634
524 -675
1309 -753
1556 -584
-700 -455
-715 -145
-168 -678
1048 -492
-136 -310
93 201
299 104
598 13
266 -340
16 -337
-309 -513
-731 -342
431 41
-118 -318
-15 -44
-745 250
829 485
-27 -134
227 -725
-368 -653
314 -1005
483 117
373 500
940 810
515 -611
588 -881
579 -302
90 -295
-522 658
-580 317
-374 659
-613 45
-589 314
-255 5
-624 201
-238 214
-153 29
-396 -191
-225 -314
79 -19
-165 649
-30 969
182 888
163 825
-141 -27
-154 -787
-176 -213
-123 -369
-302 367
94 443
80 492
-25 41
99 126
-154 -167
-152 606
-383 370
46 -262
84 -16
60 -394
69 -456
-171 -574
281 -34
-358 -215
-27 -136
69 269
332 308
67 796
248 60
-547 -3
-489 -439
-284 82
-538 -354
-382 333
-399 -46
34 327
-248 -88
-178 -276
-217 145
35 250
-22 -125
-204 282
187 -301
-247 61
70 -497
66 -293
-81 142
-94 -372
241 152
-17 -333
-76 180
-282 273
-138 139
53 162
133 146
-107 200
-16 340
-180 -51
-98 -365
104 -367
-222 -249
-217 290
51 455
-95 204
64 -79
-291 -273
106 -9
-238 146
183 -82
432 637
-123 327
439 28
-338 343
-347 7
-439 -439
20 -79
-223 -387
-90 210
123 -264
147 237
-237 95
3 -57
-44 153
-172 116
-191 155
-96 178
-47 11
-17 369
-25 388
-12 217
46 241
7 96
239 -22
117 -274
150 496
-230 -238
176 114
252 -98
80 169
337 -251
426 290
-72 -193
2 115
-208 -141
86 -167
370 -64
236 -41
308 -56
369 -33
339 -152
123 -143
166 220
-33 177
-128 -31
-129 -34
-129 257
-208 -64
185 -70
160 6
182 -7
-7 64
-497 22
-1 -103
-329 154
40 -389
17 -188
43 -366
5 -112
49 -274
-49 -88
190 29
-231 307
8 -188
142 144
13 -148
248 -139
73 -285
173 38
-5 321
-56 -117
68 60
-182 166
-34 164
-21 17
-6 -5
171 37
162 -237
-61 27
-35 -169
-25 -240
128 6
-185 31
10 82
10 46
69 66
21 -72
226 20
47 -88
144 216
-127 35
-13 91
-169 -36
184 97
-213 -13
323 -52
114 39
40 -184
78 -1
-35 -230
-118 64
-120 38
-59 119
-254 9
-3 199
294 -150
106 118
30 -300
483 -139
-51 84
163 -469
126 65
66 -72
172 235
-103 94
-8 90
244 53
-39 241
41 -327
125 246
-189 182
-188 70
-30 101
114 65
227 -38
-215 1
219 -365
-17 173
-250 30
107 -25
-223 100
87 -131
62 58
-89 -187
-35 39
-202 -144
-154 -347
290 39
-254 -115
323 -177
-200 215
56 -75
-174 106
27 -211
186 101
-323 -112
211 -21
-224 30
159 -5
-211 51
169 -148
-55 141
117 -63
61 47
18 -47
91 55
126 -66
104 95
58 -123
167 89
-8 0
-51 -159
126 177
-52 42
27 27
13 -127
115 67
-184 -60
-182 388
-233 -440
249 352
-351 -251
-3 299
-245 -156
137 105
-207 -38
75 341
-19 -228
261 185
-262 -8
214 77
-191 238
-4 -102
-143 294
2 74
-178 -67
59 -64
-159 25
125 288
-279 -119
283 137
-291 48
136 240
-300 105
187 130
-264 246
-98 7
-312 -34
-5 -23
-170 46
-243 -65
370 -1
-289 193
104 -152
-119 -129
82 -117
-33 -78
22 -191
188 -24
-103 121
120 -208
65 129
-2 177
69 -56
141 179
-112 24
-391 152
69 77
-272 329
-27 -132
56 236
7 -110
153 181
-90 -2
-47 -253
18 298
-302 -259
198 4
-68 -112
6 -30
-40 19
33 -29
-8 -207
92 75
-85 -84
173 48
-142 85
-103 -111
-75 50
-135 -84
271 -209
-165 301
25 -338
113 322
297 141
-328 -8
303 -127
-220 242
-63 86
25 -108
22 107
-67 -87
-20 -44
34 34
-51 -17
50 -3
74 40
-82 -7
81 -28
-60 57
62 63
-86 -29
90 -4
-82 42
-79 121
23 -140
36 135
-90 -114
170 -287
-41 329
-101 -320
221 253
66 168
-127 -129
167 63
-180 9
-296 184
196 -290
-61 346
-84 -337
48 -150
17 157
-78 -139
129 94
102 -33
-79 71
44 -96
-1 109
146 -215
-44 258
-65 -254
162 202
55 44
-65 -18
68 -7
-56 36
257 -66
-203 164
119 -234
-12 260
-75 314
-59 -320
183 264
-274 -169
-167 120
105 -180
-21 207
-62 -196
106 57
-122 -7
115 -42
-85 83
-48 -45
61 22
-67 5
59 -31
-119 260
-3 -287
119 264
-213 -191
265 -91
-201 189
104 -258
7 280
-35 91
-9 -96
50 89
-78 -63
-10 19
4 -23
7 26
-16 -18
37 -66
-10 78
-21 -71
51 57
-57 165
-17 -176
85 153
-142 -102
-30 40
4 -47
15 50
-33 -41
-148 -73
164 7
-151 62
114 -118
-187 75
142 -140
-70 188
-9 -201
-19 -56
42 42
-57 -20
59 -5
40 47
-57 -29
61 2
-60 21
8354 12185
10462 12904
12902 12820
13674 10960
8 -30
-2492 770
-5115 992
-7713 486
736 -1524
-325 -1902
-1478 -3153
-1982 -4378
-2402 -1680
-3005 -878
-572 -1139
1879 -2743
-1169 -56
-1409 15
-1220 970
-1915 3418
789 -551
1635 475
2212 650
1852 895
308 -1019
-388 -769
-487 -135
-591 977
531 -672
1301 -750
1559 -587
1400 -835
-430 -423
-311 -300
1032 -893
1269 -204
180 65
268 265
560 -146
628 -13
56 -456
-292 -388
-795 -453
-963 -288
147 -220
-296 -28
-493 118
-1002 584
278 49
-129 -766
-33 -758
-199 -618
543 64
342 569
939 733
620 362
637 -461
362 -678
438 -46
-352 -218
-345 361
-606 725
-424 -102
202 677
-643 -82
-235 126
-560 440
403 294
-265 26
-439 -453
329 25
-315 -1
27 1096
69 796
298 867
283 223
-241 -486
-224 -519
42 -109
6 -274
340 352
-105 678
71 -208
350 393
-107 2
-272 474
-220 448
-160 -524
116 -218
113 -201
-62 -614
-17 -377
202 -268
-187 -37
-259 -234
24 104
195 484
122 580
282 286
-158 272
-393 -285
-430 -21
-362 -322
43 -146
-433 160
-18 125
-122 77
311 -75
-150 348
-110 90
174 -44
-307 178
7 37
-218 -315
199 -139
-87 -147
4 -198
-33 -24
42 -138
108 381
-272 206
-114 176
-253 295
-299 254
315 -95
-178 495
-77 45
-59 136
148 -131
-214 -483
113 -274
-40 -144
-242 459
172 83
-128 143
62 -240
-109 33
-60 20
77 102
-170 66
72 396
235 44
-155 242
-6 1
-14 -350
-404 10
123 -641
200 159
162 -162
72 163
-134 135
139 30
-227 154
-2 42
-311 295
-325 120
60 -139
-58 548
-62 209
242 587
-25 118
120 175
106 -50
214 -82
283 256
-253 35
83 -147
-10 33
-66 -251
642 67
14 117
602 -67
-151 -173
53 50
-234 -242
154 -13
127 26
376 -166
352 91
120 231
100 -161
199 230
-68 183
134 121
-208 17
-83 182
-225 22
-259 26
349 -252
118 308
-73 -247
32 129
-273 52
-142 -90
-26 -88
142 -66
-153 -214
118 -337
38 -26
-121 -210
-82 -237
123 435
-373 -166
118 144
86 -240
214 -23
50 -405
266 -207
7 4
63 172
-160 -155
224 -141
-89 292
-21 -122
52 124
-149 -256
120 -103
-77 -110
36 -55
-261 -73
24 117
-138 -111
24 231
-300 130
166 301
-162 -242
465 103
-143 -93
67 318
-101 -92
12 218
-346 -1
-99 16
79 -53
76 110
-130 -30
-121 73
124 -304
43 60
-144 -327
-199 -133
87 241
-433 -50
154 67
273 -89
105 60
57 -248
98 -82
39 -320
245 -60
-113 -274
328 -144
11 162
77 97
-170 161
-90 -94
57 -8
50 -61
2 8
-50 -4
-326 210
38 -82
126 262
106 -149
-140 110
108 -432
108 190
-26 -440
-111 -9
-32 -5
-47 41
75 -22
178 -47
-332 16
78 -249
-201 137
93 -249
41 63
-22 -225
93 16
130 -89
-232 145
61 -273
-86 158
-58 -67
-45 44
-18 -134
20 5
-87 300
-48 -326
212 214
-245 -225
-107 -195
270 100
-202 21
243 -124
-42 247
134 -329
182 307
-99 -103
259 -113
-172 261
191 -154
-34 362
-94 -266
266 149
-353 -71
265 -74
-449 5
260 -143
-165 205
169 -263
-143 69
-54 -60
29 36
-68 -61
25 48
109 -53
-29 145
-62 -36
-147 197
-23 -48
-142 235
-150 -137
106 75
-262 -75
133 -96
-176 241
125 67
-165 127
117 -124
-56 180
-20 54
-50 284
-112 4
-22 189
-159 272
-267 -243
156 139
-287 45
35 251
-83 -170
63 268
-242 3
361 -271
-230 177
98 -508
-20 283
-128 77
159 -178
21 118
-11 -153
-39 263
113 -155
47 320
-49 -118
-369 462
-21 -203
-32 455
-214 -317
110 -52
33 168
29 -42
131 148
-2 -11
-154 11
-42 -181
-108 37
-290 110
178 -231
-61 283
-69 -299
125 -190
-6 166
-5 -150
178 222
38 -115
-198 111
-44 -186
45 113
-135 -182
198 112
-227 -21
216 -74
137 77
-154 -18
145 -50
-115 105
-159 59
121 -120
-57 157
-12 -166
-117 26
98 -70
-57 104
15 -117
161 -144
-86 197
0 -216
89 196
231 182
-284 -75
291 -48
-245 164
130 -109
-70 150
5 -165
64 155
-41 132
-18 -138
72 122
-116 -81
-118 117
57 -154
9 165
-77 -151
-141 -79
162 15
-155 53
119 -107
-44 -58
66 34
-69 -4
64 -24
10 173
-79 -150
135 107
-165 -40
26 85
-58 -68
79 36
-89 -2
-118 232
15 -259
94 241
-186 -183
344 -345
-174 453
-30 -483
224 429
-201 -150
241 56
-243 47
206 -143
12 119
-56 -100
94 73
-118 -27
-26 84
-11 -83
46 75
-70 -52
-373 29
330 -182
-229 297
83 -364
37 48
-59 -31
61 5
-57 19
-223 44
187 -128
-115 199
26 -224
-104 64
66 -100
-24 118
-26 -119
61 191
-130 -153
187 88
-201 -3
-106 -34
114 -9
-99 60
67 -93
55 52
-70 -22
71 -12
-62 39
38 21
-47 -8
40 -14
-28 30
-117 -154
170 95
-191 -16
183 -65
121 137
-167 -76
187 2
-172 72
264 61
-263 51
222 -151
-137 229
52 -93
-8 109
-35 -104
72 77
10577 13156
12692 12639
13939 11039
14339 7709
-2367 831
-5256 986
-7587 435
-8326 -738
-379 -2042
-1375 -3043
-2118 -4436
-3138 -5000
-2956 -728
-685 -1256
2029 -2676
3025 -3552
-1215 -11
-1382 1077
-1807 3250
-2020 3784
1705 345
2196 804
1807 751
1236 830
-308 -901
-502 16
-635 830
-889 950
1458 -636
1370 -635
1592 -872
477 -213
-212 -287
933 -865
1342 -262
537 -618
278 111
620 4
516 -125
684 26
-191 -203
-965 -580
-760 -243
-980 -92
-142 17
-652 146
-866 496
-1233 582
-238 -564
-6 -989
-127 -398
-357 -69
385 268
1023 1029
422 131
1041 -52
543 -218
82 -388
112 -49
-547 38
-369 496
-546 198
193 357
422 377
-748 -198
38 528
-182 458
448 415
-302 -283
132 -77
-95 8
181 -147
188 1010
109 716
519 281
-51 59
-320 -414
86 -242
20 -129
249 -329
-98 276
231 163
53 125
362 187
-125 696
-447 299
106 -481
-196 161
-104 -132
114 -765
-108 -164
-203 -328
-325 15
-150 -331
-27 237
-159 -558
25 887
250 -38
1 556
-248 -352
-164 -10
-606 -221
228 -340
68 186
-81 -6
-7 167
171 -119
371 275
89 106
-11 27
-165 42
104 -88
58 -266
-72 -75
133 -316
4 321
-4 -123
58 -40
58 300
-19 403
-58 295
-352 213
-170 292
-289 270
-79 251
-64 306
-177 -103
-203 214
-6 -334
-134 -325
211 -204
-147 -85
13 29
41 132
-87 -159
272 -78
136 77
-128 135
7 -40
19 327
309 136
-259 186
114 8
-17 198
-193 -151
-3 -406
217 -104
9 -86
254 57
-258 307
181 -174
-91 339
-130 195
-258 101
-296 316
-28 50
-246 458
143 213
48 666
25 337
264 77
16 101
238 -254
252 258
-144 177
-74 -235
172 43
-264 -243
568 -116
155 263
418 -136
362 452
-189 -325
146 -1
-290 -79
227 -209
366 -332
425 231
-5 131
358 394
159 -8
71 384
-72 -6
140 204
-200 97
-81 56
-406 58
-164 -84
398 -90
-171 228
-73 -346
-121 67
-264 83
9 -299
190 140
182 -238
103 -186
-10 -174
-18 -95
-32 208
-143 -68
72 184
-433 8
258 -66
-39 -33
291 -500
88 -24
-64 -296
-27 22
-14 -53
52 -173
134 -154
223 274
-333 -140
313 -172
-472 150
21 -228
-6 94
-286 -226
144 20
-90 359
-213 -181
81 410
-371 144
-238 -228
530 60
-182 -27
392 -172
-231 -14
102 97
-374 145
73 -40
72 -18
61 71
-102 0
-50 233
91 126
-98 -346
152 -19
-257 -74
-265 -86
22 107
-322 105
-30 -230
58 -75
155 -142
-33 -135
-11 -95
-12 -360
244 -98
-69 -160
315 -203
257 35
-310 296
-17 -272
-9 344
65 -194
51 139
-139 -105
38 130
-200 -263
418 333
-187 -86
414 18
110 -215
18 -4
130 -299
110 40
-51 -75
-1 93
13 -57
224 196
-139 -68
-60 -90
-140 -64
-27 131
-19 1
56 -195
9 21
-91 5
-153 -68
79 -49
-192 -39
-32 -115
-68 14
16 -121
-12 2
100 -106
-31 239
-32 -295
187 134
-71 -227
62 4
28 26
31 -34
-20 196
-132 -113
340 5
-121 236
152 -102
-100 193
149 -62
-33 263
-165 -163
-148 -27
89 -80
-140 116
-11 -157
-99 132
57 -197
129 189
-79 -146
-23 -31
-8 20
-31 -58
21 68
143 -65
-56 173
-46 -71
-74 185
-211 51
-18 62
-191 69
27 -88
55 77
-220 -109
152 107
-106 121
-33 173
-21 -113
67 114
-107 -238
0 -31
-31 316
-223 -60
65 98
-317 46
82 -145
-103 275
-30 -230
154 32
-238 174
73 -35
-147 244
102 -6
-137 -203
69 -89
-226 -22
202 -137
-39 100
47 -154
96 98
-98 92
146 4
-11 208
59 -120
17 167
-221 128
84 -98
-133 105
0 -62
146 155
-61 23
125 129
-45 45
-162 -168
-4 -26
-209 -93
-138 -152
190 80
-220 -13
232 -138
-63 214
28 -218
177 301
-193 -95
-93 -240
-1 174
-141 -198
165 7
-127 -21
122 -34
-96 83
59 -114
-22 -90
54 71
-80 -42
92 8
-91 -21
93 -16
-78 51
49 -80
-46 -105
88 77
-111 -36
115 -15
-104 68
68 -106
-20 121
-36 -121
-129 103
74 -146
-5 166
-63 -156
142 -36
-114 90
68 -129
-9 146
45 0
-40 15
29 -35
-13 42
-35 103
-9 -108
55 92
-85 -67
14 -11
-8 18
1 -17
10 17
-165 197
71 -243
29 251
-133 -215
-150 -95
174 21
-170 50
134 -115
-102 45
74 -82
-37 105
-9 -109
-170 -199
235 110
-259 -7
237 -100
109 -146
-40 176
-36 -178
107 151
45 51
-64 -27
66 0
-60 27
-161 -40
164 -30
-137 94
88 -142
-59 -75
83 46
-95 -5
85 -29
-81 -15
78 -20
-62 51
41 -68
0 129
-53 -117
97 87
-123 -37
-7 81
-28 -76
58 61
-75 -31
-152 -93
180 24
-174 53
135 -117
-7 160
-57 -147
113 110
-147 -53
107 174
-168 -116
200 37
-199 51
132 43
-139 19
123 -72
-81 116
306 188
-354 -44
345 -104
-273 237
-105 194
17 -218
76 205
-151 -158
154 -157
-74 202
-13 -215
99 193
293 -312
-144 405
-41 -426
208 374
227 -201
-120 275
1 -299
124 273
12621 12946
13874 10732
14515 7970
13697 3638
-5255 1055
-7616 372
-8277 -697
-6537 -1817
-1273 -2914
-2268 -4513
-2973 -4990
-5032 -4546
-634 -1143
1934 -2766
3147 -3513
1322 -2620
-1258 1329
-2020 3076
-1753 3851
-1636 2567
2012 906
1938 582
1185 1037
1113 743
-230 91
-919 875
-651 797
-1546 648
1731 -833
1345 -546
570 -614
-44 172
856 -535
1280 -599
727 -334
-297 -519
548 142
517 -278
741 173
373 384
-771 -390
-1015 -333
-708 -111
-419 46
-737 197
-813 414
-1252 678
-612 433
-27 -960
-119 -429
-352 -31
-613 679
836 560
782 484
563 -224
316 -198
152 -184
-33 -213
-351 124
-204 12
-594 425
141 137
559 555
165 -147
-663 277
560 404
-205 770
60 421
-64 63
31 -201
150 95
83 -132
237 836
348 221
124 44
-238 -130
-136 -249
227 -217
97 -170
591 -160
0 143
269 46
193 350
62 84
-498 276
159 -482
-250 182
161 -281
-43 -477
-87 -492
-86 -16
-410 133
-13 104
-334 -102
254 -374
15 -269
165 405
-99 118
23 6
-89 -459
-519 -578
291 18
-135 -116
556 -257
-227 125
388 -163
192 407
-40 -129
66 -211
-140 283
-22 -304
-286 -252
126 -304
44 -26
-29 14
135 321
133 -43
-13 334
25 347
49 81
-196 170
-298 391
-215 125
-24 33
-112 327
-142 -139
-216 263
120 -43
-83 -206
117 -292
-25 -46
-10 364
180 112
-205 -81
345 -196
100 7
-164 43
76 25
-68 295
112 24
-395 206
227 -68
-92 315
-74 -42
-26 -508
281 -17
-85 -136
316 30
-60 101
91 93
-118 58
-149 -48
-341 178
-251 217
-31 162
10 150
103 173
100 689
-29 339
271 385
-128 7
403 -228
91 304
256 -108
150 40
-146 -109
91 -231
36 287
213 129
417 3
306 327
-26 -99
110 -210
-175 96
47 -324
49 -83
320 -25
196 325
94 294
182 269
77 -28
89 373
-163 -77
364 136
-38 29
-427 92
-158 -129
-288 -190
-182 15
27 -154
-291 -66
110 -390
-213 -354
419 100
-8 -108
455 -168
-53 -222
42 -68
-101 207
-19 30
174 -235
-351 433
10 -420
16 240
285 -231
-20 -268
137 -112
60 49
59 -24
-32 -171
204 -196
32 18
7 -313
74 121
-374 -222
82 192
-171 -118
-50 -94
-130 3
-48 -214
-241 464
-158 -191
93 600
-307 -53
456 -151
-28 133
187 -255
232 177
-332 -40
75 94
-316 188
113 -12
-19 -51
22 74
-192 213
46 -102
-132 -180
115 -183
-155 62
-129 -224
-93 89
-214 75
-117 -157
-213 45
-22 -190
142 -164
-164 5
35 -44
-12 -201
206 -171
67 -81
75 -285
-146 279
-160 -191
85 212
-270 -78
-53 237
-82 -238
43 273
-271 -158
415 -22
-42 235
150 -218
106 404
37 90
82 -377
186 92
-65 -246
-93 -21
143 13
78 183
154 7
-88 -31
-139 -126
-1 183
-79 111
-45 -9
28 -186
-22 207
-209 -35
181 -37
-291 -10
43 -181
-126 106
153 -95
-152 37
219 -196
50 174
45 192
-86 -275
343 41
-295 -100
109 -23
-26 43
1 102
22 186
56 16
136 111
-29 118
-28 -42
-58 296
9 -154
-33 229
-206 -155
-209 -213
187 112
-310 -22
192 -49
-217 -26
312 -75
-138 172
161 -248
-25 82
-36 -123
55 120
-102 -30
-104 145
6 -71
-125 202
-161 9
-220 46
0 8
-122 47
113 -64
-16 -5
-80 95
104 36
-64 211
203 -90
-145 180
61 -385
87 104
-53 146
-135 86
-75 5
-150 36
51 90
-168 44
124 -50
-103 73
-81 337
-139 -117
72 232
-292 15
-182 159
-40 -440
15 252
-346 -296
120 53
-77 -50
164 -50
-112 66
0 117
71 46
47 56
100 -19
-263 159
112 -141
-140 159
-108 -290
101 -2
48 142
-25 58
11 43
-149 -367
61 162
-347 -235
216 15
-114 117
42 -170
52 115
-57 -259
46 -17
78 122
-37 31
50 65
58 -166
-55 134
-53 -263
125 167
-17 -213
106 190
-172 -130
211 47
58 21
-61 4
55 -29
-37 48
-199 -1
181 -81
-135 148
61 -189
166 94
-183 -24
179 -59
-142 125
30 -2
-25 11
13 -23
-8 26
-70 34
49 -56
-27 71
-8 -75
7 186
-82 -168
140 116
-182 -49
65 17
-76 9
63 -38
-45 60
83 -31
-62 59
34 -80
0 87
-221 98
163 -176
-78 230
-28 -238
-241 155
156 -236
-48 280
-74 -274
27 -182
49 180
-119 -143
168 80
27 -113
19 114
-63 -97
98 60
135 -105
-82 150
12 -168
58 159
-161 5
148 -68
-107 127
46 -156
56 -116
-5 128
-51 -120
91 93
-101 -14
99 -27
-78 64
48 -88
-208 90
154 -168
-74 212
-22 -225
-66 -325
188 273
-285 -170
333 41
-160 134
90 -185
-9 209
-82 -193
-149 208
48 -250
55 250
-152 -209
68 -39
-42 62
15 -74
15 77
-17 113
-30 -110
71 85
-104 -47
-33 -52
46 32
-57 -10
57 -12
89 -185
-5 205
-78 -191
147 140
121 195
-195 -129
232 37
-227 60
222 44
-221 50
181 -139
-109 200
318 67
-314 72
263 -192
-156 281
139 -285
-7 319
-116 -290
230 220
6 -116
44 107
-82 -80
110 44
13703 11019
14555 7630
13799 3968
12507 -1169
-7528 386
-8364 -670
-6473 -1875
-2454 -2068
-2104 -4394
-3172 -5026
-4837 -4593
-6460 -2960
1882 -2797
3207 -3500
1266 -2605
-689 -1065
-1753 3045
-1985 3989
-1474 2345
-702 -29
1817 772
1213 816
1174 962
1509 900
-590 809
-925 989
-1372 358
-1250 -156
1448 -501
456 -607
60 126
-614 324
1349 -682
701 -238
-314 -625
-552 -613
547 -256
706 166
410 376
560 633
-725 -362
-961 33
-248 -189
-357 178
-941 654
-1233 406
-519 688
-131 595
-141 -634
-247 143
-781 560
-493 358
954 386
449 -71
358 -381
-390 -611
-29 -181
-366 96
-177 30
-116 139
123 175
559 510
184 -107
38 394
238 713
-37 352
85 871
-399 769
-180 -121
314 -59
-3 77
-88 -603
465 7
108 287
-323 -357
432 22
284 -321
84 -49
553 -275
74 226
193 -37
299 389
-48 87
287 246
-213 -633
154 167
-199 -107
572 41
-47 -328
-191 -151
-260 209
-417 251
-83 52
-42 -406
301 -353
626 -464
-228 74
155 -6
-208 -390
-12 -297
35 -273
216 45
167 -254
359 16
117 -124
417 254
-183 105
284 271
111 206
-217 -127
-181 -494
-320 -67
-63 -76
85 21
25 365
-70 66
2 485
-50 214
177 173
-40 80
-371 137
-44 327
-261 -78
406 124
-26 -206
-299 369
153 -177
168 208
217 -426
-62 124
-44 192
56 295
20 -109
153 -79
234 -180
75 -181
-282 251
164 -52
40 437
65 -25
-77 -45
181 167
-259 203
306 -62
433 232
-326 -302
604 86
-313 455
63 -12
-51 142
-250 -98
53 -96
-220 348
-109 49
129 215
-163 121
-53 372
240 563
-73 291
317 322
-48 55
384 -132
172 414
-101 67
134 -143
-152 -85
196 58
257 176
434 188
217 166
125 8
-176 -30
151 95
-247 -187
264 -328
-339 -143
138 409
120 198
204 374
-46 89
-46 127
59 85
93 77
278 -26
-387 -16
-147 -16
-343 -288
-97 -221
-289 -48
-51 -293
-17 -84
-17 -274
382 75
32 -101
415 -155
14 86
1 303
-217 -146
228 304
-441 168
-46 43
-112 63
-77 -246
73 114
124 69
-131 -358
404 171
-143 83
-49 -17
160 -343
137 134
10 -26
102 -161
-287 45
-106 -18
-136 249
-142 130
-131 -242
61 2
-392 -97
-287 301
10 100
-25 368
16 -119
134 -182
166 99
104 -152
109 97
-122 59
-119 135
-45 119
-59 152
-130 -14
-15 232
-120 -50
-15 75
-134 -87
29 -129
-220 27
-37 25
-285 -243
83 105
-500 -108
172 -219
204 -606
-40 439
-252 -385
320 328
233 -403
136 142
-73 -458
215 150
-88 -114
-12 176
-168 -85
119 89
-427 -111
303 20
-400 186
64 -314
99 318
-6 -237
260 355
-223 -68
160 -191
46 -50
127 -176
-105 -215
238 -229
89 443
38 -231
157 309
-135 27
-68 53
35 206
15 146
12 -79
-52 98
-142 48
-53 171
-306 -293
171 72
-344 -71
192 -138
-176 -260
359 63
-184 -3
196 -82
-121 -12
264 -213
-118 102
93 -127
-70 25
45 103
-18 203
-48 74
278 400
-280 -88
283 50
-346 -1
-44 -64
-20 130
-171 -60
117 -101
119 125
-255 -66
161 10
-216 117
198 191
-142 -118
287 10
-196 150
-147 33
91 -67
-65 156
43 -82
-270 119
53 -85
-206 344
-113 -192
53 85
-206 -4
210 -51
34 93
-1 35
55 123
-59 112
48 126
-109 155
39 -346
85 54
-112 -298
-102 60
-91 50
-151 -11
-127 71
191 108
-232 42
181 -152
-76 179
-46 66
-79 103
-94 71
-5 78
-83 -113
-80 -64
-133 -50
-56 -74
74 -46
26 10
-9 -43
77 27
193 -121
2 260
59 -221
333 242
-24 -89
-37 60
-163 -154
7 -35
62 573
-213 -329
339 319
-538 -50
-141 -253
9 62
-229 -106
143 47
-42 -4
66 -71
11 -91
67 -190
135 88
-68 83
58 -1
-55 71
63 46
-120 -137
136 26
-99 43
-9 -48
33 38
-46 -25
48 5
-121 -41
128 -13
-110 66
74 -102
64 27
-70 3
59 -28
-44 57
-47 55
24 -68
10 74
-38 -62
-89 5
77 -42
-56 70
25 -86
-60 -168
126 131
-168 -68
182 -3
-70 82
28 -105
19 105
-61 -87
-80 198
-6 -215
93 194
-163 -134
60 -174
16 186
-94 -162
149 108
38 78
-67 -55
83 21
-86 17
-178 3
158 -77
-117 137
50 -168
1 -158
64 146
-119 -103
149 49
16 117
-66 -101
100 68
-117 -18
-38 -61
55 37
-62 -14
68 -16
4 55
-28 -55
44 33
-55 -9
-97 20
76 -58
-49 85
7 -97
-10 43
-8 -42
22 33
-36 -19
-1 -250
105 231
-189 -169
243 77
-200 -19
190 -67
-143 133
79 -182
27 -91
17 95
-53 -80
84 50
-152 -164
205 87
-222 2
205 -93
0 213
-91 -191
160 139
-202 -62
17 55
-39 -44
54 23
-55 3
-228 3
210 -96
-150 174
65 -219
-25 -188
101 160
-159 -108
189 31
-77 -89
105 49
-113 1
106 -45
24 -140
33 138
-90 -110
129 66
158 131
-192 -57
200 -30
-168 107
-147 0
138 -65
-95 111
41 -143
-110 -168
167 106
-196 -28
189 -52
14659 7966
13564 3705
12825 -1025
10238 -5421
-8443 -656
-6409 -1917
-2498 -2005
2721 -1722
-3247 -5130
-4723 -4535
-6589 -2961
-6880 -931
3020 -3521
1450 -2665
-830 -944
-1427 330
-1973 3713
-1378 2606
-903 -222
-87 -1909
1561 786
870 1127
1716 622
1112 630
-1005 893
-1261 414
-1375 -162
-406 -487
203 -532
255 -46
-724 562
-299 -216
559 -422
-104 -507
-786 -634
-358 -1097
382 58
748 342
266 800
340 396
-642 -84
-489 52
-234 -141
-466 -334
-1173 624
-664 519
70 696
670 209
-6 219
-1031 589
-278 229
-509 459
624 1
168 -377
-222 -699
-539 -558
-454 38
-72 50
-218 165
-172 -59
381 459
360 -131
-118 492
-252 272
-296 692
183 458
-320 1186
-267 119
-48 -115
350 -18
-373 -372
-102 -959
-37 -4
-70 -156
117 -60
128 -16
322 -173
391 -63
139 -38
-267 102
247 215
66 226
122 164
-128 287
-57 172
-11 -190
434 191
34 712
-181 -41
-316 112
-326 313
-246 66
61 -556
269 -185
588 -640
721 -385
-94 258
-89 -737
22 68
-312 -336
167 102
187 -324
372 90
-138 13
124 274
78 -41
107 505
-347 232
-131 -154
-245 -431
-283 -148
20 -566
95 78
-10 314
-16 99
89 251
-163 578
131 -201
158 409
-1 -453
58 240
-316 37
406 -10
259 255
-175 57
164 161
20 -90
199 386
-217 165
79 93
-12 439
-695 96
187 83
134 -311
217 -100
-197 -1
-236 287
266 -35
50 501
178 -193
140 142
-215 204
263 -42
175 -69
188 -52
28 68
216 231
82 367
-171 -73
-46 44
-192 -142
46 -20
-7 149
-3 169
-25 108
39 49
-19 558
165 191
142 505
203 27
583 20
-76 354
155 21
75 631
-6 -287
147 299
201 -64
228 300
377 114
-5 122
-106 -184
94 157
298 -87
-276 -198
105 -486
-212 51
203 124
155 477
-42 -32
290 138
13 180
102 -25
311 67
40 155
-313 47
-218 -415
-161 -55
154 -217
-13 -175
-98 -174
87 -223
69 114
124 98
254 -301
220 154
-22 -228
109 430
-300 -89
205 308
-384 172
146 -122
-233 29
104 -199
46 113
-54 -94
223 -34
102 199
134 31
186 -191
45 4
146 55
0 267
-319 -27
-42 37
-214 227
-32 24
25 210
-272 -344
52 86
-451 -155
-50 319
-57 139
142 76
132 78
107 -166
264 64
-129 -37
288 -14
95 204
-266 141
131 33
-212 258
-21 124
-72 47
-100 6
52 17
-164 -29
-84 -147
-89 238
-55 -123
-33 -224
-264 140
-148 -353
51 83
71 220
-269 -143
236 101
-351 192
207 33
-97 -330
183 26
-390 -15
-40 155
-134 -80
86 100
-84 61
31 -23
-139 106
-146 -138
-10 -36
-18 -105
213 233
-133 25
196 -23
-16 112
116 -349
-27 -63
-95 -239
292 166
-36 111
87 -28
-75 144
-426 4
385 103
-264 383
122 -165
-146 284
-129 -157
29 364
-138 20
75 -233
-133 169
-101 -271
211 73
28 -178
215 80
-201 1
130 -172
46 -235
92 29
-68 28
152 36
97 72
-49 248
-32 18
-60 185
258 -87
-206 269
10 -405
104 253
0 -82
-102 142
-32 -259
125 -39
-33 -97
-21 133
-101 -67
95 84
91 61
-2 -60
94 103
-75 83
27 -21
-19 91
32 -2
38 62
53 -146
-181 404
-163 -239
171 322
8 -143
70 158
72 -155
221 134
-227 -134
312 235
-335 164
183 -196
40 -234
38 -47
-24 -226
-6 -79
-401 120
105 -202
-285 350
-57 -258
-113 -140
149 56
-137 -26
169 -125
-218 -43
88 150
-208 82
116 -30
-170 -53
-54 -95
-108 2
-39 -125
144 -249
-10 244
-38 -237
231 110
27 -89
181 107
88 -7
235 36
-47 -379
29 239
-327 -313
215 91
-58 -19
71 104
-205 37
69 31
-80 -182
-50 76
-96 -47
33 61
42 -82
37 -87
43 -174
32 -53
-91 19
105 47
-118 45
29 -45
285 69
-317 1
326 -126
-258 263
134 -15
-116 69
77 -108
-28 132
-119 -139
166 80
-185 -5
170 -74
127 -36
-101 90
55 -118
-1 136
110 129
-151 -72
169 6
-156 63
5 95
-44 -89
76 61
-99 -24
38 -50
-14 63
-13 -62
38 51
148 -134
-79 184
1 -200
81 184
-304 89
242 -210
-134 286
5 -316
-73 83
32 -105
16 112
-57 -94
92 313
-210 -249
294 140
-324 -6
-53 102
9 -113
40 106
-78 -85
-100 -11
90 -34
-70 65
36 -93
-58 40
38 -56
-10 68
-18 -68
-193 -56
203 -28
-170 105
110 -170
-9 273
-103 -256
201 187
-259 -92
179 -154
-104 213
6 -236
86 218
52 -38
-31 57
5 -63
22 64
-166 -113
198 35
-195 50
156 -122
17 -290
112 273
-207 -205
273 105
-33 -47
52 31
-60 -7
56 -14
26 -92
14 92
-51 -83
80 50
-29 23
15 -34
0 36
-13 -34
-184 -50
187 -31
-159 102
102 -158
43 68
-69 -43
77 12
-78 21
75 -35
-51 62
22 -81
15 83
88 -329
53 335
-187 -286
284 188
-78 -27
79 -7
-68 40
47 -66
238 -47
-199 138
129 -207
-34 242
49 216
-135 -178
196 105
-220 -17
21 -16
-13 21
4 -28
11 25
13942 3689
12486 -855
10480 -5711
7997 -9928
-6564 -1838
-2386 -2141
2675 -1555
7340 -188
-4914 -4396
-6469 -3163
-6909 -701
-5527 706
1306 -2648
-706 -1011
-1510 443
337 -19
-1541 2573
-740 -261
-219 -1808
-123 -1802
1054 746
1707 1049
951 243
294 -484
-1344 198
-1212 6
-619 -570
432 -409
-35 74
-505 330
-402 81
-808 -287
-128 -400
-818 -744
-287 -1013
-68 -823
741 378
257 762
367 424
227 511
-350 -119
-292 69
-497 -553
-494 -419
-751 532
149 645
618 285
1060 -216
-783 772
-580 164
-206 394
-378 49
53 -310
-140 -803
-568 -426
-604 -192
-95 82
-208 122
-164 -20
-92 350
142 -14
40 292
-312 514
119 267
-185 954
-187 583
-141 723
-470 173
243 210
-369 -621
0 -728
-328 -472
-253 9
216 -282
129 228
-127 42
650 78
-158 -52
9 -1
-379 202
219 92
41 350
-127 88
-194 -87
-14 -137
412 142
78 750
326 250
-540 251
-178 99
-292 322
-330 -357
175 -399
755 -477
504 -469
529 -398
-107 -468
-75 -186
-123 -142
-72 -89
346 -398
253 222
-83 -143
232 207
-86 257
125 170
-232 553
-297 51
-8 -652
-411 150
20 -892
125 465
8 284
-15 131
78 221
138 155
187 80
-9 172
242 -307
8 -245
-63 24
182 108
419 56
441 124
105 -13
143 40
27 320
132 87
-25 42
102 439
-796 139
-118 393
233 8
-6 -351
107 140
-73 17
-80 368
201 -8
246 332
-125 3
-46 331
54 -94
381 -113
3 -274
-122 -118
430 336
-158 365
300 136
-178 -233
41 57
-244 -112
15 -111
-279 178
230 -13
-147 262
7 -290
59 370
166 294
264 229
148 215
-71 136
236 218
-80 481
245 -41
311 261
67 43
307 153
-19 223
158 -80
-170 67
51 -105
51 24
-140 -362
45 -277
-242 -165
165 -68
382 -99
-14 592
14 -420
395 203
265 -4
151 111
164 47
301 228
-222 -373
-172 -93
176 -188
191 -156
-110 -562
260 120
-232 -131
342 -23
333 -148
83 49
146 -189
73 59
144 236
-336 187
155 58
-214 252
-48 -312
73 189
-85 -252
362 -33
280 -104
80 283
125 -54
102 241
190 -110
65 217
7 88
48 122
-329 -58
89 199
-293 173
213 -79
-243 -189
-35 -41
-322 -67
-71 -175
-31 103
138 116
120 39
140 23
101 60
21 -102
172 107
-196 -113
-229 218
65 -21
-131 281
-64 -250
-345 108
125 -161
-83 261
-11 -320
-285 -146
93 151
-188 30
134 -77
-258 -81
-56 -144
-117 -75
-20 -110
-100 -28
34 60
-153 145
-23 -45
110 -27
-128 -168
-19 36
-321 109
-122 122
-8 -84
70 187
-229 -83
-145 158
-155 -186
21 2
-180 -91
259 202
-159 74
202 -86
-62 189
144 -96
-155 -282
112 -88
-116 -153
138 -183
46 316
-181 -187
138 23
221 59
-93 356
-23 -74
-65 304
-240 130
4 51
5 294
49 -41
-46 -56
-92 -26
105 -148
19 18
183 491
-344 -384
412 125
-543 -185
-75 -238
191 203
-158 -15
199 179
-379 204
282 -73
-312 395
46 -475
-197 29
106 -187
-70 90
76 -309
106 -93
-125 38
89 -349
139 48
-94 -43
35 59
-82 20
134 -116
168 155
-150 -24
197 101
-55 90
49 74
-29 42
75 -6
73 15
-87 278
-196 -94
147 174
-163 1
88 86
87 -82
176 73
17 68
-89 375
-31 -134
27 199
-241 -73
-59 -140
101 -173
-140 -73
5 -126
45 -89
-275 220
-13 -139
-10 304
115 -180
-11 171
-24 -257
70 254
-476 82
340 -79
-319 341
143 -270
-304 -198
164 -3
-282 -7
237 -227
85 145
-83 -107
220 -29
32 58
374 119
-90 59
376 -98
-110 230
-95 68
-146 -210
2 71
-234 -177
-237 -78
152 79
-275 134
104 -138
-14 30
-113 13
25 2
-117 80
99 -330
82 72
-105 -258
172 79
288 324
-396 -134
356 3
-462 170
-83 132
57 -144
-6 175
-120 -63
-43 57
20 -71
16 74
-42 -63
-304 142
217 -253
-95 320
-46 -330
-136 -337
261 252
-342 -122
364 -28
198 13
-188 70
143 -139
-71 188
178 -18
-157 88
109 -145
-40 175
47 56
-71 -28
74 -1
-67 34
-172 47
139 -113
-83 158
10 -175
-115 123
52 -159
18 171
-84 -145
196 -129
-126 198
33 -235
65 228
85 -31
-64 64
32 -81
4 87
74 30
-81 2
73 -34
-52 62
-15 85
-20 -89
56 72
-82 -42
-38 63
9 -72
22 72
-52 -55
-42 124
-12 -130
64 114
-108 -81
102 27
-105 17
93 -61
-60 88
36 77
-68 -57
83 25
-84 10
-82 135
17 -156
42 149
-101 -116
-68 155
1 -171
70 156
-131 -115
156 150
-201 -76
212 -12
-189 101
-129 104
75 -149
-9 164
-60 -153
-121 17
104 -65
-67 102
18 -121
-98 -98
130 49
-140 6
122 -64
-155 -49
159 -18
-139 87
94 -135
-80 -124
123 80
-142 -24
140 -38
-147 -96
174 23
-168 50
139 -114
-70 95
25 -114
25 117
-70 -96
127 -263
-10 291
-110 -272
210 203
-228 184
131 -262
-13 296
-107 -276
-164 -132
201 53
-208 36
176 -118
-13 342
-129 -316
248 237
-323 -116
12535 -959
10475 -5593
7951 -10039
5443 -13587
-2457 -2415
2853 -1332
7088 -318
9671 1547
-6644 -2654
-6958 -1235
-5259 1178
-2273 1477
-847 -1130
-1333 496
155 7
3178 -830
-757 -491
-112 -1611
-303 -1944
664 -37
1379 868
1319 267
-50 -356
-789 -555
-1526 -71
-299 -626
163 -226
-30 -785
-293 630
-718 -100
-442 -249
-1296 -546
-681 -604
-474 -1082
127 -834
92 -591
428 760
208 497
338 381
362 42
-276 -181
-410 -315
-672 -599
-773 -294
-229 651
956 129
815 60
649 -626
-708 404
-193 121
-284 305
-77 218
-96 -581
-697 -609
-407 -80
-667 207
57 23
-361 181
11 90
-162 478
-221 444
-134 270
57 564
82 247
-243 907
-220 403
-269 429
-185 -112
-190 -386
-262 -873
-30 -445
-218 -156
153 19
61 -73
64 296
-359 95
202 6
-343 91
-92 -32
-440 -20
346 564
-495 9
167 -168
-389 -24
529 206
-60 735
457 205
151 215
-336 261
-216 112
-320 -128
-158 -99
738 -311
450 -623
640 -280
204 -2
-284 -145
51 -266
-180 91
-240 63
287 35
-39 38
118 63
-20 252
-119 360
-88 269
-316 366
69 241
-208 -164
-39 -522
24 99
-144 20
-168 303
145 2
167 384
-201 92
105 54
188 -152
0 -413
-149 61
318 -99
376 297
377 -111
393 422
231 179
-107 229
289 116
-302 437
-445 30
-140 289
-781 528
-268 -463
-130 -387
239 122
-183 83
51 31
41 51
369 216
-186 163
88 37
167 -104
286 -55
68 -370
248 -351
231 398
-1 227
219 320
-254 224
-78 159
-180 -251
14 43
-318 -175
-264 239
200 -166
-138 243
-115 -394
242 503
115 69
356 300
107 414
-9 306
108 302
144 202
72 162
282 -70
158 340
42 -9
253 -46
-120 -162
101 126
-85 -165
304 76
-154 -368
-25 -162
-34 28
-172 276
18 165
163 -19
93 -103
-1 -377
235 77
103 113
332 144
148 -60
-243 -343
347 14
-46 -272
368 -42
-120 -241
265 50
-183 12
-94 -126
134 -143
180 5
-33 -101
171 -162
-83 231
-89 123
-17 93
9 86
107 127
-86 -182
341 -98
60 -109
381 174
-108 169
217 -57
-83 338
1 -49
167 309
-190 -13
124 78
-176 354
-117 -81
155 225
-82 2
-169 -75
-187 -94
-183 -95
-102 -73
-147 24
418 9
-121 170
224 -250
61 -12
104 37
-102 -82
-42 209
-55 243
-130 -9
47 16
-118 -86
147 -119
-124 232
38 -308
71 438
-54 196
-75 -67
66 61
14 -21
-221 9
-30 -280
-14 110
-252 -180
-98 94
-49 60
-84 74
-87 -135
-204 -48
-6 -103
-278 241
62 -79
64 59
-52 84
-76 -42
89 -6
40 -104
-189 5
13 -182
20 205
63 -112
69 184
-50 -107
170 36
-12 -365
18 39
-78 -316
70 54
-197 223
82 -200
-97 146
-134 -215
-137 -181
235 407
-496 -26
371 2
-151 153
101 137
23 140
241 -33
-363 -41
358 -244
-179 210
154 -269
-129 124
3 -258
-11 -3
-86 -289
-8 225
17 -116
81 345
-28 -49
-98 150
-51 32
-44 -39
-16 -118
-122 2
61 -170
65 -22
42 -69
14 -176
50 -99
69 -197
85 -93
-102 370
-91 -318
283 194
-269 -284
-125 206
82 -94
134 217
-66 -173
-84 32
133 -19
27 49
67 -88
-293 149
131 -82
-41 232
-23 -157
242 -242
103 283
-3 -152
237 228
-22 157
-95 -65
-24 119
-198 -54
62 -62
-148 -192
64 -25
-246 -45
10 81
-219 105
73 0
-223 228
168 58
-144 -82
106 46
-218 139
-137 182
5 -91
21 259
-31 -68
212 -256
-221 240
83 -429
122 230
-5 -120
158 15
69 -11
190 -41
32 -100
328 97
-147 33
212 -94
-42 65
-204 -140
35 -68
-186 -88
-85 252
-126 -116
71 154
-138 39
-134 -110
93 103
-221 16
63 -18
-50 17
41 -262
47 143
-145 -186
-178 -6
103 -29
-223 92
-1 -144
198 -201
-114 281
-61 -207
28 190
71 37
-75 -2
72 -29
-53 54
147 8
-137 54
104 -103
-49 136
4 -23
6 20
-14 -18
21 9
68 130
-117 -93
147 38
-149 25
-11 -13
16 6
-18 0
15 -10
128 104
-162 -44
166 -29
-139 92
-111 -8
102 -35
-78 77
40 -103
71 -199
18 215
-101 -189
167 129
348 66
-343 78
283 -216
-167 309
52 -34
-34 49
13 -57
13 58
-193 232
87 -290
38 297
-160 -256
-183 -17
172 -58
-134 125
74 -168
-132 -9
125 -45
-97 92
50 -124
-183 -45
190 -35
-157 111
97 -162
114 -148
-50 182
-30 -187
107 159
121 32
-127 22
111 -69
-71 106
207 88
-227 5
202 -96
-148 170
95 -211
-1 228
-94 -208
171 153
-19 -148
80 129
-131 -84
151 26
29 59
-51 -44
63 22
-66 6
-148 -90
167 22
-164 48
130 -110
6 -71
24 70
-50 -53
67 31
120 98
-151 -43
157 -19
-134 84
60 -130
-1 143
-60 -133
106 100
26 139
-80 -116
126 73
-139 -15
-148 53
115 -110
-60 148
-5 -157
104 -146
-32 179
-45 -172
110 144
-5 -220
95 197
-172 -144
214 62
-66 51
38 -71
-5 80
-25 -78
-14 30
0 -36
14 32
-26 -21
10303 -5536
8084 -10163
5370 -13420
3030 -16402
2804 -1607
7248 -96
9436 1405
8270 2732
-6999 -752
-5419 715
-1940 1832
1345 1760
-1506 154
450 249
2814 -930
4460 -1437
-89 -2002
-160 -1573
387 -316
1415 1399
1120 493
35 -641
-756 -260
-506 366
-525 -431
286 -494
-34 -488
-941 -487
-490 213
-783 -442
-914 -513
-1051 -184
-418 -861
-9 -1016
290 -481
75 -156
254 648
235 266
504 107
716 70
-477 -435
-562 -521
-907 -320
-648 -373
808 289
883 -147
670 -406
-200 -95
-364 214
-159 150
-130 409
-78 334
-580 -580
-529 -55
-572 135
-143 118
-180 -54
-61 378
-219 188
-219 107
-126 667
-106 207
378 506
305 299
-342 626
-249 171
-93 128
-64 -373
-211 -601
-188 -673
13 -14
-201 157
139 -31
-31 283
-271 67
-624 134
-197 293
-315 -153
-190 8
-464 -271
-264 -76
-6 1
-301 -250
479 -23
298 737
123 352
393 -55
212 198
-180 67
-332 -75
-163 -154
-119 40
543 -501
505 -350
361 8
-131 -105
43 -50
-268 -115
-78 212
-54 237
98 -39
25 182
18 106
-78 70
21 303
-429 384
159 177
-68 437
263 -439
-284 141
115 -151
-198 -9
178 162
68 251
-57 170
-304 315
240 -96
-75 -443
-71 62
-329 -214
660 120
191 168
447 95
-15 281
-10 396
131 0
-108 471
-42 167
-796 309
-187 238
-693 42
-273 -266
-41 35
103 49
-200 183
132 258
-119 58
315 102
-354 297
87 -310
134 -229
279 -269
15 -357
271 -196
114 320
75 285
-116 201
-126 -34
-87 -109
-134 -45
-144 -150
-208 5
142 -21
-143 88
-43 -257
-111 178
437 232
-13 283
449 278
-136 142
306 200
5 373
126 -48
259 202
-124 432
267 -205
132 224
84 -418
-68 259
14 -355
295 293
135 102
94 18
-215 -90
36 303
-229 329
167 -34
92 -83
-8 -392
187 -108
168 72
294 208
160 -136
277 -17
340 -148
27 -125
240 -147
138 11
14 38
44 -80
-265 56
-43 -117
327 -42
-151 2
235 -304
-53 136
-269 241
102 -86
-21 292
-108 -252
-104 132
225 -391
284 113
28 -304
185 82
-10 141
47 67
-75 72
17 86
46 128
-147 49
91 79
62 213
-134 27
259 68
-29 173
-153 54
-275 -218
30 1
-23 -128
9 307
130 -269
176 254
-151 -360
-12 -237
114 122
-318 117
131 -65
-242 219
58 -243
-24 151
-76 -384
-327 18
311 -194
-225 446
-81 -184
-98 -187
143 160
-93 -83
188 -64
49 -245
-101 107
-173 -213
135 121
206 248
-388 8
220 -198
-105 275
-153 9
-187 76
45 106
103 60
-156 -63
80 51
-94 -25
292 -202
30 -104
-143 10
91 -29
-58 183
27 -21
74 61
-11 -65
27 -44
-1 -33
-36 -250
5 16
-56 -76
2 35
-118 -100
-11 4
-13 10
-2 30
-128 220
-61 -71
45 137
-242 275
280 -126
116 313
61 -295
178 -246
-11 141
28 -133
111 194
-82 -151
26 -136
-68 -156
103 -294
24 -206
113 428
-94 -113
226 92
-32 377
-197 -349
256 96
-327 -182
21 220
-55 -393
307 221
-224 69
-164 -250
329 -144
-174 -33
87 -385
-35 -156
163 62
-110 -213
296 -116
-155 152
245 -111
-29 168
-85 -156
66 -79
116 78
-17 -82
58 133
210 97
-185 103
162 -100
-13 211
34 -6
180 79
-25 92
97 82
52 33
-200 87
-26 -99
-123 190
-238 -27
77 -204
-180 133
-151 -223
-137 201
-37 -54
-100 233
-88 -5
-17 75
-76 -46
-21 156
-263 -65
-219 116
140 -30
-22 237
73 -139
445 -229
-336 272
218 -578
-26 418
-106 -28
332 -74
-20 130
136 -173
296 62
-106 50
166 -91
-133 144
7 -34
-198 -78
32 -177
-172 102
-237 52
102 -47
-85 227
65 -109
67 -85
-122 178
-95 -125
-69 206
93 -185
-37 91
-49 -174
-15 119
-111 135
-89 -145
-27 129
-80 -106
-346 201
181 -233
-180 312
-172 -356
