73 17
-72 15
64 -44
-36 66
85 253
-182 -198
249 101
-266 6
115 -64
-77 108
26 -124
27 127
77 370
-223 -306
326 189
-377 -38
-64 -15
64 -12
-54 35
30 -54
47 -59
-12 76
-14 -73
42 60
172 12
-159 56
124 -122
-65 157
67 -26
-52 47
24 -62
4 65
309 -20
-274 143
189 -242
-72 300
182 76
-199 4
180 -84
-132 152
25 -48
-2 57
-16 -55
36 41
-89 52
61 -84
-22 107
-24 -102
-50 64
20 -80
14 82
-44 -66
-76 -93
106 49
-119 -2
110 -45
-31 -101
70 77
-97 -45
101 2
146 226
-227 -145
264 38
-259 72
75 -122
-19 143
-40 -139
91 110
-62 -151
118 112
-153 -54
160 -10
43 -138
17 139
-75 -122
116 76
-129 91
84 -138
-21 155
-52 -149
-148 -71
163 10
-153 65
111 -116
-9 -209
97 179
-160 -127
197 51
-105 -49
113 4
-105 47
79 -82
107 -66
-70 104
24 -125
33 122
-183 164
99 -228
0 247
-102 -225
-44 -5
43 -14
-33 32
15 -42
416 252
-482 -61
463 -144
-365 322
184 -156
-105 217
7 -242
92 223
-42 -80
72 51
-88 -16
84 -18
89 -143
-21 164
-53 -161
106 122
96 -117
-36 145
-24 -149
86 125
-1960 -22075
-2453 -24050
-2777 -21865
-2922 -16520
-862 -8481
1588 -9557
4407 -6664
6796 -2139
-4602 -1267
-4015 -1226
-2461 -1729
-241 -1284
-2013 225
-1775 750
-993 1095
-1494 958
581 -1438
1574 -1432
1073 -533
762 -942
-341 1205
-96 540
-678 6
556 -611
-348 -951
-682 -347
-877 -1050
-305 -692
346 -206
365 -504
506 -171
-131 -56
-221 -708
-320 -181
-101 -433
-23 -39
680 251
128 -128
-163 -378
-273 -433
122 286
-410 362
-95 246
245 745
-538 -812
-1333 22
-1456 -369
-894 -280
-97 -191
82 -6
-292 464
-19 258
430 175
305 133
353 -192
205 -143
846 -371
127 -543
569 -38
-717 -150
395 -201
311 352
159 -157
187 191
-487 373
-42 266
143 247
301 -82
184 458
-376 -346
-134 -164
-690 -409
70 -113
50 -336
239 -192
331 -298
-247 -70
-117 -520
367 -19
-31 1
481 -162
-42 262
-62 532
-154 490
-197 73
129 -278
-149 -178
168 -414
-313 68
-35 31
-412 52
-179 -192
-235 -238
-337 63
-398 -176
137 -186
-192 297
17 115
-319 187
-299 205
-242 -29
-413 -17
-178 -316
-154 -205
454 -83
81 256
-85 -281
-3 50
-371 266
-611 -106
-204 7
-824 -80
357 136
-354 3
-40 -187
-548 -58
-157 -300
-468 -36
-259 -50
-255 -68
-87 241
-83 71
148 -323
-56 -307
-189 -224
670 212
-154 167
555 -224
-361 -235
328 -728
146 200
410 -501
363 403
-26 109
222 25
-373 29
266 -369
279 -491
286 -101
-133 -110
-58 -111
-260 -451
-57 -241
-470 -129
80 -198
168 -174
-30 -70
18 -176
49 -15
-43 -95
-232 -304
64 -158
-110 -173
127 -15
171 -232
35 -123
-59 -72
234 127
-180 -217
254 55
149 49
-2 -238
23 121
-206 -102
-280 -336
84 -275
-518 -148
-72 -332
-42 -182
-279 -412
76 -266
-9 12
-64 -267
462 187
-382 239
629 -292
-30 434
262 350
-41 312
169 207
102 -414
-225 461
-266 -303
129 233
-180 -102
460 307
-386 493
160 -130
216 79
-137 -99
189 15
-75 43
-37 -359
105 -10
-125 -226
215 -29
-397 94
-136 -209
-127 123
-330 86
21 -75
-308 -19
-112 71
-315 282
104 92
-143 97
-9 1
-48 3
-49 -108
143 -9
116 -314
219 -160
51 58
69 -419
29 174
30 -239
-214 -124
193 205
-173 163
173 69
-82 -11
222 68
31 105
-69 -44
76 -201
-124 136
-226 -343
141 72
378 -345
139 381
-135 -180
113 273
62 -74
77 -88
83 -47
99 -120
-138 182
172 -355
42 72
-154 -516
-77 -47
15 152
-20 -42
56 5
249 -191
-74 202
61 -157
162 262
-177 -165
37 23
-355 142
1 -118
-275 -105
57 140
-166 138
100 51
-241 13
318 -126
34 168
271 -167
-224 165
-46 -207
-7 218
-183 -37
98 159
8 -38
323 -37
96 66
114 185
-216 156
-6 61
-119 253
-13 -60
228 10
-45 -9
267 -27
-64 113
196 -73
249 132
-21 26
-286 -50
223 83
-243 151
174 -62
98 166
13 59
127 80
-38 131
92 364
28 -158
310 384
-197 113
37 80
4 149
17 36
108 100
54 -17
36 22
-10 4
6 -23
80 39
-93 -143
240 14
-85 16
32 224
-273 -227
141 117
-294 -17
-441 -104
553 -64
-209 275
325 -377
125 -121
60 -70
101 -8
-21 5
-110 352
106 -210
137 330
-102 -147
203 -89
-103 -116
103 -205
-84 49
-133 -8
43 -127
-75 -4
-66 -192
77 23
-77 -15
163 62
-71 86
-50 44
-54 51
-23 -37
-107 -61
-222 -206
207 -68
-191 -64
278 -109
29 34
22 44
-86 65
7 -7
-31 -137
-43 -57
-15 -43
-10 69
-184 -204
255 243
-311 -43
315 -61
-223 -356
407 63
-315 27
297 -169
-56 74
-55 90
-28 102
0 -18
84 21
9 48
11 60
-140 50
214 -177
-166 172
2 -280
26 184
-181 -49
124 10
-204 117
32 -83
71 83
120 -24
97 -30
44 -133
25 183
-94 -157
154 104
-182 -36
140 30
-139 35
114 -89
-68 126
-81 259
-30 -272
140 232
-220 -156
-43 152
-23 -157
84 133
-132 -87
159 -116
-97 170
19 -193
64 188
1 191
-84 -174
146 131
-183 -56
-62 193
-21 -203
101 174
-164 -118
2 22
-11 -22
23 8
-21 -7
-62 -25
61 -1
-55 26
42 -47
-18 -26
27 17
-32 -2
30 -7
-107 21
87 -62
-60 94
14 -107
-20 -129
69 109
-108 -72
127 22
-298 -26
284 -100
-218 205
111 -279
64 -116
-11 133
-44 -125
92 97
93 -150
-24 172
-46 -166
112 134
48 -30
-31 45
10 -54
15 52
-17 -3
21 -2
-16 9
10 -15
96 -41
-72 78
32 -105
7 107
123 -13
-102 64
70 -101
-21 123
34 -104
15 109
-57 -90
90 61
-41 314
-92 -305
209 243
-290 -135
-156 -19
148 -49
-116 107
63 -143
243 -46
-208 139
128 -217
-32 249
-15 8
12 -14
-5 15
-7 -13
-107 -100
133 48
-142 13
124 -71
58 247
-154 -205
223 124
-253 -23
120 186
-184 -124
219 35
-212 59
-60 24
48 -52
-20 63
-6 -66
171 13
-160 56
123 -115
-65 156
-220 87
169 -168
-83 225
-15 -239
115 142
-158 -81
181 9
-168 64
-2105 -23904
-3157 -21857
-2581 -16681
-2604 -8243
1403 -9114
4395 -7143
7001 -1707
7484 2905
-4146 -1358
-2286 -1665
-425 -1272
264 -1098
-1841 609
-874 1198
-1641 910
-1896 244
1311 -1423
1312 -651
600 -739
422 -1375
-438 363
-290 26
193 -472
1362 -573
-642 -716
-764 -697
-552 -966
134 -832
465 -439
382 -189
-13 -90
-290 -250
-204 -572
-46 -29
-237 -385
378 -650
281 93
-397 -516
-3 -401
-661 -234
-381 246
-76 366
177 651
960 261
-1293 -284
-1373 -74
-1094 -510
-123 -635
92 -62
-278 518
-49 212
21 296
291 -23
425 -53
83 -242
410 -424
440 -177
136 -248
-237 -136
-731 -299
250 160
289 -3
7 106
23 -143
73 15
137 519
192 -333
775 206
-358 -147
-236 -336
-533 -293
-435 -157
-53 -223
289 -337
344 -149
217 -473
-108 -529
359 -10
-35 -12
278 76
152 141
-188 723
-112 265
-63 485
-87 39
-81 -555
264 -45
-210 -360
-259 135
-249 -131
-250 43
-188 -181
-581 102
-190 -311
0 19
-310 -135
32 363
-438 -29
-103 360
-472 524
-236 -21
-337 -245
-38 -344
-60 228
361 89
-269 -15
54 -268
-208 312
-390 53
-468 -47
-557 -138
-311 309
-187 -19
-189 -101
-448 -195
-480 -347
-394 -75
-311 16
-233 -147
5 -44
-210 37
280 -341
-169 -239
194 -668
493 -70
120 357
229 -280
491 446
56 -590
331 -34
331 -208
294 -89
183 182
1 43
-185 -81
-48 -65
364 -175
84 -359
158 44
-95 -23
-277 -267
-123 -414
-341 2
-239 -331
426 -162
-269 21
203 -363
130 293
-337 -430
168 -120
-382 -167
177 -396
5 22
274 -318
-22 -4
194 -12
129 169
-100 -298
219 160
-130 -24
-9 -151
-9 37
-144 -38
-31 36
-181 -226
-295 -303
-215 -102
-225 -19
5 -268
-236 -283
284 -95
76 153
130 210
-90 82
423 -31
-91 -88
231 276
18 362
90 181
157 214
-414 254
-8 -191
-150 235
68 -132
251 428
-237 302
106 104
-445 406
42 -85
19 76
52 -81
17 -94
100 -160
-61 -91
104 -121
190 95
-36 170
-374 -183
23 267
-417 105
-231 62
-213 29
-203 278
-226 228
-174 42
35 34
-105 -7
127 -175
-73 -42
330 -365
46 -25
277 -322
-89 -347
152 49
-26 -75
161 -31
162 50
-76 291
32 -4
10 147
240 98
-4 79
-31 -35
-10 19
87 41
-381 -168
213 -144
-217 98
-128 262
162 -181
-159 394
-361 -207
-81 -205
281 -5
-94 -74
277 -157
72 -216
72 -92
-118 -357
-17 -81
-123 393
6 -317
140 266
-208 -375
214 20
-125 132
216 -76
-179 272
-101 82
-253 33
-51 27
-64 165
-241 -39
177 177
-229 156
273 1
264 -118
76 134
238 -119
164 114
-289 170
60 -223
-69 392
-133 -220
236 134
41 -98
378 10
122 -21
-128 365
-170 -91
98 328
-276 22
262 4
-77 12
291 -63
-93 112
237 -102
221 169
-13 -21
353 202
-204 -53
201 102
-211 166
200 -57
-69 256
127 -133
51 326
-65 -191
217 91
31 235
116 135
16 292
-61 89
105 61
21 112
48 -75
159 91
-151 2
137 -78
-130 61
-13 -167
169 67
-44 -67
172 69
-158 106
-103 -140
33 115
-192 -50
186 116
51 -43
218 17
-19 118
69 -106
102 32
-44 -31
15 42
245 233
-173 -19
323 43
-26 95
241 -102
-216 -73
155 -198
-227 264
-20 -25
-56 -124
-35 -81
-113 -124
-210 59
252 -62
-103 235
-12 -187
87 129
-184 -52
51 -117
-154 18
181 -158
-121 13
185 -152
26 219
-161 58
79 -17
-104 142
23 -180
80 -90
-112 39
49 -43
-46 249
85 106
-96 19
92 -28
-46 -13
-11 -95
134 -3
-105 34
-38 2
-209 -67
175 176
-217 -8
195 -96
271 108
-251 108
80 -97
-200 300
-107 -153
78 43
-175 -77
152 -36
-257 211
64 -224
-67 334
-133 -117
-1 -129
256 17
-126 -113
208 -117
232 171
-282 -66
284 -60
-238 167
-49 -71
73 41
-83 -9
79 -29
75 -128
-15 149
-44 -146
100 113
-58 -61
79 34
-86 5
77 -36
-61 58
34 -76
5 86
-37 -77
-19 -150
77 129
-123 -86
147 26
250 -52
-204 149
127 -221
-23 256
-116 52
85 -97
-40 122
-13 -125
-75 -84
99 46
-109 0
100 -44
7 -53
17 49
-33 -37
47 19
72 -5
-69 31
49 -60
-20 74
90 -109
-34 137
-24 -140
79 119
175 -239
-61 289
-64 -290
178 235
261 -104
-200 204
100 -269
20 286
32 -47
-9 55
-15 -56
39 41
216 225
-289 -116
312 -16
-278 141
-14 162
-53 -156
111 119
-151 -62
-55 -326
183 270
-278 -178
327 49
125 -16
-107 65
72 -100
-29 123
-197 -54
209 -31
-173 110
113 -173
158 199
-228 -119
256 14
-241 88
8 68
-38 -55
57 41
-67 -13
106 19
-103 27
86 -68
-53 96
138 178
-198 -104
224 17
-212 82
94 35
-105 3
91 -43
-66 78
-171 -56
179 -15
-156 88
109 -147
-55 -66
78 42
-85 -3
82 -33
218 -28
-191 113
126 -182
-41 217
20 252
-119 -225
203 154
-248 -59
291 190
-345 -55
335 -90
-269 223
80 75
-99 -36
106 -6
-93 52
-3020 -21886
-2690 -16603
-2536 -8360
-1589 -38
4262 -6924
7035 -1957
7558 3143
6947 6320
-2229 -1561
-516 -1339
374 -1076
-774 -910
-925 911
-1478 1151
-2143 89
-1910 122
1290 -502
558 -886
525 -1260
184 -2209
-419 -149
379 -369
1145 -590
1646 -714
-855 -631
-496 -1070
126 -714
438 -586
305 -363
137 35
-468 -303
-286 -463
-366 -303
163 -261
-38 -596
869 -1292
-309 -523
-80 -362
-606 -298
-270 42
-120 338
231 659
901 275
1417 68
-1340 -109
-1112 -468
-130 -679
506 -517
-76 468
-216 341
116 110
-139 -141
357 -313
252 -32
166 -544
316 -474
520 -166
-618 -52
-417 -527
-749 184
133 316
21 -252
152 192
-50 -112
64 50
447 62
374 -53
309 259
-299 -122
-560 -515
-319 32
-732 -20
276 -438
394 -64
136 -532
520 -285
244 147
10 -198
314 263
54 -6
64 579
-287 495
-4 206
116 284
107 -388
27 -123
39 -384
86 -280
-256 -43
-280 -40
-124 -119
-109 -172
-252 12
-76 -297
-115 121
-292 -30
-595 78
-2 196
-497 713
-240 121
-174 -390
-125 -142
-66 15
212 211
-32 172
-236 -344
87 256
-547 -78
-444 -241
-505 48
-442 161
251 33
-7 -321
-525 79
-522 -624
-80 142
-332 145
-266 -277
88 55
441 -213
148 -359
-39 -279
96 -577
88 -191
-9 -24
502 16
119 286
-76 -223
-35 -230
744 -179
-92 50
260 -86
-8 47
-173 -84
-57 -59
-331 0
123 -6
-20 -260
192 176
-216 -62
-398 -318
-127 -193
-353 -67
-67 -215
-520 -63
463 -383
-102 416
19 -354
-33 -237
-145 -141
-48 -326
-164 371
275 -257
-49 -54
238 27
70 -62
4 -337
131 237
-85 -127
3 38
-38 208
-183 -208
78 175
-66 -244
-389 -618
3 147
-528 -158
57 125
-207 -380
296 7
25 64
244 -23
63 459
132 -315
291 53
-80 -193
24 126
183 403
-17 52
341 256
-257 -130
51 74
-54 96
367 19
-15 269
-88 226
-320 218
-23 -45
289 -78
-128 170
77 -396
57 234
-58 -183
137 -39
126 32
169 23
-309 -89
-72 208
-302 119
-123 104
-141 34
-275 304
-175 176
-37 404
35 16
-96 5
108 -184
92 75
209 123
-47 -519
563 92
-243 -225
-29 136
100 -227
112 158
-132 -58
-143 112
167 134
-168 79
84 -96
-194 -219
264 165
-357 -34
211 -315
-52 -52
-135 -121
93 -64
-137 108
-102 65
-17 64
-355 160
-96 -49
212 -153
27 34
122 -198
290 71
-177 -38
87 -507
-141 133
-227 -341
-7 187
-55 -201
164 -32
-59 -137
-37 -56
211 127
-258 86
41 27
-145 -20
-126 116
-39 53
111 244
-307 277
179 -134
17 430
12 -298
255 -241
232 295
6 -270
246 157
153 116
-290 121
180 -59
-109 201
71 -14
311 -57
211 17
94 -93
-80 83
-59 206
-84 71
21 143
46 82
143 -73
46 66
20 -50
292 103
-42 64
347 114
15 100
-129 17
122 111
-85 132
138 -44
45 -160
137 313
-140 -142
93 126
129 -35
137 423
-118 42
148 211
306 -98
-98 345
58 -329
120 237
39 -30
-21 29
-23 -105
40 37
280 295
-233 -226
413 142
-308 132
101 226
-299 -136
217 39
-295 150
186 -17
87 49
93 35
120 32
-81 -21
150 -60
-153 145
46 -140
-13 133
118 -24
189 73
106 -11
65 138
-191 -276
117 188
-327 -19
-47 -167
-26 -38
-136 -164
-22 -99
40 83
35 15
-43 70
2 -11
-315 -60
166 -160
-244 106
5 -400
399 -2
-283 75
361 -182
-127 401
180 338
-348 -140
356 -16
-333 122
-102 -3
57 -7
-70 215
-48 5
-13 82
-9 -47
51 -37
-73 -41
83 79
-85 -60
-12 95
-150 12
166 -114
-88 260
-27 -288
137 183
-249 -11
126 12
-289 222
120 -180
-198 -36
111 -123
-90 117
10 -165
-44 -168
4 241
-157 -3
160 202
51 204
-15 -364
214 159
-223 -101
-315 56
265 -176
-170 273
44 -318
104 -36
-77 74
41 -99
1 106
-104 -8
98 -31
-75 72
40 -95
206 119
-236 -27
225 -74
-176 157
194 113
-223 -21
215 -71
-169 150
356 43
-339 107
266 -239
-149 326
-290 33
251 -146
-171 239
60 -284
114 22
-113 29
90 -70
-51 101
49 -25
-40 43
14 -51
8 54
42 -106
1 113
-46 -98
85 77
-175 -182
232 94
-253 9
224 -109
-136 -289
242 208
-305 -90
315 -43
238 -79
-185 171
94 -229
2 249
-3 133
-50 -123
91 95
-129 -45
220 -185
-126 258
10 -288
108 268
207 -182
-111 247
2 -271
110 250
-142 -154
198 82
-212 5
192 -92
-88 -156
143 106
-174 -42
174 -36
165 88
-187 -15
173 -65
-130 131
22 -181
53 175
-121 -138
165 76
210 -3
-185 91
135 -158
-56 199
400 81
-403 89
330 -243
-199 355
-58 166
-11 -175
85 159
-142 -112
-68 -121
108 80
-135 -31
136 -27
-8 -192
84 169
-148 -125
183 52
-18 114
-27 -111
72 88
-104 -53
312 -180
-211 290
73 -352
77 352
-19 25
6 -30
3 29
-18 -23
145 -130
-82 176
4 -194
76 177
66 7
-66 20
49 -45
-28 66
-67 -4
62 -27
-46 50
26 -64
-3072 -16230
-2340 -8858
-1566 493
-491 7695
6644 -2100
7969 3116
6583 6516
4795 7051
-447 -1218
266 -1163
-632 -878
-2901 -1471
-1525 903
-1996 300
-2130 -11
-261 -120
759 -485
175 -1542
621 -2099
787 -2007
503 -445
1064 -469
1668 -857
1169 -73
-272 -722
-218 -936
842 -523
229 142
166 -96
-440 -171
-366 -572
-642 -138
-105 -415
275 -566
567 -1193
1093 -1267
-183 -381
-504 -325
-351 108
-408 659
182 604
974 310
1340 66
1227 -116
-1220 -340
-81 -841
527 -351
696 -681
-518 745
230 -382
-39 357
-111 -610
295 -354
265 -227
107 -724
287 -344
-287 58
-763 -487
-445 11
-1644 -445
182 -119
-48 139
155 -150
381 268
433 33
406 -26
269 247
-341 478
-350 -178
-645 -186
-342 49
-662 -74
138 4
344 -695
397 -50
116 -542
246 107
-21 79
436 27
-159 154
-82 470
-176 313
231 119
256 -74
-26 -151
100 -378
27 -258
-121 -164
-151 6
-261 -111
13 -240
38 -24
-104 -134
-145 -37
-196 97
-57 0
-454 45
-23 665
-652 359
149 302
-140 -103
-66 -29
228 250
-50 -54
-102 -1
-182 5
-201 50
-484 107
-367 50
-565 213
343 -64
-193 483
-298 -103
-658 -367
-64 -153
-191 106
-287 -424
174 179
319 -294
415 -18
-167 -524
317 -408
-181 -259
-41 -73
386 128
182 131
-68 -61
-227 45
489 9
61 -219
229 224
-127 -122
-248 -117
32 -59
-410 38
-116 -23
-39 -218
190 133
-199 -21
330 -65
-572 -144
35 -295
-330 152
-87 -300
-27 -62
218 -78
-69 227
217 39
-31 -203
-129 -218
-126 242
-214 147
-190 131
287 -202
119 165
-176 -181
-21 34
140 -9
-257 19
36 55
-210 89
-21 -111
139 -24
-2 -318
-237 -60
-224 -64
-255 158
-113 -79
10 120
241 -155
138 269
-155 -65
223 -90
118 -115
147 -111
139 -180
152 202
97 222
170 145
332 163
112 21
-82 171
361 -64
186 402
-149 328
-301 99
10 71
-239 -28
-66 -148
154 -81
-148 -26
222 -55
98 -244
247 207
-13 -87
216 147
-335 225
-78 -6
-284 307
-56 -209
-219 320
-230 185
15 375
-241 222
4 59
6 -194
197 38
147 68
310 -157
84 -95
266 -248
75 56
129 -129
44 77
-41 -16
18 -86
140 103
-131 92
45 -93
-108 95
41 -19
-75 39
-83 -273
65 139
125 89
-229 -148
195 51
-29 -67
-289 56
-101 50
-285 150
50 -84
147 -42
44 -85
310 -68
-4 -59
-52 -523
-10 97
-330 -249
252 67
-26 106
11 -300
193 48
-161 -87
68 -65
-48 203
-194 1
57 175
-83 169
-100 23
178 248
-73 183
159 -4
-15 307
95 -201
63 266
311 129
-5 -81
175 -18
-155 41
69 -70
-70 259
-11 -197
73 133
63 -38
429 -110
-57 111
149 -207
76 146
-181 179
65 6
-32 346
-131 -9
273 -105
-116 198
250 -436
40 342
160 -108
273 228
-153 -95
59 202
-58 23
159 66
-27 -63
489 60
-361 235
145 -308
-136 553
77 290
-10 140
5 172
40 19
-25 270
25 -236
118 131
-100 -209
153 280
-286 -269
342 78
-248 30
-71 34
154 -31
-4 185
-11 -19
-172 -40
63 4
-135 120
-95 -189
-118 -77
327 67
-110 98
112 -78
-9 -8
-28 34
-21 14
-95 90
136 7
155 53
145 -8
184 82
-234 -184
120 90
-288 80
54 -6
-107 22
-83 -246
-36 -4
-177 -132
-244 265
104 -273
3 358
-223 -354
-194 52
-3 -239
-78 13
-160 -231
253 93
-134 20
251 15
-55 155
15 -191
51 178
-138 -180
300 185
-1 -58
4 243
-125 10
70 179
-133 -106
188 -37
-193 14
235 -147
-428 -123
323 14
-421 223
85 -307
-155 254
31 -311
93 233
-208 -290
93 -169
-179 371
-44 -271
57 412
-77 -79
63 2
-80 5
-2 -36
147 60
-214 219
120 -23
-25 366
-40 116
47 -296
113 243
-101 -128
28 228
-119 -195
186 131
-223 -43
80 81
-108 -39
116 -8
-99 52
99 -42
-72 80
35 -107
8 111
27 -58
1 63
-25 -58
48 41
35 -16
-27 27
15 -37
-1 39
-271 -39
266 -71
-212 172
122 -244
-28 -36
39 24
-48 -4
45 -15
-50 -54
68 32
-73 0
66 -31
123 -103
-70 148
6 -160
58 149
73 244
-169 -198
233 111
-254 -5
57 106
-97 -74
117 28
-119 21
221 178
-269 -72
276 -48
-235 156
105 -36
-76 76
44 -98
8 109
87 301
-204 -236
285 134
-316 -10
-157 -23
152 -43
-120 103
68 -142
189 153
-236 -62
237 -38
-203 136
328 107
-342 37
299 -173
-199 281
234 -149
-152 231
41 -274
73 267
-54 -191
124 155
-177 -86
201 6
-132 -189
197 115
-226 -26
217 -65
-330 -62
328 -74
-270 200
165 -295
74 64
-94 -29
104 -14
-85 54
2 -284
113 260
-211 -194
270 90
44 -59
-21 71
-13 -71
38 64
-77 71
46 -100
3 106
-46 -98
-37 -138
89 114
-129 -68
145 11
48 -160
19 163
-92 -140
138 95
-120 -113
158 55
-164 10
147 -78
-47 25
32 -44
-8 53
-11 -50
346 62
-339 88
274 -216
-163 313
5 70
-39 -64
57 45
-72 -18
-2533 -8431
-1562 21
-301 8122
1062 13174
7692 3280
6768 6258
4732 7368
2161 5586
150 -1028
-584 -1046
-2879 -1300
-4267 -2021
-2094 458
-2105 -194
-206 55
2072 881
332 -1414
421 -2143
985 -2045
1361 -626
867 -738
1953 -696
840 -106
696 633
243 -891
405 -373
573 -173
62 199
-298 -284
-450 -411
-629 -317
-964 175
218 -908
761 -900
795 -1448
930 -1082
-643 -287
-244 17
-468 788
63 757
958 147
1421 212
1099 -212
584 235
-169 -550
491 -651
854 -423
428 -60
-322 183
234 -388
-48 184
332 -275
-81 -275
440 -822
22 -119
391 -282
-522 -322
-735 -44
-1360 -514
-1696 -552
101 173
5 -123
514 185
395 149
434 126
177 116
-202 565
3 214
-454 -150
-532 89
-509 -192
-519 109
-79 -746
802 -179
-206 -262
547 -697
494 -108
43 410
48 -355
-300 262
-98 395
123 75
371 -80
-114 -49
108 -440
45 -203
-161 -210
-119 -17
-130 -39
-135 -251
180 -72
153 -125
-358 170
-88 -180
-39 293
-545 86
-311 602
-367 301
-91 470
-268 143
38 140
65 141
146 -22
207 192
-167 98
-251 -33
-408 159
-339 318
-409 -37
304 233
-277 196
282 169
-483 -477
-176 20
-159 -96
31 54
-32 214
496 -409
302 158
-83 65
141 -267
-80 -461
-49 151
-537 211
362 283
-291 -121
0 13
-28 69
100 -17
112 55
48 -13
-37 -76
146 -269
-430 278
-194 -252
86 193
217 120
-213 0
337 -96
-126 -116
-106 -271
-207 72
-168 -179
-3 26
148 -1
-41 128
228 145
29 -131
-47 -269
-184 318
-194 57
-132 335
168 68
113 -127
-51 84
94 -162
-177 -10
37 -109
-173 286
-67 -413
-213 46
249 -244
-15 -73
147 -383
-201 -124
-256 224
-141 -137
35 240
50 16
241 33
-153 190
50 -284
138 -88
120 -126
171 -181
-192 150
-162 155
431 99
112 309
404 -197
116 63
225 116
240 175
119 -3
-393 427
-43 -268
-51 258
-98 -333
-79 -135
89 -68
26 80
190 -86
65 263
132 -210
134 321
-274 4
-285 153
-157 80
-80 51
-2 -305
-20 321
-236 335
4 159
-110 322
76 -16
61 -88
329 127
78 114
542 -398
-23 213
152 -485
265 406
72 -48
-14 112
-61 -195
45 165
321 112
-378 68
210 -228
-290 245
-62 -150
-16 -92
-63 6
138 -1
48 -141
-66 158
164 -269
201 44
-337 -7
-43 104
-153 56
89 81
159 -230
269 109
-36 -238
145 130
-114 36
-209 -238
141 105
-41 -36
-36 -316
235 39
-200 -68
261 -170
-420 107
184 -59
-260 383
124 -262
-80 273
63 25
120 342
-23 88
36 -118
223 207
-224 -56
204 -45
175 -213
67 178
-135 -178
160 6
131 194
-169 -48
157 -65
-193 68
130 -99
217 -23
-48 29
26 -189
24 288
-163 -7
184 263
-183 141
-35 175
47 -182
257 -22
-25 -228
241 -45
177 202
-54 -117
353 23
-3 79
92 39
50 -63
100 34
-121 19
12 -17
-136 234
-103 44
87 128
-78 217
100 -59
16 38
-283 -180
378 -43
-262 63
289 -348
-157 74
83 -181
97 164
-51 -188
59 -73
103 181
-106 24
102 86
-99 153
-52 -79
-91 28
-129 -133
-1 76
188 -47
-105 168
38 -98
-9 35
-42 14
-79 79
-55 49
9 -20
307 -2
35 142
113 -16
-74 -141
-17 208
-244 -11
254 109
199 -62
-369 -56
141 -221
-69 210
4 31
-34 40
-57 -74
31 120
59 -61
-207 -128
16 -155
-78 15
97 -116
91 232
3 -113
211 129
-54 -90
77 17
30 92
164 92
-142 2
109 172
-213 123
131 -3
-113 -60
88 -91
22 56
22 -170
22 125
-188 -2
-39 -6
-87 140
-124 66
82 -178
-27 79
-76 -197
196 224
-327 16
195 35
-251 289
110 -35
-105 60
-5 -97
-50 154
-24 322
-95 -39
171 290
-212 47
-211 20
220 -144
-33 272
118 -145
-146 -169
205 95
-224 -5
207 -89
-25 -234
119 209
-193 -140
235 46
8 -81
24 81
-54 -63
74 33
-90 108
42 -136
22 141
-79 -120
238 -295
-98 364
-60 -373
207 316
62 90
-94 -53
110 10
-109 32
104 -87
-58 121
6 -135
53 125
-3 34
-9 -31
25 26
-31 -17
-212 -140
252 42
-243 66
200 -159
-56 -204
135 162
-193 -91
212 6
90 227
-176 -173
228 85
-244 16
12 -11
-8 13
1 -15
7 12
147 107
-177 -43
179 -40
-144 109
-185 -162
234 73
-244 29
210 -128
-377 -226
437 53
-418 129
331 -289
85 -106
-35 127
-20 -134
73 115
-83 -221
168 170
-221 -87
239 -14
-74 126
13 -149
45 142
-98 -112
27 111
-70 -90
99 55
-118 -9
-89 -70
109 30
-110 22
94 -66
-12 173
-60 -164
122 128
-163 -63
-26 -140
78 117
-119 -77
142 16
-27 -34
37 19
-40 1
37 -16
-195 -32
191 -50
-158 128
90 -177
345 -438
-138 540
-94 -549
310 463
101 -42
-73 83
35 -100
11 112
10 -126
41 116
-87 -90
114 46
0 87
-34 -78
62 60
-82 -26
-16 -20
25 11
-25 0
22 -13
160 -57
-122 119
60 -159
6 168
69 229
-158 -180
221 99
-240 0
-1693 20
-180 8075
971 13269
2898 15094
7049 5985
4585 7729
2147 5196
1501 3515
-611 -795
-2961 -1537
-4096 -1833
-4348 -1847
-1963 -56
-393 -8
2266 864
3543 1974
573 -2412
955 -1733
1262 -918
1278 1047
1463 -754
1315 -249
322 964
267 2287
681 -593
404 136
85 -147
-195 -225
-97 -401
-959 -186
-719 -77
-1599 798
805 -1122
842 -1226
793 -1262
141 -678
-483 418
-411 324
202 1198
52 1205
1533 -62
1106 81
456 -29
-433 341
556 -698
812 -355
433 -139
477 582
-59 -66
79 -233
376 160
575 137
322 -553
18 -414
513 -17
497 385
-824 -45
-1280 -553
-1754 -484
-1367 -749
345 -102
189 305
639 -94
748 399
223 290
-312 422
159 295
189 538
-415 -225
-490 152
-672 -192
-106 -27
94 -430
545 -327
-110 -338
270 -669
531 98
-266 124
-212 -302
-303 231
78 93
402 -109
-135 -6
9 -181
25 -402
-57 -31
-287 -138
125 -29
66 -147
-48 -84
363 -213
-73 112
-193 37
-33 60
-461 303
-345 3
-281 233
-138 571
-260 36
-40 231
-114 195
284 -149
138 364
471 -408
-237 -232
-338 342
-473 177
19 191
469 127
-384 356
317 -26
-33 311
-335 -216
85 55
-254 15
189 -198
268 -74
367 -240
18 456
169 -125
156 -403
-287 189
-340 82
-283 516
-393 -229
136 69
-174 69
-235 55
287 68
-115 44
94 -196
32 86
-548 -58
49 4
-244 65
189 -353
-230 232
257 -314
30 47
-302 -546
-130 -136
-159 42
-107 -174
208 -145
7 43
226 241
-4 -226
53 -196
0 299
-356 150
-25 184
-72 138
124 -132
-62 92
95 -173
58 7
-271 -3
64 65
-198 -115
-125 -74
224 -310
39 -27
78 -409
264 7
-363 -49
69 71
-233 136
202 -47
-175 337
99 -258
0 230
-135 -344
235 -326
150 51
-269 -68
20 301
312 335
122 46
496 53
171 121
147 -3
356 253
-20 -19
169 159
-88 -57
-95 46
33 -162
178 -27
66 101
-26 -86
309 46
63 166
196 -56
16 207
-116 58
-69 213
-322 49
86 13
-137 -205
222 42
-315 165
146 275
-287 264
16 -146
126 -29
241 100
168 103
69 76
67 -199
234 -70
22 64
243 -72
12 106
-77 -179
56 143
-132 20
2 226
-200 -213
69 62
-199 -12
72 -245
-82 178
87 -169
146 183
267 -84
-38 84
243 -365
127 41
-160 171
-72 -51
64 211
-63 50
247 -191
101 28
-93 -51
151 153
-207 -66
62 -54
85 76
163 -87
325 -169
-196 158
169 -375
32 459
-72 229
-150 13
178 120
-256 124
-360 127
472 74
-231 477
307 -227
1 161
-2 -102
24 88
-168 -12
233 85
-251 -29
201 -181
-157 50
163 -109
-125 129
-17 -222
172 160
-53 21
183 -126
-121 44
19 -118
59 50
-47 304
12 13
112 158
19 7
205 -205
98 -87
257 -247
152 -76
80 129
132 -144
80 -87
125 -143
89 116
-11 -119
217 110
-176 -52
53 188
-261 155
87 87
-251 -11
341 79
-266 14
228 -194
-77 -150
188 -28
-89 -83
65 -176
195 -132
-25 159
60 -237
141 225
155 184
-154 45
138 48
-167 120
110 -108
-234 118
-40 -267
-55 92
27 71
5 6
11 98
-157 -57
92 139
-254 23
127 31
-266 156
55 224
172 -165
111 322
-181 -65
65 -11
-230 222
155 -99
-85 155
-37 -249
-83 94
9 -167
183 246
47 -91
-78 77
-12 -34
123 67
-336 -132
136 -208
-168 112
50 -252
99 56
64 48
89 5
117 90
169 -198
32 323
64 -119
202 369
-43 36
-15 189
-76 19
89 77
-137 -3
190 -108
-60 54
0 -118
-163 36
-82 -32
-38 150
57 -118
26 -56
-27 -52
-24 -70
-40 -71
77 39
-183 182
34 1
-147 192
134 53
-215 7
105 -26
-182 93
9 173
-10 142
7 111
-88 62
-75 -2
176 20
28 172
111 -144
73 243
-166 -191
226 109
-248 -8
136 -42
-110 91
60 -132
-2 141
-93 58
62 -88
-23 105
-26 -105
-35 -75
60 49
-76 -23
78 -11
-167 -15
159 -57
-118 115
68 -160
-80 92
37 -119
19 124
-66 -107
72 20
-75 16
62 -41
-40 65
-76 -16
76 -15
-61 42
39 -64
-67 71
32 -89
7 95
-43 -87
68 19
-76 6
61 -40
-41 60
34 -99
11 103
-51 -88
81 61
-228 -2
212 -93
-156 172
68 -219
6 130
-61 -114
104 78
-127 -29
69 -60
-39 87
4 -91
36 86
96 5
-89 34
69 -66
-33 89
-164 -356
295 251
-373 -112
385 -49
-176 -10
166 -65
-126 125
64 -169
-62 -40
72 12
-68 17
57 -46
-51 -150
106 117
-143 -63
160 1
4 138
-63 -125
106 90
-132 -39
74 17
-77 14
64 -45
-40 66
63 53
-81 -26
81 -10
-69 43
51 -186
32 193
-104 -163
163 105
-26 -40
40 29
-50 -9
49 -10
-174 -106
199 22
-192 59
150 -134
-82 218
-11 -234
106 209
-186 -147
-34 134
-25 -137
80 117
-121 -74
-76 -127
119 78
-148 -25
141 -34
-237 39
195 -132
-126 203
29 -238
-99 19
83 -58
-54 85
13 -101
-73 -221
160 171
-212 -95
236 -4
-25 7897
904 13503
2867 14858
4149 13643
4533 7431
2316 5445
1243 3352
1437 726
-2755 -1297
-4383 -1969
-4031 -1845
-2238 -1208
-315 25
2183 863
3620 1944
2893 2172
883 -2006
1439 -701
1027 918
353 1332
1001 -416
673 985
-58 2412
827 3052
356 -123
237 64
-421 -356
-194 -1157
-1017 -404
-572 98
-1799 699
-1343 -1
851 -1160
764 -1322
192 -642
-258 -501
-455 709
87 831
308 1495
593 1134
1280 -188
410 287
-521 35
-539 457
719 -434
549 -103
357 600
370 758
56 -342
449 249
477 91
1077 647
-62 -404
582 -55
450 454
1015 85
-1363 -329
-1768 -720
-1258 -542
-1009 -650
531 90
413 241
816 0
503 311
-224 450
69 306
267 495
-5 302
-534 -327
-439 227
-493 -309
379 -193
168 -276
211 -536
54 -356
-2 -370
119 -58
-490 21
-183 -183
-346 365
275 130
-113 -282
102 74
-245 -195
107 -165
-379 51
132 -235
103 340
477 -86
-114 6
273 -281
187 248
-11 235
-552 150
-195 103
-339 140
15 133
-220 498
-266 -173
94 234
76 110
218 47
528 -87
436 -232
-472 112
-259 337
-247 134
156 -52
-42 437
-29 39
258 110
-426 15
51 3
-201 47
125 -209
184 -75
307 -181
51 379
174 -41
-128 404
-540 -48
-11 193
-632 545
-224 13
86 40
-114 74
-293 71
-234 672
-143 -3
138 -168
-22 74
50 -475
-231 312
-109 -336
229 62
31 -202
121 130
-21 -407
-62 -154
-158 -306
-39 457
-383 -504
595 43
-317 -379
271 -14
55 25
-103 -404
319 -80
-213 347
-239 62
176 160
-80 -296
-58 16
123 -104
4 -48
93 124
-72 232
-141 -321
-91 140
-180 155
191 -121
-18 -260
295 -172
-149 19
14 -106
-118 270
35 -119
206 106
-67 -10
53 -61
-63 -61
234 -49
250 85
-372 -53
110 243
-505 159
340 80
287 115
342 -18
121 155
293 178
69 18
70 161
-36 -12
18 -269
56 174
20 -321
587 233
28 118
176 -116
245 269
273 122
22 -6
-35 255
-229 71
-145 1
68 -274
-2 51
1 -133
325 129
-209 398
-14 10
-133 197
-342 -165
326 293
18 -40
263 149
-59 78
-7 26
204 -130
158 177
29 -195
-84 -117
37 85
-86 66
16 68
-160 -82
-17 -44
-72 50
-30 -214
23 14
61 24
95 -3
119 -56
211 12
49 -199
239 -192
-61 -113
-11 53
-40 140
52 72
19 198
45 -313
102 236
-145 -31
148 108
179 -32
-25 100
252 -158
0 244
79 -325
111 181
-146 -72
239 179
-276 163
230 -65
-229 312
227 -214
-15 21
234 331
-57 101
361 81
-192 28
135 -110
-197 217
-40 -104
-100 -109
94 -41
-116 -121
114 -59
-178 -79
121 -53
-25 66
43 -131
-55 9
36 -170
-42 141
144 -169
-177 55
226 182
-155 87
285 51
-190 -397
533 -68
-147 -80
404 -423
-187 58
406 -192
-152 68
96 -360
254 28
-124 28
259 -72
-170 212
-144 415
-176 -129
132 383
-300 -82
24 -12
64 -33
-58 -14
37 -120
-41 -276
220 47
-274 -168
218 -66
92 -118
68 61
8 -49
70 -3
-41 18
43 123
-112 17
72 20
-147 -109
-21 -29
-167 -123
12 22
83 96
-103 48
-34 -57
-221 147
-127 161
-48 -43
-80 151
-102 -50
1 -15
206 117
-182 160
-20 -15
-109 1
133 151
-169 -79
150 129
173 -242
-85 246
96 -167
219 381
35 -208
1 279
-19 -212
171 220
47 -44
-153 -79
118 -76
-8 202
-118 -79
307 50
-106 141
281 -159
-35 276
143 -101
126 389
-47 -76
-277 112
193 -17
-141 218
139 -159
300 131
-262 -121
254 -45
-268 111
-206 154
-3 -67
112 99
-78 -121
-122 6
42 -168
-62 41
-42 -288
133 388
-341 -64
221 94
-412 202
128 164
-274 -29
164 -59
-278 116
182 276
-216 63
141 9
-214 134
57 -43
166 181
-19 -93
147 -71
-47 15
37 -28
-23 44
3 -48
70 -276
46 280
-160 -236
236 149
70 -82
-27 100
-18 -104
61 86
293 -174
-196 278
66 -334
78 335
-80 -84
111 44
-121 5
109 -52
58 -80
-21 98
-21 -100
58 83
-228 -55
232 -45
-195 135
123 -202
-17 16
10 -22
2 24
-8 -21
-166 39
133 -104
-79 151
13 -173
-146 18
122 -75
-82 121
23 -142
-71 -165
131 121
-170 -55
179 -16
317 10
-295 123
219 -235
-106 297
-148 -58
157 -5
-142 74
105 -123
16 -99
24 94
-63 -78
89 42
-83 -158
144 106
-172 -40
176 -32
143 -201
-48 240
-54 -240
149 197
26 -144
34 140
-93 -114
127 71
43 84
-74 -58
95 20
-97 19
-137 -104
170 39
-173 34
140 -101
22 3
-22 6
18 -15
-9 19
141 34
-141 22
118 -79
-77 126
-6 -184
78 166
-143 -121
175 52
-27 155
-38 -149
95 118
-136 -69
141 -95
-85 138
25 -166
49 156
-81 -117
122 73
-143 -17
136 -44
-102 -70
121 23
-119 30
98 -76
-119 254
2 -283
113 258
-209 -190
-116 111
61 -145
9 162
-70 -144
-70 67
36 -93
3 99
-46 -87
51 125
-104 -88
126 43
-135 13
97 83
-121 -35
130 -16
-105 67
865 13394
2950 14938
4041 13603
5342 8101
2387 5661
1086 3180
1649 821
3637 -331
-4193 -1939
-4216 -1796
-2092 -1330
503 113
1923 1069
3778 1646
2870 2505
641 703
1509 -603
923 862
472 1343
-673 1067
222 622
503 2553
255 3152
1749 2486
264 -190
-337 -113
-372 -1346
-67 -1263
-989 230
-1477 403
-1519 404
-1287 -222
860 -1033
-17 -867
20 -376
-151 163
218 1185
44 1227
946 1273
656 849
267 205
-359 46
-694 508
-401 440
340 -116
556 526
223 907
436 293
272 88
704 161
842 671
757 717
367 24
618 293
925 300
1361 518
-1654 -747
-1354 -470
-949 -752
-816 -444
673 182
603 160
628 78
429 128
440 523
-160 444
401 173
-57 305
-749 21
-122 -249
18 -96
376 -184
50 -555
209 -401
-120 -262
-242 -177
-280 -78
-334 -4
-278 142
-316 -129
15 -105
-83 -35
-30 -176
-63 -112
-151 -144
2 33
114 41
125 -94
595 -211
-287 203
502 -424
420 56
-385 133
-339 187
-239 2
-275 207
-162 451
-304 -103
101 161
-378 -145
244 -51
542 12
384 -318
783 84
-422 411
-129 -4
102 120
338 -85
120 371
-12 -134
-81 127
-497 99
-201 -56
170 -112
104 -149
157 -314
43 281
219 45
-200 347
146 276
-469 311
-264 251
-435 440
-239 48
-148 14
-237 116
-298 651
-126 334
13 183
-52 -298
229 -147
-242 16
212 113
-248 -218
581 -144
-38 -39
46 20
-296 -520
204 -70
-516 -148
252 -265
-78 86
282 -691
218 90
109 -251
-36 -129
153 -303
98 -290
-375 434
143 -240
110 54
33 -338
293 25
-208 -93
306 84
-229 234
-148 -100
-172 -65
-14 308
-240 157
332 104
-175 -359
351 -2
-287 -31
-223 112
199 -20
17 77
280 59
-1 230
-133 -348
417 188
-39 -229
-37 254
-324 97
-43 117
-307 123
322 166
287 -47
183 157
119 22
60 174
15 14
74 97
-279 -180
-94 -177
299 -60
225 108
429 -210
-5 -38
380 119
208 311
229 74
-168 108
-46 150
-343 2
42 -88
71 -258
60 180
146 -131
59 239
-97 350
-194 -149
-145 128
-355 -148
110 338
26 -165
282 258
-320 -109
206 -127
152 175
31 -198
237 221
312 215
-396 64
300 -54
-80 337
-294 -333
300 201
-430 -198
283 -100
4 206
70 -192
217 109
-92 -304
-75 -3
273 -417
-2 110
-35 -360
-67 411
-28 -185
198 398
-372 -24
99 339
-189 -127
228 180
-240 138
145 30
127 -26
57 69
106 59
-12 -97
86 128
-50 87
2 -22
68 229
-201 -20
336 100
-95 -47
184 198
45 199
227 27
187 37
173 -207
-187 320
-89 -189
18 291
-150 -182
165 -91
-155 32
50 -346
-21 -146
141 96
-121 -90
31 -66
-61 -139
34 67
104 -75
73 109
-36 -208
246 337
-185 -8
465 125
-59 -34
378 -361
36 37
22 -241
274 -22
-97 -138
132 -148
-64 -7
-147 59
271 -107
-163 251
111 -129
100 -11
-174 384
-26 -203
114 379
-181 -79
185 -71
-162 35
-38 -138
-41 -129
40 -113
-90 7
-68 -82
-25 -83
151 49
-99 -31
-40 -102
115 59
-156 99
76 -79
-41 91
123 -117
-262 15
37 -141
25 156
-171 -9
57 -34
-305 167
-32 -208
-4 80
-173 58
20 -2
-159 -19
222 217
-239 78
62 37
-169 142
107 149
-145 -87
129 146
-76 -5
-20 -62
162 139
31 127
132 3
1 282
-23 -207
175 221
-211 -76
7 -77
-27 -11
97 85
69 34
-113 -102
340 104
-114 58
248 -92
234 157
-60 182
209 39
63 128
-100 -180
191 243
-180 -43
283 -12
-62 320
-110 -366
192 254
-405 -166
76 256
-92 -173
215 41
-107 -90
-19 -8
-73 -129
42 -138
-148 -67
-13 62
-131 112
-99 37
-96 74
-14 -152
-19 160
-200 -156
160 38
-79 158
-29 -18
-47 94
-115 -83
-52 -74
284 51
-197 -79
188 -106
97 -14
-81 55
55 -82
-17 100
121 -46
-93 94
46 -123
6 129
47 93
-79 -64
97 27
-102 19
-59 170
-15 -173
85 152
-141 -106
1 -79
26 70
-60 -57
74 29
-18 53
-6 -56
25 52
-42 -33
-112 -263
214 197
-276 -92
286 -26
-7 -199
89 177
-153 -130
190 54
279 37
-270 81
214 -186
-117 256
89 113
-123 -67
144 13
-137 45
-65 135
5 -145
56 136
-101 -101
-47 45
22 -60
6 67
-28 -58
-146 241
34 -281
85 268
-190 -211
-130 -128
174 64
-184 14
160 -85
-19 175
-49 -166
120 130
-159 -69
36 -171
34 170
-105 -143
150 88
369 473
-527 -281
596 43
-563 205
-207 156
128 -227
-19 257
-87 -243
10 70
-35 -58
56 39
-65 -11
-188 -88
206 7
-194 78
143 -152
-40 199
-43 -198
125 159
-181 -97
92 22
-94 21
79 -55
-47 85
70 -2
-67 29
44 -54
-22 68
-18 -115
63 97
-95 -63
115 16
32 178
-99 -151
153 97
-178 -23
96 78
-124 -34
124 -18
-108 71
106 189
-177 -126
215 43
-213 44
43 60
-63 -42
73 12
-71 23
-220 129
148 -208
-48 252
-59 -246
104 -34
-81 72
47 -101
-4 111
49 -86
-9 97
-30 -89
64 68
2506 14903
4462 13450
5020 8408
6476 1590
1188 3239
1536 809
3747 -367
6119 -824
-4148 -1848
-2127 -1249
506 26
2255 1026
3470 1869
3057 2177
608 1078
-949 -1225
1184 1022
164 1303
-375 984
-1342 196
256 2576
471 3031
1601 2681
1536 943
-366 -349
-244 -1142
-259 -1401
-270 -1575
-1296 406
-1684 472
-1166 -352
-552 -776
293 -793
-288 -319
108 -16
397 608
229 1349
727 1231
870 793
852 -339
-187 -34
-814 646
-349 264
302 765
545 599
198 831
489 346
127 180
864 219
667 684
912 633
594 689
731 117
890 509
1302 312
1147 438
-1272 -482
-1017 -702
-770 -513
-542 -300
566 161
666 69
407 155
330 -205
179 301
150 443
55 -47
302 94
-373 -79
175 -350
338 115
570 -201
-6 -583
141 -184
-520 -141
-226 -83
-345 -126
-221 250
-415 -206
267 -390
-242 -189
180 -99
-282 -94
430 -490
-142 298
134 -263
227 190
-92 -375
-34 -185
428 33
302 -394
226 -288
-216 -12
-271 237
-348 -14
95 81
-95 223
-222 -61
6 -84
-426 89
393 4
527 -373
677 189
553 -359
-360 310
190 -261
414 295
143 -455
101 93
-277 -33
-255 168
-179 121
-168 -214
455 -194
-143 -128
380 -398
281 76
-269 347
208 256
326 209
-630 242
-100 293
-483 323
196 -131
-683 108
112 479
-429 659
-87 343
-62 -487
315 20
-390 -104
61 21
-31 -30
306 -224
244 -75
346 -140
-395 -409
247 -207
-499 -2
196 -132
141 -244
214 -300
116 -297
217 -198
52 -56
34 -332
215 -311
73 -115
103 72
23 -246
239 -104
-60 -176
190 315
-225 -134
336 216
-309 375
-419 61
152 90
-308 429
-31 67
-17 -29
73 -236
62 65
-163 -116
94 51
82 -23
262 181
268 23
44 -106
157 39
261 -204
264 -20
140 53
-449 348
-35 -253
59 520
505 282
-149 -57
512 77
-341 186
155 121
-101 56
-107 -215
-81 238
-57 -76
551 -27
184 44
351 -101
330 132
245 281
208 116
138 357
137 147
-510 79
165 -228
-93 90
124 -11
165 70
-38 65
55 279
-318 -137
-40 70
-431 -52
12 -63
414 135
-195 143
166 -198
-153 258
231 58
9 -59
208 80
-18 30
-127 80
43 34
116 149
89 -146
-67 3
-12 -168
-108 42
-55 -114
45 294
41 -343
256 36
-249 -414
145 -148
8 -189
81 -87
-186 -50
-10 51
89 191
-184 116
98 8
-54 87
21 47
6 176
202 -34
-116 -232
358 156
-209 101
338 -47
208 45
-128 216
17 -175
-57 409
-32 134
118 33
131 -69
-7 65
-51 163
327 21
97 87
164 -336
-144 -56
23 165
-236 9
109 -76
-99 47
29 -203
-27 -59
-212 -220
73 118
-67 -138
2 -2
-172 -52
-61 24
211 -69
-24 151
105 24
53 -231
231 430
-92 -113
405 101
386 -237
-22 -64
115 -172
-13 184
-101 -19
87 -263
23 77
-184 -144
-135 -30
169 19
-101 220
57 -127
-54 246
-78 -27
86 194
34 -74
-107 -271
183 92
-376 -53
317 -26
-139 -193
104 9
-245 -3
69 -75
98 51
-54 -58
-76 -66
-29 -66
69 100
-127 13
107 -75
-19 -19
-160 168
-113 -241
208 188
-287 -20
-246 163
-112 -143
-87 150
-240 -128
6 22
-129 103
-66 -176
7 35
197 163
-370 138
186 -129
-198 250
103 -119
-83 276
63 -211
-10 214
49 -91
228 290
-111 -64
226 106
27 17
40 33
-12 38
-50 -73
120 96
-83 48
246 -10
-111 181
66 -133
233 160
-114 -42
169 -27
172 309
-55 20
307 41
-125 30
25 -31
84 141
-33 -70
105 -38
129 109
-217 -83
109 -21
-165 98
-22 -144
142 44
-36 -125
169 -162
-80 -17
1 -239
-68 14
-84 -172
-59 212
-199 -25
23 95
-97 58
157 14
-302 49
171 -187
-71 116
74 99
-189 27
45 -81
-71 110
4 289
-33 -414
177 260
-284 -248
