0 -1
-1 -1
-1 1
-1 -1
1 4
3 -3
2 1
-1 5
-1 -1
1 4
1 0
-1 -1
0 -3
5 -1
-1 -2
5 1
0 0
-1 1
1 -3
-3 1
-1 0
2 -1
1 1
-2 -1
0 -2
1 0
-4 2
-2 0
0 1
0 1
-1 -3
-1 -1
0 -1
0 -4
-1 3
-1 0
1 -2
1 0
-1 2
-1 -1
1 -2
0 1
-3 -2
-2 1
0 0
0 1
0 0
0 2
-2 2
-1 -1
2 0
0 -1
0 3
-5 1
0 -3
-4 -1
-4 0
2 -1
-1 1
1 -3
-2 -1
-1 0
-4 1
-3 -4
1 0
-1 0
1 -1
-1 2
0 0
-1 2
-1 -1
0 1
-1 2
-1 4
3 1
-1 1
-1 0
0 0
0 -1
2 -4
2 -2
-2 -2
0 1
3 0
1 -2
2 2
-3 -1
2 4
-1 0
4 -1
4 0
2 1
-2 -1
2 2
-2 -1
-1 -2
1 2
-2 -4
0 -1
1 3
-1 2
1 -1
0 -2
-1 -1
0 0
0 1
1 2
1 1
2 0
1 -2
1 1
1 -1
-4 0
3 -1
0 3
0 -1
2 -1
1 0
1 -2
-3 -1
11318 2440
15739 3481
18515 4436
20953 4505
-1846 -1169
-1275 2059
-2111 3984
-2462 4479
-197 -2533
-1717 -1176
-1761 255
-1377 1108
-245 -2194
-614 -2068
-579 -1106
-1034 -425
1580 -1208
-179 -1349
-1110 -862
-2536 -149
-1600 -1397
-773 -961
-349 -897
457 -701
460 -274
-502 186
-1445 -43
-1160 18
-881 29
-725 -239
262 511
463 149
1114 125
1661 167
1043 768
959 693
24 264
-201 335
-238 129
-468 -655
-282 -392
135 -105
-391 409
-357 352
260 -173
444 553
494 -372
1104 33
-39 9
377 213
-130 319
249 184
8 213
168 84
360 66
60 52
-276 -848
-375 -137
-720 -526
-77 -556
-339 300
-12 177
27 665
-322 78
-306 -457
102 -765
356 -198
59 -59
-399 -277
-246 -534
60 -81
-2 49
-80 -379
7 -540
-181 -329
-58 -624
675 251
39 327
349 -157
395 182
63 266
-330 194
-465 -151
-1116 6
295 267
-3 -77
193 -156
-332 -254
-293 -128
-568 -122
-240 -421
-134 -354
413 -163
-78 -76
67 -122
-7 485
-359 -339
-127 -396
-136 5
-314 -173
11 435
-506 283
-41 85
-323 312
24 44
82 -76
51 -417
226 106
-264 65
-92 295
-162 -11
264 -138
-321 -393
94 -34
-772 84
88 202
166 134
524 128
48 14
-88 64
-193 -84
52 301
-155 122
-58 59
438 218
11 -97
276 -88
61 -228
108 -276
-194 -276
194 -482
-234 -173
-235 -3
208 431
-373 183
415 22
153 210
-329 80
-58 271
-116 49
-343 -169
-57 -318
-446 -190
-340 -269
148 -1
-164 248
82 -220
38 396
266 -133
230 316
357 32
36 167
280 -49
-271 49
39 54
-87 126
-222 -6
40 -243
-20 164
-134 272
170 416
94 407
80 135
129 96
-379 147
-214 290
-253 348
-52 171
137 184
-81 -281
57 -16
-242 -127
-96 68
224 -6
111 189
-17 -183
-79 163
-53 -65
72 170
-57 -30
-77 -37
-13 -282
-297 169
-276 -313
446 -17
-396 235
218 -402
-384 338
578 -16
-30 149
201 -116
165 97
-164 -267
-10 46
-212 -119
-58 -5
7 136
-34 176
-27 -18
-91 53
286 -155
-298 143
212 -309
49 187
-109 -474
-329 143
-352 -348
167 72
302 -140
-175 253
276 -53
92 433
-148 259
256 -117
140 108
57 -237
274 -32
-37 -232
139 -76
-175 178
147 -21
123 -328
139 -253
17 -395
-69 181
-190 -64
116 26
52 -92
179 186
-154 253
202 295
-64 315
-104 -121
-68 122
-170 -52
29 -37
436 135
-614 247
300 -274
-425 433
-22 -111
-119 76
13 -202
103 -87
2 342
-112 13
175 79
-35 -125
-122 -21
177 -96
-155 -7
20 -103
-29 165
19 9
-40 328
-40 7
-82 97
54 -13
66 98
-25 -97
109 -98
270 177
-16 20
334 63
312 152
-385 -7
286 -206
-212 159
74 283
-267 -231
144 76
-335 -20
176 -34
-155 15
87 -156
-42 15
203 -31
235 -56
142 -102
133 -45
-112 96
-22 -155
139 165
-70 26
-336 -48
-49 -54
-211 70
8 -71
-53 -41
-8 29
36 50
135 112
-94 286
10 -325
315 313
-206 -118
53 18
-80 -163
66 -6
-137 -95
61 76
-194 -148
195 -96
-83 29
287 -59
52 -52
308 -72
61 93
44 39
-40 124
-14 -180
54 23
-113 64
-19 -83
-14 -26
-22 -96
-148 -29
-15 92
-176 -114
106 -2
211 -103
-19 132
38 -205
71 115
-110 123
62 -231
70 182
-193 -174
357 50
-244 139
284 -189
-156 413
-219 43
52 -186
-139 126
-88 -57
-149 -31
76 -152
-88 98
93 -24
-363 151
99 -118
-253 413
-50 -252
13 75
-103 -157
-55 2
-215 -25
-150 -244
219 205
-285 -13
194 -50
-199 23
62 -288
-91 141
-51 -276
-225 -146
270 -16
-193 7
144 -206
-124 77
105 -94
-53 147
-41 -81
193 -48
60 258
98 -40
134 272
-265 -98
217 -212
-167 113
83 -288
-255 85
347 -169
-123 347
129 -337
169 22
-127 233
46 -64
13 322
-80 52
49 -86
-11 98
-32 -93
-54 72
21 -82
17 86
-47 -74
53 -117
3 131
-55 -117
98 86
111 71
-133 -20
127 -33
-105 85
5 182
-79 -160
138 117
-173 -50
86 -128
-27 150
-36 -149
95 122
-14 345
-125 -320
247 240
-325 -114
150 -2
-136 66
98 -116
-41 146
12 -265
96 248
-193 -190
250 92
311 -79
-251 197
148 -281
-20 315
-91 -75
118 34
-121 14
103 -65
-193 -106
221 17
-207 78
160 -155
-72 -122
115 83
-139 -27
139 -31
11 17
-18 -9
21 0
-21 7
-33 -7
33 -4
-24 25
12 -26
-39 155
-27 -162
90 132
-138 -87
-24 -20
27 9
-30 4
26 -15
-128 27
106 -80
-63 117
8 -130
63 139
-115 -103
147 46
-154 15
43 8
-44 6
36 -25
-20 37
-15 -89
53 74
-77 -48
85 10
-270 -6
250 -105
-183 194
88 -256
-177 -135
215 53
-222 44
186 -127
59 -9
-47 35
30 -53
-5 63
7 -8
-4 13
-2 -14
4 12
247 -57
-199 151
120 -220
-21 251
71 160
-129 -117
168 54
-176 21
20 -151
42 152
-101 -120
138 70
213 -273
-84 334
-61 -339
195 286
91 148
-146 -98
174 30
-169 43
15513 3650
18649 4188
20934 4787
21602 4768
-1474 2117
-1959 3850
-2550 4663
-3983 4012
-1553 -1311
-1858 446
-1369 894
-960 -46
-312 -1828
-959 -1206
-649 -488
-44 -35
200 -1339
-1460 -714
-2278 -429
-2879 -185
-1084 -1129
10 -869
121 -582
-443 -84
-341 159
-1579 42
-1072 -115
-922 12
-795 -74
259 331
534 315
1369 288
1396 52
1332 771
692 810
865 661
-130 543
-387 -29
-264 -572
-660 -1289
-86 -335
-95 520
-671 368
-655 756
343 336
676 -213
871 -40
487 -220
195 202
39 251
120 315
37 656
5 -40
556 105
-135 94
81 -469
-574 -318
-469 -446
-339 -522
54 -325
5 372
-71 496
-162 193
-313 124
161 -591
232 -334
231 15
-484 -254
-107 -244
-182 -294
303 145
-64 314
153 -272
-429 -518
241 -553
-136 -106
27 -109
535 235
64 -97
532 -397
26 92
-754 88
-954 -326
-767 -31
275 124
-142 -225
4 -325
-84 -262
-324 -117
-463 -322
31 -535
-521 -113
277 -216
-195 153
121 124
10 420
-177 -120
-208 -270
-140 48
-351 82
-307 223
-195 216
-232 127
-2 -43
-24 -137
172 -406
111 143
193 -240
-55 268
-180 29
262 -179
238 -110
-182 60
-565 -111
-25 468
-456 178
426 527
-28 -391
146 404
71 -76
-116 309
-6 48
-160 186
-163 -65
90 -99
205 -50
116 -288
-53 58
9 -342
35 -342
-142 -367
108 39
131 566
-360 32
461 170
-374 235
-141 184
-272 256
85 -24
-361 342
-123 -247
-413 -285
-333 -171
-276 49
17 86
-14 -4
37 153
-153 184
306 -64
443 409
-196 -140
471 287
105 -142
-222 386
18 -287
115 157
-32 -95
-15 6
-70 419
-165 2
109 243
141 284
16 -16
299 -139
-242 -41
-88 637
-321 -21
301 360
-142 -99
44 -205
-150 36
22 -97
107 61
193 77
-49 -53
20 271
-297 48
246 -32
-136 229
-37 -254
-211 84
-266 -237
-140 71
-501 -179
-53 80
-27 -122
-275 -18
95 23
-78 39
285 -35
46 63
69 -264
-51 -135
-100 27
-217 -99
60 222
206 348
-313 -76
196 -11
-174 -16
-62 -89
90 0
30 -145
44 33
-62 -370
-392 225
-37 -470
61 149
121 54
83 249
144 85
97 116
-94 175
342 -305
41 220
41 -650
130 -13
-96 -210
97 201
-189 257
25 -156
153 -451
78 -207
37 -276
-27 266
-164 -205
400 5
-156 -130
203 335
-160 366
239 102
-60 485
69 -130
-188 234
-66 -310
31 194
-298 157
43 -65
-272 136
-48 -275
-303 38
199 -244
-49 29
-47 -422
-108 385
21 -260
244 120
-266 -193
101 -122
-72 -11
-52 -68
11 146
-168 30
117 235
-148 160
151 20
-22 -19
139 79
-85 -44
83 56
357 39
-41 182
292 -92
-13 362
321 92
-397 -9
331 -302
-227 399
-238 -235
117 90
-319 -41
289 -166
-76 -74
48 -41
-59 -101
111 -37
132 -512
426 273
-274 -271
463 40
-3 54
34 -22
99 149
-11 31
-112 112
-220 -106
95 85
-150 28
184 -188
-43 327
96 -173
157 294
28 -25
175 50
27 69
137 74
135 -114
-148 36
41 -221
62 275
-61 -134
67 -58
18 -61
88 -93
191 -424
333 327
-124 -260
499 74
-100 -32
106 -61
-101 -38
108 -184
82 -26
-124 -40
83 -133
-51 66
-57 234
-199 -262
180 125
-294 -182
16 71
30 -135
48 50
-109 -74
73 -157
27 114
-127 -132
57 88
-4 87
85 -47
-30 202
-22 -2
157 -312
-178 285
-110 -213
122 331
-111 17
12 -136
94 230
-18 -146
-51 319
-290 -44
175 148
-333 95
-38 -135
-128 4
-154 -63
-22 41
-166 134
102 -104
-114 191
-106 -137
91 23
-239 -136
199 -87
-121 188
-89 163
61 -305
43 180
-140 -251
-65 295
-61 -281
137 303
-245 -110
-92 82
306 58
-95 266
89 -92
-144 -61
105 -172
-46 82
-92 -237
136 -70
35 170
60 -112
124 -56
46 125
-70 103
52 125
45 86
-217 213
113 -282
12 303
-137 -269
-188 -26
184 -47
-147 123
80 -171
-87 -24
84 -16
-73 50
46 -73
163 65
-179 6
160 -77
-115 137
67 -19
-52 48
28 -60
0 70
35 -292
87 283
-195 -224
272 125
-46 -47
63 23
-65 0
60 -30
7 9
-8 -4
14 1
-11 4
-165 261
43 -305
81 298
-196 -235
44 200
-124 -167
181 100
-209 -17
-39 84
3 -94
34 85
-71 -64
-182 -154
236 69
-243 32
205 -130
59 113
-102 -80
122 28
-127 23
133 -92
-83 138
20 -162
49 152
-64 -8
63 -18
-47 42
29 -54
-137 -143
180 75
-194 4
174 -83
155 62
-165 10
145 -75
-107 130
-175 -265
271 170
-314 -45
307 -82
343 -2
-311 136
231 -259
-106 324
-10 -3
12 -4
-8 7
8 -7
251 185
-308 -71
307 -62
-252 185
266 177
-316 -51
313 -77
-250 202
339 -245
-210 362
42 -417
134 400
18 -178
54 169
-122 -131
165 73
-30 82
-6 -86
41 75
-69 -53
-190 78
142 -146
-70 191
-16 -204
128 3
-117 51
85 -95
-42 121
78 -36
-54 67
21 -82
13 83
-39 -97
73 73
-101 -30
109 -11
-165 -132
204 54
-211 32
180 -116
18800 4524
20659 4540
21950 4886
20992 4574
-2027 4191
-2628 4322
-3774 4294
-5170 2359
-1940 614
-1362 707
-894 129
-1811 -1931
-923 -1192
-687 -483
-17 -54
1585 0
-1113 -782
-2563 -223
-2698 -492
-2833 -441
-32 -1070
238 -417
-618 -188
-1048 476
-1401 -28
-1209 29
-854 -171
-19 69
116 479
599 120
1382 491
717 368
1495 886
494 774
1063 614
250 110
-323 121
-385 -688
-498 -1230
-656 -1204
-524 285
-186 409
-1122 920
-1161 240
541 77
875 -363
614 76
440 -99
162 319
-19 307
166 612
-37 695
459 222
-92 -57
102 -310
-305 -102
-334 -617
-395 -317
16 -537
639 349
23 537
-261 192
-225 84
-127 97
408 -89
-32 -134
-175 -225
-310 -282
-145 -289
273 152
-38 289
97 706
-63 -324
-173 -580
247 -250
-36 -81
350 -62
355 96
180 -452
270 -141
-369 86
-1301 -166
-515 -322
-656 5
65 -297
-155 -176
-6 -464
-56 -504
-208 -325
-198 -431
-357 -302
80 -45
-106 30
85 274
-16 266
86 188
3 83
-471 -189
49 159
-659 331
-355 239
-99 41
-88 93
-219 -7
108 -400
167 111
153 -187
23 28
19 232
1 -280
522 -127
328 -205
-680 -133
89 443
-555 251
16 -343
-51 10
2 32
353 207
-87 -231
-81 161
-137 55
-127 69
-117 -262
119 -121
220 -257
-155 80
31 53
-57 -427
-26 -328
-17 48
230 86
-68 47
192 271
-172 32
106 3
-311 452
44 -218
-244 500
-19 -97
-535 -459
-156 -61
-480 30
54 -147
-195 -78
229 154
-326 261
-38 -350
258 187
59 -13
188 273
181 38
-153 231
20 -118
43 5
180 -35
324 -218
-292 764
-110 -401
-4 284
201 495
-129 -187
496 -44
-94 -150
-287 653
-146 -119
180 523
-351 -154
-341 -71
146 -241
-136 268
-66 -43
268 20
-92 27
26 174
-274 118
158 64
-92 105
-22 -120
71 -176
-457 72
-92 -288
-393 171
-229 -208
-330 -72
-21 -182
-69 280
-166 -324
268 -93
99 101
11 -282
207 45
-109 -12
-194 -67
25 202
-59 -69
-89 3
-42 15
36 -126
-23 -174
177 116
-97 -219
191 50
-218 103
-177 143
-200 -301
140 -68
-308 -86
-66 -92
418 331
-257 -1
243 -63
239 34
-5 -133
225 -348
-167 -136
216 -384
-119 487
-107 -93
312 507
43 -513
210 -199
-80 -228
222 10
66 275
-7 -338
354 13
-65 -87
-78 290
199 204
-65 375
228 80
-5 -60
-111 28
-66 -136
80 54
173 37
-439 96
113 -306
-45 133
-169 54
162 -396
-71 49
-35 -407
-18 131
124 -255
-2 102
1 -197
-3 -36
-103 -17
36 79
-52 191
-72 84
87 223
-93 64
212 -131
-37 316
-21 -334
145 349
-295 -91
122 130
163 15
62 203
75 -30
100 -56
-107 -59
71 -3
-20 63
-353 98
105 -240
-18 193
19 -226
-155 -39
136 -185
-24 119
41 -317
368 -53
-90 -1
184 -133
37 210
-144 205
168 -131
41 314
-90 -169
55 124
-252 -13
206 -26
-73 81
277 -162
1 406
4 -276
343 283
335 -147
-37 314
96 -178
152 232
-133 -359
194 140
-226 7
315 33
-168 6
204 -220
-18 128
11 -257
278 -74
94 84
163 -148
16 97
24 -6
-51 -128
96 -87
-125 -21
45 -75
-54 -27
34 -86
-11 43
-84 86
-69 -151
46 -40
-88 -80
124 -145
-32 99
-55 -153
-47 141
106 -198
-69 188
-128 -176
77 159
-28 201
-30 -72
90 248
-206 -20
29 60
-208 70
89 34
-71 84
-92 -149
203 196
-98 -77
173 -9
-350 156
141 -59
-219 270
36 -222
-170 -166
-40 80
-180 -41
63 116
407 103
-482 127
255 -227
-268 401
24 52
-118 -149
197 121
-85 12
-68 126
-18 -266
99 133
-218 -233
-26 79
-40 -9
42 105
-100 -75
212 245
-80 57
160 104
-203 163
-98 69
37 -218
-41 68
-160 -209
21 103
99 -59
68 -93
73 -182
-131 171
76 39
56 176
28 -83
-141 134
74 -180
10 196
-88 -175
-51 41
29 -57
1 65
-23 -61
-55 60
27 -75
7 81
-42 -71
4 -82
34 74
-61 -55
76 30
-272 -189
329 60
-326 80
268 -208
-162 -83
183 10
-169 63
130 -130
-161 7
147 -75
-104 123
42 -157
-28 110
-21 -111
64 89
-95 -56
-83 -271
186 214
-255 -121
283 6
-98 -129
142 77
-158 -12
151 -52
-150 8
135 -68
-90 118
37 -145
-132 -119
171 52
-177 19
151 -92
72 106
-109 -63
126 15
-122 38
172 -100
-119 160
39 -194
42 196
86 198
-160 -148
207 73
-217 22
149 89
-171 -23
164 -48
-126 112
-213 -206
273 99
-295 21
259 -141
128 -21
-106 76
66 -111
-15 130
126 -125
-69 165
-5 -177
78 159
31 2
-33 6
24 -22
-10 27
263 -11
-241 120
168 -201
-72 251
10 112
-53 -101
90 68
-112 -27
-114 98
60 -135
-2 153
-63 -137
-112 180
24 -211
63 207
-138 -160
-24 -196
100 171
-164 -113
194 37
-111 43
86 -88
-38 114
-8 -116
-134 169
52 -208
37 214
-121 -179
-163 162
78 -213
14 224
-102 -201
-49 83
12 -96
31 92
-64 -68
246 3
-228 103
166 -186
-78 237
21051 4670
21545 4922
21345 4372
19464 4251
-2582 4843
-4030 3834
-4750 2676
-6183 924
-1418 998
-954 -160
-1635 -1694
-3406 -2626
-946 -384
181 -257
1483 264
2519 227
-2375 -407
-2795 -248
-2841 -705
-2197 -780
544 -416
-897 -64
-850 247
-1026 735
-1255 -118
-752 -60
-155 5
10 717
656 130
1331 507
760 335
760 -90
1040 938
496 686
735 -183
412 -479
-465 -535
-491 -1410
-592 -1035
-698 -615
-520 470
-833 724
-1342 536
-1177 410
721 -495
814 137
231 -71
756 394
177 304
-15 689
94 550
16 898
13 -9
-11 -318
-202 -143
-505 -586
-280 -765
99 -80
380 -36
708 244
-236 125
-219 157
-160 35
-195 129
109 -24
-351 -273
-136 -311
-70 -303
109 139
114 234
-24 819
-47 886
168 -579
-62 -111
188 -333
228 311
119 64
414 -527
85 16
361 -285
-1245 -129
-584 -336
-584 -18
-169 -457
78 -241
-182 -309
51 -728
136 -309
-301 -403
-270 -374
32 53
75 -173
217 309
-153 282
204 117
-54 471
-89 98
-421 53
-191 240
-734 198
195 34
-354 216
-26 -234
-269 530
225 130
94 -185
75 1
-205 28
70 -201
427 -174
436 -202
330 -526
-221 320
-221 238
-279 -198
377 -486
-192 -13
548 168
-249 -115
323 104
-235 114
-60 -26
-141 -144
-36 -97
253 -64
-266 -87
205 152
-226 314
-91 -219
-2 -80
266 207
69 94
188 201
-138 92
44 -45
27 -177
-231 -179
-12 348
-169 138
228 -140
-270 -197
-324 105
-125 -156
36 144
-49 334
-148 -18
-91 -19
-87 -104
16 -65
247 302
111 34
223 111
210 -58
-149 24
346 -138
269 44
-323 598
-16 -264
-147 197
-255 -230
185 43
118 -123
287 -229
108 -189
-257 157
168 228
-218 112
129 -2
-156 -173
116 83
-210 228
145 191
-33 -189
58 401
-397 -75
-55 379
86 138
-206 -77
217 -292
-375 54
-246 61
-403 -208
-69 140
-245 -122
-184 103
-39 -53
-56 -11
-196 100
22 24
110 -238
100 53
62 -155
-323 25
107 64
-82 94
-12 28
-140 -161
194 -16
-214 -213
100 -152
222 -275
-80 233
-49 -178
69 255
108 -244
-159 2
-59 -276
186 -66
130 60
117 128
-146 -23
-21 -77
117 -5
64 -411
5 -140
-150 -165
-163 -14
138 349
-90 200
125 135
69 -109
11 -370
192 179
-162 -151
253 -202
65 -2
210 -189
-42 140
-164 503
144 -45
205 553
-46 -226
-211 31
24 -175
18 123
-100 -194
-399 -16
123 -187
-103 31
-12 -380
130 -205
-122 -139
85 -251
-110 24
12 -66
24 -119
71 13
-162 -149
102 170
-226 -9
224 166
-137 311
-182 148
187 26
-28 17
192 -308
-119 -108
137 98
-188 137
-19 107
77 121
96 75
93 101
-29 -1
-166 28
90 -106
3 162
-32 -40
-162 -88
164 -50
-43 72
140 -250
127 -64
-63 2
125 -223
6 63
-20 -43
133 -64
56 125
143 -38
40 177
35 -21
52 138
-110 125
48 -89
-37 171
66 -197
47 123
378 -20
-163 267
275 -284
-29 236
300 -19
-74 265
128 -244
30 303
220 -45
-175 190
190 -112
11 375
305 -180
-126 136
105 -303
120 234
-47 -336
462 176
-385 -82
474 -113
-54 81
15 -276
22 116
-101 -205
107 139
-182 -173
222 37
-164 83
-156 -60
92 -154
-80 47
51 -220
62 -160
-43 128
-174 -98
60 201
-229 -30
111 -41
-195 141
60 -78
73 -44
-18 264
-120 -79
33 171
-78 -253
105 385
-226 -233
400 80
-104 -8
264 -14
-180 79
148 -264
-139 -21
20 125
-128 10
114 43
-93 102
-143 -83
45 173
-93 68
-156 21
-1 1
-128 84
-7 -11
-48 -10
76 22
64 56
61 4
-15 -6
-9 -107
-21 -61
-52 -64
73 12
-68 132
-10 -143
-44 120
-59 125
113 49
-136 191
15 -124
-29 26
-83 -182
-20 4
-86 -172
112 -97
73 -53
48 -215
114 -74
47 119
48 95
71 -9
86 7
-168 -344
293 247
-367 -104
379 -53
-11 2
11 -4
-10 11
3 -8
-46 -67
68 44
-79 -10
76 -26
56 -97
-16 110
-33 -106
73 83
11 100
-58 -82
86 55
-99 -13
-278 11
245 -122
-177 211
72 -267
-105 63
67 -99
-22 122
-30 -120
81 -186
2 201
-85 -181
154 127
-33 -11
34 -2
-28 17
21 -27
70 58
-89 -19
88 -16
-76 49
116 93
-145 -34
149 -28
-125 87
-295 -49
293 -73
-235 190
140 -271
111 166
-168 -110
198 29
-193 55
-23 508
-189 -472
369 356
-478 -175
-244 -162
290 47
-284 78
230 -185
-323 168
228 -282
-90 356
-63 -362
-181 66
135 -134
-69 176
-7 -189
-44 -47
62 29
-66 -5
63 -24
-165 -159
214 74
-226 18
197 -111
92 -36
-69 73
33 -93
5 96
-75 0
71 -33
-51 63
24 -72
278 -87
-220 193
124 -263
-4 291
96 118
-136 -67
151 6
-140 58
-238 -88
253 -18
-218 119
148 -200
170 -132
-105 190
13 -215
75 202
-134 208
38 -245
65 238
-155 -191
39 22
-46 -5
42 -11
-37 32
-43 163
-26 -168
92 141
-145 -94
30 -240
69 228
-156 -181
216 102
189 74
-204 12
180 -91
-128 156
21684 4903
21224 4450
19539 4130
16524 3263
-3610 3845
-5139 2837
-5894 619
-6392 -362
-898 92
-1790 -1900
-3177 -2500
-5562 -1315
-20 -124
1617 62
2478 461
2687 710
-2613 -385
-2951 -504
-2180 -1010
-1651 -278
-670 -123
-1027 397
-918 521
602 34
-604 -176
-247 173
23 526
-204 916
1239 570
822 239
740 21
155 -484
752 608
531 -8
525 -722
230 -433
-708 -1259
-458 -1265
-728 -352
-198 -103
-797 553
-1304 710
-1282 266
-757 524
483 -216
683 112
270 407
486 517
269 312
-9 1011
-77 433
29 1149
-176 -198
-104 -316
-526 -390
-493 -1283
61 -371
526 216
469 82
464 288
-310 10
-21 134
-365 95
-69 50
-131 -291
-336 -197
66 -488
-85 -557
12 351
24 672
-32 1036
146 473
-63 -83
173 -360
254 329
93 52
93 -219
256 -396
374 158
269 -348
-751 76
-598 -459
26 -55
-154 -407
134 -641
-103 -293
98 -764
446 11
-284 -133
-56 -169
242 -5
-227 108
84 533
-112 -12
286 456
-403 142
-191 292
-494 114
-407 186
-378 184
83 -31
-332 173
-165 37
37 233
126 -282
86 104
-259 -61
17 -58
246 -31
541 -413
318 -297
269 -317
-389 521
-247 -525
479 -177
-95 -662
429 197
-154 -196
271 215
336 -32
-176 -34
-27 -186
-117 -19
213 -49
-234 -83
166 158
-193 292
-237 354
263 23
-6 226
312 -38
185 435
-188 48
110 -15
-43 -174
-25 -143
-141 -73
123 468
-171 -324
172 456
-534 54
88 -198
-139 265
149 -471
-200 202
-135 -235
41 74
-96 -211
389 408
-64 -4
395 76
144 363
-131 -243
435 111
85 -152
363 -195
-125 -178
-81 74
-268 -88
183 -143
74 -298
399 -93
-53 -269
209 -151
-95 117
65 100
-131 124
115 77
-119 83
1 134
-11 362
58 218
-114 232
-168 8
-296 399
-126 60
-48 -69
72 -235
-268 -56
-106 -42
-531 134
-95 -228
-70 202
-188 -210
-98 117
-73 -182
-108 251
7 -75
21 -115
127 -96
98 -7
101 -35
124 251
-173 -72
136 143
-67 279
-79 -65
57 -280
-117 20
-27 -235
104 149
-179 -25
132 60
-211 64
-215 -91
28 -209
80 -93
15 -356
425 3
-380 214
91 -391
-254 215
144 -662
40 127
-290 -388
253 31
48 86
99 402
-132 30
267 8
84 -182
50 33
28 -75
144 -48
89 22
177 -204
-11 141
23 -87
61 401
102 114
227 128
93 11
-106 -351
205 230
-320 -212
323 142
-303 21
202 -330
-140 72
4 -458
56 -105
-87 -212
32 -84
-176 40
-121 -37
171 -127
-199 15
80 35
110 382
-240 -53
371 322
-336 38
-175 172
245 -261
61 57
6 -341
-160 57
105 53
-254 300
16 113
50 352
20 -172
149 216
-223 -67
185 -120
-78 216
23 -121
90 297
19 -3
63 -30
83 -105
40 -305
61 35
-6 -205
119 -10
22 -164
240 12
-75 100
273 -71
95 268
88 -63
22 197
-109 59
28 227
197 63
-96 -1
120 -120
-35 193
264 -155
59 274
-59 -359
194 215
104 294
-47 -201
168 190
-175 -23
-76 -69
211 169
-119 126
200 107
303 -53
-210 40
266 -210
-25 291
75 -33
49 -50
59 39
-27 -89
-202 -91
146 -137
-111 74
9 -158
-222 44
173 -179
-29 257
-13 -235
86 -13
-130 -86
155 -123
-185 118
6 -155
-95 175
-126 -23
99 146
66 -177
-104 242
-68 -137
106 220
21 -69
-21 238
-194 -80
161 82
84 276
-168 -142
310 24
-136 -65
-133 109
134 -191
-25 107
-70 -285
-196 -164
189 186
-245 12
197 18
181 -47
-258 270
145 -146
35 381
-283 -142
187 99
-300 106
223 -51
-105 187
161 -169
63 251
41 -115
-232 -149
201 -113
-231 71
31 -318
-44 -33
39 21
-154 -9
10 70
-11 159
-74 40
16 41
-96 -43
-59 -193
-37 24
-79 -199
52 -24
-63 -430
329 78
-264 -229
339 -108
21 267
22 -179
196 139
-86 -175
-52 -86
77 60
-99 -25
95 -22
200 40
-198 46
162 -124
-96 180
166 -186
-74 234
-30 -245
123 211
54 48
-72 -21
71 -9
-58 37
-279 -41
271 -75
-215 180
125 -249
44 5
-42 12
34 -27
-23 43
-221 7
200 -96
-141 172
57 -213
-316 -138
347 -3
-318 141
228 -263
-216 -252
299 144
-332 -5
306 -131
-102 -63
123 14
-117 36
93 -81
240 58
-245 47
205 -136
-127 207
-150 -14
148 -47
-113 98
59 -138
21 -36
1 36
-13 -38
27 30
-141 -169
196 94
-216 -4
202 -85
-141 223
39 -258
71 251
-168 -199
-95 -178
156 128
-197 -50
202 -32
-34 -9
32 -9
-28 23
17 -30
152 65
-167 0
148 -68
-108 124
91 -292
36 307
-155 -263
248 176
114 82
-139 -28
141 -31
-116 83
-35 137
-25 -139
81 115
-119 -73
61 -108
-10 124
-42 -117
80 88
-151 -25
145 -40
-124 91
71 -135
52 74
-81 -46
91 10
-85 30
-50 71
20 -83
19 85
-46 -68
-337 -62
335 -79
-269 210
159 -304
9 37
-24 -29
35 23
-38 -2
127 -44
-99 91
51 -126
3 135
-340 26
303 -162
-207 267
76 -332
-12 72
-21 -65
42 54
-62 -36
21148 4665
19522 3899
16632 3461
12854 2389
-4705 2571
-6184 1039
-6297 -862
-6740 -1435
-1535 -2018
-3357 -2290
-5481 -1582
-6144 1672
1392 274
2597 176
2694 1019
1817 858
-2790 -514
-2324 -931
-1550 -406
-1199 -64
-1269 379
-690 445
434 202
1459 -314
-224 -67
102 758
-375 737
-67 259
987 289
565 44
308 -576
330 -697
641 150
360 -822
425 -407
-430 -112
-427 -997
-865 -584
19 50
-156 494
-1260 753
-1343 243
-698 518
-340 406
128 75
793 214
91 903
532 474
3 863
-25 579
-77 1036
-429 668
-216 -122
-503 -607
-425 -1071
-292 -1030
451 128
572 126
350 284
231 275
-216 110
-173 36
-219 180
369 225
-168 -438
15 -204
-153 -836
197 -442
-37 894
-67 810
273 664
-258 281
278 0
17 44
425 215
17 111
220 -187
324 -47
403 -180
249 -260
-364 -235
-283 -166
167 -431
286 -211
-217 -733
385 -403
37 -203
78 -511
237 -26
-83 -22
79 -11
10 304
-58 343
87 153
-96 339
27 44
-487 16
-370 277
-448 116
-355 193
-163 112
-284 160
97 74
-121 214
-6 -407
37 362
-429 -324
64 -3
342 -165
402 -605
318 -7
186 -24
-535 -221
619 -572
-59 -242
191 -720
-127 -163
229 199
380 -34
-41 -216
-10 -237
-115 35
186 -94
-254 -81
48 71
-51 325
-383 379
165 30
-56 63
423 92
36 361
33 -33
237 82
-195 -213
129 -176
-143 205
80 -19
67 102
-219 163
158 -17
-41 -20
-98 49
199 -253
249 50
45 47
-242 -112
243 -154
-182 -73
111 -40
251 181
232 214
109 157
367 -164
261 75
112 -329
288 203
-133 -65
-162 13
44 -190
-198 -41
218 -264
185 -184
-47 -130
-23 226
0 -109
22 285
-91 -8
66 124
-112 344
7 125
143 442
-54 134
19 -127
-414 596
-99 -170
-75 330
-76 -134
-171 -210
-126 138
-117 -43
-234 -101
5 29
-181 -23
-57 10
-283 -165
71 150
-115 95
121 9
-44 -307
341 111
-168 -48
341 -417
-169 -204
187 263
-158 190
156 -67
-88 -197
-25 -112
-59 -74
-102 2
41 -60
-59 183
-93 -123
-58 90
-113 -176
196 -182
-57 -229
152 30
67 167
-296 -164
13 -147
-334 -28
-122 -124
-39 -230
-41 -10
-19 28
-104 255
117 81
23 60
40 -252
223 -106
-70 124
150 -266
94 -23
376 -71
-243 97
253 -145
-45 161
-71 197
345 -17
46 193
15 -161
132 115
-201 -138
181 123
-346 234
120 -458
-12 162
-155 -485
218 -18
-179 -79
57 -239
-138 190
-85 -154
-63 -229
56 11
-155 137
135 -17
-105 110
180 224
-128 47
67 -133
17 -114
211 -165
-40 -71
41 -269
-134 215
-105 55
-19 397
-125 156
202 -23
-82 154
13 -103
-135 144
-11 54
34 48
10 145
6 58
20 59
82 -202
82 -216
-43 -281
-153 -30
181 -236
57 67
8 -313
227 91
-3 55
292 40
132 176
-181 317
28 -132
-16 462
-293 -60
-86 2
106 -119
-23 188
116 -165
136 142
-81 -208
151 74
-175 -111
-60 -79
132 75
-98 73
99 -123
181 120
-74 160
144 96
-32 100
-21 -120
155 16
-24 42
66 -14
-59 -67
169 12
-109 -14
214 -13
132 -92
-113 31
30 -118
9 114
-76 -236
219 210
-218 -85
342 -30
-113 145
45 -324
5 254
-131 -36
-189 -30
48 133
-122 80
113 -46
0 162
-133 -16
116 86
-115 187
-22 137
-147 11
81 16
-83 138
-65 41
143 -99
75 -19
83 -161
-65 31
64 -179
-35 12
-18 -161
275 89
-283 132
184 -109
-151 268
-23 181
-41 25
130 150
-51 96
46 451
-313 -271
388 285
-402 128
146 -4
12 93
156 7
36 24
-241 -190
206 -37
-320 -37
101 -204
168 -322
-134 351
-162 -252
96 276
-178 204
45 -153
-42 146
-57 -142
-349 48
193 -354
-130 230
-90 -326
220 -241
-36 17
29 -238
62 177
160 36
-16 -4
165 -134
11 90
139 93
-169 -29
161 -42
-129 107
-56 -260
163 212
-235 -128
266 21
22 -71
8 69
-40 -61
62 43
95 318
-216 -253
299 139
-327 -7
50 -77
-13 89
-23 -87
55 67
-194 125
126 -191
-36 227
-60 -222
-160 38
130 -100
-78 144
13 -164
89 274
-196 -215
266 121
-294 2
-122 190
31 -227
59 222
-145 -179
39 150
-94 -123
138 73
-152 -10
-111 297
-19 -313
147 277
-249 -195
6 73
-32 -64
53 47
-68 -18
-66 -52
81 23
-82 15
71 -48
-24 -136
82 116
-118 -74
138 20
-1 49
-22 -45
37 34
-44 -14
-109 -239
199 173
-253 -75
261 -34
-24 -41
35 26
-45 -12
42 -6
41 46
-53 -28
63 1
-61 22
276 -121
-205 222
93 -287
33 301
-90 38
66 -72
-33 88
-8 -95
112 183
-179 -120
214 34
-211 51
36 224
-126 -192
193 122
-224 -36
19 17
-25 -1
22 -4
-17 13
-162 -53
167 -18
-150 84
101 -139
134 166
-190 -97
209 12
-198 73
93 92
-124 -48
129 -8
-118 59
-8 -71
35 64
-60 -48
73 15
103 -12
-83 56
56 -87
-15 100
-63 159
-3 -165
73 153
-127 -106
187 83
-204 4
185 -83
-137 151
19539 3734
16689 3622
12742 2268
9068 1871
-6082 896
-6335 -690
-6779 -1607
-6528 -2528
-3325 -2413
-5465 -1455
-6214 1558
-5724 4538
2564 565
2565 650
2082 1140
1174 560
-2537 -574
-1504 -823
-1077 333
-972 5
-762 683
397 -45
1587 -101
1208 -550
-163 520
-27 846
-419 300
-145 -662
581 -76
344 -464
245 -783
-10 -611
428 -661
295 -531
-267 -56
-520 -52
-787 -510
-82 15
-50 487
38 180
-1493 536
-681 191
-228 713
51 341
593 446
177 614
572 774
390 1075
-110 565
7 1017
-497 720
-224 596
-569 -363
-466 -1325
-151 -821
-628 -421
456 48
487 313
94 306
304 -36
-180 -129
-144 328
238 120
191 486
-371 -603
363 -629
-356 -425
174 -438
228 848
-12 754
-42 87
-438 215
223 284
137 83
331 113
-168 -275
283 115
371 -342
348 -122
210 -233
-388 -46
218 -581
301 -55
93 -410
436 -478
16 -114
62 -597
141 -66
73 -20
-64 48
116 187
-191 -27
-8 376
-101 94
131 263
86 288
-477 199
-315 145
-486 221
-441 42
-355 456
36 -226
55 467
-319 -210
-111 -66
-118 11
-354 -182
-99 -293
379 -437
271 -168
295 108
163 152
325 -383
132 -535
138 -376
-47 -47
28 199
562 -120
-178 -64
-54 -70
78 -111
76 111
-237 -317
-201 149
-286 466
-229 167
113 294
-186 -467
527 78
-53 420
93 -121
-344 463
5 -74
-112 -217
92 146
74 -1
107 141
-276 143
219 -25
-389 197
-45 -222
257 14
82 -171
392 -124
163 -193
-93 81
26 -424
93 225
-150 285
554 -51
-79 523
-385 74
290 -123
169 -135
159 48
78 -55
-40 -117
-20 -23
-213 -220
-1 306
10 -119
85 -255
-91 396
-189 46
-143 206
90 -7
-103 194
-8 -97
240 319
-150 361
247 90
-19 586
-424 278
45 118
-317 126
31 40
-174 6
-217 -61
44 97
-254 348
16 -132
-129 128
-170 -106
-32 82
-142 123
94 31
-39 150
150 22
87 -254
213 184
-103 -474
389 -170
189 181
-127 266
91 -124
90 317
-169 -176
102 -84
-249 73
-40 -133
-15 228
-151 -147
6 87
-211 -13
46 -125
59 -340
96 182
58 -135
-178 -88
-128 -169
-195 -65
-157 -241
-7 -26
-154 -182
155 142
-111 75
-175 44
304 -25
-185 -63
214 -224
108 243
-60 -304
302 -74
-258 -196
-112 -115
218 103
-112 -82
117 78
571 128
-219 153
274 -232
-145 247
152 -225
-103 347
-184 -85
-160 343
-214 -224
191 -210
-205 -122
18 -298
-119 -158
-8 49
-149 30
-60 88
-51 -147
8 238
-57 -37
47 314
175 269
-135 8
91 -100
-107 -60
-94 -162
235 -196
-159 -46
32 -226
-68 300
-154 189
84 292
-183 138
84 167
-142 -51
-16 29
-240 204
-153 136
146 -12
-47 254
56 -108
143 -104
-14 -286
74 -256
-28 -180
65 115
18 -296
196 -2
-81 -124
81 121
193 14
241 156
84 6
129 246
-267 159
58 120
-265 327
-77 4
94 0
87 54
22 -40
47 74
-77 -138
118 -17
-183 70
160 134
-144 29
165 -101
-108 147
-18 371
9 -73
161 194
-147 -213
113 -80
56 109
-32 -43
51 140
158 188
-171 -182
339 112
-83 -7
154 -279
-86 271
-44 -293
113 195
-26 12
89 -7
30 24
10 -65
309 -421
-203 452
-28 -296
200 545
-201 182
91 -68
-17 175
25 -193
-266 -76
266 82
-249 251
246 -44
63 171
-177 -37
173 80
-203 195
-68 -331
357 112
-230 -160
380 -143
-11 -4
-38 -176
60 12
-108 -45
30 53
-70 89
-3 -16
-130 73
-97 -60
221 211
-159 82
332 36
-63 -29
63 167
-61 100
142 116
163 -169
120 304
-51 -262
221 212
-139 106
-71 -311
-16 145
-190 -262
-230 11
71 27
-226 118
-67 -61
-64 -135
50 82
-118 -46
103 -34
93 -151
-125 5
-5 -119
39 63
221 30
-209 -146
244 -6
-219 144
-34 187
101 -314
146 227
-119 -227
6 51
-28 -44
43 31
-53 -6
84 -86
-41 112
-6 -123
56 106
60 126
-105 -93
134 42
-140 14
-23 -165
90 141
-138 -92
161 25
-139 -116
176 45
-183 28
156 -103
41 -68
-9 79
-20 -77
50 63
34 163
-97 -136
143 83
-164 -19
-241 -145
277 31
-265 85
207 -186
-27 -168
92 142
-142 -92
168 23
84 2
-82 33
60 -65
-26 83
-141 -122
175 53
-184 23
159 -97
-26 -3
24 -11
-19 17
10 -21
107 193
-180 -133
217 49
-218 47
9 -138
46 133
-97 -103
129 49
-66 -136
116 99
-145 -46
147 -18
-49 -99
82 72
-105 -29
108 -14
-122 -93
152 36
-147 28
129 -90
66 -147
-1 162
-70 -146
118 108
-134 -238
222 161
-263 -59
267 -56
75 70
-96 -32
102 -13
-85 53
30 -281
90 268
-192 -210
259 117
-57 -146
112 105
-148 -54
155 -14
-119 226
15 -255
88 239
-179 -183
-178 -10
164 -63
-126 126
63 -168
-36 59
10 -64
18 58
-42 -50
-148 -87
168 15
-159 54
126 -116
105 -89
-59 124
5 -138
50 127
6 -275
110 252
-205 -183
260 87
-100 -24
100 -20
-84 57
58 -88
-24 -26
29 12
-33 1
31 -14
16611 3408
12898 2433
8859 1782
4545 1059
-6427 -541
-6759 -1782
-6473 -2360
-6312 -2675
-5478 -1219
-6296 1337
-5558 4705
-3552 5914
2535 933
1997 870
1363 773
1341 -632
-1916 -600
-788 -33
-1075 457
-671 -52
545 62
1416 -141
1382 -590
1057 -433
-135 648
-246 440
-359 -713
-364 -852
316 -379
241 -866
34 -539
-844 -642
184 -517
-171 -110
-584 35
-622 -429
-401 102
207 281
-110 479
-364 150
-933 472
-111 354
95 718
-299 495
255 869
394 574
628 1186
149 829
-79 1048
-433 660
-260 679
-833 553
-410 -1417
-167 -715
-659 -524
-545 -91
79 205
507 230
-44 200
170 -381
-129 139
302 298
58 348
-472 86
-274 -693
250 -631
-295 1
-361 -611
68 528
-14 320
-554 9
-389 -448
528 214
-80 148
192 -479
-117 7
280 -25
294 -448
391 47
77 -527
312 -396
136 -184
296 -358
233 13
277 -179
-150 -431
262 -298
187 -38
50 -16
38 298
-169 -153
18 343
-19 354
-49 62
329 401
8 233
-387 265
-473 83
-396 172
-202 -33
238 -4
-219 350
-17 -214
103 84
-112 224
-444 -376
64 -156
-766 -57
545 27
-37 34
495 78
152 681
165 -317
18 -562
140 72
-533 -163
463 -102
-89 -119
-115 12
-236 -118
93 326
-341 -502
-29 279
-559 -185
-490 402
261 -29
-186 -110
-19 -404
223 247
-88 147
-290 144
-427 284
136 -157
-164 192
292 -148
-18 636
84 395
-212 -102
41 95
-364 30
114 -342
359 99
30 -264
355 -196
-38 -365
164 5
-207 -112
58 -77
320 374
-44 43
-220 531
-515 24
-136 -188
461 -29
-170 135
31 -42
-78 -229
-73 -54
-197 216
-37 18
40 -73
-118 207
-79 207
31 281
126 1
-138 203
19 -118
170 37
218 437
-128 169
283 362
-122 365
-126 204
-207 -21
-15 215
-75 -132
-2 175
-245 -28
60 347
-127 112
-360 160
28 -226
-161 274
-164 -219
-200 -4
239 60
-69 216
202 -310
142 -188
112 -164
69 -360
228 -198
-19 66
78 108
4 100
324 -42
48 -114
-185 81
-101 -114
-106 186
-9 -275
-70 262
-217 -201
149 -43
34 -380
135 208
12 -147
93 173
42 -333
-283 151
-162 -476
-101 50
-142 -344
210 289
-225 -41
447 176
96 107
-50 -266
173 17
-41 -171
341 62
-213 -244
284 -251
-164 167
221 -162
-13 164
-75 -102
196 224
217 327
-199 -211
275 37
-195 -162
36 6
-165 274
-325 13
-143 311
-159 -296
145 -187
-282 -94
23 -393
-32 15
-114 50
-100 85
-239 -45
-122 126
111 11
-126 334
129 104
-135 11
96 -102
-114 -54
-8 -272
86 8
-107 -291
90 15
-315 -164
141 237
-206 369
50 -54
-29 344
115 -81
-238 165
-90 -11
-35 294
32 51
32 150
26 25
3 136
-62 -139
55 -410
49 -46
-15 -316
24 -218
158 -68
-16 -76
130 -120
97 10
325 122
16 78
108 94
-185 387
-112 -59
-33 416
-357 -98
-204 128
305 -184
-80 267
68 -236
9 48
-37 -147
11 127
-126 -23
177 -239
-21 275
-90 -267
257 213
-45 220
90 -92
35 19
-77 -171
38 2
25 44
-40 86
-25 28
14 -63
117 83
130 -63
112 -58
-236 115
159 -206
-103 200
8 -181
31 -137
137 122
-119 -112
164 -7
-149 -50
132 185
-143 170
135 123
125 -150
-14 264
-12 -274
234 120
159 -13
-107 290
100 -28
94 321
-2 246
-109 -107
127 255
-210 63
27 -329
248 105
-167 -189
246 -28
196 -64
-201 3
130 -144
-50 206
-182 214
49 -177
-115 243
-199 -191
194 117
-97 153
245 -6
67 145
-193 -41
263 191
-186 168
252 -80
-41 23
208 -72
-95 145
79 -136
-32 -65
-145 -63
18 -125
-124 -59
62 92
-249 50
-25 -9
-153 138
-185 84
100 -145
-53 146
-73 -101
57 -8
-168 -33
151 -83
-85 75
72 69
-99 -85
125 75
-125 39
376 55
-254 0
340 -181
-98 200
55 -8
-45 28
33 -44
-11 51
-47 77
14 -88
25 81
-61 -64
-59 -220
145 174
-200 -100
226 10
-49 61
20 -73
10 72
-38 -66
-75 139
8 -158
55 147
-111 -114
-174 57
129 -121
-71 164
-3 -178
-93 -51
105 9
-97 36
75 -76
139 15
-134 40
106 -94
-58 129
77 92
-109 -49
118 -2
-109 46
44 71
-66 -49
80 18
-77 16
5 63
-30 -57
47 43
-63 -20
180 -105
-126 170
42 -205
42 203
-23 81
-13 -86
45 75
-73 -46
204 251
-290 -144
320 11
-298 120
138 -30
-115 84
70 -123
-13 137
-171 -37
171 -37
-141 102
89 -150
314 -170
-216 280
80 -343
66 345
-8 52
-15 -54
32 45
-43 -24
232 202
-293 -88
306 -40
-262 158
230 251
-318 -136
350 -6
-314 147
-106 -242
200 175
-252 -83
263 -30
117 57
-130 -7
123 -52
-92 94
267 -176
-175 274
46 -318
85 313
38 145
-94 -117
136 67
-149 -10
-67 -112
108 76
-129 -23
127 -28
-45 108
1 -116
47 112
-90 -80
-57 -25
63 1
-55 25
41 -49
-47 -124
90 95
-123 -47
132 -2
-312 -50
303 -82
-244 201
139 -280
-273 -39
263 -76
-205 178
116 -249
12861 2523
8854 1686
4587 1146
833 667
-6585 -1758
-6635 -2313
-6188 -2787
-5527 -2735
-6356 1540
-5585 4492
-3441 6093
-1323 5370
1967 1034
1318 611
1443 -498
2034 -1805
-1038 -136
-807 449
-917 68
-632 -85
1250 2
1477 -779
1051 -215
653 -579
109 296
-625 -441
-235 -1216
-894 -174
541 -742
-297 -529
-545 -787
-1310 -452
-115 31
-690 -69
-483 -378
-367 -594
-5 359
49 316
-443 361
-667 78
-36 532
-53 579
-111 559
-711 630
463 797
474 1013
362 921
86 991
-329 837
-425 556
-629 594
-536 465
-248 -1073
-433 -231
-867 -266
-282 -428
-5 43
504 163
-307 -125
117 -127
237 535
20 106
-342 294
-499 -44
181 -600
-246 -51
-385 -541
-433 -223
-116 514
-536 -205
-315 -248
-684 -390
150 -157
105 -104
-191 -366
138 -366
387 -428
299 61
151 -581
257 -188
414 -285
83 -154
343 -265
263 -33
-232 -203
249 -543
299 182
-250 -279
227 59
-242 140
-30 43
411 190
179 203
61 364
267 156
445 266
-563 -9
-274 222
-322 -31
-374 -123
10 214
-172 -1
155 -176
-342 20
34 -341
-385 10
-419 -393
-172 165
234 463
78 -198
646 768
-373 224
384 -339
-288 17
-121 -289
-321 30
-168 -318
37 164
-435 -195
-235 -101
-209 -444
-175 277
-427 -247
-13 111
229 19
-175 -167
-2 -347
151 -223
264 68
-577 363
-258 -33
-493 231
30 -52
212 154
-72 329
236 352
183 -300
-237 442
-249 -396
54 -116
376 -102
95 -69
214 -345
63 269
171 -359
-65 223
-208 -324
85 199
184 229
-510 452
-219 -21
-680 111
54 25
182 -76
-200 301
103 122
-162 -134
-78 248
-157 32
-178 281
-266 139
81 209
-115 345
227 3
275 -5
-272 243
287 -408
-38 207
-106 138
277 397
-136 332
208 -12
-237 269
-105 -62
122 85
-150 -37
-150 408
-206 -18
265 338
-293 42
43 -296
-147 344
-204 -275
118 293
120 254
-34 -6
261 -92
-88 13
37 -322
203 -246
57 -249
229 -246
105 78
-2 139
318 -84
4 304
-193 246
-157 -263
9 303
-481 44
-91 -199
-4 212
-207 -335
132 34
199 50
16 22
22 17
56 263
101 -85
-416 -104
-25 -395
-227 -34
59 29
14 139
154 110
258 213
-3 13
17 -218
198 -18
99 -111
203 104
-236 -400
373 93
-317 57
-435 -10
381 -119
-216 426
13 -302
9 -91
37 13
37 -239
130 74
32 360
-539 18
49 221
-422 226
-21 -174
-134 -178
-77 -260
-64 -79
-43 112
-195 59
-137 -63
-220 84
-13 -69
18 352
-12 149
29 228
-97 -273
129 25
-258 -242
185 -9
-84 -282
59 21
-287 -176
95 -181
163 222
-229 236
108 -28
-100 330
-112 65
-168 129
-24 141
-139 179
-64 -103
219 211
-247 37
314 -43
3 -498
129 19
-116 -339
232 94
-137 -99
263 -169
-91 77
191 -149
192 -96
229 222
-143 45
286 95
-99 181
-151 202
-169 55
-191 18
75 -22
60 23
32 45
-29 -13
-250 24
129 -114
-139 247
-150 -167
170 50
-176 13
217 -83
-182 132
-126 -98
237 -63
-222 -16
232 -299
48 185
-117 -38
92 111
-316 29
56 94
183 -101
78 0
222 -247
-174 27
102 -150
-38 222
-10 -165
31 -138
78 80
-96 -104
116 -21
-64 27
100 231
-113 159
109 110
-82 -50
177 -15
-45 -41
181 -151
84 182
-32 154
143 102
-5 141
160 253
-264 33
235 104
-178 214
249 172
-195 -253
298 18
-300 61
-168 124
53 -237
56 260
-164 -310
32 -148
-112 209
-185 -162
56 50
9 17
207 161
29 -21
175 7
92 362
-101 -56
267 160
-256 36
142 -166
3 205
-37 -156
125 94
-212 -29
60 -184
-136 8
46 -162
-68 -163
-103 262
-194 -140
119 38
-151 32
105 -118
-112 201
12 -120
61 -87
-32 60
20 -141
3 18
-223 -97
248 33
-221 121
226 -213
-129 178
152 -296
114 229
-114 -191
