4 0
-2 0
-4 -2
2 2
1 2
-2 0
-3 0
2 2
-2 1
0 -1
-2 -3
3 1
-2 0
-1 0
-2 -3
0 2
0 1
-2 1
1 0
0 -1
-1 0
1 -1
1 1
-2 1
0 0
0 0
-2 -5
1 -1
0 1
1 0
1 1
0 1
0 -4
-1 -1
-2 2
-1 3
2 1
1 -1
1 0
0 1
-2 -2
-3 2
-1 -3
1 2
-1 1
2 -1
0 -3
-1 2
-1 -2
-1 1
-1 3
1 -2
-4 -1
3 0
0 0
0 2
0 1
-1 -1
-1 0
-2 1
0 1
-2 1
1 0
1 1
1 -2
-2 -1
1 1
-1 1
-1 0
-3 1
-1 2
2 0
-3 2
1 -2
-1 -3
-2 -2
-2 3
-2 0
0 -1
1 0
2 0
1 0
0 0
0 0
-2 -1
2 -2
-3 2
-1 0
2 0
-6 0
0 4
0 -2
-4 1
-4 -1
1 2
-2 2
-2 1
1 -2
1 -3
0 1
0 3
3 -2
1 -3
0 -2
-1 -2
0 2
1 0
0 0
1 -3
2 1
2 -1
0 1
0 1
-1 2
1 -1
2 1
4 4
-2 1
-1 0
1 -4
11013 4266
13830 1923
14619 -839
14259 -3585
1349 1241
682 213
777 -991
-87 -1586
-3697 -3913
-1356 -5479
1503 -3161
886 256
15 -452
-1165 -1822
-1996 -1911
-1370 -1143
3307 312
3548 1118
2441 1509
715 2157
-637 -470
126 148
846 521
921 257
752 -264
1729 96
2483 -17
2090 -522
97 -346
-787 -784
-1349 -758
-1167 -1137
-446 607
-272 438
-715 797
-570 -34
-194 85
-73 -318
-108 -749
-265 -684
64 34
-299 320
-722 -394
16 -174
322 447
271 -30
367 243
-214 146
385 920
346 568
147 787
17 629
500 15
265 -114
42 -784
394 -467
157 -278
629 -207
574 -216
726 -1053
746 729
661 138
782 357
334 161
-652 -101
473 144
76 581
858 -23
-148 -386
47 -23
-317 -103
-318 296
329 -55
62 -192
213 150
-323 246
51 -348
-62 374
-243 -202
-104 214
264 -69
-445 -495
211 177
-255 258
414 -167
-103 620
-138 20
115 497
-114 763
-365 40
-195 51
-714 -566
302 -262
-170 85
56 -290
240 -438
335 -307
318 36
-521 396
-188 158
10 -32
195 222
-87 151
136 563
153 62
86 -98
466 42
-95 -9
-161 88
51 89
430 0
444 -545
-362 -89
-671 -370
-282 -132
-203 -147
-29 28
-13 -138
-103 -59
235 -366
497 250
134 395
360 -156
17 29
-46 -34
-97 -341
-42 -31
-322 -194
166 245
143 476
-79 161
253 314
-60 -27
191 150
232 -155
135 -124
73 57
461 168
177 177
267 209
-365 75
-17 -192
-309 74
-203 -161
276 410
223 79
112 286
137 103
47 -55
-297 12
-58 -31
-245 269
-515 -225
355 -164
-420 202
168 -554
-34 596
444 19
-57 512
61 -320
233 29
-404 -185
303 -31
-161 110
-460 -203
-184 146
-489 42
54 2
-188 -216
80 -238
-483 12
-197 39
137 94
-65 19
-199 149
-224 101
-88 -276
32 126
-150 -275
98 -270
265 -346
253 20
-145 -149
267 10
-359 -35
405 -136
-374 12
194 -233
0 14
9 -82
-23 -52
-159 -200
-165 96
-74 -266
95 113
-112 -198
323 -14
25 -240
514 8
-3 -60
-318 -94
-69 -144
-79 -129
-47 -82
63 -371
86 66
-225 -159
122 -32
122 -144
27 134
-12 -187
83 -53
-8 -132
-215 26
-50 -18
-177 181
258 -53
-6 227
-2 -149
34 174
-62 21
-83 -33
83 -34
-80 38
267 163
-151 -85
201 -84
-252 -178
-88 58
-8 -364
193 34
-80 73
79 -150
162 -119
-127 -195
89 -12
-3 -254
149 -65
-145 -163
148 70
435 -184
-305 42
106 -417
-150 159
94 66
-165 -246
221 -46
-198 20
-123 -8
130 -321
-72 158
-131 -160
128 22
61 -210
347 25
-35 -58
-135 84
-192 86
8 -84
-66 14
33 56
-155 9
20 -147
-70 101
84 -55
-7 -41
206 -122
89 33
-77 123
204 -73
113 89
101 -78
123 -171
-229 160
-38 -119
-34 295
118 13
-155 122
156 -61
-49 341
-191 -100
66 148
-193 56
-11 -17
-39 -68
26 188
-161 -20
102 -37
9 90
112 -199
73 2
37 -250
-165 131
109 -235
-51 259
-104 -257
-90 -6
205 -235
14 31
75 -129
-48 356
101 -186
268 338
-204 -40
-84 133
-32 -74
106 29
2 -55
-164 289
-133 87
-23 154
-111 33
20 -58
-129 246
-119 -89
47 193
124 30
44 85
65 60
-10 153
-422 -236
291 20
-479 84
200 -313
154 13
-225 -106
127 -137
-152 -20
67 -164
225 253
9 -136
204 78
-68 141
62 -113
3 209
-96 -127
-180 -44
156 14
-153 31
133 -157
-16 -103
-170 74
-78 -57
-46 137
-26 -113
-68 126
-135 -159
103 130
-1 -24
-3 -6
-107 8
-58 33
77 -146
-46 181
-120 -237
167 137
21 -129
82 -10
88 -14
240 -60
-323 -131
322 26
-291 157
130 -120
159 133
-195 -71
318 12
-232 63
-149 -30
181 -225
-109 146
21 -140
30 136
-20 -227
154 164
-161 -73
128 -14
-84 29
142 -21
-33 185
132 291
-242 -217
309 98
-324 35
-21 503
-190 -466
362 343
-476 -168
106 0
-95 45
65 -80
-33 97
-164 -148
205 73
-218 22
192 -110
64 -196
20 208
-103 -183
171 121
39 -170
35 170
-104 -143
153 87
149 176
-208 -99
234 9
-217 91
-33 -74
64 52
-77 -24
79 -11
326 154
-361 -7
333 -142
-246 262
-123 45
91 -89
-46 119
-7 -127
-52 -73
77 45
-90 -5
84 -30
-8 84
-26 -83
56 62
-80 -31
-191 22
163 -97
-109 153
37 -184
-41 -87
74 61
-91 -20
93 -16
-13 5
6 -9
-5 13
0 -9
-27 144
-31 -137
88 109
-126 -64
-29 136
-27 -136
82 111
-121 -70
56 19
-60 6
50 -25
-33 45
-29 -13
30 -2
-26 10
23 -23
-110 -126
145 73
-169 -6
149 -60
-166 55
131 -118
-70 161
0 -176
-302 -49
299 -74
-242 187
140 -276
-238 19
210 -114
-145 191
55 -232
153 -81
-103 132
39 -162
28 167
-133 183
48 -217
46 219
-130 -184
225 145
-264 -43
261 -66
-210 168
-182 23
155 -92
-100 149
34 -177
16 136
-65 -118
111 82
-134 -29
-177 237
61 -288
59 291
-172 -244
202 62
-209 21
183 -107
-122 174
13698 1663
14844 -659
13975 -3655
12243 -5465
931 311
517 -973
150 -1705
-1202 -2579
-1236 -5467
1383 -3126
975 173
-932 3280
-1305 -1946
-1814 -1855
-1563 -1121
-387 1061
3552 999
2489 1616
634 2073
-284 2657
54 -99
1012 718
685 148
598 -470
1763 80
2457 10
2098 -560
1699 -836
-841 -696
-1339 -857
-1134 -1045
-513 -1009
-143 546
-882 751
-401 -56
-80 121
-93 -419
-44 -663
-359 -732
-211 -520
-362 25
-540 -143
-246 -329
-137 -331
735 53
-95 356
153 -146
-52 260
347 537
161 810
-5 608
274 547
367 -557
124 -341
131 -835
411 -405
299 -51
816 -493
620 -706
474 -983
893 268
517 337
585 69
750 445
-162 183
646 290
461 478
322 88
-45 -274
-129 85
-561 199
-116 -26
105 -283
214 254
-367 151
-683 156
-24 318
-255 -136
-121 152
151 80
132 -487
-318 407
136 -171
-167 541
-43 232
-36 404
-134 194
-10 72
-172 167
-424 18
-496 -630
-326 -132
-173 180
27 -378
303 -377
414 43
161 53
-384 322
-284 281
-205 218
113 206
-5 131
71 614
-145 158
334 -128
254 168
49 -221
-101 209
3 -189
586 233
203 -695
586 44
-645 -298
-339 -187
-127 -115
50 -233
-386 -85
220 -251
19 -56
46 -494
302 112
322 175
-83 -288
-70 -170
-94 -96
-142 -254
-137 -37
-347 -49
177 284
-33 344
138 160
220 340
37 16
428 -101
-71 -97
465 -60
334 307
239 -5
282 401
145 -81
-10 -273
-284 149
-259 -219
313 -111
54 209
215 98
123 314
-14 -247
-135 -141
-146 170
-249 44
-51 56
3 -116
-122 17
-29 -263
-44 141
23 212
250 161
-80 120
229 -200
-216 -219
147 70
-58 -45
164 -46
-575 57
-97 -40
-270 232
-172 -136
13 -21
-511 -212
-78 236
-403 161
157 145
-455 124
19 19
-376 356
-203 -14
121 -240
-159 -190
179 -148
166 -58
-35 -113
153 19
-182 -76
8 -72
-42 -208
-23 104
41 -69
-101 -75
74 -101
-227 -115
-45 -183
252 148
-371 -134
416 -165
-293 308
371 -187
182 102
270 -283
-83 208
-276 -93
89 -253
-145 106
109 -409
-132 -65
29 -126
-124 43
-169 -171
75 -12
4 -32
6 -182
-106 -131
-317 -12
61 -29
-273 232
-66 -135
116 78
-48 37
3 -12
-86 21
50 2
-56 -17
41 -36
-99 238
39 148
-73 -225
53 -164
-121 -192
-77 -325
239 -32
-98 153
262 92
-17 -121
34 -266
-27 117
-39 -107
348 -118
-308 -34
242 -116
-125 424
-2 -60
-130 -199
-27 -137
-113 -73
-122 -170
152 -101
-112 40
231 -263
100 -4
-176 -142
82 72
-37 106
26 -70
324 -122
46 57
153 -136
-194 218
-40 -202
27 97
99 -145
62 -309
-49 229
-164 -271
258 133
45 -19
149 -121
137 8
72 4
117 -21
170 3
86 16
168 94
-208 -159
72 174
-259 70
130 73
-50 255
2 -143
125 348
-130 25
69 206
-220 3
38 23
-267 144
-72 91
-35 21
-28 -29
2 73
164 52
-80 -208
263 -117
-116 -64
87 112
-173 -62
143 -18
-181 -25
-63 -433
337 101
-254 -58
397 -108
57 216
144 -55
67 262
-61 -75
-134 213
82 -281
150 214
-25 -279
-334 257
89 -84
-116 297
3 -182
-107 41
-56 109
-89 39
-96 59
-63 -186
274 260
-282 58
269 -51
-261 -148
92 15
-291 -17
107 -236
-33 16
-101 -174
70 -88
-114 -100
122 70
174 -12
0 37
26 -135
15 77
-29 13
12 35
-39 -175
-112 -170
168 90
-185 -84
171 28
-68 87
-171 -31
29 73
-141 14
179 -57
-286 112
129 -178
-20 210
67 -115
-129 134
-91 -92
-99 203
20 211
-192 -235
230 106
-198 -36
130 32
18 -33
304 -67
68 37
163 96
-180 28
76 51
-185 284
60 77
22 -19
47 -30
-32 -17
-169 -329
256 95
-290 53
358 -116
11 -57
52 26
-13 16
-17 -13
226 -51
-104 181
113 -103
-53 247
-79 29
63 -56
-29 78
-3 -82
64 36
-73 -9
68 -25
-60 48
188 -154
-113 216
14 -239
86 226
-28 4
21 -12
-17 21
5 -24
90 149
-148 -100
175 36
-170 40
-26 48
6 -51
19 49
-34 -39
-103 80
63 -108
-13 125
-43 -121
181 -46
-142 115
85 -164
-10 183
38 -117
11 121
-63 -107
98 73
-68 73
27 -94
10 100
-53 -87
-252 -32
245 -75
-193 167
104 -231
-228 201
126 -278
-5 304
-122 -276
33 -129
26 132
-76 -110
114 69
94 -161
-18 185
-59 -177
126 137
67 56
-84 -30
90 -8
-77 42
88 106
-127 -58
140 5
-126 52
5 -96
36 89
-69 -66
91 33
-41 462
-153 -440
322 339
-433 -180
-13 -67
38 55
-59 -33
68 7
-32 45
9 -51
10 54
-31 -47
-227 54
183 -141
-110 204
15 -228
85 -77
-43 104
1 -111
45 104
-31 77
-6 -87
41 75
-64 -53
8 -115
42 113
-81 -84
110 47
-94 -51
104 10
-96 38
78 -74
-201 66
154 -140
-86 192
0 -212
-30 328
-110 -311
225 237
-302 -125
-94 123
34 -150
28 150
-88 -127
-86 -80
113 38
-117 12
105 -56
139 64
-157 0
142 -62
-103 113
14632 -1074
14342 -3366
11791 -5581
8901 -6698
536 -849
78 -1817
-1090 -2507
-2378 -3451
1339 -3428
1144 434
-1188 3114
-3715 4240
-2009 -2171
-1253 -913
-756 994
-249 2677
2530 1437
662 2255
-387 2504
-184 2974
807 500
960 265
297 -462
-14 -926
2411 -77
2177 -502
1600 -859
1524 -135
-1488 -715
-1053 -1238
-507 -798
-206 -1056
-601 779
-665 37
120 -78
163 -214
-79 -715
-314 -704
-268 -525
-68 -203
-408 -258
-323 -169
-134 -509
-103 -115
221 255
-90 79
82 -40
211 175
-64 672
260 643
26 625
140 149
175 -672
223 -515
202 -662
-93 -119
660 -394
724 -853
438 -803
212 -257
642 270
497 183
787 309
413 87
444 451
581 247
308 352
54 83
-419 -41
-247 200
-398 107
-204 -175
-116 79
4 181
-1032 280
-528 -452
-322 -55
-90 48
165 183
631 -293
-112 -25
130 308
-348 101
41 207
-41 285
-83 303
-103 -4
-19 -368
-447 -270
-354 -371
-558 -307
-214 84
-72 -223
334 -555
460 219
421 -207
-487 152
-116 396
-400 186
131 253
-29 146
81 588
-146 187
103 -15
208 -88
193 1
-325 69
-198 -98
414 168
382 -707
429 131
-74 -244
-303 -188
-159 -101
74 -260
-116 -257
-142 -275
352 -179
-206 -235
135 -158
275 -135
86 -23
-332 -343
146 -287
3 -65
-357 -144
-104 -36
-268 -65
189 88
38 484
177 4
281 165
130 -142
220 -173
232 130
62 -282
483 -51
83 541
272 -292
119 112
-204 -204
-183 134
96 -400
239 1
141 109
191 279
-57 -186
223 -63
69 444
-554 -118
296 75
-555 143
-142 -49
17 -212
-103 117
-21 45
-183 214
300 -105
-24 162
48 -362
-226 134
250 -261
-35 275
103 -116
-373 -68
-13 150
-377 55
89 8
-234 109
-462 54
24 173
-446 177
-218 66
-175 168
-261 137
-4 246
-191 -393
190 -181
-146 -14
374 -338
-72 170
71 -253
-2 137
-60 149
-99 -133
2 9
62 27
-82 136
29 -276
-112 31
-205 -264
193 250
-87 116
53 -276
82 258
-124 -15
579 64
-79 -84
149 -112
-60 323
70 -116
-184 -32
199 -296
-117 -61
167 -360
-152 314
-251 -434
84 141
74 -6
-72 -182
-40 -168
-135 -232
-208 187
-113 -72
-87 217
-110 -130
108 -65
-96 144
-59 -164
166 240
-283 -163
308 10
-366 307
204 -199
137 -168
-158 -132
57 -311
-40 -9
-45 -6
151 14
92 325
-38 -9
-163 -409
212 164
-279 -52
205 107
18 -10
-68 -1
110 200
-52 132
70 -39
-269 -199
134 -120
-107 115
-105 90
45 -243
203 60
65 -124
16 45
-167 -19
234 88
-67 214
72 -176
300 12
-58 12
279 -131
256 -137
-275 163
350 -326
-62 248
-286 -111
191 -56
-153 83
73 -94
21 -95
242 -66
9 121
132 -54
221 -159
109 192
78 -52
77 271
-43 -149
-17 323
-193 -56
126 162
216 154
-193 165
235 67
-80 270
-241 8
50 12
-278 164
-31 4
-209 162
74 -222
-8 292
-87 -218
-52 -66
173 -236
11 9
72 -197
5 28
-59 -25
7 -93
-19 -83
218 -311
26 265
11 -290
198 298
81 133
53 63
36 98
-51 -14
215 -167
-16 163
147 -302
177 64
-28 -1
-44 173
-10 -36
160 113
-426 119
246 -121
-336 341
-56 -425
199 299
-229 -11
250 32
-260 135
-156 -57
-35 -51
-115 -98
3 -166
84 -162
-97 -19
8 -227
-8 78
84 127
27 -120
69 24
-157 -101
-247 3
212 -42
-192 -18
116 -315
223 124
-246 -92
229 10
-157 312
-115 260
-145 -174
115 169
-257 -50
-120 -96
67 78
-65 -48
93 -16
-71 191
-163 -116
-24 194
-283 20
-16 49
-45 -81
131 19
22 -1
72 -82
284 0
61 -35
246 -42
-286 -35
201 57
-303 325
50 -167
47 57
-9 -87
44 14
-132 -55
157 -2
-167 97
228 -106
18 221
-78 57
100 -66
-84 104
51 -110
151 51
-74 122
22 -34
-68 92
135 -371
29 394
-186 -344
314 238
-150 -144
195 68
-205 17
185 -95
-55 8
47 -31
-31 48
8 -56
147 -83
-103 137
40 -166
32 166
-137 38
108 -95
-62 132
3 -139
187 69
-200 12
175 -94
-125 160
143 19
-139 43
110 -98
-61 132
282 187
-333 -57
330 -85
-266 213
313 -10
-279 139
200 -243
-81 304
15 -27
0 30
-10 -28
22 22
30 -121
20 119
-67 -102
103 66
126 -98
-78 142
15 -156
56 152
-127 -95
150 35
-154 30
128 -89
41 216
-125 -180
189 111
-215 -23
14 -71
17 69
-45 -58
64 36
-251 -357
374 220
-433 -49
418 -129
241 1
-215 97
162 -178
-71 229
281 54
-281 65
231 -176
-136 253
-31 397
-135 -371
274 284
-367 -150
220 -120
-155 200
61 -245
43 244
-71 20
59 -48
-31 66
4 -73
-171 212
70 -262
44 267
-147 -227
9 71
-36 -58
56 38
-66 -12
-265 11
237 -120
-166 208
70 -257
-66 -143
121 101
-153 -46
155 -22
141 -55
-107 110
54 -141
10 151
-174 -70
190 -11
-165 82
119 -146
-105 -3
97 -39
-73 76
38 -100
176 22
-170 49
136 -116
-75 163
-240 66
189 -163
-108 223
6 -248
14154 -3427
11985 -5603
8727 -6599
4536 -6690
-68 -1990
-886 -2405
-2609 -3457
-3214 -4165
1019 359
-1045 3132
-3859 4284
-3991 2417
-1496 -1177
-427 1137
-605 2680
-627 3621
731 2021
-356 2750
-316 2766
526 2184
1055 405
152 -557
156 -901
-329 -551
2159 -578
1649 -803
1455 -169
1568 552
-1001 -995
-654 -1003
13 -930
-18 -477
-719 210
96 -257
260 -61
619 99
-330 -601
-291 -627
-1 -120
234 -121
-438 -72
-71 -648
-100 35
-405 -321
-97 117
70 -78
234 205
471 569
-23 502
337 640
-152 260
357 119
244 -607
221 -570
-146 -198
-472 244
984 -813
183 -738
413 -423
-105 -38
547 175
746 340
440 45
357 -7
740 694
-21 9
495 258
-197 -125
-304 42
-289 221
-353 -235
-356 300
-169 0
-799 374
-782 -441
-166 -350
-252 376
181 -181
763 38
344 14
-211 53
59 197
-372 289
477 -317
-114 402
-117 -107
42 -276
13 -641
-625 -570
-232 -242
-538 159
-138 50
132 -413
583 5
395 33
371 -635
-222 31
-153 476
-212 85
179 46
-168 417
151 238
-187 57
247 -182
261 101
-425 7
-74 -81
-449 80
558 -622
240 122
100 -321
360 -6
103 -83
-177 -168
69 -442
-46 -288
324 -102
-206 -322
172 -78
-262 -131
164 -226
-324 -127
51 -479
-177 -48
-360 -191
-79 0
-303 -93
-43 31
348 -32
107 601
107 -411
494 394
227 -231
254 183
26 -323
-102 187
335 443
84 -100
213 -143
-367 -57
-253 -279
332 -57
-114 -226
355 -347
37 50
183 -45
-54 -101
288 -537
-61 45
-221 136
-110 -122
49 173
-21 -331
-27 210
-130 -4
269 215
62 21
141 -55
-12 -103
135 148
474 -114
-296 233
359 -186
-78 485
-263 48
-105 43
-153 133
205 30
-346 275
-175 19
-200 236
-226 -76
-312 118
-116 126
-135 315
-93 -60
122 -399
4 155
161 -429
347 37
58 -139
-27 25
10 239
145 78
-108 -37
179 25
-192 191
268 -89
-107 -394
-42 120
-117 -34
299 309
64 -319
92 301
-149 -51
258 157
-143 -33
188 -185
-69 406
-78 -271
-178 108
134 -425
-11 33
-110 -397
36 195
-376 -248
121 -83
-462 38
-69 -200
-32 -149
-143 -245
-30 -144
-290 -16
50 88
-179 42
49 -230
-217 129
57 -198
75 316
119 -208
184 112
-289 161
195 -38
-137 302
61 -343
-54 -27
-53 -313
-63 -42
149 329
-35 33
193 203
-176 301
-175 32
130 -91
-154 306
71 4
-92 143
75 52
35 248
-23 -40
-166 -69
-18 -195
63 119
-19 -45
258 12
-97 -84
394 -121
-134 133
-66 -207
212 303
-138 20
358 136
172 -197
136 149
43 -180
149 301
-23 -96
226 10
-85 -110
129 87
80 52
-95 -61
82 57
-9 137
90 -68
150 55
32 59
120 13
139 -151
186 267
-155 17
190 207
-140 241
-49 -36
-14 196
-99 -167
-54 228
79 67
60 209
-66 -32
-180 -23
-49 99
-207 161
-14 -152
-277 -45
237 -9
-186 157
170 -195
-221 104
233 -466
62 321
-101 -350
20 -99
-32 1
-18 -188
167 3
-63 -9
203 -78
-67 181
109 -101
89 100
-14 85
-1 -21
48 126
109 -248
200 126
-52 -304
227 113
-260 60
228 -22
-69 191
115 -194
-319 33
115 -26
-314 94
25 -195
-39 41
54 62
-100 32
17 -55
-6 -132
-103 -16
-42 -235
49 -60
119 -45
-177 -116
114 -102
-112 86
185 -173
-56 129
-88 -252
42 89
-95 6
66 -181
-52 -55
63 -286
-42 8
5 3
45 228
11 73
-272 222
70 -248
-47 311
-123 -245
125 0
-90 45
70 -110
169 151
131 146
-400 75
110 -29
-181 141
19 23
33 -45
138 17
34 65
354 -199
71 171
153 -224
188 136
35 151
-186 177
4 13
-71 200
21 159
-82 -200
73 89
-261 -43
-241 27
327 -76
-89 237
166 -229
-208 -49
186 -34
-136 135
114 -252
67 74
-91 66
-8 -48
-4 21
167 127
-199 -49
205 -39
-171 118
17 98
-60 -82
87 55
-101 -12
-136 -217
211 139
-254 -40
250 -68
-68 -72
94 33
-96 5
86 -46
-8 -26
21 26
-26 -13
30 0
59 111
-97 -76
123 32
-120 24
-15 127
-40 -124
84 102
-122 -55
-173 246
58 -297
67 295
-181 -246
-203 -45
207 -39
-171 125
102 -182
-34 -43
43 26
-51 -5
50 -19
53 236
-143 -196
211 121
-242 -23
174 66
-186 5
170 -81
-119 144
64 67
-86 -37
92 -7
-86 41
78 130
-126 -89
152 30
-147 35
-78 13
66 -43
-40 67
11 -83
-99 66
61 -96
-18 118
-26 -113
-143 -164
200 92
-217 -4
199 -87
7 -290
111 270
-214 -204
274 95
-67 -63
79 31
-91 7
75 -43
-88 110
34 -140
22 141
-75 -121
18 14
-24 -4
20 -8
-15 17
72 -143
-11 158
-56 -147
111 112
-133 90
87 -139
-23 158
-42 -154
-126 78
85 -122
-25 145
-39 -144
-41 -66
68 44
-80 -15
80 -20
244 -14
-215 111
153 -190
-63 235
173 25
-169 48
138 -113
-74 161
-78 229
-25 -243
120 212
-194 -146
-249 176
156 -262
-34 304
-96 -293
175 -216
-68 270
-44 -272
155 235
12032 -5477
8636 -6694
4654 -6640
314 -5615
-1075 -2610
-2353 -3354
-3494 -4157
-3575 -4740
-948 3357
-4031 4116
-3764 2492
-864 542
-479 973
-488 2811
-780 3546
-1194 3790
-415 2682
-230 2804
430 2185
1108 645
263 -532
45 -878
-237 -618
-46 -526
1596 -696
1462 -286
1610 658
1532 449
-702 -991
53 -956
-46 -432
-97 -462
-251 -372
629 -94
295 281
779 772
-282 -538
-49 -196
302 -69
692 86
-193 -225
-164 -398
-169 48
-434 -308
37 -128
284 240
415 563
451 799
313 484
-68 392
228 28
271 461
690 -857
-455 258
-372 -298
-548 813
579 -766
63 -241
139 -351
277 117
849 424
305 5
492 -31
-159 130
233 311
141 92
197 -118
-35 -128
-357 -74
-169 3
-624 156
27 -74
-703 206
-797 -250
-231 -532
-367 -540
188 141
624 -254
593 229
469 458
-516 202
148 41
98 122
101 -323
-384 -117
285 -380
-169 -446
222 -722
-504 -322
-263 122
-374 198
56 224
262 252
592 -317
334 -234
265 22
-112 277
-171 287
59 -121
-350 -143
77 142
-83 114
131 -191
99 -37
-185 315
-424 -268
-59 108
-566 85
332 36
48 -193
359 -142
232 198
63 -293
-98 -228
21 -546
-377 -335
221 -252
-249 31
75 -404
-294 290
-434 -226
190 -433
-326 -30
-84 -386
-182 -281
-99 124
-320 -81
226 23
157 170
237 9
207 68
22 -177
134 14
197 -220
-305 169
-357 -253
140 -133
169 -83
-349 -120
-99 -197
31 -47
156 -351
156 -121
54 -379
101 -430
177 218
-55 -734
219 -314
-260 72
-49 -83
-22 162
64 -461
93 6
-157 229
198 -7
80 460
10 -295
207 62
-135 87
123 144
376 35
-175 271
227 -150
55 550
-89 206
-240 -18
344 127
-61 109
-261 -23
-103 240
-314 -36
-54 -160
-217 122
-46 280
-160 6
-46 184
-5 127
183 -409
318 27
14 -241
-169 55
132 154
73 209
104 26
376 -9
-355 297
370 -262
-97 237
-75 78
-67 -10
244 304
-99 268
78 228
-103 9
195 120
-177 38
169 -78
-93 296
-9 -177
90 399
403 -244
-332 -20
205 -479
-74 39
34 280
-470 -392
203 81
-539 -53
37 -178
-197 -192
-7 -210
-39 93
-171 190
-21 -143
-18 6
-44 -80
-244 -101
302 108
-5 78
395 -49
-32 40
14 179
-59 31
35 -73
-153 -193
102 -205
-248 -76
-123 -24
-7 176
110 89
-52 375
-35 -82
41 129
-162 70
172 219
-287 194
-114 204
150 30
-35 199
61 -106
65 -321
37 273
-58 -195
344 233
144 -204
227 90
-66 -125
84 -9
9 114
125 98
83 165
278 -67
71 -89
201 15
-76 192
69 59
-72 -191
260 -53
-216 171
94 -257
76 -30
-84 102
124 27
47 16
-253 9
424 -58
-188 284
234 -365
-202 84
276 27
-203 378
102 -65
-163 185
5 -46
-15 64
-15 -173
171 324
-125 9
187 72
-233 41
26 101
-276 190
36 -201
-106 169
9 -3
22 58
19 -25
77 105
157 -437
121 261
-131 -270
134 213
24 -287
41 98
-12 -233
320 105
199 -312
33 390
-67 -253
246 132
238 68
-225 96
201 -73
59 196
116 -164
142 -76
-45 -21
135 14
-205 206
237 -197
-3 283
19 -275
-226 -6
-11 -60
-188 75
-100 -216
31 26
-59 60
-31 -59
-7 61
78 -172
-150 -20
53 -301
41 109
125 -383
-55 267
-108 -317
276 210
160 -13
-224 -33
83 -160
-191 33
191 59
-262 -224
326 -213
-189 105
-22 68
47 151
39 137
-3 196
222 -100
-245 239
86 -264
-78 274
-57 143
4 -190
258 191
-48 -143
-192 5
-51 123
-95 -69
5 -48
21 10
125 -37
70 109
73 31
267 -307
172 294
-42 -329
267 176
-271 177
84 -21
-126 264
80 -205
182 -48
-228 60
24 -136
-41 117
247 40
-60 95
197 -89
-59 104
-87 125
47 -124
55 55
-75 -124
126 26
-189 77
114 -165
-87 134
-1 83
-31 -78
62 58
-79 -25
26 -39
-6 44
-13 -46
28 34
149 136
-190 -64
206 -16
-177 104
-232 18
205 -113
-143 185
51 -227
-66 105
16 -122
37 116
-79 -92
-167 20
146 -89
-98 142
33 -167
-359 46
306 -192
-203 303
60 -357
-91 -42
103 -1
-91 40
67 -77
-84 85
38 -109
8 117
-52 -101
-82 303
-49 -307
172 264
-265 -170
132 -233
-29 266
-83 -256
183 195
-68 -202
140 154
-197 -83
215 -2
-120 123
61 -161
10 171
-79 -155
-202 -1
185 -83
-135 151
61 -194
-91 -265
193 202
-263 -107
284 -13
-30 -280
147 240
-231 -165
280 55
-276 -78
284 -43
-243 153
155 -239
-158 59
123 -121
-60 157
-9 -169
176 -61
-134 127
67 -170
9 184
-24 78
-11 -87
44 74
-73 -49
46 -31
-26 47
7 -55
14 50
-29 -168
95 138
-143 -89
165 22
-228 15
200 -106
-142 180
50 -217
182 -68
-142 130
73 -182
5 194
-111 19
93 -63
-58 96
14 -114
141 -49
-109 104
53 -136
2 147
47 56
-67 -30
72 5
-65 26
205 -94
-155 171
69 -212
25 223
117 199
-187 -131
225 43
-222 50
-80 188
-6 -201
90 183
-157 -132
8626 -6843
4725 -6511
197 -5705
-3282 -3662
-2222 -3416
-3591 -4043
-3536 -4885
-2451 -4560
-3747 4164
-4044 2566
-632 358
4265 -925
-306 2833
-956 3598
-1060 3672
-592 3201
-409 2996
514 1938
1138 903
1162 -862
13 -744
-266 -752
32 -415
-321 -908
1365 -251
1689 588
1490 543
1286 -199
42 -921
-54 -474
-73 -429
-365 -169
281 -376
730 399
340 844
717 1038
-356 -128
556 -260
543 363
543 -218
13 -68
-473 -178
-67 -227
-699 -257
420 200
302 659
515 673
59 817
123 -33
228 493
78 36
510 805
33 -317
-591 428
-649 64
-902 323
505 -371
-205 -53
473 -299
304 885
503 111
271 -42
52 54
-392 -235
319 -62
96 90
-26 -356
-112 239
-310 124
-546 -14
28 110
-319 -46
-573 -12
-534 -664
-35 -548
187 -734
659 -150
517 144
567 506
62 265
15 202
156 -81
131 -110
-240 393
-61 -509
204 -476
-109 -542
205 -657
-616 15
-9 153
-256 417
-26 -107
402 -111
424 -508
294 305
61 -100
-189 261
88 -104
-381 -148
-633 86
32 62
46 -96
136 -157
-236 65
-429 142
-220 -266
-267 363
-418 -208
52 -257
376 -82
188 158
566 -198
-40 -402
39 -361
-466 -494
-146 -461
88 205
-307 -420
60 154
-492 96
147 -442
-288 -39
-115 -361
89 114
-64 -29
-292 70
140 -108
-81 79
272 222
89 -110
202 -61
-341 -408
37 -195
-166 75
-446 -112
-395 -291
22 -143
-192 -135
-238 -122
-425 160
110 -535
273 27
-107 -466
368 92
-7 -3
208 -606
-71 -327
107 -669
-41 20
-73 67
147 -396
36 18
132 146
-31 191
207 189
121 439
-16 -144
154 193
-177 168
120 -36
92 -2
97 207
28 171
121 230
70 84
23 164
218 -54
206 223
24 176
-399 73
-16 -297
-302 195
-344 247
125 -82
-267 383
73 -228
213 -476
313 97
-13 -305
478 40
28 126
181 194
10 83
396 9
-1 57
147 106
-44 -188
142 189
85 69
71 289
56 210
309 306
65 -83
78 272
-134 -145
195 188
-69 27
78 75
-92 201
238 5
-55 59
-74 -440
168 -113
-165 -226
-156 -3
-239 -144
-38 -26
-108 -197
-52 -149
-155 -195
84 14
-157 -2
9 52
-131 -163
121 32
-87 53
174 78
127 53
287 24
189 128
175 25
-141 237
19 -294
88 -31
-31 -145
-148 -184
-175 112
-265 21
-27 212
23 204
-36 106
-36 129
34 295
-93 92
7 201
-268 191
59 -3
63 202
-27 -62
143 -65
-86 -192
244 177
-79 18
353 -33
218 206
-107 -232
166 76
-337 -69
-173 189
318 -39
144 215
141 -198
247 -65
-84 281
40 -24
-103 178
53 119
-96 -66
81 14
-405 12
-42 308
-4 -141
230 120
-53 -80
204 -258
90 372
-60 -335
199 110
-223 -12
266 208
-263 281
221 -109
-209 207
68 -254
39 154
-159 -225
-69 292
16 -161
15 186
-167 -188
-88 407
-229 -324
179 175
-340 -174
257 -145
-109 258
84 -207
12 262
-64 -85
183 -26
-248 118
21 -111
109 82
-66 -191
348 44
-120 103
-187 218
199 -186
-29 178
-2 -303
149 -62
-74 219
194 -186
280 176
101 -73
-4 -40
107 43
28 29
127 -5
20 66
84 -68
28 -93
-97 190
-213 -192
33 16
-293 -72
-105 -13
40 -19
-91 48
-62 -8
240 85
-339 -237
374 -112
-314 187
-125 135
8 -229
130 177
-172 -118
56 28
-199 -106
41 -140
-122 54
-59 -158
112 -193
-7 0
35 31
11 142
80 136
-39 209
21 -35
65 171
-171 -72
81 -3
-212 119
153 61
19 26
242 -91
-2 156
-43 -189
31 222
-225 -258
199 84
96 19
73 52
99 86
-94 31
205 -18
57 -31
58 -57
31 72
96 -100
-108 342
35 -269
144 262
-14 -247
-42 227
-127 -244
115 87
186 12
6 85
41 -137
-37 43
2 54
16 -124
32 24
-20 -89
-137 236
-1 -289
69 200
-118 -195
1 -37
14 31
-25 -29
35 12
-5 94
-32 -90
67 67
-89 -33
62 115
-100 -82
123 33
-129 22
193 57
-198 33
170 -109
-112 170
-85 -61
100 23
-103 20
85 -61
112 106
-147 -52
153 -16
-132 78
14 -22
-4 24
-7 -26
16 20
-197 53
154 -133
-92 185
6 -205
161 -80
-117 139
48 -174
26 179
-19 -33
32 28
-38 -13
39 -8
-70 149
8 -165
59 151
-120 -113
124 -174
-41 214
-50 -215
130 176
-131 -193
200 121
-230 -28
220 -63
107 69
-126 -17
122 -34
-100 78
44 -78
-7 88
-29 -82
59 65
-176 -189
240 101
-259 3
234 -106
274 -146
-187 243
72 -302
57 303
-148 -124
190 52
-192 28
166 -104
59 -58
-33 77
-2 -85
36 74
-151 -52
156 -16
-140 74
98 -127
-145 -169
203 95
-228 -4
206 -90
-321 -92
333 -46
-286 179
188 -282
120 77
-141 -18
134 -42
-106 91
98 3
-92 34
66 -73
-33 93
-98 19
82 -61
-50 88
8 -102
-17 -83
50 68
-73 -42
85 8
52 58
-73 -36
81 -4
-70 31
-130 164
55 -199
35 204
-116 -175
49 22
-53 1
50 -23
-36 39
-93 68
56 -101
-7 110
-41 -105
4501 -6796
519 -5535
-3643 -3686
-6354 -1264
-3383 -4259
-3639 -4606
-2470 -4860
34 -3703
-3818 2619
-865 403
4457 -1063
8148 -187
-770 3794
-1307 3572
-324 3191
926 2276
438 2205
1097 629
1311 -629
1040 -1394
-325 -635
37 -545
-276 -786
49 -2039
1477 445
1740 587
1040 -140
589 -625
42 -509
-149 -351
-324 -267
-655 -742
647 315
446 886
601 1049
500 783
436 133
493 -44
749 138
-143 153
-180 90
-444 -353
-303 -299
-568 -435
426 797
348 591
250 821
-335 547
60 140
380 291
130 699
249 943
-620 222
-539 234
-1075 214
-869 -23
219 -73
90 -107
574 553
-108 250
66 49
199 -118
-460 -20
-574 -391
96 -333
146 27
-429 -43
30 -243
-512 180
-81 -46
-152 54
-393 -106
-466 -412
-203 -754
418 -611
547 -857
662 300
374 420
274 267
-109 169
427 -96
-103 10
-78 184
-270 497
97 -514
3 -549
109 -607
205 -481
-219 391
-159 111
15 213
-587 -64
242 -658
521 370
-174 -60
513 -122
23 -77
-330 -197
-658 152
-634 115
176 -196
58 -8
-229 -99
-90 149
-118 2
-470 156
-148 -105
-387 31
102 -203
493 152
289 -70
698 -139
-97 -469
-298 -450
-317 -431
188 -255
31 -127
-369 16
-51 47
-259 154
-137 -244
-166 -114
38 -131
-54 320
-185 -153
134 135
-175 -146
36 258
192 -20
69 -99
-206 -424
-32 -10
-189 258
-501 -287
-272 -154
-461 -129
-412 -80
-57 -264
-530 365
-306 -190
206 -347
109 -151
39 -109
94 -68
108 -527
-12 -435
97 -541
285 -314
156 106
-82 -338
216 -126
-166 56
186 280
-24 192
338 338
-171 205
-75 363
-42 -80
102 254
-99 -213
38 75
137 270
-18 187
26 265
-20 148
262 -57
160 251
186 -170
-179 29
-203 -167
-186 -2
-83 -29
-158 -39
-24 226
-84 18
-29 -90
278 -181
136 -65
245 -125
134 63
-13 123
214 64
217 108
189 -174
112 238
-68 -328
223 302
-27 -284
362 225
-176 387
455 50
-19 422
-25 288
-43 -208
134 280
-61 -69
-432 49
379 22
-119 361
83 -238
-16 -138
-12 -359
97 -70
-20 -174
-146 -118
-138 -12
-29 -252
69 87
-394 -317
353 32
-405 99
245 -128
-107 -135
92 10
-56 57
-76 100
169 -32
279 119
158 40
-77 -152
72 -141
-15 139
-52 -439
104 -98
-107 -158
-219 107
-214 10
-11 57
142 303
-180 58
119 112
-31 208
-142 198
3 83
-220 295
-101 -22
83 219
-58 -68
174 -74
-137 48
120 -132
154 252
44 -154
293 108
-46 -362
163 215
-394 -198
81 -34
182 -43
268 163
50 -102
228 -41
-99 262
60 -17
-121 180
-159 -141
-6 203
-112 -200
-143 134
-194 -140
263 80
-100 30
290 -130
70 46
162 180
-46 -127
101 -67
-303 -70
-65 100
86 245
-87 68
213 20
-93 -52
103 -97
-117 31
-10 -127
-4 15
-35 11
-46 -48
-97 -23
-39 -180
-54 116
-105 -219
39 -269
97 -91
36 202
-112 -130
78 99
259 -8
-329 134
91 -149
-209 284
216 -65
45 40
164 -23
-6 143
131 104
-79 -115
168 -55
-92 -71
74 249
47 -153
402 88
-41 -46
23 6
63 18
74 37
51 117
359 -47
-175 173
165 -423
-114 226
-41 42
-217 -125
-14 -44
-154 -29
-141 -192
145 133
-314 6
154 37
39 -288
48 92
-102 -132
42 74
58 -77
25 60
-27 -57
-4 24
165 -305
-211 201
-33 -355
79 196
-46 -200
140 -56
-77 145
-54 -34
163 -20
-52 386
-40 -199
57 170
-26 158
-148 -155
52 164
-253 -52
333 98
-76 -28
256 -30
17 190
1 -296
18 203
-217 -243
178 168
-17 100
160 4
-117 133
-55 4
184 127
-129 -147
237 76
-227 56
-213 129
220 -114
-85 196
36 -181
-106 -56
41 -10
-135 -57
22 -120
285 -57
-156 108
39 -262
-32 151
-15 -108
58 -1
-27 -53
73 -6
140 -471
14 425
-165 -417
504 267
197 -33
-162 108
102 -168
-29 196
-185 191
88 -251
22 261
-126 -228
-130 42
106 -95
-61 130
2 -141
-250 9
220 -111
-159 192
67 -236
67 62
-85 -28
90 -7
-78 44
135 -123
-68 171
-3 -182
80 164
6 259
-108 -238
195 165
-249 -76
-19 82
-14 -79
50 69
-75 -40
109 -237
-1 258
-102 -241
195 172
106 60
-122 -17
114 -42
-91 81
130 -115
-73 157
1 -174
70 155
-81 -66
101 27
-104 20
88 -61
-167 -339
293 242
-364 -99
373 -53
-12 -47
30 38
-41 -22
50 5
-58 -23
64 -1
-61 27
38 -50
-18 -19
27 9
-26 6
25 -15
-129 68
88 -118
-37 141
-27 -141
226 283
-320 -167
359 24
-338 128
-232 -10
220 -86
-166 171
81 -224
41 73
-69 -48
85 18
-81 18
127 -101
-76 140
12 -161
57 155
-197 4
179 -88
-132 151
55 -193
-87 227
-15 -244
113 219
-195 -155
-3 49
-18 -47
36 39
-51 -21
231 138
-266 -30
261 -80
-201 181
10 -121
41 118
-86 -93
118 51
-343 -113
359 -37
-315 176
216 -291
-149 0
137 -64
-99 112
43 -141
238 47
-235 55
193 -144
-113 210
-69 -186
138 138
-184 -70
197 -10
324 -5507
-3478 -3789
-6463 -1103
-8541 1292
-3783 -4646
-2324 -4881
-89 -3620
2881 -1956
-860 486
4419 -1138
8215 -132
8383 1475
-1301 3787
-415 2994
1089 2417
2436 692
1400 628
1028 -504
1236 -1618
789 -908
-26 -326
-310 -1010
174 -1846
431 -2057
1619 449
1200 -59
407 -629
-129 -226
-95 -218
-424 -370
-519 -687
-838 -1217
845 774
283 1313
679 413
582 487
647 -153
655 301
-125 -33
-117 185
-308 -43
-552 -522
-244 -335
5 -424
390 880
86 579
-93 704
-467 423
441 273
82 743
270 888
306 1329
-618 319
-1034 103
-863 92
-610 239
279 -112
403 637
14 107
143 -144
-59 -119
-219 -129
-751 -198
-390 89
-85 -102
-166 -20
-217 -157
-267 -272
214 -41
-427 165
-194 -317
76 169
-162 -670
349 -668
639 -831
342 -473
491 677
65 82
157 248
65 217
32 -231
-100 463
-366 230
-23 408
167 -721
29 -383
188 -719
261 -242
-30 294
-178 99
-365 -39
-418 153
140 449
143 -290
318 217
75 246
-500 -274
-476 149
-803 194
-353 159
-143 -210
40 4
-379 163
-306 -309
-173 170
-423 2
-181 -174
-413 -148
356 360
332 -315
762 97
31 109
-673 -714
136 -347
-256 -149
193 -501
-187 -103
-163 233
-230 -60
51 199
-89 -290
34 59
-130 149
231 365
58 -333
87 254
-366 1
216 133
104 -15
-267 -484
52 18
-272 -79
-304 -386
-409 19
-402 -344
74 -70
5 -142
-640 280
-168 -157
-235 348
219 -386
40 152
-11 -308
229 306
-30 -706
228 -304
70 -478
462 -274
18 -44
12 -349
111 180
-246 -267
7 177
312 372
-162 168
-76 -21
45 76
-44 145
72 -169
68 -151
-188 218
302 100
-233 473
325 -217
251 89
115 116
285 -68
-270 64
13 -170
-385 97
66 -198
-91 401
-192 270
52 -92
-121 69
10 14
298 -377
222 226
11 -272
295 251
165 179
217 -15
239 -63
46 16
104 -205
15 260
178 -329
351 184
210 141
201 437
53 -35
135 318
-256 217
160 -189
113 371
-76 -356
99 399
-18 -95
176 224
-212 179
45 -282
9 -120
81 -161
-125 127
-287 -95
144 -237
-95 140
90 -417
-44 71
-60 -103
15 195
-77 -64
305 92
-280 75
122 -8
-270 432
434 0
64 211
-60 -349
-152 160
106 -189
-27 -92
-59 -407
-212 -172
-117 185
-342 -20
116 33
-93 61
89 83
-136 203
165 26
-124 88
-210 111
-35 182
-225 152
-82 21
292 -61
-150 65
100 -215
62 271
51 48
225 -11
73 54
166 -103
-93 53
-95 -155
-213 46
-73 -10
-31 200
303 -256
57 200
29 -385
121 -164
-116 344
-230 -281
15 100
-39 -27
-277 6
-28 -79
-195 -6
56 -91
189 39
86 -155
248 -9
-54 -32
71 -158
-236 4
-213 -222
-160 51
220 146
-98 68
300 -36
-27 -168
28 43
-148 -75
124 -22
-53 -51
-4 4
-157 -51
53 22
81 -3
-179 -59
39 -448
-47 92
-46 276
-68 -234
74 209
-304 -184
-126 -94
4 135
-245 -15
-32 92
314 -53
-44 175
103 -119
-28 299
246 239
-278 -245
394 -79
-406 17
10 153
308 -207
172 185
132 -250
27 49
97 -8
54 168
-6 41
-47 8
116 -218
-146 24
-74 -177
-183 -237
3 70
-214 -127
60 -78
-134 -41
14 51
-165 128
-8 -14
-68 74
14 -165
-52 153
-205 -45
-14 -18
45 0
-86 1
-33 -77
204 -103
-285 89
131 -321
-122 235
-71 -21
102 28
-171 146
1 -53
123 102
-80 130
-42 -149
28 111
373 -126
-432 345
119 -417
-88 486
-21 -65
227 30
25 126
106 -64
-52 75
-99 -157
39 134
-186 131
202 91
-193 71
37 28
-144 106
153 -94
-45 146
1 -124
34 139
-152 -254
307 162
-310 7
263 -95
-128 -170
89 24
-216 -100
106 -206
-16 -98
1 -9
-98 -93
11 -83
79 -43
-36 -1
56 -52
66 26
45 -220
73 183
43 -188
191 110
4 120
-58 -108
94 81
-118 -30
-163 216
62 -265
48 263
-155 -222
-57 -99
94 71
-112 -21
112 -26
-52 21
38 -40
-20 53
-2 -54
169 -98
-112 161
35 -194
44 195
-90 39
65 -72
-29 89
-9 -98
7 110
-57 -91
92 63
-108 -20
32 109
-71 -88
103 50
-113 -4
103 -127
-44 158
-27 -159
88 138
-96 2
86 -43
-58 71
25 -90
-126 -190
191 123
-226 -34
221 -61
-13 -331
143 293
-255 -210
314 86
-410 -104
419 -71
-354 240
226 -363
104 -38
-75 78
41 -106
7 111
-67 -97
102 58
-114 -14
111 -38
-144 -197
213 123
-244 -26
235 -79
9 211
-92 -188
164 137
-204 -54
54 -51
-26 70
-3 -77
31 68
183 192
-242 -102
267 -1
-240 111
-4 -22
16 19
-23 -13
28 -2
195 16
-186 68
144 -139
-77 180
22 201
-100 -170
161 114
-199 -40
-186 39
151 -112
-90 165
17 -191
48 -137
12 145
-69 -128
117 84
-71 -80
97 41
-109 -1
95 -44
-131 112
75 -158
-5 174
-68 -162
146 -48
-112 102
60 -135
-1 153
-87 -88
116 43
-124 8
110 -57
50 10
-50 10
45 -32
-27 45
6 51
-31 -45
46 29
-50 -8
-3238 -3662
-6731 -1124
-8288 1196
-9347 3814
-2559 -4921
145 -3671
2691 -1814
5560 1067
4385 -1076
8224 -204
8403 1543
5436 3590
-693 3240
1248 2076
2431 1068
2661 -1184
1163 -936
1299 -1173
557 -1298
693 -856
-92 -937
-58 -1825
630 -2173
1068 -1153
1029 -40
558 -722
-224 -83
-528 204
-466 -173
-562 -882
-721 -1055
-1044 -1234
377 993
725 741
406 210
611 -221
602 40
28 184
-343 51
-106 185
-557 -546
-235 -312
-10 -438
762 -382
171 570
-165 739
-410 361
-350 452
5 562
412 1020
119 1265
343 1019
-1174 192
-775 -43
-635 402
-289 -116
315 743
53 -26
161 -8
-114 156
-525 -136
-471 -314
-600 316
-430 -82
-266 -153
-73 -78
-428 -283
-280 -46
-402 -105
-109 -57
-109 -24
274 -450
613 -976
524 -443
288 -877
595 -82
269 211
-77 218
295 150
274 131
-364 524
-144 64
-156 645
-242 240
362 -634
-19 -361
304 -656
423 -160
-216 98
-329 -51
-441 186
-414 63
144 1
199 -49
289 442
-138 -180
-522 -23
-689 339
-515 76
-291 782
-346 -61
2 66
-616 -71
-312 -257
-197 102
-430 -177
-182 -247
-175 -480
781 -175
296 158
436 -138
-192 211
-103 -111
-133 -463
211 -167
16 -213
-233 143
-130 -7
-66 193
64 -252
-126 -42
59 173
51 416
159 -39
-4 -63
-158 251
-81 -6
-160 115
-34 -374
-203 14
-39 -183
163 33
-231 -253
-454 -24
-11 -383
170 154
-464 287
-334 -96
-116 221
-171 83
114 3
-26 -143
170 150
-146 40
98 -308
192 -528
372 -181
291 -397
-78 -138
103 -51
-143 -58
-98 -12
601 276
-386 371
42 -299
-127 427
50 142
-11 -130
133 -223
-179 -285
245 188
-213 370
353 -119
-175 248
145 141
246 -74
-234 60
22 -179
-43 316
-342 -265
302 293
-225 157
-68 112
-86 -173
79 237
185 -14
463 48
-135 -8
319 -51
155 226
27 96
370 -241
3 227
157 -442
-136 93
380 -240
127 183
386 -58
448 373
-147 129
249 94
-7 54
50 260
28 -83
188 29
-191 -50
99 96
-15 96
10 211
-27 84
-36 -147
137 -158
-177 147
-104 -43
103 -243
-53 133
60 -392
258 -18
-206 -111
152 146
-176 33
84 -8
97 85
-221 132
-13 161
-305 23
51 171
-33 -320
-190 145
-216 -228
346 -620
-184 230
-355 -802
167 308
-252 97
-15 -34
53 66
86 -134
-101 265
106 -22
-55 103
-126 -76
-111 15
-90 279
-257 -37
27 20
298 -14
-280 48
300 -120
-167 208
198 -261
203 275
-40 -253
373 78
-6 -119
-303 54
15 -49
-56 23
65 -85
208 -48
-6 -89
130 -125
-20 -59
-149 123
-229 -238
-10 -52
-119 51
-184 -58
-53 -94
-115 123
57 -13
232 -152
114 53
128 -81
-133 -138
-59 -98
-329 -61
-160 -99
-33 277
78 -156
232 246
-195 -146
149 -206
-157 201
23 -279
34 75
-159 89
-48 -186
10 188
-97 -90
-126 -80
0 -406
-27 34
-136 -222
151 -64
-188 144
-38 -231
-5 192
-137 -123
-8 163
-312 20
205 -53
-55 325
49 -261
81 405
-188 -208
103 110
-96 -241
111 -30
-160 -97
422 320
-153 -251
598 20
-250 78
93 51
30 111
38 87
19 92
-44 -36
-77 -201
-47 61
-300 -14
-185 -142
45 -13
-225 -83
121 -64
-172 223
-66 -102
-5 234
-137 -15
-244 39
106 -137
-228 284
-92 -236
91 185
-210 -143
137 6
-270 37
336 69
-425 -41
272 -247
-220 280
-10 288
-174 -137
117 206
-266 -41
172 80
-253 4
157 -112
-224 145
-225 233
-28 -225
-37 256
-178 -228
115 -40
152 139
-17 -31
62 92
-80 169
-106 -149
67 332
-243 -60
-377 -173
306 175
-448 83
236 -202
-122 82
94 -97
-66 155
6 -162
-121 83
116 -97
-84 169
-75 -141
-108 -3
-21 -160
-43 -76
-102 -163
-46 -46
-41 -79
-44 -76
76 -25
234 -38
-173 90
214 -199
-40 186
-143 302
196 -388
132 357
-165 -343
