-2 3
-1 0
1 2
0 0
-2 0
1 -1
-1 -1
0 -2
-1 -3
-1 0
1 1
1 1
-1 2
-3 -1
-1 -2
2 1
-1 -1
-2 2
1 -1
0 0
-1 3
1 -1
1 -1
-2 0
-3 -2
-1 1
1 -1
-3 3
-1 -1
-3 0
1 -1
1 -3
0 -1
-1 2
0 0
2 -2
0 2
0 2
2 0
1 1
2 1
1 2
1 1
4 -1
2 0
1 2
0 -3
1 1
1 -3
-3 -1
-1 0
-1 1
2 -1
1 -1
-3 -1
0 2
-2 0
0 -1
0 2
-4 -3
2 -2
2 1
0 -2
-2 -1
-3 -2
0 1
0 3
0 -1
-1 -1
1 0
2 1
0 0
2 0
1 0
-1 1
1 1
3 -1
3 -1
2 -2
-2 0
1 -4
2 -3
1 -2
-1 -1
0 1
-1 0
1 -2
-1 4
-3 3
2 0
1 -1
0 1
1 2
1 2
-2 0
-2 -1
-2 -1
1 -1
3 -2
0 -1
1 -2
2 1
-1 2
3 0
-1 0
2 1
1 2
4 -1
5 1
-2 2
-2 -2
1 1
2 -2
2 0
1 -1
1 0
-2 -1
1 2
3 0
2 3
-2 1
-1 -1
1 -2
2 3
1817 4926
108 2804
-601 691
-1975 -1847
2864 -7684
2374 -3627
1427 984
1350 3923
2587 85
1751 -316
600 -546
-431 1858
1495 -1692
117 -495
-853 -255
-1683 51
-566 939
-663 978
-658 201
147 -13
63 -236
-268 -469
182 -244
-385 -114
-579 21
-698 312
-698 119
-392 12
-638 582
-218 166
-518 -81
-386 -1052
244 553
470 -272
234 -519
-84 -998
-511 55
-1305 42
-1169 -351
-590 427
547 464
582 -420
1403 -344
1060 93
-400 119
-427 527
-635 27
55 95
481 -100
151 -463
42 -570
-19 -429
307 -751
125 -539
100 565
-360 816
544 53
407 -26
1114 -316
1112 15
26 583
150 -524
-234 312
231 -64
199 -389
-364 -69
663 -297
187 160
-327 -360
-68 142
-379 522
151 503
205 -74
240 200
382 55
-90 -160
282 142
28 185
35 -114
23 -277
-99 -77
-401 -212
198 -163
-90 -265
363 236
64 192
363 -140
-317 -284
-58 409
-217 -203
-336 251
-793 -190
-41 223
-121 76
-3 106
-146 209
237 424
-73 287
215 32
237 395
-346 319
-370 304
-92 100
-224 136
265 80
-15 -66
-231 -191
-6 45
-208 -385
230 -165
-142 -225
249 -392
-567 311
-696 43
-559 297
-723 -60
-170 32
17 -147
-26 413
87 585
29 -179
-225 216
-342 49
54 165
127 138
-147 -52
156 1
-57 125
228 -355
-4 22
-302 -398
152 148
-659 -234
-39 -216
-255 125
191 -22
-8 25
-345 264
77 301
-203 500
381 -255
-37 90
193 -305
71 101
-67 -83
65 -70
-52 53
-75 -452
385 -184
24 215
-231 -172
144 499
458 -22
-110 108
293 -120
92 610
-98 -177
-38 -175
-50 17
81 -260
257 177
255 41
3 206
80 -57
14 -72
-26 -133
-121 -240
-87 -313
-66 69
-192 116
202 -96
-48 61
-3 330
-126 -9
268 365
-150 77
7 136
-198 64
-98 -34
-175 31
191 -57
-128 224
89 -184
-36 339
221 -154
106 311
-52 -70
226 285
-258 159
-8 -275
238 269
28 -152
83 3
-83 -81
-58 -449
-76 -225
114 7
-255 -93
-47 27
-77 181
-260 -377
-153 287
-324 -234
84 42
245 -121
-404 144
151 -272
-190 281
-84 365
-46 99
33 253
-169 58
269 -8
-114 268
84 -220
-143 228
73 -329
-90 209
80 -132
365 97
-18 47
-255 -207
297 181
-75 158
130 -28
-181 -59
305 -56
-2 98
26 34
41 -212
234 161
-73 -25
-174 254
-118 -19
1 245
-5 66
151 -134
73 238
70 -86
248 202
88 -25
-217 -5
43 -173
-114 -8
223 -210
-313 144
17 -393
-97 357
91 38
-106 69
115 -19
111 51
-83 -139
12 -40
58 -61
98 -187
111 -247
-141 3
-45 -120
-45 157
-121 -75
167 -96
-206 18
46 -208
-123 -122
155 124
-109 112
222 61
175 -61
-143 100
79 -358
31 24
-81 -83
-122 -20
20 75
-64 29
-40 -133
-66 190
-193 -188
162 -34
-135 -204
48 193
-193 4
175 70
83 -44
-24 -144
33 -112
-142 -74
-47 -37
316 173
-41 36
249 -17
218 143
-25 137
162 -5
-79 231
123 -138
-125 84
47 -124
19 148
-118 69
34 -32
74 214
102 -65
2 26
-74 -33
41 -74
-91 32
-8 131
-148 -71
131 31
-78 -172
-222 -152
230 -50
-246 -21
303 -281
158 20
-54 -2
81 -226
26 -10
8 -256
-139 233
-260 -276
78 244
-63 292
-89 -182
235 304
-223 -107
-35 -101
27 -84
-60 -64
-58 8
-208 -205
358 11
-260 149
211 -228
148 -229
-58 328
-169 -368
-29 123
-72 -3
-121 -115
65 -69
-3 -23
127 170
-194 -103
171 -18
-317 6
161 23
-30 220
129 -93
39 206
63 -93
142 131
-50 0
126 102
-75 -36
35 127
-189 -27
78 -48
-53 -198
41 125
8 -102
139 179
-132 236
17 -20
-29 245
-66 -66
-257 185
218 -118
-119 346
-103 -190
146 -44
-37 70
43 -56
-61 126
66 24
-70 4
63 -33
-39 54
22 320
-151 -281
255 196
-314 -74
74 214
-152 -165
211 86
-225 1
139 266
-233 -184
285 74
-291 52
-78 -141
129 95
-156 -33
156 -34
-8 10
3 -10
6 14
-6 -12
65 -6
-59 33
39 -54
-13 65
-42 -273
153 227
-234 -151
272 38
165 -61
-125 121
66 -163
7 175
175 185
-236 -101
254 -4
-232 113
-163 -263
259 177
-308 -55
301 -75
-96 4
91 -38
-63 77
28 -92
-127 -127
165 60
-179 11
159 -82
34 16
-41 0
35 -15
-28 28
-155 -144
202 67
-212 23
184 -106
137 320
-254 -239
334 114
-347 30
128 24
-127 29
108 -76
-69 116
43 74
-73 -52
86 19
-88 19
-24 -10
29 -3
-22 14
14 -21
-209 4
190 -85
-137 156
62 -198
201 100
-224 -11
212 -78
-157 158
140 -15
-124 68
83 -114
-31 138
-19 -53
41 39
-49 -18
52 -4
31 0
-25 11
21 -22
-8 25
194 216
-265 -115
290 1
-266 117
-146 68
106 -121
-48 155
-17 -158
85 18
-85 21
72 -50
-43 74
-16 -38
27 30
-39 -14
39 2
-14 62
-11 -60
38 52
-52 -28
-117 -246
210 174
-261 -76
270 -42
203 66
-212 25
187 -108
-123 177
349 2840
-830 762
-1784 -2004
-1620 -4138
1887 -3647
1877 805
1013 4277
1600 4178
2108 -950
532 174
-666 1168
-404 2116
167 -729
-806 -18
-1827 -146
-1900 -192
-785 742
-451 365
-109 -76
673 -450
-302 -455
211 -262
-406 -82
-400 -418
-889 -38
-385 355
-778 -75
-611 -665
-385 362
-446 -324
-350 -796
-237 -785
371 -160
277 -662
-64 -846
-305 -591
-1169 -38
-1267 -222
-555 274
-16 699
818 -240
1105 -416
1355 33
905 520
-460 430
-565 99
-40 57
-229 -59
400 -438
-198 -487
167 -599
-23 475
353 -613
-76 725
-265 599
454 922
552 -37
983 -248
1200 -97
578 -517
-311 -68
4 -292
261 584
37 -185
10 -178
367 -47
353 -188
-213 -138
-199 254
-307 363
148 670
87 446
217 312
357 -54
-23 -68
-180 -50
-8 289
20 -225
68 -181
-215 -323
-377 -378
243 1
-200 -401
329 -309
-138 145
563 -176
-487 -167
-52 -734
-411 -253
-132 217
-960 -74
-338 -131
-248 173
72 -31
-161 368
-175 273
138 146
85 249
266 145
327 265
-234 407
-261 57
-58 107
31 -66
61 -191
-247 -53
-46 -90
122 -17
19 104
-54 -555
310 -59
207 -330
-628 362
-755 27
-437 108
-596 -121
-121 -18
39 236
94 777
49 662
-34 167
-499 170
146 -5
-355 307
-321 -231
387 99
-310 133
21 -92
-240 -196
1 -291
-168 180
9 -300
-130 -73
-236 -39
233 140
-11 176
65 208
-277 519
26 155
-153 502
430 273
-303 -282
511 -120
-282 -86
-36 166
-55 -202
28 -223
-182 -259
216 86
-353 22
178 272
-142 189
379 -12
-107 185
331 168
-56 375
-213 -486
234 228
-261 -335
422 -327
174 58
70 157
35 16
2 9
-256 -157
103 -319
-257 -155
48 -223
-266 241
221 -241
-9 204
161 -518
-109 104
205 266
-58 140
264 -34
-164 249
-203 -190
-17 128
-493 -85
-91 88
117 -46
-119 221
79 -216
-39 -104
245 249
-178 121
107 -73
-58 110
125 -106
282 139
276 109
-2 -139
-106 -363
-66 -320
-43 -196
-28 -14
-281 47
134 68
-15 123
-272 189
-178 -193
-70 64
-253 -137
-216 59
10 -120
-121 90
8 -132
5 134
-30 237
-106 49
95 -38
-213 239
181 -234
-226 277
-147 -454
-72 -101
190 158
144 -125
315 154
-102 -170
141 207
60 70
134 126
43 16
68 -36
203 -17
26 105
-20 -114
253 42
-43 88
160 22
-266 294
7 -102
131 390
6 -25
253 40
-16 176
222 -69
-15 128
75 -205
-141 130
-75 -356
200 133
227 -208
-325 147
-4 -281
122 299
-329 -242
446 178
-271 9
297 -291
27 157
-34 -236
254 -61
-82 -46
-141 -18
-34 -103
-61 148
-89 129
64 -18
-143 -94
36 -82
-119 56
181 217
-171 39
308 101
-150 217
-12 -9
10 -200
26 -151
-76 -123
-164 25
33 16
-47 91
43 -22
-43 62
-163 -58
80 -133
-64 0
28 5
-96 168
21 -41
2 93
-37 -270
98 0
-253 -152
40 -90
279 277
-47 -74
306 75
-74 -9
112 343
-41 -132
170 271
-214 9
231 -2
-243 97
192 -174
-11 190
6 -80
122 251
43 -78
208 119
17 30
-64 -96
16 10
20 21
-555 -10
478 -189
-301 170
346 -565
-76 39
-3 -226
168 5
-32 -181
-55 -20
89 -209
13 -23
0 -224
-95 8
-210 -53
-61 63
-81 102
-11 -42
107 213
-72 -73
166 132
-95 -66
44 -137
-124 115
-135 -184
93 176
-87 -108
162 83
-223 40
-159 181
-15 -278
-208 103
-316 -238
-207 -194
178 -36
-114 -10
238 -141
3 43
-71 -68
-77 -45
-182 -33
25 208
86 -60
67 154
-55 -62
-168 -146
343 124
-287 153
264 -165
46 172
-215 -60
115 -27
-119 23
-90 6
179 -47
-36 199
40 -28
-193 -10
161 145
-202 95
134 -144
48 -36
-3 203
-152 -12
24 179
65 103
-65 -40
26 71
-52 -48
-85 219
-10 -235
104 212
-180 -146
68 71
-88 -36
94 -1
-87 43
-152 -77
165 10
-151 61
115 -118
-66 250
-39 -253
136 215
-217 -137
136 -138
-66 179
-14 -193
91 172
-28 124
-24 -125
73 104
-106 -65
-27 89
-15 -94
53 83
-83 -54
-110 -32
116 -18
-99 60
68 -96
-20 -39
36 29
-45 -11
45 -6
-120 -122
160 65
-175 8
153 -74
-3 -76
36 68
-60 -49
75 19
-66 -17
69 -10
-57 35
36 -54
-32 -94
66 72
-93 -38
100 1
-11 -75
42 61
-60 -38
74 8
-82 -188
148 139
-191 -68
205 -18
157 -154
-80 203
-10 -217
98 197
305 -55
-257 171
163 -264
-43 310
109 79
-133 -30
133 -23
-113 75
28 -173
41 168
-108 -136
154 81
-114 -22
113 -29
-93 74
55 -107
-248 -102
269 -7
-243 119
172 -206
-127 -202
203 134
-237 -41
235 -65
33 -121
19 124
-69 -105
106 72
-241 47
202 -145
-124 215
24 -244
68 -52
-40 76
4 -87
30 83
221 137
-261 -38
253 -75
-199 170
99 3
-88 36
66 -70
-30 92
-153 75
103 -130
-40 161
-27 -167
255 -43
-211 143
132 -216
-34 255
-84 -89
114 48
-123 2
109 -51
-120 -27
118 -24
-98 67
63 -104
-706 411
-1757 -1633
-1798 -4463
-770 -5578
1505 850
1332 4082
1391 4483
1967 2408
366 -113
-400 1362
-724 2049
622 494
-1015 212
-1725 -446
-1872 120
-1967 54
-716 89
246 69
288 -435
1168 -333
95 -350
-263 -53
-541 -393
-268 -164
-542 111
-537 86
-897 -709
-901 -1081
-251 -397
-498 -654
-159 -976
318 -180
347 -645
-132 -834
-246 -631
-479 -59
-1041 -90
-817 243
234 616
460 907
1265 -261
1148 -47
1129 510
280 665
-354 32
-206 203
-137 -259
201 -344
-22 -736
105 -300
-92 181
-74 371
-160 480
-90 791
213 822
239 635
913 199
1079 -533
862 -164
112 -1089
-102 -23
248 303
171 72
-297 -176
448 -216
348 -7
-282 -309
280 -158
-120 494
-75 625
316 393
158 545
232 157
4 -318
-101 194
-493 -257
-15 -79
44 -323
-136 -198
59 62
210 -225
-72 -210
137 -432
324 -12
393 -195
-323 -218
-178 -622
398 -119
-280 133
-791 -60
-497 -75
-278 102
-200 8
71 226
-327 501
-109 546
93 174
283 214
280 208
342 -96
-306 177
-61 -24
90 53
139 -226
-288 69
-65 -216
191 94
8 162
-167 -457
365 -191
208 -185
264 -411
-607 110
-603 87
-437 -176
-345 -431
-128 441
163 519
93 927
63 641
-376 119
54 85
-311 178
154 -174
172 -51
-52 177
-233 -31
-234 208
-389 -237
168 -33
-213 34
153 -66
-108 85
67 82
167 163
56 15
-157 575
-100 153
-32 446
-630 135
-259 -208
439 -170
-202 -64
238 -398
-2 -125
-48 -273
-92 -244
45 -173
-553 188
291 40
-157 451
-184 210
181 222
55 251
162 189
-237 356
83 266
-140 -433
351 -178
-246 -175
185 163
-67 55
78 -70
60 58
22 -292
-194 -206
12 -142
125 189
286 52
-184 -34
422 -371
-154 -79
184 173
1 224
176 -81
283 198
-20 -77
-231 97
-280 -146
-167 48
165 61
-206 144
191 -182
-105 257
190 264
-134 85
83 -24
-383 362
180 -157
259 206
268 33
491 -13
-39 -460
-95 -206
-71 -311
54 -323
-29 189
-155 40
256 30
65 342
-288 -84
-16 -77
-248 16
-78 -148
-163 -92
25 -7
-91 12
207 -152
-209 232
64 -21
-29 92
4 -141
63 -79
-183 84
-108 -256
14 18
367 -26
58 115
292 -105
51 97
-21 235
197 -24
45 266
62 -159
228 -120
88 126
70 -69
80 81
242 60
-36 71
167 40
-5 201
-239 1
312 194
-85 230
307 58
-115 224
293 -157
-40 240
44 -350
-60 -34
-85 -174
131 -39
188 -211
-100 34
-167 -86
190 52
54 43
143 -89
115 127
-105 -244
121 19
-1 -154
192 -119
0 -20
141 -205
-127 -26
-9 41
-88 247
35 -3
-125 -22
-13 -135
-52 83
-102 -68
175 302
-112 4
277 135
-124 52
-33 30
-26 -375
65 68
-262 -123
196 -84
-161 253
80 -213
-10 291
-172 -169
129 -39
-151 -67
184 -154
92 181
-157 26
135 -38
-138 -13
-449 -178
319 -214
-456 198
33 -444
151 -279
204 346
-95 -300
317 51
45 -26
42 206
-75 15
173 -92
177 -51
-133 136
158 -224
88 93
143 121
77 48
123 11
90 -203
-18 148
-124 -196
230 147
-182 22
130 -459
126 275
-87 -487
551 168
-30 -115
147 -109
36 -87
154 -75
184 -169
-90 -18
96 -268
6 123
-25 110
-298 -9
168 63
-214 335
289 -67
-120 259
78 -189
-27 383
-130 8
-25 -84
-147 35
-119 -140
77 -72
-2 117
-86 -54
23 14
-68 -7
-271 -161
-149 -18
-234 -122
-23 -391
217 232
-161 -227
347 117
103 -57
-237 15
-57 -157
-86 31
188 151
-120 6
175 1
-118 -45
110 94
-62 82
83 -6
-58 106
-75 -88
5 53
-46 -101
92 65
-44 80
120 -13
-11 227
-25 -35
75 111
-109 95
45 -102
-18 65
-14 84
-95 97
-74 105
-90 116
-88 -98
66 108
-104 -71
70 -47
43 161
-103 -128
146 73
-163 -9
-47 -84
79 59
-100 -24
96 -16
123 101
-159 -38
156 -29
-133 89
75 68
-96 -28
98 -13
-87 51
-18 269
-92 -253
190 188
-251 -94
-135 39
108 -91
-63 123
7 -142
101 -154
-29 182
-47 -179
114 145
-45 24
32 -40
-16 48
-8 -54
-153 215
51 -257
58 255
-159 -208
-1 252
-101 -233
188 172
-242 -78
170 190
-232 -107
253 1
-234 105
50 111
-92 -81
121 38
-122 15
-88 -474
274 398
-409 -249
477 61
268 -72
-215 175
127 -247
-14 279
-50 -112
91 82
-114 -40
120 -10
88 214
-169 -161
216 79
-233 16
-19 2
16 -8
-10 12
6 -15
111 -116
-54 148
-11 -156
73 139
49 -65
-20 84
-18 -79
47 65
-18 104
-28 -106
70 83
-99 -51
5 -17
-1 19
-9 -15
10 12
-13 -230
105 204
-180 -140
222 61
8 -11
-3 18
0 -12
9 11
181 -54
-141 121
80 -173
-6 186
133 -42
-104 91
55 -131
-1 140
-21 -199
103 173
-162 -115
196 38
76 -38
-56 68
22 -82
12 88
0 84
-37 -75
63 55
-81 -26
-183 248
68 -300
58 304
-180 -252
20 28
-33 -21
37 5
-34 14
89 133
-137 -85
162 21
-152 45
-1714 -1811
-1769 -4285
-870 -5728
664 -6649
1145 4249
1489 4255
1969 2659
1968 -1209
-607 1689
-669 1671
725 862
1294 -1684
-1631 -69
-2117 -188
-1618 236
-1056 910
-54 15
580 -507
927 -143
885 203
-214 -219
-512 -214
-361 -312
285 -12
-703 201
-784 -883
-930 -875
-784 -1442
-199 -1199
-210 -361
112 -768
1184 150
-123 -1034
-173 -445
-619 -193
-238 -3
-696 302
97 617
588 853
631 291
1112 -76
1171 521
232 671
439 193
-151 -222
-18 149
-78 -668
411 -673
83 -98
-150 -15
56 524
-276 337
-99 824
210 786
253 664
38 227
1401 -408
522 -151
421 -1245
263 -648
324 647
-43 -215
15 3
-184 -148
424 -131
-302 -164
239 -303
217 47
184 627
71 500
331 351
265 253
117 -371
-182 286
-455 -371
-533 -110
95 -172
-245 -320
209 128
101 48
37 -378
106 -234
267 -209
49 -279
-359 -440
-58 -435
207 -243
-15 -201
-872 -82
-416 -84
-343 146
-50 -113
-240 398
-116 208
-180 898
-228 394
141 455
316 -69
423 171
388 -43
-264 -20
272 -34
6 -72
306 -155
-152 122
135 -259
204 456
333 -58
248 -596
479 136
-114 -594
283 -165
-518 -18
-473 -43
-368 -565
-37 -230
-29 818
146 577
158 984
-127 284
-120 354
-255 -135
231 135
74 -300
-4 0
-205 151
-329 53
-259 124
-323 -21
226 -182
-160 312
351 -37
-63 176
246 25
44 179
-44 -273
-201 525
-94 64
-423 459
-646 -182
109 -224
127 -155
-24 -185
177 -290
-187 -372
77 -206
-124 -140
63 -160
73 181
-11 234
-226 466
269 345
248 189
10 324
-153 168
-35 207
-78 -177
188 -386
-11 -51
-183 -460
-45 133
31 -125
126 88
223 -205
-80 -539
48 207
-54 -120
292 85
34 -208
288 -123
-133 -361
176 -130
123 218
66 -31
365 105
213 66
-112 117
-399 -120
-69 -24
-463 -48
140 -73
-40 162
-38 -151
-8 2
120 -89
-78 236
-337 61
-128 117
330 -41
314 285
354 -225
385 120
40 -357
-133 -119
34 -525
5 -52
-142 -39
274 112
17 279
229 -150
-19 -161
-209 94
-144 -199
-89 207
-27 -81
-12 68
122 -165
-56 -88
204 188
-246 -40
253 -107
1 -6
-348 -43
98 -214
-190 61
23 -342
213 -114
242 171
-18 -172
65 -21
-119 79
288 40
-65 147
70 -307
270 188
-117 -56
245 -9
-273 30
38 -165
189 284
-128 -13
245 84
208 267
-21 118
294 187
14 154
103 176
-5 -142
162 16
-104 -216
-135 -88
143 -143
218 -110
193 -201
-71 -215
159 207
21 -116
386 63
271 71
-228 -127
184 -136
-243 -41
167 217
-118 -343
377 39
-433 -53
110 -161
-118 483
-36 -225
160 336
160 30
-279 2
137 -88
-14 225
-156 129
263 3
-57 165
78 -237
-56 -303
65 -13
-230 -50
56 8
-146 123
117 -91
-95 200
-169 -154
14 -272
46 102
-65 -224
233 89
25 70
-48 -6
17 -115
-90 27
-43 86
-249 -227
19 30
-218 -16
227 -37
37 63
44 -220
45 46
-124 326
33 -158
145 113
-132 -162
296 -89
-144 160
209 -375
137 188
303 49
-85 106
243 -368
3 -7
40 21
-10 17
94 42
5 191
9 -100
177 -198
194 6
154 -131
26 -170
176 -73
24 -27
270 -131
67 161
-122 -370
243 125
-291 -50
-20 223
-182 -34
149 281
-138 198
87 59
-33 73
-39 97
-68 122
-125 -234
11 134
-303 -169
178 30
-345 -33
282 -59
-313 175
113 -341
-152 -90
-291 -35
-105 -166
-116 72
316 273
-273 -226
445 71
-288 176
-130 -105
-113 -1
-103 -135
-86 43
68 -98
48 176
-73 -252
106 37
47 23
12 90
-35 -12
11 124
-243 -124
252 -36
-209 130
89 -134
19 81
44 101
-19 105
-22 115
-154 137
76 -163
-16 132
-65 -179
-46 182
-153 52
4 134
-111 44
94 -127
-35 159
-93 -220
43 145
12 -128
42 121
-91 -94
118 51
-74 -135
121 94
-150 -33
151 -29
-156 -318
274 226
-341 -95
349 -52
95 214
-167 -159
220 75
-230 21
-73 56
41 -80
-5 92
-33 -84
297 -295
-153 394
-21 -420
191 373
260 142
-291 -23
278 -101
-212 202
87 139
-139 -88
164 29
-160 44
55 -56
-27 73
-2 -79
35 67
-17 -109
62 94
-93 -58
109 21
-136 -12
132 -45
-103 95
53 -129
0 -347
142 316
-262 -230
329 107
202 -62
-162 137
91 -193
-6 214
62 -98
-13 111
-34 -110
74 86
-5 -458
193 416
-345 -303
440 135
-54 -139
107 106
-144 -57
154 -6
-16 -129
66 112
-105 -74
127 27
-127 32
101 -82
-61 117
6 -130
-79 -72
97 31
-108 9
90 -53
314 -197
-210 306
67 -362
91 358
-86 17
70 -50
-39 75
7 -87
313 48
-309 91
246 -204
-136 288
57 78
-83 -48
91 10
-89 27
-60 -411
223 347
-345 -229
410 68
96 -71
-54 105
10 -118
41 112
-50 9
38 -30
-27 38
7 -51
-141 -131
185 65
-191 19
170 -96
-281 -118
302 -8
-275 131
198 -232
-103 7
89 -50
-66 77
30 -102
-37 241
-65 -238
153 190
-218 -109
-130 -289
235 209
-300 -96
313 -36
-1703 -4332
-907 -5655
666 -6730
3145 -6433
1457 4569
1876 2363
2172 -978
1902 -4210
-432 1783
460 852
1539 -1786
1869 -2958
-2165 -94
-1610 128
-1019 1006
-137 623
510 -249
888 -411
1033 427
1292 743
-307 -282
-523 -169
383 -211
459 549
-679 -627
-1136 -1067
-520 -1354
-88 -575
-163 -887
283 -261
822 -244
1355 -252
-197 -691
-495 16
-434 -146
-456 -40
27 806
575 649
728 470
514 -352
1019 572
351 563
377 347
346 101
-297 117
190 -753
197 -484
-130 -1072
-187 519
-125 15
103 725
-455 402
292 696
219 783
24 109
190 -208
740 -594
401 -747
76 -1109
45 -780
198 -110
-247 2
55 -259
282 -382
-269 -110
184 -333
282 53
-151 -13
300 503
125 442
416 88
542 304
-155 -12
-358 -95
-737 -322
-572 62
-195 -134
82 -20
270 130
248 -59
265 -244
129 -130
146 -407
-157 103
-291 -555
467 -226
-261 -110
20 156
-417 -73
-351 136
-34 -105
-53 283
-150 571
-304 551
23 656
-270 643
344 14
365 107
467 -11
443 176
41 -151
266 -54
73 -64
672 -23
10 -90
254 253
370 148
415 -368
427 -181
62 -325
14 -339
89 -371
-591 -38
-263 -622
-110 -133
-51 -319
20 591
270 923
-197 387
145 -118
-304 178
147 -168
278 -61
-213 -188
-150 54
-340 170
-298 11
-337 243
-93 -56
73 68
237 285
87 140
125 23
152 130
-128 -183
108 -276
-18 279
-581 291
-430 -92
-177 97
193 -107
-97 -198
252 -307
-65 -117
-308 -185
219 -319
-180 146
-139 -205
-59 416
-256 283
375 500
-415 123
-8 339
-140 150
-37 231
-511 -115
12 -533
206 4
-411 -422
254 -371
-354 22
419 -204
77 181
269 -404
-198 111
214 -135
57 204
192 -277
358 -13
-247 -435
309 -104
-194 27
254 -43
199 190
325 -83
175 240
-425 -221
-9 54
-552 -99
-206 10
287 89
-308 48
155 -288
-118 24
-127 156
-265 111
-219 104
-206 112
321 -37
477 78
156 -105
349 46
118 -592
1 9
-184 -549
271 -13
-106 76
373 159
-45 106
155 -217
-274 81
-79 -214
-138 249
-45 -173
38 44
83 -130
-37 -140
-1 143
-102 -92
145 -4
52 -144
240 -313
-307 -361
236 36
-359 -143
131 -140
518 195
-282 -82
266 -216
-275 150
331 553
-312 -304
476 6
-377 47
202 243
-165 -148
162 -7
-302 67
96 11
68 198
-23 -33
35 205
88 257
140 102
192 165
-47 -25
-37 37
120 -165
8 -78
-27 -160
38 25
249 -313
247 -7
85 -230
268 -90
43 201
233 -215
171 431
-300 -238
294 -64
-376 -61
116 -320
105 13
33 -196
-25 19
-124 63
38 212
-73 79
68 40
-54 59
15 -59
-106 89
140 -43
166 117
-121 -25
304 34
-196 29
319 -174
112 -22
-268 -22
76 -36
-139 173
-145 155
43 -134
-156 210
-206 -166
-53 83
33 -253
153 155
-154 -137
255 -176
-188 167
-13 -318
10 214
-49 -240
-157 124
-99 -172
21 24
345 -26
-195 -18
185 -247
-159 113
-206 102
258 -225
-95 191
29 -162
99 164
-21 -280
306 14
-56 -71
44 60
142 -278
51 -131
24 -201
33 34
49 48
49 168
119 70
-74 -170
410 -119
7 69
268 -153
290 -31
-98 -21
379 -184
92 201
119 -185
-56 54
10 -102
-9 157
-332 146
206 56
-101 431
111 -248
217 101
-274 174
120 -48
-106 268
-184 52
-92 -169
-8 119
-10 -48
-37 107
-90 -112
22 11
-63 -124
-115 73
-301 -191
71 11
-107 107
-73 -303
296 221
-214 -14
303 -82
-108 249
-211 -363
104 211
-313 -127
-111 145
83 -291
-19 136
-66 -357
1 -18
23 83
-76 59
42 61
-262 164
179 -265
-109 382
-165 -338
-26 -229
175 375
-311 -52
243 85
-95 -295
191 183
-272 -143
260 54
-21 -129
-43 358
-154 -170
332 246
-7 137
-105 -193
42 114
-184 -92
-98 -83
125 35
-128 18
109 -69
165 -83
-119 140
50 -178
26 186
96 164
-150 -113
187 39
-185 37
90 47
-106 -5
98 -39
-74 74
-222 107
158 -187
-71 235
-30 -242
23 -85
17 86
-47 -72
71 45
242 -35
-209 129
137 -205
-38 243
157 154
-208 -75
219 -17
-194 109
116 -124
-53 158
-15 -169
86 151
16 138
-72 -118
114 80
-137 -24
-63 139
4 -152
62 142
-111 -107
176 117
-209 -34
203 -51
-164 137
109 56
-126 -11
114 -42
-85 87
-166 177
81 -229
21 243
-120 -211
-68 -17
65 -7
-58 34
37 -55
457 21
-425 170
321 -327
-158 427
-92 -197
162 141
-205 -61
212 -27
121 133
-162 -73
179 -2
-162 76
-54 -32
70 12
-68 19
51 -43
-287 -59
288 -58
-235 170
149 -252
-75 -220
158 170
-212 -93
233 -5
-13 225
-79 -210
158 160
-208 -82
-148 -314
262 225
-333 -98
344 -46
52 -269
67 267
-173 -216
241 126
-91 -20
93 -23
-75 60
45 -82
42 -52
-17 62
-10 -66
34 57
-276 -62
276 -58
-233 168
143 -246
-25 -54
45 38
-58 -15
57 -9
98 -54
-66 90
27 -109
23 110
311 -207
-197 317
50 -370
105 357
173 -22
-146 86
100 -143
-32 170
-1047 -5846
873 -6614
2907 -6454
5470 -5879
1970 2475
2044 -1042
2045 -4206
1300 -5659
348 715
1700 -1706
1688 -2966
1269 -2857
-1761 189
-906 890
-196 772
651 -301
1068 -14
704 138
1709 875
1774 1039
-381 -401
338 58
380 287
240 369
-903 -1212
-675 -1130
-40 -842
27 121
88 -489
1090 -119
1061 -254
1446 -478
-451 -524
-255 368
-832 -438
-235 -209
547 671
740 440
518 -317
717 -643
684 434
123 603
466 -240
635 308
142 -432
114 -798
76 -822
-195 -462
-447 350
264 296
-425 863
-613 89
322 398
84 496
-22 -542
244 -40
318 -1226
346 -700
-367 -1039
622 -495
-393 -207
273 -121
31 -419
178 -901
92 -159
291 -137
-80 171
44 -77
289 458
262 139
665 191
128 749
-499 -396
-482 -103
-894 -37
-185 -100
177 95
138 68
401 -54
381 43
283 9
-51 -470
47 86
-340 112
368 -421
-90 34
-193 100
286 329
-78 -207
-147 321
-126 -151
366 325
-241 733
-103 517
-98 718
-249 570
427 208
368 -75
561 192
-75 -67
-133 -87
440 -196
388 254
759 -76
-11 141
655 149
158 -247
302 -365
-86 -315
141 -408
3 -254
-11 -731
-138 -427
-304 -258
171 -285
153 293
470 684
-286 682
103 -426
184 356
-15 -185
426 -109
-330 -82
221 -132
-375 133
-250 34
-390 244
-330 -87
107 136
182 229
158 166
264 339
141 -51
-43 -23
-37 -387
240 69
-537 297
-471 -80
-148 67
-320 -72
-124 9
191 -507
74 39
-1 -142
269 -142
-302 6
27 -130
-145 -50
-99 622
90 254
-60 232
25 200
-271 399
-20 -51
-415 151
-299 -263
78 1
-293 -475
162 -281
-400 -206
125 -189
334 51
89 -179
602 -126
330 -197
-28 305
230 -401
400 484
-88 -253
96 -209
45 26
-110 35
149 125
400 -42
93 228
70 101
-322 -175
-171 -15
-588 93
-114 -135
191 -51
-258 8
137 -410
67 237
-411 87
-77 63
-318 203
109 17
159 169
402 -324
215 341
-104 -320
-87 -275
9 -324
1 -144
-196 -39
141 319
98 -135
125 66
147 -281
-130 14
-187 21
89 15
107 137
-57 -421
208 72
-311 49
287 -15
29 -45
172 -154
136 -253
79 -258
-434 -219
357 -186
-507 191
124 -428
345 -96
-298 54
135 -327
-260 -33
169 -187
-8 96
34 -233
282 44
234 109
-309 -84
162 -64
-341 83
-161 1
264 59
-268 237
192 -134
100 168
198 90
-26 46
31 -103
73 82
-46 -319
123 38
-38 -184
212 -437
331 91
-31 -291
556 -193
-62 44
396 -116
-19 405
70 -75
157 -8
-272 -163
62 -182
-15 -18
35 -351
34 164
-233 -44
107 119
-119 176
73 -66
-16 156
-85 -165
123 29
-46 110
276 -94
37 214
278 72
-186 -14
328 -131
-34 156
-129 80
-86 -70
26 139
-48 -31
80 -85
-214 183
-142 -159
-20 194
-20 -247
199 128
-182 -94
97 -57
-6 -103
-69 7
-75 -103
5 129
-112 20
-96 -57
-29 -75
7 -122
-47 -140
97 -73
-148 -79
0 -79
-86 43
108 -200
-5 277
-170 -178
-70 -142
300 -135
10 63
143 -196
226 -234
-41 -135
111 -238
89 -8
19 -13
101 210
50 49
74 200
429 -45
-40 9
339 -121
0 182
119 -277
285 133
45 -131
432 71
-146 -152
178 52
-223 86
59 -61
-125 217
139 150
8 105
118 -83
-121 -102
94 273
-211 -31
222 87
-295 -83
145 -38
-83 159
168 -121
70 77
-197 -95
184 -117
-160 -9
-58 -347
-85 258
-64 -181
282 186
34 -248
221 300
-224 -192
376 1
-119 -189
-53 86
-125 -76
47 -9
68 -282
-14 122
-66 -343
158 -96
84 182
-173 -5
156 84
-180 198
-94 306
-93 -248
72 249
-363 -92
-80 195
-5 4
-62 156
-12 -40
74 -130
-40 92
-45 -69
32 117
-162 28
88 77
3 114
167 -20
-234 137
29 -242
-23 230
-205 -207
-18 18
11 -24
4 27
-14 -20
-145 29
120 -86
-78 130
19 -146
-10 103
-26 -96
65 78
-93 -44
147 -216
-47 257
-63 -253
160 204
-121 133
54 -169
22 176
-90 -154
-37 28
23 -41
-7 47
-16 -46
15 12
-18 -2
18 -4
-15 15
114 -25
-93 71
58 -104
-10 118
-204 -47
203 -42
-168 122
103 -183
-209 -270
302 161
-339 -27
325 -115
-259 132
177 -225
-73 279
-49 -283
50 -212
43 213
-124 -174
188 111
-18 -18
22 9
-22 4
23 -10
53 4
-51 20
40 -35
-20 51
-205 -150
249 51
-245 50
201 -149
151 22
-149 44
114 -99
-63 138
92 -33
-73 69
40 -90
1 98
241 -68
-190 164
108 -227
-4 248
-122 15
107 -62
-75 101
25 -125
-29 121
-23 -121
72 103
-111 -64
20 -122
31 119
-78 -96
112 58
139 -51
-105 103
57 -138
5 146
-98 24
78 -63
-46 87
6 -100
10 14
-13 -7
14 2
-15 2
100 -194
-11 218
-81 -203
158 155
136 25
-134 28
113 -83
-67 120
-264 -93
278 -20
-246 134
168 -223
45 113
-86 -82
114 40
-121 10
-66 268
-49 -275
156 230
-235 -147
171 -108
-108 167
30 -200
52 196
-207 58
170 -140
-93 193
6 -217
586 -6508
3126 -6666
5363 -5594
7341 -4806
2167 -1157
1982 -4046
1291 -5834
827 -5165
1629 -1434
1646 -3244
1422 -2624
695 -649
-833 806
-222 885
629 -416
1000 -1640
1152 236
1257 968
2146 768
2307 408
132 -98
635 344
-17 418
-341 -175
-474 -1555
-55 -374
-156 -313
-276 843
1102 -107
1040 -258
1464 -486
960 526
-424 -163
-460 -24
-747 -437
-291 162
790 587
407 -433
860 -583
424 -471
416 544
226 -71
784 52
326 305
215 -864
10 -721
-174 -587
-137 -404
-161 298
-39 688
-892 407
-620 -300
147 54
104 -110
-46 -378
35 119
128 -1031
-33 -828
230 -552
394 -177
160 -45
96 -533
168 -766
314 -102
231 37
-98 -15
138 88
-316 -246
706 40
298 460
347 349
-37 1047
-734 -336
-568 72
-528 -66
-84 -285
466 -36
139 175
522 -273
642 -69
-310 -234
192 -244
-335 468
-386 -120
-122 43
-170 77
275 362
-231 -19
-174 -49
56 173
71 100
0 56
-133 521
-74 703
-260 590
99 131
484 264
309 -67
262 70
-17 250
121 -117
649 48
599 218
915 -77
471 99
343 -278
144 -262
215 -476
141 -510
47 -165
-84 -792
399 -376
-352 -343
253 -232
59 273
358 334
-39 456
-34 -117
181 14
28 -168
46 -427
148 54
-266 -58
314 -116
-339 174
-367 80
-282 72
-111 112
-1 169
352 146
98 436
318 -64
-149 -282
167 -191
-26 -23
160 -116
-183 204
-527 -74
79 -94
-277 357
67 -664
250 132
-199 -155
436 -141
-144 2
-112 -63
-41 -168
-205 -434
73 334
-76 154
70 268
225 -280
-130 109
-380 -43
-254 -74
-136 -236
-47 -441
-71 -212
-211 -364
-146 -125
76 -46
367 -198
354 8
149 -257
15 -49
341 -58
154 217
229 -10
33 -176
84 -27
-126 105
127 101
423 150
-9 65
226 210
-195 284
-213 85
-591 -16
-63 -34
-345 42
90 -299
-53 14
67 -227
231 89
-379 248
-114 -84
45 367
-161 -166
361 262
15 -208
303 103
-503 159
-135 64
-21 -554
-6 326
-343 -93
38 -7
128 -76
198 -149
-27 -349
-215 -163
193 171
-47 36
336 -66
-21 -192
5 197
-60 -21
-26 78
115 -112
173 -316
68 -183
-100 -383
22 7
-281 -117
49 -51
-394 -113
82 128
-246 -244
58 -271
-157 -133
9 -50
79 -95
184 -67
34 -72
131 71
-303 -15
62 -147
-192 163
-25 163
-41 23
71 158
-21 -17
183 -8
27 131
-49 -160
53 -115
-153 -215
180 -104
-32 -35
4 -120
249 -238
178 -19
254 -359
133 32
187 167
59 60
141 272
-198 118
-290 -256
119 -111
-92 -63
322 -282
-172 7
17 12
-148 172
-93 21
-100 166
46 -127
-28 123
-68 -68
26 120
208 -74
93 162
60 -167
-184 324
187 -437
223 383
-254 -302
-50 165
-104 -58
150 94
-121 -26
16 -258
-171 330
-191 -261
183 214
207 -180
-68 190
-120 -268
108 191
45 -198
-94 130
-70 -90
244 197
-138 -321
117 143
-213 -261
265 -10
-216 -360
251 52
-419 -39
114 -108
37 -164
52 219
-196 -102
91 188
83 -198
223 34
-41 -77
213 -82
242 -359
-55 84
108 -367
225 363
345 210
-173 152
237 21
-114 349
-107 -117
450 -33
-136 147
171 -341
221 -152
219 98
179 -72
258 162
77 -48
-91 134
-77 -48
-99 227
26 231
80 -15
107 57
124 -201
-112 -6
91 138
-123 54
204 -190
-55 -138
138 168
-36 -41
178 147
-159 9
106 -197
-57 30
50 -190
-272 104
171 -116
41 223
-29 -84
158 237
-137 -162
282 10
-186 -107
-28 52
-130 -37
38 -52
-87 32
-56 58
-1 -299
84 -107
-121 -199
-2 145
-61 17
48 167
-152 55
7 200
-195 -123
40 138
-257 57
83 -252
-36 431
-146 -282
220 162
23 9
-70 34
12 16
-95 88
-3 36
104 113
70 25
100 121
185 165
-334 -82
202 -52
-241 157
-23 60
-1 -64
27 54
-48 -41
-67 -357
203 298
-308 -190
355 43
-166 -4
150 -66
-113 123
53 -157
-114 141
51 -174
23 178
-96 -153
-71 -117
113 81
-136 -23
134 -32
207 -87
-155 166
75 -217
26 225
-14 -28
24 20
-31 -7
29 -4
64 72
-87 -42
96 -1
-85 36
-136 -349
266 263
-351 -135
373 -24
-46 240
-55 -234
146 193
-215 -115
130 -125
-64 168
-4 -181
80 162
-251 154
166 -245
-53 289
-71 -285
-104 -24
104 -19
-89 60
57 -89
-68 59
43 -82
-2 95
-37 -87
25 -335
113 316
-232 -239
312 124
-70 -135
118 91
-147 -39
151 -28
-204 340
47 -395
120 378
-262 -297
-209 9
189 -90
-135 155
61 -198
-132 20
115 -70
-72 111
22 -132
-104 -124
149 70
-163 -3
152 -60
211 9
-193 78
148 -147
-79 196
-76 184
-10 -198
90 175
-156 -128
-23 -93
61 80
-87 -43
100 6
-95 3
87 -41
-65 74
29 -92
-136 -131
176 65
-187 16
169 -90
126 314
-245 -233
320 113
-337 26
163 -3
-146 67
108 -123
-47 155
102 96
-135 -47
140 -10
-122 68
-175 41
144 -114
-85 160
17 -183
-124 -100
151 41
-160 26
134 -90
-12 -96
49 91
-82 -60
101 22
3211 -6585
5251 -5632
7458 -4814
8375 -3165
1965 -4004
1290 -5883
846 -5125
144 -3308
1706 -3041
1288 -2784
887 -558
1112 1223
-11 760
489 -217
1044 -1881
1244 -2423
1497 748
2016 1065
2307 81
1560 -654
586 227
81 506
-467 -218
-570 -625
80 -883
-65 204
-569 410
-891 970
930 -201
1539 -584
931 648
859 1070
-505 9
-713 -482
-307 217
-217 703
574 -294
655 -645
633 -497
607 -53
355 -116
689 153
376 177
535 389
41 -792
-173 -504
-169 -476
-151 -593
-141 752
-828 305
-640 -183
-575 -327
-149 -214
229 -391
-215 243
256 -305
-138 -832
329 -594
320 -103
-75 -28
92 -570
191 -741
289 -119
244 -71
-182 93
170 -51
-292 -109
-1111 -20
438 186
333 659
-148 762
-42 580
-668 -62
-378 17
-254 -299
399 -104
363 2
388 -15
659 -346
474 183
-15 -38
-234 193
-371 169
-140 365
214 201
-131 404
124 -224
53 536
276 -23
-48 375
1 -242
32 221
48 754
-394 597
216 71
-250 146
533 73
1 28
234 177
-188 666
380 3
869 152
702 89
908 -615
401 -200
55 -310
320 -466
-222 -269
270 -201
-279 -668
523 -568
93 -496
-82 -151
330 63
194 639
130 94
73 -350
177 277
-82 -401
501 48
-447 -28
303 -229
-144 277
-299 -304
-294 229
-411 -33
45 154
-94 114
-189 -116
695 455
-238 159
324 -189
7 -171
108 -108
69 18
-114 -81
-193 -209
-168 163
-156 16
137 233
108 -394
145 272
-49 -389
184 48
-240 -88
84 -195
-314 -354
-1 -379
-245 313
158 54
235 -47
-110 -430
-356 75
-327 -171
-37 -178
-160 -125
-128 -401
-84 -217
-322 -212
-168 -326
329 -243
410 29
93 -256
178 89
278 -109
239 236
149 4
273 96
104 -95
-114 176
83 46
71 48
-6 225
155 64
-73 394
-230 58
-558 108
-150 -139
-229 103
-121 -16
198 158
-221 -255
509 -2
-118 303
-353 107
180 92
-171 141
325 -61
349 62
-114 -9
-81 86
-231 311
55 -632
-41 428
-356 -200
271 258
304 -54
32 -90
104 -470
38 49
21 223
87 -82
258 100
-127 -194
-230 233
139 -146
-155 271
118 -114
-133 -282
336 -339
-279 -131
146 -421
-279 78
-35 -231
-246 14
-385 -356
-165 -93
-82 -372
15 -89
-122 -557
139 31
70 -158
174 -32
96 -132
-218 -3
-19 -125
-125 110
-35 -159
101 111
-95 132
144 -68
-93 79
-43 69
41 -129
-41 -102
-143 -122
-76 -218
251 -27
-253 -14
149 -74
146 -247
375 -162
-58 -97
47 -147
152 203
-1 182
-36 140
42 253
-195 -233
243 -76
23 -129
299 -164
69 -118
-144 314
-157 -100
134 183
59 107
-133 -85
117 79
-144 58
17 -4
240 25
-13 19
86 -73
-35 134
189 -230
25 245
-98 -189
-76 -46
122 95
-93 -39
173 88
-507 -84
289 -17
-350 184
289 -384
-289 21
146 -203
-166 240
-11 -289
-131 26
1 -12
144 160
-57 -103
18 -19
-62 -151
81 -44
-182 -62
5 -105
-128 0
-168 -31
-155 107
-79 55
-12 -8
-113 185
7 -64
132 -170
126 70
-5 -139
30 -7
105 -193
78 -51
129 63
97 128
266 182
-174 168
198 45
-130 234
297 -95
30 145
22 -271
33 96
180 -62
282 66
110 83
159 23
-293 22
153 -28
-315 302
49 -175
-90 -125
308 82
-74 -149
212 -243
97 117
-119 76
191 -206
-62 -14
120 35
35 72
63 76
-78 74
338 105
-394 -147
438 -161
-286 143
-127 248
162 -230
45 382
-89 -186
60 -45
55 -14
30 -177
-40 -35
4 63
-130 -90
82 -6
-160 11
237 -116
-210 -178
171 -252
-63 66
-109 144
31 30
-85 171
-7 -67
-84 -149
-53 204
-192 -45
92 77
19 206
-105 -54
86 -24
-244 -70
177 176
-270 -14
175 -3
-227 182
147 12
72 130
52 22
153 175
-53 234
-182 -221
181 152
-198 -175
-64 153
-2 -164
67 146
-122 -105
62 -115
-8 129
-47 -127
93 95
57 108
-98 -77
120 36
-122 18
10 -2
-13 8
8 -12
-1 12
-39 -199
110 165
-171 -104
201 24
-94 44
72 -82
-34 100
-11 -108
-92 81
55 -110
-1 125
-49 -114
-98 69
61 -104
-13 122
-29 -116
41 -103
5 108
-53 -97
85 68
196 -8
-175 87
123 -151
-48 190
318 -90
-251 215
143 -301
-10 332
-12 98
-33 -91
65 70
-87 -41
-48 27
30 -47
-7 55
-13 -50
-155 -95
182 30
-177 48
143 -117
-33 -147
91 120
-132 -75
151 11
41 -101
2 109
-46 -98
84 71
110 -42
-87 81
44 -113
5 121
107 -188
-21 217
-64 -205
144 159
-112 135
44 -168
26 172
-97 -144
-180 191
87 -251
21 265
-128 -230
228 237
-304 -128
324 -10
-294 144
-33 -22
39 5
-36 10
32 -25
182 264
-276 -169
320 39
-309 100
154 206
-229 -128
256 18
-244 82
30 278
-146 -241
230 158
-276 -48
-270 202
160 -292
-29 333
-111 -315
133 6
-125 46
92 -94
-46 126
79 242
-174 -192
233 103
-256 -1
-53 -92
86 66
-106 -25
106 -25
81 86
-110 -44
122 -5
-105 54
-42 -129
89 96
-123 -53
132 -1
5078 -5650
7621 -4868
8245 -3048
8016 -2593
1369 -5902
784 -5068
185 -3379
593 -855
1362 -2726
789 -583
1212 1203
1701 1827
73 -187
1414 -2078
993 -2090
1289 -2311
1985 1033
2353 92
1512 -660
-281 -1575
-29 150
-224 65
-906 -778
-335 -1084
-56 -141
-436 726
-1143 736
-502 714
1060 -513
1340 392
593 1475
932 1987
-675 -433
-361 187
-155 708
576 1034
697 -508
543 -610
731 12
169 298
854 141
230 257
640 260
-416 575
-235 -742
-16 -279
-368 -706
214 -602
-872 469
-670 -348
-482 -187
-344 -514
42 -313
-75 94
188 -116
438 122
418 -571
233 -84
-5 -84
-183 414
187 -598
229 -247
351 27
-483 -154
98 55
-265 -240
-1082 107
-1359 452
-121 688
254 548
-321 935
-111 261
-625 27
-32 -409
241 84
250 -357
482 -99
603 -233
478 62
438 454
-268 144
-315 201
-206 358
239 61
370 -49
-150 397
50 -138
595 407
456 60
-333 251
136 -361
-2 111
-34 623
-123 193
11 -102
-256 -10
287 18
-18 307
-10 446
-297 403
917 181
649 84
956 -628
540 -137
-68 -403
466 -434
-369 -236
-252 -339
-133 -369
269 -786
407 -405
100 -686
268 135
225 548
140 186
-15 167
-100 -78
321 -193
44 23
410 75
83 87
-66 -103
-213 74
-261 -82
-577 -105
228 152
-258 187
168 -499
159 481
245 -82
-17 224
46 -163
216 62
-97 -92
83 -44
-220 -67
-138 183
-196 11
177 223
-443 -56
92 -72
138 -98
-112 -144
223 -8
323 -189
-530 -262
157 -553
-21 150
221 388
40 -326
179 -255
138 -401
-66 147
-401 -363
250 -107
-106 68
-253 -158
-196 -333
-236 -162
-536 -48
575 -17
-36 -142
251 -67
64 12
227 135
200 91
191 38
12 247
81 -59
6 337
20 -246
34 207
-2 445
-82 -28
-54 436
-108 39
-121 -177
-238 153
-135 -67
159 305
314 38
-106 -52
456 100
-163 360
-182 -142
256 213
-93 51
325 -99
-50 -138
-86 228
-279 176
-64 58
-166 90
-101 59
-70 127
-210 283
161 98
-88 -592
267 80
-233 -363
33 152
214 -138
14 1
36 -301
-83 211
-106 -149
241 293
-143 -148
66 -350
-25 -231
-41 -224
-85 -19
-133 13
-253 -242
-271 -121
-338 -351
-57 -149
-100 -286
68 -428
-166 -212
-18 -6
193 -204
147 38
18 -249
-192 -106
25 22
-137 -23
-36 -197
395 157
-315 115
254 -268
-180 106
16 -129
-19 -113
-158 -108
-2 48
102 -70
-105 -36
18 10
-27 -16
172 -61
87 -270
-15 71
-112 -272
70 258
-129 103
143 253
-132 -13
325 -257
21 67
220 -343
177 211
102 -191
-177 458
-76 -336
126 193
-62 78
-10 -40
27 114
11 -114
-110 -22
323 -80
-175 158
156 -207
-72 1
172 -72
-98 166
-50 -151
131 -135
-7 181
6 -77
153 179
-98 3
-9 9
46 -83
43 -134
-18 -21
-86 5
13 -43
-121 79
-16 70
133 70
-12 -25
55 -39
298 -267
-206 201
-25 -402
130 165
-51 -185
-164 178
-244 -77
38 99
-52 -82
-53 240
-72 -87
158 111
65 65
54 -170
-11 43
-191 -215
11 -159
236 130
-29 109
156 -19
-20 69
93 194
-94 55
85 85
8 -37
119 -116
-120 -3
60 -146
387 81
9 110
248 -45
-124 198
1 13
-199 200
-21 -35
14 229
-187 172
342 -426
-52 181
-48 -367
13 103
59 -176
47 -104
-9 -121
80 146
-7 24
8 87
-149 -92
-163 -394
323 157
-312 -191
366 -92
-94 -63
208 123
-135 121
110 -145
230 -88
-101 -37
26 -213
-89 20
-110 -33
40 -43
-101 31
46 -34
234 -48
-288 -192
327 -173
-199 190
-10 342
-173 -126
197 166
-189 5
-137 75
-59 38
-65 56
16 96
4 172
-109 -189
0 -1
-142 -191
85 -29
-142 160
-5 -93
-46 205
-18 -81
217 179
-62 100
148 4
-399 290
166 -404
44 328
-154 -462
