-154 226
45 -268
65 266
-169 -215
-110 106
58 -142
6 157
-68 -140
-197 117
130 -186
-44 225
-52 -223
29 -225
67 219
-149 -173
209 96
60 14
-61 13
49 -35
-34 58
93 207
-168 -151
218 68
-223 27
-48 289
-77 -285
183 230
-261 -135
72 -197
10 209
-97 -183
165 130
152 -98
-97 155
22 -178
51 176
-41 295
-83 -283
191 224
-269 -126
-98 -350
226 280
-324 -162
362 16
121 40
-122 13
107 -62
-75 100
-117 233
9 -263
99 242
-189 -181
136 -26
-111 82
69 -116
-17 136
-147 103
92 -152
-23 179
-53 -170
-52 108
4 -122
47 115
-91 -85
33 474
-224 -419
377 289
-459 -110
109 229
-196 -165
246 72
-255 36
-189 -7
177 -70
-130 137
63 -180
-69 -98
102 62
-118 -15
117 -36
310 -3
-286 132
201 -235
-89 300
7 -8
-3 4
0 -11
5 3
61 -72
-21 88
-12 -92
51 79
-217 -79
227 -19
-202 105
142 -181
225 158
-271 -51
266 -65
-218 170
4 66
-29 -59
49 43
-62 -19
175 -45
-142 110
83 -160
-13 179
53 177
-117 -138
165 79
-180 -3
-379 37
329 -191
-224 307
76 -373
-298 -230
367 89
-370 70
315 -213
-135 34
110 -84
-66 123
7 -139
10239 -10386
11302 -8559
11151 -5940
8217 -2610
-3753 -8192
-4346 -9803
-4132 -9779
-3191 -5674
3870 -873
3121 223
2434 572
3064 -98
-555 -1321
-1026 -544
-1650 -462
-83 -282
2454 16
2803 -393
1981 -530
519 -1106
357 -180
312 -588
-417 -1396
-588 -1412
421 -1590
-794 -1699
-1135 -2005
-884 -847
1034 755
145 453
-165 -91
-670 82
1323 -29
1068 -571
-158 -836
-148 -987
165 674
611 -64
485 626
465 315
-189 387
-879 1009
-1044 875
-1091 743
156 201
-2 255
-8 179
-370 110
518 -47
762 289
671 -836
860 -346
133 -558
671 -495
506 280
708 221
153 -484
458 -606
-64 -448
450 -219
666 141
541 37
633 72
414 113
179 -118
52 226
-330 -349
38 -304
120 448
-52 306
203 300
0 159
-70 -134
65 -618
451 -320
-234 -541
-2 560
-49 144
133 526
-522 276
-160 73
291 6
-141 -86
315 -273
-718 156
-69 76
-111 663
65 -88
7 101
126 242
-159 377
-70 292
589 -65
376 -204
134 -355
60 -13
-160 14
-20 685
-97 264
133 373
193 -110
228 -140
613 -96
341 67
-311 317
267 157
-118 546
15 -41
-399 204
0 112
-1 -112
-121 -26
-250 -64
-405 23
-263 230
-156 -147
-627 221
-809 -137
-156 217
-375 297
-124 99
-252 93
-180 -108
-366 89
135 -173
510 -154
349 -245
474 -86
-449 200
-356 81
-297 -17
-487 -89
-130 -86
-116 -37
251 125
-20 188
339 68
-25 298
46 47
24 301
-64 186
261 -89
130 9
-203 -219
-135 -112
5 91
-222 -235
8 320
-101 172
117 454
-129 -32
65 79
61 70
-126 479
-163 -74
37 250
314 -19
-44 174
8 -79
-167 -14
130 -306
-210 0
76 -203
-40 266
112 1
420 -20
47 -1
301 -314
106 -195
152 -328
320 -109
-8 -105
210 134
-259 98
-107 -278
-354 247
-193 111
140 -223
126 208
-257 -115
-283 -272
244 -213
-366 58
-36 -293
-138 -130
127 417
-159 -161
314 -14
-176 -256
-87 -72
-86 -226
33 0
155 -168
-259 29
207 -139
-163 55
-156 -123
-50 48
-201 -8
-60 16
-266 -92
260 -192
-206 23
114 -337
-122 119
102 86
-5 239
-182 184
-74 14
295 -112
-255 49
0 -238
-230 38
56 -5
-137 49
-133 -227
-30 -440
-54 58
-90 -105
232 88
-39 303
232 148
-153 240
-250 0
-80 -27
-298 -58
-24 -192
28 146
-2 -474
110 -28
-445 -244
-3 -94
142 -188
129 302
78 -30
17 267
-49 -155
-99 215
105 -372
433 210
-33 -143
-39 184
-119 -67
177 -35
-16 -87
4 200
26 -148
89 50
-139 -216
19 137
-115 -23
128 68
29 52
-214 97
-22 -46
-89 129
-347 63
171 -128
-207 254
-20 -171
-90 -84
-59 -216
-183 -27
-205 -76
199 99
-98 115
32 -150
-37 31
9 -203
38 186
-108 -146
20 -32
-177 64
-77 197
-241 132
-110 88
-115 89
-64 -317
155 58
-141 -220
150 49
-132 60
283 -82
20 79
-137 -71
81 107
-290 -62
163 -114
-51 -173
113 -52
-74 -148
108 -34
-182 380
-62 -310
255 420
-197 -30
114 23
-3 44
227 -17
57 155
-179 -99
104 -132
-229 133
-47 -15
177 276
-423 -250
406 54
-339 136
-137 125
23 65
-38 252
-83 -71
-35 52
33 -8
85 42
23 -2
-217 -61
6 -74
-205 172
-27 -34
-58 -51
75 198
-206 21
117 75
50 60
-105 -209
47 -29
-249 -139
149 123
44 19
67 73
-105 22
-108 -96
140 -49
-126 -21
152 -111
296 260
-165 -62
280 2
-250 129
84 38
-18 159
29 -120
103 55
-66 12
-13 46
-6 -34
12 -28
140 159
-145 8
227 17
-108 151
-42 310
49 -224
214 274
-21 -219
8 -124
-108 13
-61 -118
25 100
84 80
-97 -13
96 -106
-60 47
-224 -3
93 23
-165 76
102 -168
185 21
-109 199
85 -73
-1 156
223 -92
-310 -31
103 -334
-116 172
-267 156
179 -251
-59 302
-66 -300
69 -209
28 219
-111 -183
176 120
163 -158
-81 210
-14 -227
102 203
-59 66
26 -86
12 88
-47 -74
89 93
-118 -52
132 -1
-118 53
-155 -49
160 -17
-142 83
95 -128
31 113
-74 -93
105 54
-119 -7
153 -24
-133 85
87 -135
-26 158
-18 42
-1 -49
16 44
-35 -32
-57 17
47 -35
-27 50
4 -59
-30 52
8 -61
19 57
-38 -47
-287 169
191 -267
-67 326
-73 -325
77 75
-105 -39
105 -6
-98 51
-156 199
56 -245
46 244
-141 -206
-29 13
28 -25
-12 32
1 -34
-4 -34
18 30
-30 -19
33 9
133 41
-136 14
120 -69
-80 113
254 284
-347 -153
378 -1
-344 159
-77 -189
145 140
-190 -69
200 -15
-163 -219
234 129
-269 -21
256 -88
96 -68
-61 102
13 -120
37 113
-10 -24
18 16
-23 -9
23 0
-269 -21
258 -88
-197 186
105 -248
-239 1
217 -96
-156 178
71 -229
30 62
-54 -44
66 19
-69 9
-15 10
11 -12
-2 14
-4 -11
-24 -111
69 92
-98 -57
113 10
-63 26
47 -48
-23 64
-6 -65
14 -93
23 94
-56 -73
81 46
107 138
-154 -83
175 13
-164 63
2 -24
12 22
-18 -16
23 6
11720 -8669
10821 -5676
8409 -2995
4400 -1103
-4304 -10187
-4006 -9409
-3447 -5963
-2083 -1105
3148 201
2421 594
3068 -129
3618 -219
-1223 -359
-1553 -705
-76 -16
1622 721
2780 -537
2054 -407
396 -1185
321 -1703
212 -996
-159 -1060
-959 -1611
-770 -927
-829 -1931
-1005 -1803
-1079 -980
-624 -77
115 437
-128 -86
-707 90
-157 88
993 -615
-71 -828
-233 -956
-251 -374
466 -49
611 556
380 431
898 865
-777 1089
-1169 844
-963 720
-1258 190
-87 286
56 116
-400 196
-275 221
677 -48
885 -564
552 -505
415 -397
262 -391
836 21
512 595
362 378
198 -321
59 -808
487 164
49 -149
868 339
217 -73
851 76
-926 -151
270 -87
-399 27
-54 -672
87 -35
-1 310
157 316
39 127
-155 -83
282 -344
142 -480
107 -519
-299 -200
48 287
-9 434
-349 303
-232 87
124 -74
40 -80
145 -206
-258 -87
-307 134
84 512
-47 123
235 225
-131 276
65 240
-213 511
113 56
144 -143
320 -505
-46 200
-235 -338
-7 615
-79 333
84 313
-150 593
359 -83
472 -87
468 7
480 -63
3 496
-11 126
90 384
-192 5
-427 -80
472 -108
-551 168
80 -442
-424 -29
-223 271
-208 -168
74 40
-715 -28
-286 145
-229 304
424 168
-254 -90
-97 62
-506 -34
-199 98
732 -77
119 -219
677 -206
156 532
-311 234
-400 -143
-346 -23
-269 150
-122 225
153 -116
167 362
215 -39
-135 291
148 9
-55 380
-42 -105
92 -12
255 -128
-258 -47
105 -568
176 -14
-331 -63
45 121
-234 156
366 413
-344 115
202 -139
-70 184
-6 331
-212 114
7 58
-395 158
65 137
-76 2
-119 -119
-267 -239
109 -121
-171 40
85 -60
-33 377
380 260
-32 -273
483 -95
-224 -81
331 -326
156 -37
113 -237
155 87
-90 -117
-169 -10
-403 -22
-118 -81
238 -151
7 179
-138 -137
100 62
105 -126
-272 -84
-63 -127
-290 224
-63 179
112 -18
14 -33
254 7
-18 37
-194 -305
161 29
-291 -231
-35 -67
42 35
-82 -168
53 23
46 10
-273 67
-23 -83
-159 309
-62 41
-5 -316
73 56
-93 -13
139 210
-87 142
-71 241
-28 232
340 -48
-320 11
79 -225
-171 28
102 134
-230 -57
2 -174
-131 228
35 -357
4 307
-22 -257
252 382
17 287
-11 26
-288 251
-101 -38
-162 -85
-140 -113
106 29
98 -25
-15 -233
-255 -108
-240 -143
-203 -9
117 105
169 144
-140 147
138 47
-15 23
98 -160
350 15
254 65
-143 85
13 -19
34 -25
-70 -162
33 140
22 -84
63 -14
127 -164
-180 -5
130 28
-113 125
49 -66
-285 114
35 -89
-120 191
-7 -11
-20 156
-148 -83
68 165
-150 137
-286 -228
32 -109
-365 82
23 -149
166 80
-196 -13
116 -187
-209 94
-79 150
16 -159
-85 30
-64 -196
-198 29
-55 238
-316 67
104 71
-95 -89
80 -161
15 -47
-27 87
-46 43
212 -28
67 0
151 -79
-139 196
-126 -229
80 106
-252 -128
62 -273
61 35
-94 -142
93 -58
-55 93
91 58
104 234
64 -75
11 118
184 -77
117 194
128 -129
41 -185
-155 151
-126 -9
49 83
66 -306
-16 304
-56 -270
275 331
-121 -85
156 325
-285 -64
209 112
-118 -18
221 -7
-80 104
167 -87
-84 -30
-145 95
-54 59
-70 -10
38 -69
-59 246
-110 -68
112 -3
74 -129
-149 -29
-70 -214
-149 -25
-37 75
128 -9
-124 120
-125 -148
41 -120
-6 3
35 -80
49 30
60 86
19 -42
10 61
-63 -66
44 -194
113 225
-116 -230
293 83
-128 104
72 -134
-21 96
52 -222
-41 21
119 44
-25 74
37 -53
-64 80
194 -45
130 68
60 -99
-96 -85
-28 -22
-40 24
-46 16
-26 -1
31 -89
-9 7
-56 -58
115 51
-192 61
138 -165
-54 159
-242 -139
341 177
-341 35
224 -158
-78 -125
-65 -148
-37 -62
-104 -55
28 131
-79 -112
119 64
-136 -6
61 -83
-20 104
-23 -102
64 84
-43 -23
50 9
-51 11
42 -31
200 -30
-172 112
109 -169
-31 203
-20 74
-11 -75
40 64
-62 -41
-23 100
-18 -99
60 86
-88 -56
-74 -130
121 87
-146 -33
143 -32
205 30
-201 58
159 -130
-89 187
-36 287
-83 -276
190 222
-260 -123
-158 232
50 -278
65 272
-173 -225
-269 160
182 -253
-61 304
-69 -303
-55 249
-54 -253
152 212
-222 -131
-37 -75
63 54
-81 -22
79 -11
168 36
-169 31
138 -98
-87 142
136 101
-163 -42
163 -33
-133 96
96 100
-128 -51
139 -7
-124 59
-49 -12
48 -10
-39 28
26 -43
26 28
-34 -15
40 -2
-32 17
167 -170
-85 225
-12 -237
110 213
-47 21
29 -42
-12 48
-12 -47
-82 -56
98 15
-97 27
75 -62
153 -144
-79 195
-10 -210
90 186
-307 61
255 -183
-160 269
32 -312
43 222
-128 -185
195 117
-225 -28
10 -53
15 52
-34 -41
46 28
183 -26
-158 96
106 -155
-31 183
-7 -150
68 133
-115 -95
147 38
47 -281
77 273
-182 -222
258 128
-41 159
-25 -160
86 138
-138 -91
-122 -66
139 10
-127 45
96 -93
45 146
-103 -115
140 62
-149 1
10821 -5780
8452 -2896
4319 -1172
269 -1589
-4134 -9403
-3340 -6019
-2159 -1007
-857 2927
2490 861
2892 -343
3868 -93
2884 -625
-1410 -308
-362 -321
2006 883
3169 2465
1921 -702
641 -970
17 -1792
837 -1786
-10 -1333
-984 -1301
-872 -1218
-971 -391
-1410 -1640
-777 -1292
-769 335
-491 -60
-386 -24
-498 -72
-286 323
235 749
-64 -1031
-156 -769
-398 -512
201 -136
499 407
541 524
705 844
370 438
-1161 1004
-1040 574
-1131 290
-935 -140
-214 -18
-102 208
-547 333
117 389
949 -537
481 -502
477 -428
373 -230
634 162
638 387
336 622
219 41
67 -433
330 -177
335 96
-124 -3
396 381
505 -262
-466 18
-1074 -632
-156 -160
-201 -411
114 -336
-227 -333
-68 433
198 -69
-218 164
-340 -375
468 -685
-109 -202
-234 -580
-145 107
-97 326
-228 369
-369 73
-59 -169
227 -136
0 -79
-178 -257
-75 -44
-31 298
140 279
-3 163
210 314
-66 351
-139 356
110 229
-141 -181
10 -186
105 -218
-200 106
-158 -129
-182 265
201 335
-264 627
-25 133
490 -181
488 97
428 -137
510 41
67 245
-33 307
-51 29
-187 98
195 69
-373 -110
23 -118
-379 61
-470 73
102 -85
-236 92
374 -279
-568 -6
89 330
120 273
435 35
-147 266
-549 -236
-77 263
-456 272
510 -485
428 193
218 65
287 183
-337 -57
-442 -76
-159 153
13 -170
-71 52
300 117
193 242
212 -281
-226 79
260 167
-244 219
218 -51
291 49
-361 -190
262 -481
-239 -26
-149 -9
-148 141
-73 59
-310 32
17 215
-168 -84
245 -14
-389 -31
-84 4
-68 212
-391 -15
-147 199
-32 105
-205 -195
-161 -201
-236 -223
-42 -54
7 77
-19 219
119 65
320 -15
58 -187
205 -168
-42 -129
278 -102
27 -132
192 -41
89 23
142 220
-784 -105
254 -162
-504 219
25 64
-102 -23
20 -23
-289 115
64 -341
-263 244
-260 -197
235 170
84 -307
152 218
22 -165
314 14
-165 -244
112 -14
-236 -209
-102 -225
348 131
-395 -129
321 -141
-200 43
-208 -85
-24 80
-226 160
34 200
94 -109
-101 -96
126 56
-98 94
80 -13
-162 449
-31 2
0 205
-110 8
-112 -138
-34 -128
-133 30
-195 -191
19 -35
-209 106
63 -77
155 -25
-25 108
108 42
124 150
76 289
-483 49
154 67
-355 181
12 -80
-47 60
223 -118
72 226
-154 -221
-281 1
-226 -153
-218 139
162 329
-208 -32
271 174
-231 -12
368 45
23 -62
586 2
19 263
-131 42
150 -136
-127 -11
80 -338
32 71
-12 -147
246 -70
-117 -41
-42 147
-10 -55
26 140
-171 -72
94 -34
-200 163
72 -14
0 322
125 24
-226 178
114 1
-17 335
-304 112
-148 -248
-39 243
-228 -271
-16 -153
5 13
-194 -135
81 38
-86 128
-111 -273
82 62
-172 -265
-506 305
66 -177
-143 452
-78 -152
-108 -234
221 -53
-216 175
107 -9
327 11
-56 9
258 -136
60 78
-86 -83
-13 -11
-116 -57
95 34
106 21
-128 -112
119 -102
-203 47
43 97
129 180
63 -19
95 54
315 -165
38 326
148 -278
192 205
30 95
-272 122
132 -89
-121 228
-382 204
320 -321
-45 539
-22 -413
240 240
-326 49
197 -11
-243 147
124 41
-10 14
142 21
11 178
-188 281
-89 -128
36 144
-116 -126
-128 -20
63 148
-132 -128
107 -88
-142 -240
8 -20
-300 -168
105 -88
-252 -2
220 -40
-373 136
11 -262
21 -268
122 176
-134 -170
188 86
88 -98
-30 143
-62 -159
46 97
-133 93
165 -212
25 180
7 -209
154 142
-205 -118
309 -103
-162 -27
122 -28
0 146
-15 -101
68 125
141 61
140 -51
103 16
145 65
-125 161
-30 -182
28 207
-150 -49
-171 -44
163 -116
-162 121
-12 -286
132 -94
-99 108
49 -190
110 103
43 121
-42 -39
-18 28
-71 5
248 -140
-326 50
117 -279
-177 305
115 51
-131 -1
118 -49
-85 96
52 -76
-15 92
-23 -91
57 74
75 -335
65 340
-199 -283
294 178
-82 180
1 -198
81 179
-148 -136
148 111
-178 -42
181 -32
-150 106
-8 -298
127 271
-225 -196
287 86
311 -33
-268 156
184 -255
-63 312
4 -6
0 7
-3 -5
5 3
-183 -63
196 -18
-173 96
119 -157
-248 -162
296 46
-290 76
233 -186
69 67
-89 -30
93 -6
-83 43
249 -182
-150 268
25 -307
102 292
179 -21
-153 89
102 -148
-34 175
202 4
-188 81
135 -154
-65 193
-26 -128
75 107
-108 -66
132 12
-43 -84
71 59
-87 -26
88 -14
100 -75
-64 109
15 -126
38 120
86 4
-81 33
62 -64
-34 83
0 -69
28 66
-54 -46
67 23
-121 -49
128 -9
-114 58
78 -100
34 -31
-19 44
-1 -46
19 43
165 -257
-47 297
-80 -292
190 231
-27 -51
41 35
-57 -15
54 -13
141 -233
-32 269
-80 -258
177 204
38 86
-66 -65
88 31
-95 11
1 -50
19 47
-38 -36
51 13
-37 123
-12 -131
64 111
-107 -73
-288 -75
293 -48
-252 161
161 -253
-129 69
85 -115
-34 138
-29 -143
-12 70
-16 -69
41 57
-62 -33
-361 54
311 -198
-198 307
60 -359
8475 -2773
4246 -1275
375 -1525
-3631 -3553
-3306 -6034
-2181 -979
-845 2887
226 4469
2975 -129
3705 -254
3093 -542
1738 -350
-295 -167
1884 770
3333 2519
2962 3610
822 -978
-153 -1717
956 -1929
1531 -1141
-662 -1374
-1144 -1021
-806 -682
-474 -299
-898 -883
-823 -87
-270 305
-150 -75
-386 149
-478 166
475 812
60 1100
-198 -758
-362 -545
185 -93
88 532
590 657
611 742
507 498
139 64
-1071 832
-1209 43
-765 50
-794 -29
-408 268
-295 153
-39 653
-79 331
515 -620
495 -309
310 -332
685 -395
558 337
430 640
133 68
255 127
466 -181
210 152
-37 -102
-284 356
630 -61
-666 -113
-839 -593
-351 -240
-97 -571
90 -145
-280 -517
104 -392
213 -41
-248 147
-306 -373
-180 -33
-138 -364
-138 -441
-287 26
-684 -234
-458 290
-129 51
-271 -48
-129 -64
-30 -167
-113 -188
-163 -84
107 -84
-126 233
261 96
-6 489
-91 64
-310 442
233 76
-192 6
141 -309
31 -207
-138 69
-204 -67
220 -54
108 391
-210 539
-44 237
-323 471
337 -156
672 35
220 -14
127 -104
-135 205
87 76
-327 109
-23 -105
15 4
-373 -60
-38 -152
-715 229
-252 -169
119 19
76 -71
13 -511
-309 34
610 380
-55 130
439 -121
-144 5
-549 212
-4 129
-288 468
420 -66
330 297
82 16
-39 459
-423 -183
-130 263
-61 -253
78 262
23 29
486 210
-42 -131
377 -125
126 284
-166 55
221 133
121 41
-18 -198
-54 -325
-18 -293
-155 -38
-309 233
38 -95
-349 214
106 -62
130 282
-181 -225
83 -9
-188 108
-167 17
-220 120
-356 152
73 -4
-235 -169
-141 -240
-237 -187
-62 -239
-314 4
305 156
-152 255
51 -70
99 -77
119 -255
69 -78
190 -64
-85 89
199 -287
186 257
100 -170
-108 140
-463 -108
132 -120
-92 243
-222 -188
196 73
-486 98
295 71
119 153
-576 38
424 -178
-250 116
23 -162
295 125
-55 -140
314 121
57 -167
-123 -97
-253 -283
115 54
-153 -454
236 252
-283 -354
325 19
-372 111
78 -14
-175 475
-151 -73
13 -74
20 82
-11 27
157 36
39 215
-122 297
-40 -101
-105 82
-261 -265
154 -78
-327 64
229 -286
-416 -109
222 1
-284 201
-20 -290
-78 280
82 -137
222 303
-174 -256
-185 141
-153 105
-85 23
-40 21
121 -33
109 36
116 38
164 243
-218 -291
-162 134
-395 -100
186 157
-360 58
370 32
-268 153
-23 -300
337 25
266 50
299 86
-11 101
88 -5
-128 -154
140 -203
-140 17
441 -316
-96 269
56 -491
123 415
-5 -221
90 294
-294 -183
278 71
-54 261
-106 -43
171 275
-145 118
-75 52
27 174
-17 139
104 96
-194 74
-132 -69
-14 -27
-97 -175
-135 -185
18 -13
-161 15
-58 -27
-141 -214
88 -1
-154 -204
103 -90
-399 252
101 -130
-69 481
-56 -102
-51 98
-22 -73
38 294
-223 44
397 -143
-87 186
247 -357
22 250
-164 -205
95 56
-147 19
209 -103
268 -65
-260 18
95 -217
-51 136
74 -10
194 132
-85 -31
199 49
-38 121
302 -129
-12 121
68 -161
-23 31
-59 92
-20 -18
113 162
70 177
-19 -24
181 108
-31 -33
25 107
-147 83
37 -79
-180 59
120 128
-27 -26
185 156
-93 66
-112 -5
2 25
-35 -29
-33 -82
-119 72
60 -138
-65 -3
70 -133
-24 -185
-207 -34
-38 -172
-26 118
120 88
-331 -24
36 -100
-202 159
13 60
12 -102
28 89
-128 -108
14 -38
-27 26
-60 -55
34 42
-95 -17
182 -102
-23 116
-2 -91
166 143
-136 -185
277 -132
-151 -19
-83 146
66 -136
9 185
-9 -85
172 -168
118 137
82 -37
336 136
-95 96
-32 -73
15 183
-92 -84
-210 -256
236 101
-362 -100
265 -125
-122 -202
195 91
-132 -95
190 -84
-123 8
34 -45
-89 98
-74 -104
9 -25
-159 -70
-14 2
-150 -45
-12 -71
39 66
-60 -39
74 15
46 -123
10 133
-66 -117
104 78
92 158
-149 -104
176 39
-175 37
-98 98
46 -128
6 139
-63 -122
-191 215
91 -275
33 288
-144 -250
-154 64
114 -122
-56 157
-16 -168
305 24
-285 104
216 -211
-118 284
195 51
-200 33
169 -112
-108 171
-59 2
54 -20
-35 43
19 -56
-141 30
113 -86
-73 127
15 -145
-155 172
70 -219
26 233
-120 -198
-193 82
142 -157
-70 200
-21 -214
-81 15
70 -47
-42 71
11 -83
38 -111
11 117
-60 -100
93 69
148 0
-134 58
99 -110
-44 139
374 -145
-279 287
139 -379
25 402
-237 -92
259 -14
-227 116
160 -200
-82 -29
84 -5
-71 39
54 -64
167 107
-193 -29
185 -52
-151 127
-38 32
21 -51
0 51
-26 -49
-61 -262
167 216
-236 -129
268 18
134 232
-217 -157
260 53
-261 57
-16 27
7 -30
9 32
-19 -23
-19 41
1 -46
17 40
-30 -31
-29 -113
76 92
-104 -51
122 9
-167 12
142 -82
-98 130
35 -160
-408 -77
403 -94
-330 251
200 -365
-156 126
90 -179
-9 200
-75 -186
17 212
-102 -184
168 126
-206 -46
204 -215
-100 282
-24 -300
146 263
139 6
-134 49
102 -98
-51 132
4544 -1330
124 -1350
-3481 -3816
-5883 -6986
-1951 -1020
-1039 3018
350 4277
297 2850
3501 -334
3310 -550
1541 -258
-739 -840
1999 899
3171 2447
3135 3609
1190 3401
278 -1547
492 -1906
1945 -1343
1998 -433
-869 -907
-1105 -674
-206 -427
10 60
-680 -186
-360 448
-127 -246
669 -223
-122 234
124 901
341 878
204 1107
-282 -766
200 140
-19 322
543 745
860 700
290 632
274 -148
-104 -29
-822 43
-1116 212
-532 -315
-181 458
-29 242
-318 682
165 192
-225 912
433 -370
386 -300
600 -390
619 35
459 394
196 304
97 -56
-343 241
456 77
-227 62
-177 130
-318 166
-592 -515
-742 -197
-598 -563
-51 -602
27 -298
-159 -404
-54 -444
-25 -142
-23 24
-463 -163
-120 -284
-418 -45
-201 -108
-367 -305
-480 40
-515 -113
-329 46
-88 -126
-262 78
87 161
-45 -150
-239 -92
177 -111
-18 56
-154 96
372 316
-369 373
61 77
-16 335
-73 -333
172 47
20 -18
-159 68
-175 -77
201 -36
-51 -149
-119 409
-75 389
-359 320
-186 71
383 61
471 -162
-52 129
184 -152
89 -240
-200 400
-264 -317
491 305
-46 -330
-227 221
-695 -190
28 -187
369 58
-169 8
206 -678
-59 264
390 288
186 127
221 -19
-7 -110
-334 -6
-108 413
-308 162
161 298
393 311
28 29
10 427
-177 22
-221 -1
132 -50
-181 152
325 63
248 -4
263 -38
61 -89
465 -307
-64 369
0 -111
424 170
4 -130
-19 -370
-27 -250
-168 -82
-12 -60
148 286
-605 -90
463 106
-115 10
-77 -104
-58 -79
-30 115
95 -40
-348 111
-237 102
-14 90
-84 47
244 -258
-585 -10
184 -537
-200 359
37 -38
170 321
-270 -1
254 -104
178 -354
52 38
156 -175
305 316
428 -185
-70 252
330 -273
200 152
-357 -206
71 8
-92 104
-53 -67
-177 -261
-13 247
-200 130
164 -52
126 -138
-144 269
88 -526
176 223
122 -122
202 17
14 87
182 -105
-229 126
-241 -530
203 284
-460 -300
176 -125
-77 -32
5 -188
336 212
133 159
-298 342
11 -5
15 517
26 170
-55 -53
230 90
-178 27
-90 22
45 162
-293 -124
-5 -126
-215 -39
-5 -128
12 16
-54 -237
-223 221
33 -187
-153 188
-45 -285
95 141
95 55
39 -81
46 -37
-26 14
-165 154
-19 -131
127 43
112 13
116 64
150 223
-181 108
-320 331
-331 -343
226 406
-414 -179
13 37
64 8
-265 -32
-21 -132
397 -239
294 404
-142 -191
233 263
-90 -111
86 -227
-79 26
-89 -81
-64 -47
157 -187
-89 186
73 -138
-3 256
-192 -190
186 120
-218 -36
128 94
-95 244
108 38
14 375
-97 286
57 -8
111 263
-68 -103
-135 31
-54 -111
-26 -105
-104 -237
143 21
-288 33
51 -97
-244 163
-343 -155
307 -240
-310 127
117 -421
-135 -152
154 404
-229 56
272 180
-150 289
3 -84
-39 377
-125 -169
118 -32
147 -72
-6 -50
61 45
170 26
-199 80
231 -176
-45 159
-63 -14
-76 -105
53 -38
-116 -83
-159 5
292 -55
-134 230
142 -201
97 133
68 -195
127 168
-179 -201
-100 199
-26 -134
167 259
-133 -87
-117 164
197 -101
42 167
103 -155
167 -40
-197 166
-64 -260
64 315
136 87
-4 119
97 20
-47 77
-83 -109
95 58
-195 -108
79 -113
-12 -180
13 6
-5 -108
222 29
-313 -336
189 59
-322 -2
251 -121
-322 -107
67 -18
-257 96
52 -80
-120 109
60 -156
-54 128
-233 -136
6 -27
-67 11
17 -14
-17 -12
131 -310
109 286
-188 -190
226 191
12 -270
179 11
-115 -187
285 -87
-68 0
67 8
9 102
56 -9
-139 4
371 -23
66 243
147 -143
6 -129
6 251
-113 -152
83 172
-32 -119
-33 -15
-72 -73
19 -67
-107 -180
251 29
-209 -36
203 -118
22 161
-164 -99
71 46
-174 104
-2 -177
-115 164
-123 -235
98 6
173 -47
-139 112
84 -164
-10 178
-347 363
167 -473
42 502
-242 -441
185 66
-198 16
173 -96
-122 152
-277 26
239 -135
-161 223
56 -269
-63 107
14 -125
39 121
-81 -93
-190 36
159 -111
-100 165
24 -193
-89 27
68 -61
-39 80
4 -94
-23 -152
81 125
-127 -82
151 24
7 75
-36 -64
59 46
-71 -19
29 82
-64 -58
81 29
-84 7
94 -135
-29 166
-42 -161
100 131
4 -151
60 137
-109 -103
143 48
234 188
-293 -75
295 -48
-247 167
78 -71
-43 97
-7 -106
46 97
-105 1
92 -45
-70 80
28 -101
134 89
-159 -26
158 -40
-125 105
-163 -59
174 -10
-155 82
107 -136
285 -19
-253 134
174 -228
-68 278
-128 14
112 -70
-75 109
24 -126
-124 183
38 -218
52 212
-134 -176
-174 -75
185 0
-169 76
123 -139
16 -61
6 63
-37 -55
55 36
-115 -4
106 -38
-83 80
43 -107
236 -89
-180 174
90 -236
12 250
-203 -94
227 5
-204 86
153 -165
23 -45
-5 54
-19 -49
39 44
-165 167
83 -221
13 235
-110 -211
-186 18
162 -95
-113 151
38 -181
24 153
-86 -130
131 82
-152 -26
47 -18
-32 38
16 -46
5 47
-118 110
64 -152
1 164
-67 -147
-29 -1369
-3335 -3860
-5996 -6881
-6945 -10994
-868 3104
159 4266
471 2777
-234 -1188
3412 -553
1452 -211
-676 -911
-2404 -1722
3317 2422
3014 3690
1270 3275
-36 1471
702 -1811
1716 -1348
2207 -524
1899 -153
-938 -572
-401 -450
197 3
500 520
-453 -35
157 155
244 -475
1328 331
397 937
77 951
410 933
-384 1004
167 -77
99 508
356 620
443 730
452 611
135 -59
-11 -165
-192 -554
-992 67
-586 -135
-201 273
-62 225
-214 521
132 382
-273 727
-467 541
410 -217
544 -455
693 77
203 86
356 6
82 277
-460 -73
-178 156
-128 43
-257 182
-271 82
-261 -160
-826 -270
-496 -530
-158 -589
-449 -293
-231 -513
60 -380
-155 -155
-112 -162
-238 -78
-359 -262
-206 -160
-98 47
-196 -76
-723 -108
-227 -81
-8 8
146 -135
-472 181
238 -18
267 747
-342 13
236 -246
-5 200
313 -477
121 501
-215 100
31 384
-214 249
-245 -251
296 -97
-36 161
-100 -136
-252 39
221 -173
-10 -19
135 26
61 541
-546 240
14 70
-490 -218
253 -96
129 -26
85 61
488 12
-275 -91
10 97
68 38
406 -48
-352 -23
-482 -18
-238 -262
88 -356
110 -293
72 -298
-99 -139
75 149
516 90
-68 142
191 -383
129 213
-245 174
-80 328
-106 243
174 201
286 24
-224 541
-10 -176
-53 -5
-131 63
13 -60
235 336
85 -246
146 -236
253 46
231 -358
135 -36
223 -80
206 235
176 -280
417 198
54 -282
-229 -22
16 -145
-339 226
-395 47
215 68
130 -53
453 -19
-283 -222
229 153
-160 30
205 182
-119 48
-102 191
-48 -79
103 148
-31 -226
-230 -116
3 -194
-13 25
116 261
-197 31
173 -102
-245 -180
126 -133
157 12
229 153
31 201
384 15
22 128
321 -343
122 200
-200 122
111 -109
-150 216
-138 -26
-142 96
-18 218
-39 -54
-26 307
152 -79
-39 -84
110 -231
72 -56
-200 75
354 -131
-48 230
-103 -227
-119 -84
-89 -75
-50 -95
-140 22
-302 -240
296 -94
30 244
350 -100
-170 274
-71 111
47 380
-84 175
-146 -126
340 117
-288 39
207 -130
-45 116
-191 -117
-97 -90
-323 -143
-407 -129
382 -153
-325 66
136 -290
-109 147
-158 -167
107 42
-17 -253
-33 62
154 -136
-34 63
89 -224
-53 -13
-57 68
76 -154
-32 86
209 -98
132 410
-238 -73
30 293
-356 -85
144 158
-239 13
66 -62
42 -214
-155 157
-197 -262
108 58
256 208
-26 -27
58 155
-48 39
110 -140
-133 -49
-14 -39
-92 87
-50 -81
56 0
18 82
10 -17
-3 -55
-41 69
6 -81
91 5
131 -94
40 439
-88 -20
98 242
67 54
67 209
-11 -75
128 94
-49 9
-78 -216
-7 -156
-160 -246
-85 265
-229 -227
64 173
-371 -235
-16 -226
-14 -13
-94 -171
31 -28
113 -39
-3 443
-89 -82
223 205
-66 -58
13 326
-156 -105
201 72
80 -143
91 -13
-38 53
100 -126
-195 -28
271 -77
-121 84
172 -173
-19 -306
89 167
-227 -255
249 11
377 75
-260 142
292 -178
-88 398
12 -75
124 38
-125 -81
18 -74
137 67
-71 149
124 -76
15 214
208 102
-50 -12
259 -30
-101 52
-176 -37
-3 -69
-67 165
-53 -49
158 0
-3 201
-24 -128
84 134
200 -37
-245 23
74 -251
-80 221
-194 -23
195 -166
62 168
30 -167
-234 -79
119 -55
-139 101
-33 -186
-340 -32
118 -58
-232 214
48 -137
-94 -20
26 -61
-230 67
-23 -76
-409 107
287 -249
-171 314
-44 -380
214 31
-182 85
105 -52
-59 138
353 -87
-232 -29
330 -283
-128 218
-92 97
119 -53
9 174
79 -19
184 61
202 88
81 46
102 -7
228 -150
-157 310
-67 -262
178 323
9 -273
-10 183
-146 -276
129 1
261 -213
-120 184
33 -285
182 234
-294 -69
181 -35
-243 219
229 -273
53 119
-255 -128
173 -141
-223 -6
88 32
-93 5
84 -50
-60 76
-234 -64
241 -32
-200 128
134 -203
66 -68
-30 91
-5 -97
47 83
-3 71
-24 -71
50 47
-67 -27
54 -169
18 179
-92 -153
144 102
-92 154
20 -178
51 169
-117 -128
93 62
-109 -18
106 -29
-86 69
-36 177
-42 -179
112 143
-161 -91
76 -189
7 203
-88 -181
158 131
70 130
-120 -90
145 34
-146 29
-14 62
-10 -61
38 51
-53 -33
-6 -187
86 167
-148 -117
184 46
11 -72
16 72
-41 -59
62 40
-167 -183
226 99
-246 1
226 -106
-51 -221
138 179
-199 -110
226 16
9 -89
27 86
-60 -65
83 35
-318 -35
307 -100
-238 216
128 -295
-76 -186
150 140
-187 -66
203 -19
190 -33
-158 113
101 -168
-23 191
-20 112
-25 -113
68 88
-102 -55
19 -158
44 151
-103 -119
145 69
-60 207
-29 -210
116 181
-173 -121
126 171
-184 -108
212 20
-201 68
-10 -173
82 152
-138 -106
169 41
-5 -51
25 45
-42 -33
51 12
-21 133
-35 -134
84 106
-120 -57
-18 -133
71 113
-113 -72
131 20
54 72
-84 -43
92 4
-83 31
58 65
-82 -37
87 3
-80 35
-214 -211
277 109
-298 17
264 -137
81 89
-114 -48
122 -5
-111 54
-3143 -3462
-6333 -7169
-6517 -10873
-6837 -13013
120 4334
482 2696
-207 -1111
-1022 -4833
1558 -231
-767 -852
-2345 -1817
-3127 -3784
3264 3487
1128 3569
-21 1142
62 -261
1832 -1322
2095 -497
1995 -228
1242 26
-441 -299
172 -151
597 650
358 1262
113 -118
394 -238
1093 174
1184 1221
228 1003
255 950
-252 926
-632 506
344 435
166 790
545 497
648 286
109 48
-33 -277
-134 -459
38 -421
-789 -146
-15 196
-201 370
567 272
-108 335
-33 671
-663 692
-7 502
665 -330
533 13
372 80
53 122
-123 264
-274 -144
-320 298
-217 222
-445 192
-99 -1
-384 -8
-86 -201
-681 -473
-13 -720
-528 -114
178 -356
17 -532
-56 -31
-253 -232
-186 53
-251 -301
-291 -81
-49 -54
30 224
-655 -410
-175 220
-187 -244
500 -7
-394 -43
257 218
149 542
319 457
174 -19
-45 -28
443 -282
79 -51
-292 422
-23 62
-26 521
123 -162
227 59
-32 -5
-28 22
-423 487
372 -321
-89 185
127 -189
300 476
-175 169
-290 288
-295 -537
21 40
50 -342
289 319
192 -141
662 242
-44 -323
294 397
58 -288
837 119
-473 -44
-238 -232
78 -382
114 -255
198 -435
-156 38
57 -33
-250 396
-44 -113
274 -136
-53 25
420 -4
-291 112
169 353
-123 212
150 -63
-371 308
219 -24
-325 -52
92 -162
-141 108
307 124
101 -18
-63 -28
73 -28
426 -362
-39 49
74 -168
287 -506
407 433
-86 -358
621 150
-84 -350
21 220
-491 -106
-142 -34
-64 0
411 -106
217 139
479 43
42 -106
116 192
-113 150
311 142
17 164
-148 -3
163 43
-144 5
24 -99
-236 -107
173 -159
37 -15
-390 76
330 -223
-337 -2
51 -461
219 159
110 35
182 258
45 397
342 -88
113 -13
176 -191
207 -97
35 214
-210 -113
53 253
-223 24
-78 149
47 -18
-121 307
140 -143
42 -63
22 -217
145 -103
-85 -227
93 91
101 -81
-113 116
240 -114
284 -32
-410 20
147 -230
-337 158
-132 -6
386 -7
128 276
374 107
130 124
-146 455
60 35
-80 477
35 33
24 0
-62 46
48 -90
-486 -142
182 -184
-538 56
-88 -376
5 -82
2 -154
-65 42
-169 -107
-142 -116
71 3
34 -235
226 -113
54 -4
1 -105
120 -62
-79 26
37 99
-24 -145
58 35
-96 39
98 127
-87 177
-206 128
-193 122
6 103
-88 8
-69 5
43 -57
-170 -40
-104 -88
-50 -60
-90 -90
-88 52
83 59
-27 135
-3 -179
-123 24
-54 -98
-28 127
-41 -43
145 104
-104 31
143 -21
-86 22
-205 -120
238 27
-161 0
292 -126
345 399
-356 144
275 -13
-461 298
-128 179
180 -125
-20 224
-128 -276
292 -152
-376 -62
134 -479
-159 208
-443 86
131 -204
-278 135
-93 -414
155 -56
-235 -57
111 -184
-113 66
-294 69
328 143
-250 166
212 -288
-44 184
-45 6
60 22
78 -7
-51 -38
102 13
-7 -33
61 -49
-101 91
150 -222
52 216
-120 -128
188 -33
-239 -36
166 -197
-136 27
166 64
-66 72
139 24
-97 174
-177 -52
194 -130
-251 91
118 -338
12 91
75 0
21 120
17 -94
343 165
-176 -33
298 -118
-167 192
-99 -100
31 154
-136 5
132 158
33 45
5 31
-8 3
-23 -64
-19 -272
-13 106
-153 -146
87 169
-37 -59
231 -26
-40 76
148 -7
-127 -107
110 51
-236 -38
-20 -32
-36 -56
-93 150
-50 -25
43 129
339 -4
-536 142
230 -270
-275 381
-177 8
155 -105
-164 141
38 -136
105 125
-176 29
159 -45
-164 24
120 -118
41 -56
43 -98
-3 -8
212 14
-99 153
191 -43
46 179
152 176
89 -49
133 81
-50 -58
-175 179
4 -156
64 258
-157 -181
206 73
-297 -86
198 -229
-112 187
-102 -4
94 -97
52 90
-8 -71
-152 -28
56 77
14 -19
154 -85
-216 -32
104 -218
-133 26
-18 -327
11 83
-45 -74
67 50
-85 -16
-89 25
73 -58
-46 79
6 -98
32 -157
33 154
-93 -126
141 78
-16 -78
47 63
-69 -43
78 10
47 54
-64 -31
74 2
-65 26
-40 37
22 -54
-1 57
-25 -51
-29 27
17 -38
4 43
-18 -36
-29 -197
104 168
-163 -114
197 37
165 -2
-150 71
107 -121
-47 155
-360 97
286 -234
-163 332
17 -373
31 -179
44 181
-114 -147
163 86
9 117
-53 -105
90 76
-114 -31
-35 -53
53 33
-62 -8
61 -19
-175 55
139 -126
-73 171
3 -186
128 -124
-67 166
-8 -178
78 161
-42 136
-13 -143
73 125
-115 -83
284 15
-264 106
199 -203
-98 269
183 -125
-117 189
25 -220
63 211
-81 -142
136 92
-164 -33
159 -35
88 181
-157 -130
198 56
-200 29
132 -50
-101 96
53 -130
3 142
-177 64
140 -128
-71 174
-3 -188
230 14
-217 82
162 -167
-83 218
206 -64
-158 139
88 -193
-3 213
177 58
-184 21
159 -92
-105 148
-136 166
57 -209
34 210
-116 -179
186 -10
-166 85
118 -146
-45 178
104 199
-179 -138
220 55
-223 38
-162 56
123 -112
-67 154
-3 -168
-52 31
37 -50
-11 61
-16 -60
-20 -224
110 193
-183 -134
218 51
-6160 -7130
-6694 -10832
-6695 -13116
-5326 -13924
348 2624
-59 -1095
-1164 -4786
-1768 -6504
-723 -758
-2423 -1884
-3023 -3755
-2679 -5442
1160 3321
49 1381
-101 -450
1165 -1557
1895 -656
2240 -162
992 72
799 -174
204 -215
587 718
336 1195
28 1818
497 -418
1071 382
1119 1026
1093 1332
107 978
-126 840
-712 640
-1177 151
138 641
634 622
516 208
904 -409
-107 -161
-113 -596
77 -285
-131 17
121 249
-348 378
695 198
610 640
-277 425
-336 819
-358 519
733 457
514 57
376 36
73 166
-159 45
-276 13
-386 147
-97 332
-241 870
-115 -5
-368 -13
-104 -190
383 207
-196 -522
-440 -367
199 -87
-71 -116
-101 -135
-168 -159
-290 21
-292 313
-202 -293
-44 171
-64 19
-104 273
-685 1
374 -254
-7 229
510 -144
-10 199
396 443
134 648
200 444
119 96
240 -332
284 -91
-475 -277
-165 233
25 309
161 56
510 35
263 103
-345 44
-145 342
-326 261
218 -143
-22 236
263 30
-80 112
-517 -10
28 -359
-346 6
33 -344
222 153
321 -16
493 183
189 111
302 63
183 23
596 -114
500 167
-142 -446
75 -148
22 -471
775 -300
17 128
-140 -51
-72 329
-9 300
4 -134
197 -88
239 202
178 136
-68 325
108 140
-25 100
68 -204
-240 -52
102 -221
-232 165
223 -252
163 104
240 -60
-170 69
135 -262
484 -397
-77 104
89 -235
126 43
405 191
19 -138
442 -12
-232 131
15 -163
-325 243
-434 -283
13 -20
373 -168
276 185
411 25
-121 359
225 158
-201 224
360 39
-111 252
64 236
-128 -94
181 13
-336 -36
-139 -99
74 -124
110 -85
265 -255
76 -51
-176 -263
3 -152
-159 -127
394 86
-94 321
268 223
-43 403
83 -178
269 -52
66 -177
-10 -530
-166 427
-205 -222
208 348
-588 -80
142 -248
-112 551
34 -366
189 329
305 178
-277 -349
395 -179
-310 -111
135 -282
-62 312
115 -271
134 128
-142 -195
-7 73
-318 -180
-158 -72
123 121
312 56
293 388
263 -41
40 458
-108 103
44 348
-152 117
-106 -135
111 111
-139 -78
32 -34
-108 -46
-335 -187
-175 -68
-242 17
-116 -10
-20 -137
-139 76
-123 -16
184 36
-85 -220
327 -173
-2 150
177 -106
-36 15
30 -106
-127 175
-19 -251
95 136
-172 -40
177 140
-126 -19
-98 290
-354 17
-63 63
-51 163
-170 -118
183 15
-240 -151
-180 -282
103 92
-292 -163
229 -87
79 -63
23 245
-90 -258
287 195
-138 -68
38 67
-77 37
-41 -29
38 195
-53 -108
130 21
23 -180
215 27
-143 -8
279 -108
-116 182
351 4
-309 398
-98 -322
-180 482
45 190
-27 -124
20 36
-146 -2
-79 -343
-23 -107
-168 -202
46 2
-201 36
-74 -222
-134 -5
-182 -188
-44 79
-116 -232
110 17
-2 -173
-217 123
251 -36
-157 103
143 -227
-18 105
-5 -57
173 38
-97 -83
43 -43
67 -1
-22 -51
7 11
255 -31
-123 83
87 -80
-27 239
-231 -166
217 -71
-232 -71
126 -205
-33 -53
156 148
-168 66
14 33
-41 -39
-79 -79
27 -113
-61 -142
276 32
-174 174
172 -224
-76 98
81 140
-3 -172
129 122
-211 -37
72 128
-158 39
140 120
-74 156
4 -100
52 121
-122 -148
115 45
5 -144
-62 89
-91 -13
1 85
57 147
41 -150
165 240
-69 -166
155 69
-289 -35
23 -54
-236 95
12 -106
-39 252
-80 -119
109 162
-76 57
-152 -3
-34 -16
-131 124
-211 -140
179 18
-229 114
200 -127
180 -131
-106 240
-42 -349
85 241
119 -195
25 59
-51 -160
52 9
26 -44
154 187
-14 -47
121 7
247 66
-55 45
137 -94
-174 97
-134 -7
134 62
-139 21
95 51
9 -151
-63 -48
45 -86
47 41
6 -56
117 18
-35 22
38 -18
-156 -130
296 81
-143 -73
400 -145
96 -55
-193 -118
96 -218
-168 15
17 81
-48 -65
71 40
-83 -7
-145 -17
138 -38
-114 94
62 -132
-48 133
-13 -140
69 123
-115 -87
-146 -23
139 -36
-117 93
66 -132
76 82
-107 -47
115 0
-108 51
-46 36
31 -53
-4 57
-18 -54
89 6
-86 33
66 -66
-36 85
-133 -73
153 12
-146 53
115 -109
233 -4
-210 100
151 -175
-64 222
-88 88
47 -118
10 125
-57 -109
-12 -13
16 10
-18 1
15 -11
115 176
-178 -113
208 32
-206 54
-250 119
181 -209
-75 266
-40 -274
-59 79
18 -92
23 95
-58 -79
-70 3
65 -34
-44 52
15 -65
81 -72
-46 101
-1 -109
44 97
247 203
-311 -80
314 -49
-263 176
21 -31
-11 35
-10 -37
22 31
-368 -111
381 -47
-332 198
219 -316
-66 12
54 -41
-35 54
10 -64
125 288
-236 -209
301 98
-313 34
-125 12
107 -58
-73 103
23 -124
-169 -344
296 247
-374 -108
381 -56
-185 134
115 -195
-26 225
-69 -219
-85 -14
84 -21
-66 52
40 -75
250 195
-307 -78
314 -53
-267 177
-232 164
145 -248
-31 280
-81 -271
314 -114
-241 232
124 -310
12 333
54 169
-114 -137
162 74
-179 -5
226 25
-218 72
170 -155
-91 214
-118 157
42 -191
43 193
-115 -161
-6871 -10735
-6576 -13282
-5370 -13724
-4193 -11579
225 -842
-1523 -4901
-1389 -6547
-2175 -4977
-2480 -2071
-2897 -3610
-2855 -5521
-2374 -6209
32 1401
-91 -471
1173 -1533
2011 -618
1745 -327
1511 16
346 87
211 654
526 731
384 1160
-7 1870
-908 1645
776 769
1231 553
1188 1811
107 353
-341 865
-524 527
-1300 329
-1469 -289
368 670
736 53
764 -175
556 -501
-19 -826
85 -35
-235 -202
284 688
-157 331
545 324
708 463
1086 -225
-451 576
-152 697
476 381
1457 389
350 299
-10 -83
18 237
-314 292
-334 183
-155 324
-180 856
-408 576
-149 -114
-259 -6
449 -26
382 243
-264 -345
32 -41
66 -232
-333 -143
-378 21
-174 -230
-291 591
-604 362
-17 60
-45 131
-174 178
-87 371
239 -4
16 -55
601 128
279 301
175 417
356 578
26 595
120 259
408 -50
19 -275
-157 -210
-324 -474
-186 319
344 -47
378 202
313 -112
195 69
-650 534
56 -122
-239 254
44 348
153 -42
47 129
-83 -353
-338 -186
-84 -302
-82 44
-177 -251
369 -35
459 219
209 55
60 67
175 -223
701 103
310 6
615 -92
83 -78
-10 -527
827 -262
102 52
-223 289
-137 -15
189 586
-171 132
161 -306
362 386
-10 19
525 266
24 229
12 -18
82 -78
33 -248
12 -300
-119 201
103 -243
165 196
297 136
-307 -81
315 -177
-124 -7
229 190
-231 -186
399 -127
-437 148
386 -40
63 53
91 -81
45 109
-315 18
-352 -76
-149 -177
-257 -128
346 299
305 -50
11 385
-300 373
46 548
6 -154
298 284
-183 46
-33 -14
60 -21
-212 -56
-103 -132
-141 129
200 -402
316 71
-135 -414
0 -222
-175 -119
-17 -234
-194 57
-34 368
195 209
33 385
-52 -10
406 20
-91 -189
133 -584
-65 -16
56 74
-152 177
-191 -73
179 2
-133 428
107 -259
85 256
-76 -15
256 2
-234 -278
305 -279
-159 -117
-79 126
207 -107
-13 18
-33 228
-229 33
-100 -238
-333 68
-230 -453
64 219
457 134
219 254
159 -89
-208 201
99 217
-149 260
-55 -3
163 302
-265 -237
209 55
-233 126
-210 -67
-337 -130
-68 5
-280 -98
131 240
-435 -207
261 122
-394 158
277 -193
-10 -52
257 -100
-39 266
210 -190
-113 179
-113 -144
28 201
-79 -3
45 21
-46 176
21 169
-28 147
-357 181
-124 -89
-115 76
-16 63
-30 -91
-5 -137
57 -84
128 -168
-210 83
54 -275
138 98
76 94
-85 -98
212 52
-83 51
54 -40
-51 140
-105 -113
77 64
55 -170
62 124
48 -307
112 -36
201 -247
62 248
-65 -233
85 25
3 350
-361 -146
-10 218
-493 45
21 -251
24 171
-212 -122
253 122
-67 -293
-52 -44
-128 -93
93 -18
-196 -98
-80 -168
-165 -16
-122 -30
-130 -91
62 -116
91 -72
128 -101
-188 -3
223 -108
-120 119
108 -197
458 0
-278 172
256 -390
-90 477
-19 -380
212 260
-326 -178
252 0
-104 117
57 -99
10 248
-127 5
-96 27
20 -287
-9 97
-132 -238
116 17
-74 169
-114 -26
-31 107
19 134
-142 -270
163 -71
-210 -113
-109 365
38 -371
105 175
-281 -403
-214 -164
318 24
-342 124
83 -196
159 -13
-127 292
97 -113
-43 268
165 170
-242 -141
222 -3
-208 127
-165 -69
69 93
-186 54
42 -80
128 23
12 112
117 -114
-75 103
-356 -81
105 -39
-312 115
45 -234
-164 182
62 -101
-27 202
30 -170
-127 -107
-16 91
-187 39
95 -36
224 6
-260 147
218 -164
17 336
-92 33
31 -151
-60 91
37 -73
-198 -48
192 -155
-176 102
-59 -214
259 207
-117 -22
203 -61
-145 48
71 -24
51 12
-139 -38
6 14
18 6
-9 29
-28 97
61 9
-247 -53
213 -153
-80 175
36 -212
-87 185
82 -209
26 247
-114 -159
-168 99
266 -270
104 207
39 -263
-12 74
-151 -316
99 12
-300 -41
