1 -2
0 0
4 0
1 0
-3 -3
2 -1
-2 2
0 -1
-1 0
2 2
1 0
1 1
-2 -2
2 0
1 2
3 1
0 1
1 -1
3 -1
-1 -3
-1 0
-1 0
0 3
-1 -2
-1 3
-2 -1
0 -1
1 -1
1 1
-2 1
1 -1
0 0
4 2
4 2
-1 2
3 -1
-2 -1
-1 -2
0 0
-3 1
1 0
-5 -1
1 -1
0 -1
4 -3
0 1
1 0
-2 -4
2 2
1 1
0 -2
1 -2
0 -3
2 3
1 -1
0 4
1 1
2 1
0 2
0 2
2 0
1 -1
-3 -3
-2 -3
1 -1
0 1
3 4
-2 -1
2 1
1 -1
-3 -2
1 5
3 -1
-1 3
-2 -4
1 -4
-2 -1
1 3
0 2
2 1
-3 0
-1 -4
-2 1
-1 0
-1 -2
1 -1
1 0
-1 0
2 1
-1 -3
4 -3
-3 -2
-2 -2
-4 2
-1 0
3 0
-2 -1
0 0
2 0
0 -1
0 2
4 2
0 0
-2 -3
2 1
1 -1
0 0
1 0
3 0
4 2
-1 -5
4 -3
0 -1
0 0
0 1
-1 3
-1 2
-1 0
1 0
-1 2
0 -1
-2 0
2 -2
2 0
-9850 -445
-9106 -3083
-8119 -4874
-5876 -4805
-2948 942
-2450 -199
-1706 -1108
-172 -2408
-3127 -4327
-3400 -2870
-3267 -1466
-2586 626
212 843
427 804
305 -11
-821 -213
-1472 -145
-63 444
718 668
1169 442
320 1138
689 1247
1059 1092
1126 215
503 153
221 134
359 -847
345 -1284
-908 -583
-526 -538
-108 133
208 395
-1364 665
-1230 339
-610 351
-378 -286
223 -121
803 -15
182 -131
-20 -217
-190 -284
-22 -483
262 16
488 755
-26 -313
391 -523
166 -758
13 -1354
-302 416
-510 -292
-414 117
-636 7
-235 -270
38 -132
-554 442
23 312
260 -556
-89 -293
-319 7
-541 260
682 108
-177 155
198 151
-295 104
-106 -4
601 -157
46 -330
263 -777
99 15
569 196
-135 179
76 -241
95 -675
-60 45
-495 67
1 244
21 -218
-174 -391
-35 253
-296 287
-163 -47
42 -42
586 360
528 -15
-117 196
-162 152
-448 30
-312 -434
650 47
-456 416
-59 -159
-286 815
58 297
204 -229
-194 -175
-31 -353
54 384
13 -129
384 568
-206 -11
-330 -528
57 371
-313 -229
530 -399
309 -18
125 -239
600 -329
-56 -48
27 28
547 -19
-131 360
197 -203
88 -273
-148 -98
239 -458
50 -180
61 -348
-112 322
-40 289
170 457
-228 -334
37 198
-337 218
181 65
-115 -132
-382 -96
-170 -206
-433 -36
37 5
-31 177
-363 -179
-93 88
14 -249
-5 -482
-320 -16
-412 4
-16 159
-222 244
163 38
-297 168
12 116
63 623
208 -54
204 350
-272 331
-167 -362
-229 154
-527 -404
329 207
-139 113
22 34
-199 66
-10 -35
-221 446
95 -110
190 309
156 226
254 -443
463 -186
-142 -117
5 -143
177 -5
-135 -13
85 -232
-33 -156
-138 -99
180 -136
-83 100
157 33
-475 325
98 -218
-75 54
203 123
-349 -395
263 -411
-320 191
425 125
317 209
307 147
124 153
16 -260
-155 186
-250 -148
124 -95
6 31
-102 188
156 -17
28 228
-127 228
-59 -218
59 272
-349 -66
-30 368
104 172
-196 41
-46 -139
169 -279
-276 7
-138 -447
-93 136
335 72
176 101
99 196
-165 198
-39 110
-70 -80
-132 200
-246 -183
155 -72
37 -38
-72 46
100 90
434 259
-205 -145
350 -42
-241 40
26 76
37 -109
151 168
-207 -35
74 -75
-233 62
-21 -153
-223 180
-350 -36
84 212
-311 271
191 86
198 7
44 349
127 -94
213 367
-107 -186
173 -30
-227 -140
270 -271
330 76
-346 -162
196 -37
-447 103
24 -149
-89 151
-183 -114
-11 -45
58 221
-5 -119
192 124
-140 -68
132 -94
-59 150
-67 -90
211 178
-228 -334
355 134
-394 -45
204 -137
-57 -96
-46 42
-54 -95
57 -33
150 -177
-136 80
91 -250
287 143
71 -292
110 79
-19 -217
211 -55
-62 -87
134 37
13 93
70 -26
74 164
-76 87
68 104
-12 65
74 -165
-102 193
-64 -81
71 114
64 113
-119 -174
139 64
-122 81
43 83
50 228
-145 48
60 117
89 -199
-50 244
-3 -296
179 95
-125 116
123 -58
22 228
-97 -176
-87 136
143 -154
37 194
-108 -134
244 -135
-36 233
7 -285
250 186
2 49
-193 -87
-47 32
-297 -65
-40 110
-22 -115
89 164
-2 -87
-335 -8
-25 -183
-174 127
-35 -224
-117 266
5 -159
54 160
-174 -180
-41 -21
61 -121
-31 80
-108 -10
-89 -158
99 174
-189 -34
194 32
1 -66
-11 -52
-38 -14
84 96
-102 164
220 -36
68 218
25 -108
109 92
-137 113
73 -157
-34 153
-229 -134
360 -209
-275 153
211 -310
-44 174
-98 -111
99 152
-126 -100
66 189
-100 30
88 140
-111 132
112 340
-250 -211
366 -12
-166 42
69 78
72 -72
-29 129
21 5
5 132
-37 -236
171 11
-226 -170
13 -267
81 427
-251 -121
273 276
129 263
-259 -262
407 25
-302 12
325 155
-165 56
233 -105
-194 153
207 59
-214 32
180 -116
-118 180
-89 74
51 -103
-3 116
-44 -107
-46 202
-37 -206
119 166
-177 -105
158 29
-154 36
126 -97
-77 142
5 172
-71 -156
129 111
-164 -47
126 132
-172 -65
185 -7
-167 78
-240 11
211 -109
-149 185
61 -231
-67 -4
61 -19
-48 45
21 -61
64 -83
-25 105
-19 -105
60 87
24 176
-94 -153
147 98
-175 -34
-34 72
0 -83
32 72
-60 -51
47 56
-67 -33
73 1
-65 29
-227 194
125 -267
-7 295
-116 -269
-228 -60
231 -40
-198 128
129 -198
-129 -27
127 -30
-109 80
68 -118
-23 -85
52 68
-75 -39
86 8
5 114
-51 -102
88 69
-110 -26
135 6
-125 48
99 -94
-51 129
-45 -104
83 78
-109 -38
114 -9
-34 -29
42 13
-43 4
42 -27
71 15
-71 13
60 -42
-40 64
121 -155
-46 194
-37 -194
113 161
222 46
-220 49
178 -137
-110 197
-166 118
102 -181
-19 205
-70 -196
162 182
-224 -100
243 5
-223 99
284 39
-278 84
220 -190
-121 259
-105 -7
99 -35
-80 71
40 -95
44 49
-62 -27
67 -5
-60 29
-328 -77
331 -64
-276 193
174 -289
-292 20
261 -141
-181 233
70 -287
77 35
-82 -1
77 -35
-57 63
-9140 -3257
-8019 -4726
-6025 -4893
-4193 -2677
-2337 135
-1951 -1364
158 -2273
140 -1534
-3588 -3076
-3014 -1355
-2863 630
-2749 1451
583 464
303 362
-972 -557
-1746 -316
-102 300
807 787
1037 372
1388 635
754 1178
1029 1178
1117 122
615 -262
359 -71
320 -602
287 -1525
143 -1234
-488 -397
-205 19
345 462
379 549
-1546 557
-404 27
-429 91
513 -531
629 15
324 -231
-110 -65
-576 -196
209 -615
107 224
541 498
312 1089
376 -349
107 -921
134 -1223
-560 -1141
-489 -57
-531 -88
-441 151
-374 375
-441 131
-223 2
-100 845
-30 390
-353 -254
-96 -130
-688 475
-785 -253
241 137
-177 341
-30 -216
40 -485
461 18
103 -549
301 -558
329 -230
231 144
197 95
-192 -28
-12 165
-400 -69
-137 35
-313 421
-37 203
-32 -85
-285 36
17 385
-154 -207
-43 165
576 131
629 188
466 52
-389 305
-300 -196
-350 -161
-427 -548
-61 135
-309 264
-226 331
-248 473
-55 45
-69 -534
-1 26
-209 -214
101 29
240 459
-32 29
59 258
-120 409
-164 -333
433 -241
78 2
128 -334
635 -246
-119 -111
-17 -9
412 158
-85 146
235 12
31 222
198 -307
4 -123
128 -575
-266 136
-123 73
68 516
-25 297
175 574
-94 -5
-139 350
-53 21
322 230
-524 -117
-31 -249
-545 59
134 40
29 -122
-296 125
-281 -155
-443 81
-210 -407
-165 -164
-494 204
-112 -8
-179 244
122 54
-269 136
-52 -85
-4 278
412 230
-99 174
184 -22
-131 -107
-367 -66
-313 -258
-174 -43
267 -41
-288 338
-42 -338
-80 285
-441 208
394 19
-128 314
224 -378
511 -399
211 -125
61 -281
219 -86
-52 212
-15 -303
93 83
-91 -299
-93 -159
171 -64
-101 27
121 36
10 156
-280 133
128 -415
-60 -64
-190 -426
132 -319
-243 56
-49 -338
288 252
311 94
138 201
110 5
-257 -202
1 167
-238 -274
-20 8
-238 94
323 11
-136 264
251 26
26 -130
-58 229
-224 -78
204 176
41 271
-176 -79
-13 -22
-328 83
-185 -239
-114 -180
-219 -96
-52 -195
42 -12
264 237
-340 225
52 -25
-27 68
-231 87
-111 -119
-100 153
68 -74
-84 88
91 46
-112 -50
161 -45
-31 16
83 -171
-47 -40
111 -324
172 392
-314 -235
303 242
-91 -49
-105 2
-200 0
5 3
32 338
-315 133
252 204
76 196
134 -38
205 295
-18 44
309 193
188 -123
-207 -44
212 -351
155 114
13 40
-220 -80
-59 -24
-418 108
-381 -144
205 29
-427 -19
178 -320
234 -45
-63 159
78 -196
-117 307
95 282
-264 -145
410 150
-225 96
129 -122
-81 89
-132 -135
-50 -26
-200 112
57 -220
8 130
70 -230
97 -123
-41 31
290 -167
-62 110
243 -89
-75 -13
173 -262
6 245
252 -38
-64 208
90 -165
43 161
326 -52
-243 397
149 -327
127 435
11 183
-170 -25
143 20
-103 19
-97 16
40 -104
36 190
-62 47
-84 -10
65 208
-197 63
13 7
-180 -209
298 65
-249 -108
334 -169
-110 244
114 -145
-29 200
-248 -225
330 260
-301 -104
324 1
-300 157
26 61
23 -105
163 22
-86 -151
147 -52
-374 141
-49 -296
-118 235
64 233
-132 -120
318 79
-181 43
-125 188
-240 -248
179 92
-308 94
-413 136
319 -281
-237 326
-114 -401
-5 -27
-9 -35
-79 106
-68 -27
5 213
-119 -112
164 127
-187 32
-73 -205
82 94
-66 45
66 135
112 122
102 27
69 80
23 23
-21 261
-98 -240
152 158
-243 -92
36 -166
0 -20
32 -37
-13 -28
58 17
-94 103
71 -135
-24 48
-75 -66
103 233
-166 51
133 37
40 15
1 -106
197 -24
-21 -18
-23 34
17 -2
36 149
-9 -71
76 -55
-8 -113
-16 -134
-23 -54
-183 307
40 -118
10 394
-286 -53
-48 14
102 -144
44 38
-4 -145
121 -185
64 231
-180 -220
126 60
61 -67
-27 88
-15 -91
50 80
150 -225
-44 265
-68 -263
169 209
150 -88
-100 143
35 -169
37 170
105 132
-145 -76
165 8
-155 58
297 -5
-267 127
193 -223
-87 282
72 -86
-27 112
-17 -112
62 93
-273 100
208 -201
-106 272
-18 -288
-178 -117
211 36
-207 56
167 -137
-128 -63
147 5
-135 56
103 -108
-56 -49
71 19
-74 8
64 -37
-26 309
-104 -292
212 223
-285 -117
53 10
-53 16
44 -34
-26 48
82 188
-151 -142
195 66
-206 17
-66 152
0 -160
63 145
-119 -108
111 -50
-80 94
36 -117
11 120
-49 33
31 -51
-9 58
-14 -59
55 -172
22 179
-93 -152
145 104
285 81
-294 44
251 -162
-161 252
-162 -56
170 -15
-151 83
105 -134
-14 -21
24 15
-30 -6
21 -7
201 88
-221 2
200 -93
-146 169
214 -198
-112 272
-7 -293
128 263
-71 -34
77 1
-67 34
53 -59
120 -70
-81 109
26 -136
30 132
168 -190
-77 242
-28 -251
130 216
-72 54
47 -79
-12 92
-30 -86
-247 -5
229 -96
-171 180
79 -234
-6 -76
34 64
-58 -48
71 19
-144 57
112 -107
-51 144
-10 -153
153 204
-228 -124
256 19
-240 87
150 -98
-95 152
26 -178
50 172
-7883 -4766
-6137 -4804
-4132 -2802
-2773 582
-1601 -1230
-217 -2254
473 -1707
-257 -886
-2967 -1204
-2971 509
-2602 1516
-2848 2067
281 173
-871 -394
-1900 -424
-2452 -532
611 685
1257 383
1182 711
1415 649
1138 969
1101 356
535 -485
-763 -471
290 -843
406 -1311
-55 -1377
-245 -188
-394 -50
546 446
201 647
462 208
-732 85
-158 -92
339 -253
913 229
452 -157
-253 -82
-438 -234
-383 -125
464 136
253 724
477 766
-26 462
243 -741
-67 -1336
-329 -1122
-708 -724
-313 -386
-524 510
-447 13
-269 282
-368 332
-105 488
123 715
19 191
-282 228
-658 75
-646 127
-801 575
-1 336
-189 -146
153 -619
31 -308
491 -519
-66 -427
605 -501
-20 61
-79 39
82 -89
-239 337
360 -224
-349 120
-157 257
-115 413
322 165
-260 125
-40 318
-67 -168
292 19
668 341
460 33
681 125
448 137
-451 -116
-249 -303
-462 -377
-87 -436
-520 -4
71 486
-590 452
243 -81
-340 -218
117 -373
-155 197
-244 -342
315 394
-70 120
59 160
-106 478
65 -155
154 -308
366 -52
260 -12
559 -254
-53 -137
-72 48
-120 -128
-122 25
322 102
-80 171
312 10
187 -203
-4 -429
-203 -51
-227 -21
-14 459
73 316
74 590
211 255
-52 -87
47 458
54 -123
408 253
-201 10
-494 -243
212 338
30 193
-46 62
-482 -6
-323 -145
-492 306
-354 20
-397 -42
-99 258
-371 -143
-215 170
-8 -108
-193 249
24 -376
291 141
48 203
36 10
189 -35
-420 55
-307 -399
-120 81
-380 -176
-81 -62
-64 116
-242 -137
181 227
234 -29
27 295
90 -295
194 -44
492 -434
-70 120
174 -504
176 305
318 -129
-281 61
253 -433
263 373
-151 23
154 -181
-26 331
-95 -262
-136 136
-2 -364
39 -165
-225 -349
155 -315
-268 55
-27 -346
-204 388
244 230
149 52
166 149
68 -126
-152 45
-48 -226
-212 38
-50 -141
-163 47
294 37
-45 412
253 -82
-169 175
-102 -72
90 227
-133 -134
-79 -254
-31 177
-390 -108
241 68
-141 -38
-250 -237
38 -80
-178 68
118 345
-244 72
33 156
-246 24
-12 128
-330 -61
80 19
-126 212
-36 119
36 42
-57 -65
-12 172
-190 -272
349 27
-371 -116
440 -246
-19 -160
82 199
-236 14
18 51
33 -150
-267 198
-13 -201
36 87
-61 272
-37 184
349 101
91 47
-49 -57
355 259
-117 149
194 -41
-190 -71
205 -317
152 80
25 -195
-95 208
-283 -240
-122 209
-395 99
-209 61
-66 -220
-75 9
-176 -399
-45 -267
230 191
-417 9
193 54
99 -35
37 200
101 -106
274 146
-105 61
-103 -121
-88 -28
-215 -331
25 139
-110 -210
319 32
-43 23
-159 -69
440 -124
-213 133
200 -338
200 23
-93 -182
215 59
-94 73
94 8
27 82
-4 -91
-111 -84
-268 192
258 -153
-45 316
88 -235
-85 89
23 -55
37 35
80 -284
-169 -32
198 43
-143 249
130 -136
47 492
-297 -206
209 213
-453 161
-38 -166
154 -37
-65 -65
138 -86
-104 -34
122 6
-314 12
54 -194
-90 62
60 -65
-31 110
7 -115
212 -153
10 147
5 -327
51 245
71 -212
-314 207
-85 -333
215 246
-3 -65
179 78
-57 -16
237 -5
-309 71
114 -221
-118 357
-74 -151
66 108
-167 -131
14 45
-237 -3
-136 -69
51 78
-176 46
-3 -76
225 125
-253 58
216 -74
-124 229
-71 35
96 41
-81 206
49 107
144 68
20 60
77 21
-37 96
-149 79
69 -154
-38 163
-59 -139
26 -182
75 124
-121 -156
27 89
-67 55
66 -85
-44 -1
21 -112
-146 134
99 41
-109 154
27 -115
33 -141
186 19
-23 -59
111 -15
-132 31
154 57
-87 64
41 -94
-7 49
-78 -284
94 58
-168 -117
68 239
-161 72
5 167
-172 151
-217 -106
319 -123
-185 115
136 -356
-36 290
-113 -316
102 172
-280 -200
-24 74
-10 -81
39 69
-62 -46
254 -266
-127 348
-28 -368
177 325
47 -179
32 183
-106 -156
157 97
94 -81
-55 114
4 -125
46 114
4 -73
23 68
-51 -48
70 27
-30 272
-79 -261
179 206
-250 -115
162 -274
-36 316
-100 -303
212 237
137 -107
-83 154
12 -174
58 166
-5 37
-11 -34
23 25
-32 -12
-145 4
127 -62
-93 110
40 -136
-90 59
59 -92
-13 103
-29 -105
-263 -52
262 -57
-214 161
133 -233
1 154
-65 -139
114 102
-148 -48
-336 -73
336 -71
-278 201
171 -296
118 93
-144 -38
145 -23
-122 83
107 50
-119 -1
111 -49
-80 90
156 -105
-99 162
25 -189
54 182
354 6
-324 142
237 -263
-113 339
311 13
-282 112
217 -222
-107 289
0 -53
20 49
-39 -34
50 17
148 -171
-64 214
-28 -223
115 193
-51 146
-15 -155
79 132
-123 -92
-277 64
226 -172
-136 248
27 -284
47 189
-120 -156
176 90
-196 -11
117 -82
-79 124
18 -144
39 139
65 41
-75 -12
74 -22
-61 46
-146 6
129 -66
-93 113
42 -138
24 146
-85 -123
126 83
-149 -24
0 223
-91 -200
166 149
-210 -66
-172 -25
171 -45
-135 113
79 -156
-332 -104
351 -39
-299 182
202 -279
-5738 -4972
-4427 -2488
-2633 173
-1610 5094
-243 -2034
411 -1920
-111 -718
-1448 -29
-2900 810
-2792 1269
-2577 2215
-2736 1714
-570 -69
-2307 -595
-2015 -543
-2066 -921
1275 363
1173 734
1409 627
1435 1141
1315 233
387 -284
-713 -713
-1973 -218
262 -1415
116 -1346
-413 -146
-775 1101
129 539
537 389
257 583
-451 264
-327 -138
513 -282
770 331
867 266
-339 -164
-332 -191
-502 -115
-112 -339
276 792
434 718
43 491
202 -183
-85 -1322
-315 -1146
-711 -701
-491 -281
-438 210
-401 325
-436 18
-306 -286
-89 605
65 611
117 259
142 -220
-570 310
-827 -47
-562 657
-542 494
-225 154
66 -907
224 -80
254 -356
379 -650
291 -113
107 -417
-34 276
-60 147
-204 65
443 34
-54 33
-7 161
-211 562
352 -10
485 181
-440 126
369 -158
-114 192
600 -321
571 186
518 30
637 156
3 -81
-658 -256
-106 -588
-330 -100
-536 -469
-268 277
-191 502
-143 37
211 338
-100 151
-168 -366
-1 169
-163 -201
383 223
-396 256
266 209
-471 286
178 -386
371 34
221 -80
-101 9
67 -257
-132 206
-130 -298
-18 253
116 39
133 144
125 125
-11 173
-200 -523
13 -45
-424 65
176 -402
-175 370
280 444
94 474
107 40
-26 116
265 159
102 81
365 -75
-322 -69
-14 251
277 183
-6 181
-68 272
-815 -229
-10 179
-463 202
-382 217
-217 26
-165 14
-121 -288
-233 -257
76 295
-240 -306
305 24
-19 292
63 -100
210 69
-83 -114
-226 -153
-296 -104
-139 -76
-187 -53
-172 15
-103 -88
27 245
-69 -177
92 -39
169 31
-12 -313
-22 -13
188 -38
4 -248
226 8
-125 85
-76 -680
372 325
-154 -267
701 46
57 -137
40 253
-129 -159
48 -157
267 -299
-236 -111
1 -514
-201 6
36 -65
-254 -113
-90 82
-119 170
152 -2
181 196
33 -166
161 -190
102 -134
-383 15
125 -185
-261 -20
99 -74
179 426
41 -8
250 354
-128 -9
94 158
-103 -70
100 -123
-11 22
-349 45
139 -51
-74 197
-259 -208
30 -110
-155 94
194 -79
50 175
-276 181
29 -128
-145 140
-99 19
-164 34
92 95
-65 186
-104 -71
113 -21
-189 202
75 -287
100 -197
-52 -9
108 -216
257 -85
-148 42
35 68
-256 116
-108 31
-38 -12
-145 82
33 -224
72 66
370 155
-7 291
338 -284
103 189
229 261
-4 93
115 54
-138 156
217 -138
68 -76
167 -89
70 41
-57 -124
-372 195
-157 7
-42 224
-256 -48
31 -229
-176 -143
-90 -402
44 -100
-128 201
-148 -5
-41 198
192 178
-32 -25
363 18
70 123
-139 -66
-77 -84
-205 -274
70 -195
-136 -33
268 -143
77 158
127 -45
11 96
85 -244
75 130
-127 -405
288 -245
-104 272
113 -251
78 302
-72 26
115 -80
-222 -40
51 -210
90 307
-75 -167
314 197
-200 42
-124 142
90 -208
131 -42
-12 -340
69 49
-28 192
55 -37
92 77
-82 -94
-30 200
-226 80
103 161
188 145
-168 -223
298 9
-316 66
-28 -239
-78 179
-230 -247
119 34
-14 84
-26 -56
71 39
32 -19
96 49
-29 -200
33 111
-208 -24
-570 -68
262 -185
-162 252
278 -384
276 129
-165 -19
339 -44
-63 176
-102 -194
62 248
-199 26
186 36
-258 -112
89 -7
-283 82
23 -152
-155 137
-17 -93
-99 118
-141 -114
11 23
-10 63
23 12
24 86
-29 178
-25 33
69 294
-79 -60
197 105
-98 53
114 -7
-148 112
225 -226
-149 285
-14 -302
99 220
66 92
-101 -132
3 75
-140 -94
37 33
-68 -117
90 -13
-72 -56
-162 226
55 -122
-7 205
-86 -165
-146 221
191 -380
42 368
-193 -291
51 53
9 26
-29 -23
102 -26
-42 -86
-19 -105
0 -15
-42 32
-76 167
-108 121
-49 147
-186 12
-112 170
88 -326
69 160
-264 -215
25 -95
-112 29
-21 -157
44 37
182 78
-195 5
176 -84
-126 150
-125 -84
147 27
-145 35
117 -94
144 -165
-61 213
-33 -216
116 186
-435 135
340 -301
-188 414
3 -454
228 62
-233 34
196 -132
-128 200
7 -288
114 266
-214 -199
276 96
120 21
-120 31
100 -74
-58 108
-32 88
-7 -98
49 85
-74 -62
-278 88
221 -190
-122 264
4 -292
-90 -142
142 90
-166 -28
162 -48
-3 -34
18 34
-29 -20
32 8
230 40
-226 60
186 -151
-108 208
132 204
-201 -133
239 38
-232 63
-38 179
-37 -181
108 148
-164 -94
-221 195
126 -269
-4 300
-117 -271
-8 86
-27 -82
61 62
-79 -37
176 -255
-63 308
-73 -303
188 243
75 -111
-22 131
-37 -128
82 101
246 -35
-211 132
137 -206
-38 246
-196 112
136 -180
-54 220
-44 -225
-87 61
51 -91
-13 103
-31 -94
88 -208
2 224
-95 -205
173 150
-126 16
112 -67
-77 106
25 -127
25 -97
15 95
-53 -80
81 55
-128 79
86 -125
-26 150
-36 -149
17 84
-47 -71
71 44
-84 -10
170 -35
-142 104
88 -153
-17 172
37 9
-37 6
35 -20
-21 34
-170 108
108 -165
-29 198
-52 -190
5 -152
61 144
-112 -107
143 50
-270 52
227 -157
-142 235
34 -268
-4308 -2794
-2619 502
-1759 4800
-1317 8510
264 -1784
-36 -901
-1444 172
-2257 -277
-2765 1567
-2722 1956
-2505 1893
-2051 1785
-1920 -470
-2416 -496
-1714 -1124
-521 -1749
1442 674
1192 795
1563 893
365 515
489 -491
-723 -478
-2061 -440
-2128 -301
89 -1110
-488 -373
-618 1273
-1084 1771
536 518
200 465
-355 349
-1305 545
563 59
585 38
1154 460
360 392
-647 -95
-253 -337
-254 -36
-272 -306
305 886
95 285
237 22
285 -173
-411 -1181
-609 -709
-580 -231
-508 -134
-444 226
-359 94
-410 -316
-104 -69
6 453
235 381
-17 -281
150 -457
-663 225
-824 478
-228 558
-123 604
159 -517
-21 -395
607 -168
401 173
465 -308
28 -165
-64 16
42 604
15 131
220 63
146 -85
-118 234
-57 465
255 139
514 2
61 158
-138 -124
336 -44
290 80
435 -168
688 209
409 57
256 -88
-290 381
-373 -474
-125 -316
-629 -191
-489 -58
-448 440
119 -14
-7 487
53 52
-189 -156
-74 -33
-19 -39
-85 -81
-35 83
9 510
-357 -97
29 -27
420 -173
263 126
-225 -162
-151 565
-287 46
78 -218
-242 263
-86 -107
240 -74
113 369
-104 -59
-101 237
-362 -142
-45 -2
-142 -186
-118 -146
-46 350
429 428
-181 219
316 148
270 -3
164 234
251 -189
341 215
-72 309
308 96
3 266
50 -94
-655 -25
-239 62
-201 217
-134 -88
-206 12
-173 34
-120 -304
175 -243
75 -31
-108 -14
69 -193
249 165
246 -81
33 131
53 -240
485 140
-485 -88
27 -170
-303 99
3 -334
-240 47
100 62
-61 17
76 -80
176 -263
102 -42
-233 -214
4 52
34 -263
209 29
-121 56
350 -384
152 -243
278 158
132 -167
175 216
233 207
-283 -39
144 -332
-109 -41
-23 -263
-125 -280
-179 -259
-124 -130
-34 -57
-314 118
66 41
-328 -87
372 40
-79 59
173 -438
-65 43
-83 73
-181 -115
-13 -207
-253 -74
275 291
5 158
211 189
-133 194
133 104
-122 -7
91 -185
95 45
-364 -460
359 405
-461 -129
521 44
-311 -53
134 -105
12 217
32 -468
-218 -14
55 78
-253 -39
236 -147
-6 38
-54 154
42 65
169 212
-339 -86
250 73
-272 6
61 -411
-195 -87
266 -201
108 -27
299 -154
-108 390
-256 -238
40 353
-407 -165
37 40
-116 -109
160 -100
68 -96
280 126
140 -10
167 -140
139 27
48 173
32 1
-44 172
-245 43
214 -171
71 61
96 -135
85 48
-214 65
-254 193
-33 16
-96 272
-93 -81
-121 -322
-59 -218
-104 -184
-105 66
-118 131
-124 95
21 126
282 -62
96 182
251 -141
202 236
-145 -39
-156 -348
56 -114
-58 -176
303 -157
50 192
136 -80
177 314
-182 19
215 -224
-108 -26
-86 -274
51 82
47 -10
36 53
-18 11
30 -209
-99 44
-99 -237
140 10
92 322
-40 -185
278 241
-293 14
-26 163
87 -426
183 0
-124 -380
197 407
-242 -136
409 47
-244 -33
-210 19
11 172
-148 175
-8 -85
128 -34
-51 -42
25 -29
-57 134
-74 -183
-81 82
-147 -209
151 52
-14 -171
110 150
-49 -105
241 -84
-51 -293
93 188
-296 -71
31 171
-163 -109
198 8
53 -11
320 -69
151 136
-9 -56
265 43
-104 51
-12 113
-74 117
38 4
70 82
-8 -1
-199 35
-38 -73
-122 99
309 -5
-427 167
140 -295
-192 332
-132 191
88 -151
40 258
-81 -88
-51 259
2 75
77 115
-210 -87
60 163
-70 -42
40 70
-143 47
-11 147
-83 -112
85 19
-156 -53
-179 253
-85 -302
96 215
-303 -211
38 29
-67 -110
110 -32
-111 42
-94 187
5 -140
44 149
-168 -99
-186 -272
338 113
-361 66
197 -118
119 -127
-71 164
56 -205
49 148
-236 -106
200 -104
-183 196
112 -154
19 90
-153 226
-121 -103
-51 184
-50 77
27 -261
-57 155
-238 -177
-67 325
-180 -407
296 197
-340 -123
5 -183
69 172
-135 -129
175 65
120 -174
-36 215
-52 -205
136 165
-72 -52
88 21
-89 20
76 -53
-166 -106
196 29
-187 49
151 -123
-88 3
78 -37
-54 67
22 -82
-252 -14
237 -88
-176 178
92 -236
165 61
-175 9
158 -80
-109 138
-5 50
-17 -47
37 35
-47 -19
-29 52
4 -61
17 54
-37 -42
-78 62
46 -90
-8 101
-37 -90
-148 46
116 -104
-63 143
0 -155
-60 75
25 -93
16 95
-51 -80
11 11
-17 -8
18 -2
-17 7
-38 -22
45 4
-43 13
38 -32
284 87
-293 38
249 -153
-169 242
56 -91
-15 103
-32 -99
71 77
-9 -109
49 96
-90 -64
104 25
71 -152
-7 170
-65 -157
123 116
205 179
-258 -83
269 -33
-234 141
-254 276
122 -361
34 377
-185 -324
321 -25
-279 155
195 -254
-73 310
-100 -65
119 22
-116 27
93 -77
3 22
-15 -17
21 10
-21 2
216 168
-267 -65
275 -47
-228 153
276 69
-279 52
232 -162
-145 242
-111 63
82 -101
-33 127
-23 -129
-49 220
-45 -219
131 180
-190 -113
-104 -200
180 142
-219 -54
224 -38
-78 -104
116 63
-133 -14
126 -42
148 -143
-73 189
-10 -201
88 182
-276 -1
249 -112
-185 201
90 -261
-2785 663
-1673 4588
-1310 8743
-1387 11221
43 -841
-1535 144
-2161 -292
-1877 -1352
-2609 1908
-2587 1980
-2015 1671
-2005 1862
-2359 -357
-1832 -1234
-376 -1694
86 -2092
1593 695
1235 1147
563 147
-632 -548
-500 -455
-2273 -370
-1963 -450
-1704 -146
-303 -201
-853 1187
-830 1746
-836 1580
344 524
-505 351
-1164 479
-1865 615
820 -108
995 687
409 121
613 121
92 -180
-630 -39
77 -462
-617 280
110 351
192 -27
346 -145
561 -216
-558 -644
-653 -273
-426 -126
-707 -110
-348 -40
-365 -194
-193 -168
-270 -9
71 108
242 -104
-159 -513
-382 -537
-526 696
-589 478
232 531
-143 1098
-92 -685
789 67
143 35
482 -29
220 -303
-188 213
69 373
-142 479
499 48
-103 44
54 15
-49 203
361 148
408 45
142 82
-18 147
-46 49
599 -161
251 180
-27 331
624 241
-22 -165
-6 342
-62 291
-319 -362
-435 -222
-654 54
-135 -44
-204 135
229 220
-45 391
266 -93
20 12
-125 -46
13 -119
-197 -7
-208 91
9 199
-424 -143
433 -92
266 5
-172 -51
-242 480
-176 462
141 -375
-233 435
-161 -256
285 54
409 46
-246 360
-141 -196
77 489
25 -211
-120 39
-228 -333
319 147
189 217
124 318
-3 180
278 38
234 113
232 -53
299 81
18 106
335 134
-41 245
100 -92
-42 -19
-490 247
-48 -58
-166 222
104 0
-388 -255
189 -127
-185 -279
159 -509
-130 -114
129 -110
163 111
191 -212
48 -51
109 -69
363 7
266 78
-225 83
-173 -237
23 26
-329 -125
94 250
-131 -159
210 54
66 74
83 -265
-128 -19
-175 -81
73 18
176 28
-85 43
326 -363
319 -176
285 -29
202 -1
43 88
-120 91
-93 -177
22 -133
-89 -271
201 -285
30 -501
-225 3
-187 -394
141 145
-256 179
-7 15
-252 -92
1 -181
-97 -174
286 -233
-252 -96
-62 -196
-57 -334
-38 45
-328 -314
286 -191
136 60
131 332
-115 33
162 156
-94 187
-8 -351
257 156
-273 -176
31 39
-13 70
30 44
-14 116
92 38
-14 65
115 -340
102 39
-123 -166
6 107
-66 -179
285 107
-16 143
12 98
184 177
54 -10
-35 170
-54 -201
-54 -131
-138 -309
35 91
198 -393
364 212
-19 -80
-45 -175
-176 387
-217 -285
177 209
5 -91
47 -67
159 -170
89 -167
57 -173
316 -22
-36 -22
240 -61
134 72
-167 142
-127 14
-316 207
47 -173
217 73
-105 -93
100 -6
-325 217
26 -31
-125 337
-23 28
-124 -348
-51 -198
-118 -197
-18 -219
-85 75
-125 161
-2 65
-68 89
250 -150
247 228
56 -104
361 88
-121 -290
-3 -153
12 -166
58 66
233 -166
119 320
26 -59
94 233
-16 -65
35 -261
-121 -3
-49 -247
79 -58
28 114
-32 -47
25 54
-186 -11
4 -219
39 42
-10 18
-68 -146
289 196
-281 56
175 -44
164 -193
17 -183
102 -285
-14 -129
-35 120
115 -105
83 -15
2 -201
-8 460
-246 -98
188 125
-315 25
161 76
-218 -54
170 56
-109 207
-116 -244
14 73
-119 -136
252 24
210 9
-82 67
203 -259
163 100
-85 -4
-54 37
-233 165
-129 98
-132 -185
432 34
-42 44
373 -200
218 -64
59 144
40 -123
162 74
-150 62
130 20
-22 102
185 -117
-325 -23
100 -79
-247 154
-50 -224
-149 12
-55 -45
-117 23
-86 -14
45 -43
33 147
-28 16
216 61
57 220
-40 3
-64 -32
-95 7
-104 -346
193 336
-392 -136
345 43
68 -206
-13 163
-125 -228
110 60
-42 -284
44 216
-263 -229
262 54
118 -24
-89 -36
75 -35
-7 97
-166 -70
170 24
-232 71
105 -97
106 -117
-53 181
-127 -97
121 3
-118 -49
190 -32
-150 46
87 -48
64 -51
-82 90
65 -18
50 124
-120 331
-193 -184
52 228
-242 -66
100 31
-244 -86
26 -39
-215 -71
-126 -386
239 203
-291 -152
401 45
98 -87
-57 120
1 -127
54 123
-169 200
72 -257
42 261
-144 -223
145 -37
-118 91
72 -132
-9 148
-211 127
140 -198
-47 242
-57 -239
-147 159
72 -207
16 215
-106 -191
50 107
-89 -77
114 32
-120 13
-161 8
141 -74
-100 127
40 -155
314 -358
-141 454
-56 -471
247 407
-171 -45
174 -31
-143 103
95 -153
-69 60
39 -79
0 89
-33 -85
181 103
-208 -20
200 -67
-155 142
102 187
-170 -123
205 47
-208 44
21 244
-118 -218
194 154
-240 -57
91 -177
-10 196
-69 -185
142 142
-439 -106
446 -82
-372 258
237 -387
-164 52
125 -115
-67 159
-3 -170
-291 44
243 -160
-161 243
50 -290
81 104
-118 -61
134 12
-124 44
86 -8
-73 46
51 -73
-20 86
101 113
-138 -61
147 2
-138 62
-134 -142
179 73
-197 6
177 -85
-60 198
-24 -204
107 177
-169 -117
-59 -26
65 -1
-57 27
48 -49
-82 3
77 -38
-53 67
21 -81
-232 35
199 -124
-131 196
38 -232
118 -219
-21 251
-84 -236
171 183
217 174
-268 -76
275 -44
-230 150
-83 -14
83 -18
-71 52
37 -75
137 54
-146 7
133 -66
-92 115
-220 122
153 -205
-56 251
-47 -250
-169 71
125 -136
-59 174
-15 -179
-1756 4538
-1215 8751
-1477 11255
-1383 12203
-1477 -58
-2132 -84
-1994 -1526
154 -3661
-2341 1739
-2139 1990
-2016 1522
-2518 1941
-1624 -1008
-653 -1817
388 -2092
89 -1304
1377 926
527 408
-699 -795
-1511 -1461
-1915 -194
-2358 -464
-1338 -297
-831 -206
-864 869
-689 2039
-1080 1371
-532 566
-356 567
-1394 343
-1608 646
-1588 665
958 657
464 127
559 134
30 -126
-378 -26
-163 -368
-442 96
-562 -469
130 139
334 -319
637 -53
534 -8
-808 -98
-354 -349
-683 121
-976 -536
-269 -336
-226 0
-314 -172
-29 -167
267 -250
-115 -373
-473 -651
-702 -224
-564 574
176 456
-56 1142
143 601
582 -60
382 64
255 41
169 -114
30 -107
0 752
-238 103
-146 247
194 -77
-166 241
62 -94
7 -6
500 65
46 102
67 91
-278 -272
810 100
-48 23
308 349
-393 788
-177 -117
110 236
-138 439
212 -68
-476 -280
-590 88
-205 -53
-53 -112
132 114
85 448
123 -95
171 336
29 54
-169 -151
-20 -54
107 -184
-156 -63
-172 26
133 -143
-46 -373
-184 -32
-237 464
-173 478
-38 390
-132 113
-121 74
114 -234
-129 174
-89 91
-174 112
-24 198
-3 40
-3 -47
-306 -210
334 5
-95 -145
317 216
-137 348
332 -168
-223 212
104 -8
401 -7
-28 230
139 -220
285 121
-146 152
78 -340
-174 185
-315 292
-61 -199
185 426
-144 -376
-264 -338
315 -272
-296 -308
392 -274
119 -208
210 197
110 -271
253 225
133 -59
338 10
291 66
144 290
-117 -245
-26 63
-301 -172
71 164
112 -276
37 261
136 -185
113 1
17 -370
-162 299
-98 -333
-42 230
198 -157
149 -64
357 -522
227 -112
451 -15
-179 208
32 -107
-324 180
44 -579
79 146
-118 -599
510 -48
-43 -52
-331 -260
220 -32
-128 38
-107 -87
-117 -40
-140 -172
141 -65
165 -261
-131 -120
-162 -123
-146 11
-138 -131
-168 -193
86 -234
-169 -182
55 245
-9 76
48 158
-53 84
152 74
-67 -160
148 -17
-272 186
-180 98
173 -51
-107 258
27 -118
104 -68
65 -168
80 -137
150 -182
-161 -11
134 -139
83 152
43 71
88 363
6 -40
302 114
-149 -35
-213 -222
104 -179
-262 -202
39 -384
53 -116
387 -99
85 214
72 -132
-192 213
-135 -129
45 100
-55 -96
-136 54
275 -352
55 50
-26 -436
305 -326
97 253
4 -257
195 132
61 279
-386 -16
-62 131
-470 263
156 35
-32 -88
26 15
-12 4
-59 199
-142 91
91 242
-181 234
-23 -260
-119 -123
-50 -285
33 33
-100 156
-22 79
-49 70
-47 -38
134 -3
251 62
118 18
250 47
-14 -249
61 -78
-28 7
168 50
272 105
-24 199
38 -26
-84 117
-93 -117
-71 -189
-20 -53
-196 -56
-166 46
174 -69
-149 154
-27 -131
-33 -166
51 -18
6 82
107 116
150 237
-167 -36
110 86
-283 84
114 -277
54 -163
-19 -260
136 -48
-126 -73
290 -136
-136 0
175 -212
-227 181
59 -124
-97 195
-32 -281
175 -339
-70 474
-61 -280
333 367
161 -71
-194 60
241 -187
10 306
-224 -110
407 -155
-62 88
222 -378
-238 70
-78 58
-230 262
-64 -143
-128 -12
491 -141
-36 185
144 -313
99 255
-40 -213
272 120
-133 -78
69 -23
51 116
111 -101
151 108
-129 33
-81 -38
-119 18
-139 85
-280 -221
157 90
-365 35
202 -104
208 320
-265 -80
468 54
-309 158
143 43
-245 4
56 -97
-150 108
-150 139
0 -88
-32 164
-129 -90
-247 307
32 -455
62 327
-326 -255
36 -107
-119 62
16 -151
133 105
119 -103
-88 111
83 -106
2 103
67 83
-164 -32
83 24
-134 81
196 -64
-253 222
105 -343
40 253
222 -84
-157 107
70 -103
39 202
-92 7
108 49
-18 78
59 -59
-192 150
-85 -74
7 155
-191 -3
-63 -93
-130 48
-104 -211
36 8
184 9
-165 4
220 -45
-72 228
71 -82
-32 107
-17 -112
60 93
-228 -60
232 -38
-196 131
128 -200
47 -93
-5 101
-37 -99
76 72
-138 -228
222 154
-262 -47
259 -65
-78 -44
89 10
-84 27
69 -59
-108 40
82 -78
-43 103
-4 -115
-39 62
13 -72
19 67
-45 -56
-167 45
137 -106
-79 151
6 -168
56 -206
34 209
-113 -177
179 116
300 -9
-273 131
194 -230
-87 288
-101 80
56 -115
-2 128
-47 -117
-27 -196
103 168
-161 -110
195 33
276 131
-303 -3
278 -121
-209 223
-236 -165
283 55
-279 64
230 -173
22 100
-59 -80
90 49
-101 -6
-385 39
339 -193
-231 316
79 -381
-49 -131
99 102
-133 -52
142 -7
-5 -114
54 102
-88 -69
110 25
183 -171
-100 235
-4 -252
104 233
-65 260
-44 -264
147 224
-226 -142
107 -29
-90 70
49 -103
-5 114
-140 -44
145 -22
-124 75
84 -121
-6 143
-52 -133
103 98
-136 -53
169 82
-190 -7
174 -75
-132 138
150 42
-151 27
130 -88
-85 134
90 94
-123 -49
126 -5
-115 59
24 -21
-11 29
-2 -30
13 33
-209 -6
196 -81
-144 154
68 -197
78 -111
-26 130
-27 -131
83 107
-133 -143
182 78
-197 1
178 -81
6 -166
68 151
-122 -115
154 52
-1320 8731
-1372 11230
-1466 12273
-1881 10850
-2175 -200
-1905 -1441
39 -3699
2672 -5125
-2066 1740
-1984 1777
-2652 1723
-3779 1956
-253 -1835
25 -1914
341 -1618
-516 18
716 587
-946 -888
-1253 -1478
-1495 -1134
-2410 -198
-1402 -562
-663 6
-419 125
-857 1870
-858 1457
-768 580
-1058 -509
-1183 584
-1898 518
-1269 666
-564 768
642 288
333 65
267 -152
495 -96
-294 -16
-467 -278
-387 -135
-353 -311
124 -234
797 -219
460 204
670 333
-655 -60
-528 -264
-962 -120
-804 -391
2 -120
-471 29
35 -412
26 186
-295 -442
-285 -656
-873 -144
-516 -240
-286 538
329 883
-106 995
398 13
496 63
151 90
245 -200
327 -437
98 504
-225 366
-262 11
-190 168
148 68
-154 193
85 -359
-168 110
31 78
89 106
-308 -275
-188 -335
141 -98
182 545
-357 561
64 15
-155 206
125 356
7 119
85 323
-826 5
43 -75
-269 12
335 -671
152 401
79 -20
181 248
-117 30
-53 -22
-176 -124
281 -185
-242 -196
-171 -225
233 88
-231 -538
419 -525
-241 411
-147 527
-80 355
126 258
78 -42
-24 -45
-83 -50
145 55
-251 -159
163 415
-262 -82
279 -104
-420 154
292 -374
101 185
-473 -309
172 176
120 118
-148 -130
-73 -184
157 0
187 124
-15 -29
90 -141
52 37
-52 -153
-127 -46
159 82
-252 133
213 41
-19 -13
-93 -205
-112 -293
106 -462
93 31
439 -128
343 -91
105 46
124 -62
193 175
681 -16
-16 231
352 11
265 520
58 -164
-278 65
-46 -43
-37 493
-100 82
335 -81
-112 -15
84 -176
-119 68
-40 -101
-184 45
-493 -17
314 -78
215 -441
321 -245
-77 -304
-194 193
50 -101
-344 182
-173 -436
159 -336
0 -127
208 -434
396 44
-30 -264
-55 93
71 -190
229 123
-296 -62
34 -228
6 52
-119 -123
-33 -90
-265 -108
-63 -41
-150 31
-143 -232
78 -190
-179 -230
151 -152
133 52
-79 239
31 -41
5 237
142 -181
-29 86
-149 26
37 194
28 36
-7 122
-7 52
14 124
103 -129
27 -159
207 -183
-15 -113
23 -244
234 207
-110 87
205 64
121 -115
223 229
-131 -170
451 -92
65 -80
-266 -310
87 -290
-266 -78
254 -150
231 203
-57 -66
143 154
-260 -23
118 -53
-58 71
73 -215
136 159
-28 -478
268 11
-253 -167
135 167
4 -157
157 45
-191 60
-262 290
-297 -100
-161 377
-424 155
-99 -35
69 -61
-21 88
10 -105
-78 260
-38 118
-13 299
-169 173
-34 -133
-126 -241
81 -36
-86 -48
-22 135
-82 19
-5 -1
-184 156
33 108
296 -117
137 244
123 -168
306 189
-360 -140
529 42
-280 226
-61 253
47 -86
-72 180
-206 -206
65 -101
-178 -86
-42 -90
-124 61
-195 -36
173 -24
-246 168
147 -221
35 8
1 51
118 143
-75 109
-22 -146
23 247
-267 -96
214 128
57 -223
8 -204
90 -87
144 -38
132 -109
-10 -91
95 -77
-27 44
-208 -13
104 -18
-128 0
-3 -88
28 106
-2 99
120 47
22 177
-59 -167
205 75
-63 53
282 42
177 -42
103 -99
153 -136
-51 -32
-379 255
-34 -43
-120 213
-67 -209
394 34
-23 -12
214 -124
-71 182
0 13
139 -65
63 36
-56 -83
-4 283
91 -274
240 267
-170 -96
153 -98
-313 170
-22 -128
-42 263
58 11
-243 68
74 -79
-108 41
-161 -102
384 117
-263 70
320 -143
36 -85
-164 100
-34 -164
-68 155
-94 63
-8 -17
-78 83
-12 -44
-222 -120
154 -76
-249 152
101 -143
10 -124
-22 69
79 -114
193 78
141 -84
-48 169
5 -207
56 176
-125 -209
124 206
-249 -67
269 88
136 -164
-92 165
8 -297
145 221
-174 -96
172 79
-129 75
216 -61
52 -76
81 170
-72 -104
150 55
-203 357
-58 -284
53 373
-319 -125
-69 -61
-119 -89
0 -106
-21 -112
21 -1
54 35
49 84
38 97
-113 -95
144 36
-145 26
123 -85
-26 112
-23 -114
70 95
-99 -59
20 -141
37 137
-93 -109
129 63
-65 -60
87 29
-90 14
82 -49
-44 169
-32 -174
96 148
-150 -92
118 -6
-106 51
76 -87
-32 114
132 -52
-99 97
53 -128
7 140
-86 -213
162 157
-212 -82
225 -18
88 -14
-75 50
50 -76
-13 87
15 -85
19 83
-54 -74
80 41
42 -245
63 242
-154 -194
223 114
-150 331
2 -364
147 334
-268 -247
-88 -63
109 18
-106 23
86 -67
64 230
-151 -183
215 99
-239 -6
9 -46
13 42
-30 -37
39 22
-5 331
-129 -305
239 225
-315 -105
216 143
-252 -44
250 -63
-202 161
53 -18
-40 39
21 -51
5 59
-44 -40
58 16
-60 7
51 -32
2 257
-107 -235
194 165
-244 -79
88 -67
-54 94
11 -108
35 103
-66 31
46 -56
-21 70
-11 -71
152 26
-148 40
120 -99
-68 135
18 -73
15 72
-39 -66
63 43
147 122
-183 -50
189 -32
-160 103
14 195
-98 -176
159 120
-194 -46
4 -68
25 63
-46 -50
62 27
-54 -116
99 86
-121 -38
130 -15
111 56
-121 -2
110 -45
-85 88
-207 19
179 -108
-119 171
41 -207
58 36
-69 -8
63 -15
-47 42
-1491 11432
-1443 12036
-1812 11070
-1895 7528
-1816 -1405
-60 -3699
2759 -5165
4511 -5526
-1486 1740
-3090 1956
-3472 1570
-5068 2870
394 -2011
54 -1379
-345 -321
-798 449
-711 -802
-1501 -1461
-1273 -1252
-152 -353
-1514 -509
-581 -90
-453 241
-518 685
-770 1302
-786 759
-1115 -685
-904 -1232
-1736 556
-1431 692
-425 672
540 710
337 -52
305 -44
414 -178
820 -32
-385 32
-583 -389
-66 -161
-234 -224
827 -250
440 241
672 289
306 1046
-670 -245
-837 -203
-883 -270
-299 172
-431 -175
79 -210
-101 20
201 -74
-481 -394
-802 -465
-449 79
-443 -182
-126 1119
217 590
270 513
335 104
262 194
100 -250
476 -446
-98 -127
-90 199
-317 217
-221 -44
-16 86
120 79
-124 -139
-65 -171
189 -322
-16 46
-191 -265
-300 -294
35 -205
19 305
-112 710
-219 -22
58 523
212 232
-18 268
45 178
190 309
-82 104
-225 -201
381 -456
538 -155
269 273
-111 57
227 84
8 -56
274 48
-193 -158
184 -414
-262 -222
-22 -379
194 -217
-100 -640
666 -315
-65 517
-154 397
174 191
398 -100
141 -108
-206 71
209 -111
124 49
158 136
-146 164
71 -282
669 35
162 128
9 -326
-185 122
-223 -75
0 2
8 -81
-236 -169
-57 -570
-208 130
343 -201
-169 160
106 -354
-263 -85
39 -195
67 288
82 21
-41 541
17 -571
106 319
-247 -330
187 -562
51 159
419 -257
443 13
211 128
-2 -97
322 154
-149 188
280 130
131 227
378 230
47 357
24 107
-340 43
194 294
-396 274
436 6
-239 -51
212 -197
22 138
-16 81
-283 -108
-344 81
-299 69
263 -226
185 -423
121 -196
-141 -103
-164 67
-220 -59
-190 -164
33 -271
211 -115
9 -357
544 -109
-79 -224
-110 37
142 -160
155 130
-60 -212
-5 156
-117 -310
145 151
-337 -8
-263 -308
19 144
-297 -102
452 256
114 -79
-256 -314
257 -109
-169 24
117 240
-149 42
128 92
16 167
-112 -54
-16 113
-119 159
-59 94
-2 56
16 114
-33 73
235 221
-8 -243
275 -123
-103 -141
207 -77
119 31
62 197
0 30
157 196
64 -55
135 19
129 -158
239 -55
-161 -166
-68 -380
-88 -57
-237 -350
276 228
-109 -67
196 132
-288 198
-32 -97
95 53
-58 -133
138 -28
-100 -135
188 -335
-42 119
-16 -304
-8 -111
142 2
-165 104
7 -111
-276 248
-326 69
-147 370
-195 87
54 -10
-27 38
36 -62
60 104
315 129
-338 430
72 -81
-61 299
35 36
-176 -226
230 21
-178 -22
113 282
-290 -164
145 180
-392 177
243 75
110 46
228 -1
17 21
111 -199
127 291
-14 -166
180 94
16 -34
-67 116
-186 -144
-41 2
192 -190
-334 153
46 -280
-129 187
-26 -169
-7 220
-91 -168
145 77
-25 218
76 -22
32 241
-108 -113
-169 -62
33 106
-143 67
149 17
107 -243
18 -11
186 -139
146 116
-21 -8
70 -156
27 108
-26 -38
-217 74
126 -219
-149 217
-1 -48
191 -38
2 253
43 -58
92 225
21 146
76 -91
215 234
-108 -25
326 -91
-56 -53
107 -186
22 117
76 48
-256 175
70 -232
-52 175
151 -158
112 80
-59 -46
60 41
81 94
51 -133
24 69
-62 -113
226 -170
75 223
-5 -126
87 176
-209 52
-72 18
-58 107
-150 -4
-287 -254
250 193
-372 -142
347 -154
120 -82
59 137
-2 -72
175 6
-2 59
-161 -54
5 4
-105 68
55 -26
-127 115
18 -99
-20 126
-301 48
119 -143
-105 280
-123 -109
84 -181
85 154
77 -167
191 49
206 -136
-98 177
-2 -215
67 161
-169 43
81 -42
-38 204
56 -99
392 119
-412 -51
432 -172
-309 253
20 338
-99 -223
317 224
-109 -101
138 -175
17 236
-69 -218
188 108
-190 415
-112 -322
123 441
-350 -160
41 -194
-107 47
14 -297
32 12
201 -60
-41 232
59 -76
142 196
