1 1
0 2
-1 1
1 1
1 1
0 2
-2 -1
0 0
1 0
0 1
0 2
0 -3
-1 -1
-1 0
2 -2
-2 0
3 1
0 0
0 -1
0 -3
0 1
-5 -1
2 0
-3 2
-4 3
2 2
-2 1
1 1
1 2
4 1
-1 2
0 3
-1 -1
-4 2
0 0
-2 2
-1 0
-3 1
-2 1
-1 0
2 -1
0 2
1 -1
0 -1
1 1
1 -1
3 -1
-2 0
-1 -2
-1 -1
-2 1
-2 1
3 -2
2 0
0 0
1 2
0 2
-3 -3
-1 -1
0 0
0 1
-3 2
1 1
1 4
1 -3
1 3
0 0
1 1
-1 4
2 1
2 -1
5 -2
2 -1
0 0
0 0
0 -2
-3 -3
0 0
0 1
1 1
-2 1
-1 1
3 0
3 -3
2 -1
-2 -3
2 1
3 3
0 -2
1 0
1 -1
1 -1
0 0
4 1
1 1
2 -1
2 1
1 -1
0 1
-3 -1
-3 -1
2 0
1 -1
1 -3
-3 -2
-1 -1
1 0
-2 1
4 1
0 -2
1 2
4 -1
2 0
-2 0
-1 3
-1 2
-2 -2
-4 -1
1 -4
0 0
0 -1
-2 -1
-3 -1
1 2
-1060 -7355
1861 -1129
3625 6260
4232 11596
-584 5577
-2503 4499
-4576 2699
-5028 165
-986 -43
1621 -1989
3085 -2016
2409 -995
-216 -775
1114 -973
801 -836
-387 -1587
-546 -345
-386 -411
26 -466
398 12
-1340 409
-69 5
688 90
1465 -369
1063 -194
866 -544
886 154
627 563
169 481
-542 -176
-1072 -77
-1288 77
11 873
-267 608
99 781
-309 313
362 666
-512 875
-78 983
-312 795
-403 -261
62 -239
314 -402
778 -478
864 49
925 295
730 366
215 907
-907 -110
-470 266
-115 214
217 309
238 157
114 146
-398 761
-332 479
-36 -410
103 -500
267 -352
-232 -296
-42 550
62 17
619 253
239 27
-887 -400
-715 -365
-546 -645
-337 -531
-244 -479
150 413
-141 67
281 71
-15 364
194 279
122 76
30 50
57 576
-434 572
-248 513
-401 443
-215 -473
372 -369
119 249
195 -547
31 -582
21 -430
73 -392
328 -254
47 -76
213 -121
672 -206
188 -157
-137 -207
-32 -406
22 100
57 -207
-46 -151
250 -212
-135 -94
-166 113
-11 -358
-28 135
-151 -163
39 -121
-176 -386
508 150
151 -176
385 -239
66 571
23 218
39 254
-514 -276
559 294
-394 -261
513 -293
-187 373
93 -120
266 297
14 40
13 113
-92 -367
-99 -458
-35 -20
59 -401
5 93
39 96
4 56
155 3
-38 -37
233 -140
165 89
-176 7
298 302
148 139
79 90
43 -181
192 329
56 -221
351 325
-233 -5
-167 -227
-314 134
-442 -273
-152 53
149 168
105 27
-11 -20
-36 84
340 -44
-119 -145
62 -99
-218 359
-107 155
175 -88
-99 251
-4 -73
-135 94
-168 -185
25 -12
-185 -282
-89 308
-135 61
-177 421
-215 -117
-9 -513
-5 150
-329 -383
161 -47
302 242
-40 43
-98 -85
-230 69
394 -68
33 -173
129 86
-36 -95
365 137
-19 474
86 8
-53 448
241 191
-348 187
-29 11
-141 250
-122 -316
142 -133
-233 -427
-88 -337
24 -138
40 -131
143 -87
-189 52
-226 -12
-86 -102
-88 222
-134 -119
-206 157
244 -79
37 262
-66 -144
116 -24
-238 -119
191 -137
-192 78
-72 -72
156 -339
-16 3
-3 -253
-109 -113
-100 273
-90 -102
126 264
80 399
-137 205
297 96
-107 175
17 136
-117 -80
169 27
-52 -83
-210 27
-287 -36
-166 95
-90 5
-5 -118
-2 363
-35 -212
159 89
-138 50
72 -96
-112 121
16 -181
-120 -52
360 -75
-13 217
151 -40
193 359
-253 147
190 149
-65 163
60 -94
17 256
-187 -60
82 175
142 219
-134 -21
131 128
-121 159
-258 121
100 -108
-127 -4
-96 -192
10 -47
102 51
-16 22
143 -41
150 -122
134 74
81 -230
120 -41
-28 139
-228 -159
-46 -125
-277 -111
13 -121
-12 2
45 -70
24 29
22 108
-69 -212
45 10
-160 -155
-26 249
-364 -126
137 77
-362 49
198 -81
186 191
101 -57
25 104
-95 115
-170 -71
-16 -8
-64 29
47 -386
95 99
-154 -269
284 33
346 -293
-185 422
67 -309
55 482
-8 206
-111 -308
145 202
-381 -128
125 204
-153 -165
219 142
-415 -120
-69 100
-130 151
32 124
-68 88
-231 -92
289 -77
-219 155
138 -323
57 127
-182 -21
28 -50
-130 6
81 -202
27 136
-95 -147
177 -4
49 34
-165 116
79 68
-114 127
86 -155
137 201
137 -127
253 83
-103 -158
-39 8
-67 2
-20 40
-195 18
227 -125
-186 142
118 -186
151 158
-99 48
269 -53
-17 227
338 -45
-350 125
228 -186
-175 350
5 75
153 -394
128 234
-188 -213
102 -161
-15 41
5 -166
57 -18
-162 33
-151 -36
159 99
-26 124
-91 60
32 -252
29 47
-161 -222
-72 -40
94 -17
-28 1
145 -42
-25 35
76 21
-38 79
42 -126
387 -54
-280 149
257 -328
-34 311
39 299
-60 -240
227 164
-290 -100
-8 -49
-19 77
-21 -53
3 67
-47 90
9 -102
34 97
-75 -72
78 52
-91 -15
87 -24
-73 60
11 1
-13 5
10 -7
-2 13
51 444
-227 -385
366 256
-441 -87
47 -16
-33 37
21 -46
2 51
80 111
-118 -66
137 11
-128 42
53 50
-73 -29
75 -6
-66 40
-24 103
-19 -100
60 86
-85 -53
-13 -106
53 92
-91 -61
104 18
11 96
-48 -88
81 56
-91 -23
-137 162
54 -201
29 210
-112 -180
-40 118
-12 -120
60 106
-99 -74
-26 -79
55 62
-76 -36
84 2
-409 -273
483 85
-479 121
385 -306
-75 -84
100 45
-108 -1
102 -44
-109 -129
150 74
-168 -6
157 -63
92 14
-93 24
73 -62
-43 80
7 5
-7 2
8 -2
-5 9
-73 -27
73 -8
-67 37
46 -59
-55 42
34 -61
-6 69
-26 -65
151 81
-170 -15
161 -61
-122 120
129 -29
-103 80
66 -116
-10 134
305 220
-370 -80
367 -77
-301 227
-231 209
128 -285
2 310
-125 -285
132 12
-129 41
100 -91
-55 121
198 83
-215 6
192 -94
-138 162
-44 -118
86 87
-114 -45
123 -5
46 -220
49 219
-131 -178
198 108
195 -21
-169 97
113 -157
-38 189
-74 146
7 -164
60 151
-117 -116
-3 135
-53 -129
103 99
-132 -47
1729 -1096
3729 6182
4172 11707
3367 14313
-2637 4811
-4577 2353
-4892 472
-3810 -1017
1523 -2066
3203 -1985
2283 -975
508 781
1017 -1188
974 -679
-614 -1657
-1162 -2879
-187 -812
14 -24
226 -400
965 -17
-311 13
905 -14
1310 -182
1009 -57
880 -224
746 -131
879 764
734 555
-606 -15
-1081 -249
-1208 230
-904 334
-237 724
31 688
-207 375
533 13
-301 1114
-365 852
0 799
-35 -367
314 -326
122 -226
880 -720
835 118
1149 359
500 396
420 786
-581 895
-394 -42
-53 528
36 50
362 100
325 217
-617 782
-139 363
-36 164
127 -345
183 -488
-103 -211
-295 79
-134 196
726 13
246 294
597 -219
-780 -205
-555 -818
-258 -375
-385 -717
74 197
16 233
73 -17
54 314
223 133
158 221
-63 -70
94 -141
-270 794
-487 385
-133 465
-903 360
245 -74
114 -78
334 -255
-55 -84
-97 -517
216 -363
183 -228
164 -250
421 -72
469 -163
355 -283
131 -238
-395 -26
195 -400
99 319
-61 -73
118 47
-119 -380
-58 382
-132 142
-109 366
-175 -413
156 96
-355 -111
434 -265
394 169
28 -459
264 -40
358 352
-321 267
-191 -435
-370 142
160 -181
-20 -137
239 7
-22 86
115 -28
287 274
-329 11
356 -210
45 -332
-220 -71
250 -424
384 61
-129 33
187 49
-10 80
-1 -49
15 -1
307 -124
-215 260
-123 36
128 255
53 -23
118 -89
83 -178
151 162
110 14
121 182
-33 -28
-263 -111
-390 -32
-300 -146
-24 -178
-16 131
57 -160
-37 243
-67 -258
238 -194
-241 90
-16 61
-206 441
-174 202
98 -155
-16 384
-79 -108
-81 28
-140 -175
29 -202
75 -74
-370 394
-98 23
-121 278
-218 -155
-276 -109
24 -253
-216 -19
-16 -247
98 -62
-179 66
-213 -103
10 113
79 40
0 -96
159 11
-304 -130
30 214
144 262
-220 241
3 -36
-172 117
-161 150
-82 71
36 126
-92 -92
-34 -557
-209 -139
-198 -371
-102 -117
270 -153
-276 167
11 -64
39 -93
-203 267
-48 -209
-54 -18
-30 183
175 -89
-48 238
-92 13
46 -149
-63 9
-25 -158
54 109
9 103
-68 -462
230 153
-322 -160
26 43
-113 151
43 22
10 162
123 131
94 270
7 -62
105 159
15 -358
158 335
-173 -365
340 33
-235 96
-265 -4
41 53
-347 -162
92 388
-131 -192
241 35
-345 -122
-1 -41
-69 38
8 -85
-27 -64
123 -97
211 141
-23 118
24 195
-30 390
-110 15
264 160
-197 77
116 164
-234 61
83 42
-108 52
218 146
-262 120
238 4
25 -7
78 96
-192 -203
49 -41
-187 34
64 -163
105 202
-45 -159
136 128
48 27
179 -222
26 -6
-6 -110
-102 -101
-188 -116
-146 -171
-239 -98
7 -98
68 27
-37 -51
13 104
48 -110
-102 -37
-7 -172
13 12
-60 -54
-166 134
-113 -129
-51 143
167 90
157 27
-58 49
-111 105
-148 121
-111 -178
93 144
-62 -140
1 -255
75 12
-41 -130
178 81
151 -57
-47 267
-77 -87
-23 260
-90 27
-11 -99
-116 79
-130 -53
147 96
-159 26
-23 -174
-243 139
-100 109
27 172
-85 40
-8 -95
38 -52
0 33
-12 -123
121 54
-90 -16
-54 -16
-68 -60
20 -57
31 -35
-28 11
52 -123
-41 -44
-213 175
102 -7
-106 200
-76 -147
116 -72
268 113
35 -85
144 0
-130 194
-61 -204
58 234
-273 -152
-25 -55
15 -24
1 50
141 -17
66 -40
159 98
23 45
208 76
-46 97
-35 -38
2 106
-145 -53
-61 -132
220 -90
-133 121
-5 -83
109 -110
-47 22
29 -214
88 41
-172 -74
194 120
-66 115
181 18
103 -353
2 167
-184 -342
126 118
86 -89
-2 65
93 -86
98 113
-140 -123
219 123
-213 -59
120 -103
126 177
-120 -190
254 28
-106 45
43 38
21 -43
-17 9
36 12
-2 -191
74 199
-188 -127
181 65
-61 -219
144 175
-204 -103
227 12
166 -102
-110 159
34 -189
47 185
25 -141
34 142
-89 -113
132 68
18 16
-25 -9
23 1
-22 14
-154 -113
185 39
-184 35
151 -111
6 68
-33 -56
56 39
-65 -12
-122 -22
121 -30
-97 75
56 -106
-81 42
59 -70
-26 93
-12 -96
-162 -3
152 -63
-114 117
54 -155
118 -59
-86 104
35 -124
19 129
-171 268
45 -313
84 299
-204 -238
34 97
-73 -72
90 35
-101 6
100 -16
-86 54
55 -87
-13 102
-230 16
207 -107
-146 183
60 -227
180 83
-196 1
180 -82
-133 146
148 -8
-136 68
93 -117
-36 147
136 -112
-79 153
9 -176
65 163
304 -251
-176 355
15 -393
148 367
-91 72
55 -101
-11 116
-39 -112
16 -99
28 96
-65 -75
94 41
-48 86
9 -96
33 95
-67 -74
-114 87
68 -123
-11 142
-47 -134
108 51
-122 0
111 -51
-84 89
-31 -148
93 120
-132 -75
150 17
29 -164
41 164
-103 -130
147 78
-86 14
70 -42
-43 70
8 -86
-128 -38
133 -17
-113 75
74 -112
-55 -23
62 -5
-53 30
34 -45
92 -56
-61 86
20 -105
22 107
-69 140
7 -157
59 148
-114 -111
100 -116
-47 145
-14 -151
76 133
3604 6049
4342 11775
3186 14321
897 12762
-4370 2451
-5121 466
-3600 -1110
-766 -722
3070 -2107
2459 -918
323 806
-1645 1682
712 -731
-356 -1715
-1371 -2717
-1278 -4106
-349 127
500 -687
836 350
589 -585
879 59
1309 -263
1049 15
-230 60
798 89
739 586
934 661
819 445
-1276 -409
-963 296
-1150 369
-398 491
21 560
-148 486
436 -67
1103 268
-125 1177
-350 593
368 -324
-130 -914
378 -351
700 -498
914 -158
585 88
704 628
136 661
-275 892
-460 170
8 -171
264 715
-117 -409
764 -350
-331 838
-426 429
192 -9
90 -381
134 -323
-127 -383
-205 226
-178 251
307 107
586 31
392 158
490 -154
-323 -449
-620 -618
43 -646
149 -574
58 205
44 27
62 257
-105 -88
305 -20
-98 206
13 -415
37 110
-339 481
-302 432
-729 315
-474 393
126 216
202 -515
178 101
-121 -199
60 -394
342 -263
30 -156
560 -57
383 -74
398 -400
142 -113
-129 -592
-269 -204
448 -43
-234 404
447 -129
-71 -148
-204 194
78 252
-356 -71
-82 -32
-86 -208
-9 70
-100 112
430 -10
63 -276
154 -186
-413 -427
-254 51
-165 -208
-490 -48
-207 -62
131 -382
194 294
-98 -190
534 177
44 367
-144 -175
264 36
-228 145
-172 -175
248 -314
338 -43
493 258
99 34
72 56
-62 9
151 -131
367 135
-374 43
109 166
-528 270
278 -28
-87 8
231 -353
-14 38
40 320
59 -125
148 227
-166 -80
-187 -215
-414 103
-24 -454
-140 53
-172 1
106 5
-100 17
-14 -152
-272 -167
114 283
-421 293
154 160
226 11
-199 280
130 -86
24 421
-71 -513
106 135
-132 -354
258 26
129 46
-338 353
-48 -309
169 342
-199 -197
-35 -163
-120 -49
112 -169
-261 -9
-111 -65
-102 123
87 237
384 132
-287 -39
123 -262
-195 332
-68 317
-43 101
-102 163
-104 25
-196 270
-96 -53
101 225
-74 22
-246 -171
-177 -575
-51 44
-192 -334
147 -135
-177 98
-54 37
-11 62
-80 117
-101 -20
-80 -211
-34 -100
176 107
-131 51
58 151
-246 161
84 232
-248 -300
317 148
-311 -93
77 -318
38 80
-118 -171
162 81
-84 74
54 100
-32 93
150 13
-105 94
258 13
-160 190
55 -318
110 -98
49 9
-14 -218
-7 -49
84 -49
-263 234
-149 -454
-77 374
-35 131
23 -225
-36 27
-147 -274
9 16
-51 -40
6 -130
83 107
68 337
27 -117
75 430
-207 24
-144 371
144 -179
48 333
-14 -190
177 149
-328 127
233 -190
-105 257
-169 -101
246 243
-82 -228
489 -137
195 0
-394 -63
225 -129
-146 265
172 -2
-28 60
36 -64
90 157
302 -99
-133 -73
170 -118
-80 231
-189 -399
-29 80
-450 -279
66 -25
306 -176
-175 236
23 -207
128 361
24 -176
-61 8
-9 -171
145 192
-118 271
-214 -234
85 200
-200 -107
81 -280
141 298
-393 -39
157 97
-204 244
0 -277
197 209
-144 -90
241 46
-203 -92
309 -18
-146 316
-13 88
-33 90
-135 111
-30 8
-13 -331
-22 292
-306 -208
250 49
122 76
-297 -103
-21 -37
-232 57
-20 222
-58 -20
-10 -33
-125 -155
-35 -39
47 -76
39 33
35 -23
46 -312
-40 249
-134 -328
269 190
-201 133
158 -309
-65 168
-68 -369
107 209
-201 6
92 -5
-130 -3
349 166
-62 -103
242 -24
-146 33
11 4
-96 69
-66 -67
-109 -29
-230 -198
294 104
-149 53
365 -40
37 142
114 -41
162 191
-114 -46
76 253
-215 -117
149 58
-302 -25
59 -28
-13 -1
-66 82
-41 7
-62 -291
167 66
-151 -153
250 -31
18 103
96 60
61 132
-28 -31
-12 -173
-35 -41
-137 -98
30 -36
14 21
97 -38
72 73
80 66
-231 -46
264 -89
-305 119
131 -212
-47 9
106 -121
87 125
87 -148
-155 131
68 -220
49 261
-53 -203
164 -208
-100 280
-59 -274
99 258
186 54
-194 25
169 -105
-111 160
83 -66
-47 92
7 -105
38 99
-123 -86
149 30
-147 35
120 -92
-227 26
200 -118
-134 185
45 -224
78 -66
-43 95
-3 -105
44 94
58 82
-86 -55
104 13
-97 28
91 -211
3 229
-94 -210
171 152
-38 50
16 -61
7 64
-33 -56
-141 -329
266 245
-339 -113
353 -34
-66 -255
165 203
-232 -120
262 13
-111 -12
106 -37
-85 76
46 -100
-237 -148
276 38
-269 80
217 -177
-68 144
4 -161
63 146
-114 -110
-98 47
72 -83
-30 105
-15 -110
-16 178
-59 -166
123 129
-167 -64
-148 -61
162 -3
-142 70
104 -119
27 -287
91 276
-197 -212
269 113
-120 -26
126 -26
-102 76
61 -107
16 -91
24 90
-62 -68
85 38
197 -3
-181 80
132 -149
-63 188
90 -246
14 258
-120 -228
206 162
-25 -135
73 113
-114 -72
132 18
219 81
-232 15
203 -106
-143 184
156 30
-149 36
123 -96
-75 134
187 175
-243 -81
253 -23
-224 123
20 162
-82 -144
133 97
-162 -34
-238 30
204 -126
-136 197
42 -236
97 25
-94 15
83 -53
-57 83
59 85
-87 -53
99 15
-96 27
-54 -73
78 44
-91 -6
86 -32
-247 -68
257 -38
-218 137
140 -213
4669 11717
2911 14512
1066 12478
-2537 7957
-4932 275
-3695 -858
-786 -987
2331 236
2438 -681
248 576
-1472 1856
-2060 1197
-470 -1328
-1426 -3122
-1066 -3757
-145 -3444
445 -177
674 -136
938 -209
425 535
1451 -163
876 -19
-53 24
-534 255
912 560
786 757
916 299
682 284
-1000 -12
-999 635
-647 317
-745 535
-133 505
416 -73
1120 265
1327 -35
-176 945
69 -573
246 -817
-352 -1617
548 -357
991 -347
591 294
409 34
-60 763
-135 716
-515 391
-274 -321
197 491
33 -237
553 -447
-8 -396
-512 866
97 -448
355 -23
56 -547
-95 -492
-193 339
-237 155
242 188
362 176
537 -63
447 108
249 -264
-329 -562
-250 -576
390 -754
-40 -421
68 77
19 224
-50 -76
-347 25
-59 -55
86 -157
-129 -89
-51 393
-671 404
-386 194
-739 645
-437 121
184 -288
98 -118
37 -33
-66 -150
56 -205
271 -325
411 193
314 -326
509 -300
-2 -158
21 -609
-368 197
76 54
72 159
269 216
218 -67
-119 369
-73 131
-174 -18
-281 -11
-164 -103
20 -60
-74 242
43 -194
190 -457
110 27
-462 -639
-93 -482
-86 -382
-485 137
-287 -234
-400 273
181 146
-26 -64
416 89
303 356
89 -34
-7 0
34 65
-66 252
149 -172
373 -212
533 429
330 -96
128 105
-129 -11
220 -142
88 -89
-75 247
-246 99
-177 187
-366 518
308 -188
-54 -3
105 -394
-112 57
183 -31
-4 189
-13 -108
-88 -107
-159 61
-237 -309
-3 -168
-195 -39
-79 87
33 -133
-74 41
36 -203
-43 156
-229 342
-46 197
295 168
-287 17
314 116
-229 309
267 -171
30 -24
1 -239
89 -19
-169 115
-277 -158
106 178
-171 -43
68 -73
-71 -253
-48 19
24 -197
-116 9
-40 -204
-108 284
32 88
183 375
125 -108
-223 -36
31 -17
-9 266
-163 240
-45 -12
-78 200
-147 -51
-150 52
103 107
-31 133
245 -89
-166 -482
-103 -45
-117 -274
266 132
-73 -187
-30 336
-157 -206
2 193
-110 -155
-15 -93
-141 -182
143 -82
-205 109
101 69
-256 253
-100 -82
224 -25
-226 87
210 -261
-138 115
9 99
-100 -201
155 118
-245 -9
-463 -4
482 -22
-276 328
324 -316
39 -73
81 173
-157 -206
-20 -20
-106 -104
166 -176
-192 -11
-66 -326
-284 6
-33 -259
-262 245
-149 -195
-50 -138
-5 -82
-131 -161
26 -139
-165 -260
198 25
-156 43
272 -410
193 297
-245 120
218 174
-166 97
234 -220
-11 408
9 -283
271 182
-235 -162
263 111
-261 -3
184 -217
-18 -63
287 -55
85 -146
447 -122
-104 -96
-25 28
21 22
137 89
-83 161
42 -177
125 267
-99 25
17 57
-22 -175
122 205
-120 6
-246 -158
-155 -150
-258 -27
-210 -186
-64 -91
56 131
-42 68
98 -81
-17 -261
57 89
-24 -19
113 71
-337 31
91 -94
-90 162
61 -305
-253 59
60 20
-283 231
-11 -8
10 90
32 -123
143 147
-42 85
128 -79
2 97
91 79
30 209
135 212
-341 69
176 -41
-226 215
-148 -18
-61 26
-61 -62
39 23
-184 -98
-125 -1
-149 -23
-167 -19
-287 87
153 -225
-195 85
24 -372
-66 -130
170 39
-90 29
82 10
-25 -123
7 16
-2 -67
92 38
-49 -312
123 95
-213 -225
259 -66
-137 6
32 20
-94 -48
-51 -112
97 -105
103 43
-44 -82
134 -72
-30 -26
-83 45
-139 -141
-83 -21
-9 -135
225 148
-18 22
356 12
118 7
142 149
-72 -15
137 150
94 183
-261 -88
135 -57
-198 -75
-22 32
-68 43
-22 35
-86 -57
90 -62
-28 -72
103 -53
20 43
-11 96
139 60
-67 69
-33 -66
-41 219
-235 -335
222 138
-297 -56
113 -56
66 97
78 43
139 111
-243 -83
152 -95
-202 168
-4 -223
152 61
-28 -30
260 -63
39 66
-157 186
91 -208
93 237
-132 -117
-268 -233
302 130
-397 44
299 -93
200 -135
-128 202
34 -239
67 234
0 -37
18 34
-28 -24
34 10
-47 -235
139 193
-206 -115
234 25
-292 296
146 -389
28 414
-196 -366
-97 145
29 -179
45 170
-113 -137
-6 -66
34 55
-54 -39
63 14
-125 54
95 -103
-46 130
-12 -135
258 33
-245 77
194 -172
-107 237
107 -58
-73 97
28 -119
26 114
92 180
-159 -130
196 52
-200 35
54 14
-57 7
50 -33
-30 50
-51 143
-13 -148
72 130
-117 -86
-49 254
-59 -250
155 203
-225 -121
-303 31
265 -149
-182 247
65 -298
35 35
-47 -17
49 -2
-44 20
126 154
-176 -90
198 9
-183 69
175 82
-197 -4
181 -77
-137 147
-228 -196
283 81
-294 36
250 -159
64 132
-109 -96
141 40
-145 23
12 1
-14 3
11 -10
-4 12
68 40
-81 -11
75 -24
-60 50
146 168
-203 -90
220 -5
-200 87
143 28
-141 33
117 -84
-71 126
-3 184
-72 -174
135 128
-176 -59
-58 -58
72 31
-82 2
71 -37
18 112
-62 -95
99 60
-115 -19
-28 175
-48 -168
110 135
-156 -77
141 -135
-74 181
-6 -197
87 176
-79 304
-49 -310
174 266
-265 -170
10 -17
-1 20
-9 -19
15 12
-156 -159
210 82
-224 13
199 -106
3218 14434
820 12670
-2388 7674
-5931 -256
-3782 -901
-689 -985
2237 270
4307 1073
236 692
-1510 1748
-1987 1284
-316 -85
-1445 -3045
-1082 -3834
-97 -3377
1306 -1301
924 -271
764 19
492 257
-678 1242
901 -208
-5 199
-659 114
-11 278
846 745
869 331
715 234
720 144
-890 427
-663 551
-830 321
-764 -138
373 -35
1146 216
1326 21
1378 188
47 -320
164 -1054
-188 -1435
7 -1257
916 -194
598 123
472 197
464 324
-384 736
-294 265
-424 -118
-575 -257
90 -206
487 -454
53 -420
370 81
-1 -196
341 -296
180 -297
397 -205
-116 224
-260 295
214 51
442 65
260 295
559 -329
328 180
-79 -418
-61 -720
276 -545
-20 -662
164 -255
110 516
-253 -300
-71 150
-750 87
348 -314
-308 165
8 88
176 442
-773 372
-455 325
-562 527
-781 201
305 86
-232 -131
224 -172
-90 39
362 -196
274 115
465 -306
-93 -50
203 -544
-8 -173
-523 -212
-17 214
-73 409
298 -72
305 208
-351 -81
216 235
-477 5
-13 -155
145 -85
122 -226
-99 434
-14 -374
530 150
84 -29
-414 -600
-152 -496
-78 -311
-430 -199
-200 93
-612 8
9 338
-130 92
447 -94
349 537
-63 -102
186 -3
-135 149
56 105
-168 -26
389 -114
479 347
413 -46
479 168
-77 -122
219 -18
43 -202
-28 32
-293 385
-246 -97
-181 745
-272 21
16 -297
157 -104
-281 -186
99 61
156 -51
-65 176
-160 -384
-53 -134
-149 -250
-107 -176
-97 -71
-56 -260
-383 154
186 -392
-28 297
18 -433
-270 178
67 328
144 95
309 145
246 368
-274 45
411 49
-118 77
-98 -258
183 -47
-249 180
145 114
-16 -28
22 99
-167 -123
155 170
-56 -380
189 165
-417 -254
66 28
64 200
-95 237
233 187
117 241
-164 -137
12 101
-45 150
86 345
337 -66
-407 416
66 -378
-2 255
-85 101
148 65
106 47
93 -38
-115 61
-147 -371
331 209
-306 -6
13 171
-129 -37
-91 54
3 -269
-238 -346
161 -35
-193 -90
273 -127
-233 207
-1 -8
-222 263
16 -144
-92 23
111 -149
-92 -25
53 -203
20 26
-46 -39
7 51
-182 -14
-100 89
213 -8
17 189
43 -361
375 30
-368 46
75 -333
-123 412
72 77
-209 -282
51 -85
-200 -45
-160 -38
-238 -10
-65 40
-322 108
20 -155
-125 -80
-15 -211
-41 -14
65 -78
12 84
98 -379
-11 -52
54 273
-124 159
153 -21
-134 150
32 207
52 -80
147 17
-173 1
126 -364
62 375
-266 -430
244 166
253 -249
193 21
277 -234
332 33
70 -166
13 237
54 -113
191 175
197 99
-129 78
211 96
-253 367
291 -43
-214 213
180 -131
31 237
-101 -196
-286 37
-212 -251
-88 129
-26 203
6 -38
92 31
-33 -47
-112 31
161 -37
-44 159
-78 -95
-29 58
-38 -27
100 -110
8 10
-136 257
-199 -71
36 304
-63 189
324 51
-197 103
283 -15
-132 245
-230 49
321 34
-163 349
83 -112
-210 47
64 34
-154 99
162 -49
-59 -284
60 218
-190 -185
376 174
-258 280
-148 -331
-48 258
-381 -221
-163 -34
12 -218
-46 -12
12 -244
-295 11
347 -139
-251 339
43 -338
33 -58
1 13
58 -32
-3 0
-199 -86
156 -194
-90 60
108 -166
10 -67
-33 23
-136 -151
47 5
333 188
-314 -115
398 -149
-204 181
110 135
-351 -144
112 -108
-322 32
-110 -69
379 87
-32 109
338 -125
53 191
-10 -90
107 241
-43 -64
228 102
-389 -35
273 -314
-184 161
-270 264
73 -242
-62 243
-212 -273
132 -43
-53 -11
151 -55
-80 167
177 7
-80 128
-46 -128
-49 102
87 -420
-39 350
-141 -355
323 234
118 -29
84 181
79 -11
150 195
-361 99
186 -221
-201 286
-49 -171
396 281
-255 -168
549 -50
-241 193
107 43
-16 20
62 37
-69 86
96 272
-272 -171
269 155
-359 38
-113 -84
140 30
-138 27
114 -83
-122 49
90 -95
-44 120
-13 -132
-91 56
63 -90
-17 107
-26 -106
-73 -162
132 123
-167 -56
180 -19
-88 -329
221 264
-310 -151
342 15
-142 -49
147 -14
-130 75
91 -122
-121 89
76 -133
-14 152
-52 -142
-8 -59
29 55
-49 -36
59 11
-100 115
47 -143
19 151
-75 -130
52 226
-140 -188
201 111
-230 -21
-57 69
24 -85
11 86
-45 -73
130 -88
-85 136
22 -158
44 153
-124 35
97 -86
-58 115
5 -128
-101 -82
127 29
-131 24
109 -74
61 161
-118 -122
160 63
-168 7
9 51
-27 -42
43 29
-49 -6
-231 3
212 -91
-156 173
70 -224
67 85
-99 -49
109 6
-102 38
143 81
-163 -15
156 -50
-119 111
-197 60
156 -136
-89 187
4 -207
73 -51
-44 71
7 -86
28 86
75 -576
170 556
-381 -440
528 243
-151 -172
207 100
-223 -6
210 -88
117 -3
-105 52
74 -89
-35 112
202 -9
-179 88
131 -156
-50 197
-66 -157
121 120
-161 -57
166 -12
-86 174
7 -196
74 182
-138 -135
96 -132
-34 159
-30 -160
97 126
-112 -27
114 -18
-96 63
59 -96
-30 -55
48 31
-59 -8
56 -16
-16 -51
33 41
-46 -20
48 2
844 12422
-2314 7909
-6099 -435
-7985 -8221
-759 -1045
2332 297
4214 1089
4515 1629
-1455 1753
-2041 1302
-271 -131
1231 -1184
-1149 -3709
-91 -3527
1359 -1165
1406 548
684 -122
621 351
-833 1209
-1705 863
-82 0
-498 270
-215 195
563 107
980 315
621 295
774 47
1064 746
-899 715
-683 72
-796 149
-402 -646
984 9
1558 138
1115 173
601 284
482 -1292
-376 -1094
43 -1653
-3 -69
787 251
250 154
684 263
281 289
-223 348
-525 -165
-465 -252
-632 -58
185 -523
362 -478
118 261
593 355
404 -378
160 -199
375 -307
119 418
71 458
-165 39
789 -76
636 80
333 22
386 -232
39 -15
-208 -463
314 -717
14 -488
64 -401
426 134
-86 -152
-280 79
-529 64
-196 -225
-46 -114
-121 443
142 65
466 -323
-770 536
-357 206
-831 578
-436 -156
-17 352
-168 -520
406 199
17 -250
571 -166
312 72
-107 -459
148 3
73 -505
-460 124
-215 -65
131 368
256 61
290 71
-277 37
-314 -19
-425 -150
1 4
70 -229
-12 -440
-217 -38
285 0
101 -74
413 -593
-514 -243
-213 -865
124 5
-177 -715
-411 -63
-352 69
-245 393
-18 43
488 59
242 412
85 -33
198 236
89 76
-120 267
-73 -247
-529 262
575 439
288 -88
615 156
-76 -18
-24 -141
311 -191
-278 132
67 -208
-314 306
-288 353
-13 334
-181 170
27 -577
34 193
-342 -154
435 234
-151 128
-60 -381
-149 -93
-99 -257
-167 -382
46 91
-247 -344
-199 -208
56 -171
2 47
96 -192
222 29
194 242
61 221
329 -2
49 455
23 261
55 -26
236 0
64 -336
-216 -14
100 -13
-92 432
32 52
202 -39
-272 72
166 -45
44 415
278 -89
-395 12
-60 -207
-320 -13
114 314
12 202
313 139
4 20
-34 21
35 205
-8 329
82 190
-242 117
40 -31
-119 -65
13 -275
95 6
183 78
7 -40
135 36
208 -138
-92 141
102 -112
82 301
-28 -101
-152 151
26 -383
25 -128
-50 15
-19 -220
171 62
30 -24
-140 190
-176 23
73 96
-17 -26
6 -83
-29 -134
33 -88
19 -109
285 183
-390 -16
205 -114
-397 274
25 233
85 -109
103 -57
-119 -151
-120 -306
-16 88
-215 -9
205 69
-97 -203
-82 -110
-66 -76
-48 0
-278 254
-139 -209
-155 312
-313 -63
100 -230
-162 15
-1 -276
68 127
279 -67
-87 -133
57 -352
-61 -9
236 62
-136 208
36 -182
-30 98
302 135
-167 -77
155 -44
-374 -151
3 82
-91 -188
-17 11
-100 -131
10 19
447 -307
210 172
68 -103
18 69
122 47
63 56
103 -108
71 -157
129 389
-293 62
-27 279
104 -155
39 332
-29 -250
260 37
-89 -27
-366 -115
-6 -59
-201 72
-66 -26
160 -6
-82 18
124 -132
200 222
-186 -65
143 56
-280 118
-65 -15
112 -130
-2 34
116 -211
-173 236
-114 30
184 377
-29 45
208 288
-165 -16
275 63
-161 141
131 99
-10 215
-3 77
36 174
-7 173
-147 -57
219 96
11 19
-99 -136
100 72
3 59
159 140
-70 -115
-203 95
-171 -135
-61 122
-199 -71
92 -233
-21 13
6 -212
212 -35
-172 189
33 -166
-54 154
-103 -38
175 -32
-110 48
52 -165
-167 -66
150 -190
-12 163
33 -218
-90 -215
15 45
-167 -113
235 -38
4 -245
154 101
-85 -141
268 103
71 -161
-266 81
-54 -300
-31 146
265 138
51 24
298 -11
100 101
-90 -202
227 314
-178 -80
324 -1
55 -233
-46 52
-46 -298
132 87
-213 -68
130 -37
-272 58
108 -262
75 290
-91 -280
234 270
-274 34
-303 -231
297 112
-457 21
344 -184
89 127
-169 -97
247 -14
-103 95
-137 216
259 -132
32 379
38 -242
-83 -138
10 102
-166 82
85 -28
182 -53
104 20
135 -55
51 -10
-58 33
93 7
-86 127
-80 -66
-280 -76
240 63
-299 105
263 -195
33 95
-68 -71
91 36
-99 1
126 -56
-93 101
44 -127
13 136
75 137
-123 -94
150 36
-155 30
-136 91
83 -140
-20 160
-47 -154
108 206
-182 -147
228 55
-228 38
85 248
-176 -192
243 104
-263 8
-112 -70
135 18
-128 36
102 -87
77 -261
38 269
-144 -229
223 152
-252 17
223 -116
-156 194
62 -243
130 177
-192 -103
219 15
-211 78
243 47
-241 55
195 -151
-116 216
40 167
-100 -138
149 85
-169 -14
27 29
-35 -16
38 2
-32 14
102 -144
-32 173
-42 -172
109 140
46 -271
71 263
-168 -215
240 124
-115 -153
166 93
-186 -16
177 -61
-100 23
80 -58
-50 89
11 -101
221 101
-243 -2
222 -101
-158 180
-29 -139
84 113
-122 -70
142 11
101 199
-176 -144
216 60
-222 37
132 -46
-102 94
56 -130
3 144
161 131
-200 -51
203 -35
-173 113
-7 -34
20 33
-27 -21
32 6
38 -95
1 105
-47 -93
79 64
-48 -203
124 168
-182 -100
209 17
251 86
-268 23
231 -127
-158 211
369 -60
-312 205
200 -319
-56 367
0 147
-61 -134
109 100
-139 -45
17 -9
-9 12
2 -17
5 19
-120 152
46 -190
33 189
-113 -158
-373 -66
370 -91
-298 238
178 -338
-2434 7399
-5777 -21
-8443 -8470
-9268 -14777
2334 -125
4381 1470
4194 1351
2868 912
-1743 1266
-533 28
1404 -1435
1977 -1668
-90 -3302
1269 -1369
1571 699
1449 843
369 397
-624 1071
-1838 1074
-1971 269
-390 453
-392 76
769 149
355 -192
655 94
829 247
932 587
1123 950
-613 182
-901 76
-275 -624
397 -47
1507 182
1152 114
596 349
-223 553
67 -1391
-230 -1198
64 -601
-201 408
450 231
466 277
478 188
97 -3
-359 -169
-616 -180
-529 -182
-262 -144
147 -500
315 187
437 499
723 424
80 -496
568 -69
-155 274
384 535
109 -10
566 82
782 -152
732 -231
428 -125
-43 -95
-102 -424
-303 -200
77 -531
19 -332
440 57
-94 378
-246 199
-609 -30
-84 -174
-541 -121
-218 468
226 5
413 -233
47 -641
-468 606
-894 164
-216 196
-418 -77
-270 -306
409 -42
110 -29
516 -165
384 -260
-36 -125
-52 -270
-174 -224
-263 -120
-290 238
79 59
-226 657
158 133
-180 -74
-351 127
-332 63
-173 -86
265 -219
-197 -372
163 -83
260 -241
226 133
214 -732
358 -336
97 -421
-341 -276
364 -647
-342 228
-415 158
-231 284
8 148
-343 32
432 741
-222 -253
571 312
-302 129
63 23
-141 51
-588 -34
-271 -216
347 -41
540 141
-4 -36
146 -273
213 -216
-177 121
-17 -149
-91 348
-366 563
-28 107
-77 370
128 -32
-152 -93
-56 26
94 182
12 54
-45 -352
-170 -119
-67 -249
292 -149
-40 -147
-76 -163
-431 -306
-118 -245
242 -22
-97 -31
331 -196
-106 148
497 -39
38 417
144 -46
186 580
229 60
43 -10
243 -410
98 34
-38 -154
89 500
-166 62
430 291
-197 -200
210 232
-106 179
147 93
-298 -388
16 198
-557 -352
-4 -288
-114 486
313 -169
131 301
-293 -361
117 282
-114 295
190 177
-47 111
-136 66
0 -223
-28 -82
-122 -273
72 77
110 -85
59 118
130 -176
-177 37
229 -51
-54 299
200 -166
-28 -28
-19 -164
-24 -341
-65 280
-20 -303
208 140
-34 -75
171 -149
-172 64
54 55
20 -2
150 -3
-82 -88
63 -144
16 -40
25 -124
-175 -3
12 -35
-246 124
-121 -48
67 -39
89 -129
-79 -86
24 -124
-185 -32
-12 33
1 116
116 146
-101 -168
-23 -30
-107 -15
95 66
-316 198
-155 -137
-128 343
-352 -203
-129 -188
51 -84
-64 -32
186 -108
29 -210
-12 -234
-39 -145
-179 -309
-19 -173
82 213
-238 -244
-35 38
12 -79
-11 28
-252 -288
-187 -76
-10 -398
-6 238
-207 -334
201 117
106 136
341 -372
175 449
-144 -73
218 188
-88 -27
272 -89
-133 -53
-103 249
-34 98
-283 355
-244 47
97 240
-41 -144
230 -67
-120 -266
-236 -103
-128 -16
-106 -22
-11 -52
109 39
-50 -52
120 -62
-134 8
-260 118
133 -138
-191 289
-175 -315
72 94
-56 -190
259 -33
-109 -150
251 46
-154 509
217 -216
165 447
-47 -5
163 94
-68 65
160 -42
-23 175
22 104
1 159
49 -76
-149 -239
295 257
-124 -98
480 -63
73 -180
130 274
-49 -7
281 264
-226 93
-152 -141
-79 134
-140 -102
117 -156
-76 -43
73 -180
50 44
64 268
-215 -146
165 35
-242 -4
190 -145
-74 159
-22 -255
79 125
72 -49
0 4
87 -66
42 138
82 70
-237 -110
297 -72
-112 92
40 -5
57 -94
119 120
-16 8
99 -43
-334 -35
118 -209
-155 162
392 -171
69 305
175 -283
286 218
44 184
47 -35
103 52
42 -49
51 -156
-49 -69
48 -123
34 -21
-198 -243
107 115
-257 -155
168 -209
215 -25
-154 163
118 -30
-32 193
8 42
-164 -36
100 -11
-104 108
22 -210
115 169
-57 -125
241 67
370 78
-154 230
264 -184
-105 287
-262 51
103 16
-137 141
-29 -118
-1 61
217 -133
3 98
67 -183
108 -65
-72 196
-123 -122
63 105
13 130
-119 -44
160 15
-31 -55
11 104
-53 -93
85 62
-104 -22
49 -182
33 188
-104 -159
160 101
11 -61
15 63
-37 -51
53 29
139 36
-140 23
118 -78
-75 123
-33 2
26 -17
-21 27
7 -33
-126 55
92 -104
-42 135
-16 -138
68 131
-117 -87
145 36
-146 29
-114 247
5 -268
106 253
-198 -180
204 -137
-129 209
31 -240
71 235
60 -136
1 148
-60 -132
112 101
-12 -108
55 92
-90 -63
108 24
65 -21
-52 48
30 -62
-3 69
92 -11
-84 45
55 -78
-18 93
2 -272
109 249
-202 -185
256 88
35 -189
48 182
-119 -150
169 91
-412 159
311 -312
-149 412
-29 -441
-78 -223
166 173
-221 -88
239 -11
-97 -4
90 -35
-68 65
37 -88
-18 208
-66 -196
143 155
-195 -80
-224 89
169 -174
-82 225
-18 -241
19 113
-60 -99
96 66
-115 -19
29 82
-55 -66
79 34
-86 -3
-39 47
16 -56
8 62
-33 -50
-185 7
169 -87
-117 147
50 -181
115 -200
-24 228
-71 -216
153 170
59 80
-84 -52
101 7
-94 33
-28 -54
50 37
-58 -18
64 -12
-126 -288
229 208
-299 -97
310 -33
-21 -82
58 66
-77 -38
88 2
-315 -153
347 9
-325 134
238 -254
145 -7
-128 65
90 -112
-35 141
-5537 -170
-8606 -8241
-9217 -15057
-8748 -17804
4543 1195
4165 1664
2771 615
9 -295
-398 -134
1346 -1235
1950 -1873
1397 -1194
1337 -1206
1446 577
1620 905
896 83
-702 1046
-1759 1065
-2042 314
-1155 -621
-162 394
432 -48
748 -151
212 -650
881 101
945 735
1050 817
773 1232
-513 -136
-543 -275
500 -476
473 339
1250 295
434 228
-22 595
-495 387
-148 -1141
-41 -615
-102 379
-180 787
207 283
712 76
-73 190
-336 -427
-415 -195
-705 -92
-135 -299
-332 39
364 136
414 565
714 357
277 544
-89 -58
443 0
-51 1034
294 -66
355 -83
1043 -89
475 -179
790 -365
-138 -136
7 -426
-401 -159
-185 -267
314 -553
254 376
-59 11
-101 709
-353 365
-476 -433
-78 -41
-351 145
163 122
423 -373
91 -507
25 -912
-1032 247
-119 61
-453 80
-475 -567
284 -47
231 -77
429 -68
471 390
-83 -572
172 119
-539 -494
5 -165
-199 -13
102 322
-352 425
-308 249
-202 143
-420 -80
-181 224
-231 546
169 -493
3 -157
-106 -198
205 17
309 -121
249 -466
222 -568
179 -302
79 -386
23 -381
-141 -156
95 258
-6 -16
-73 512
-416 -335
491 789
18 -53
267 229
12 79
442 -147
-99 -263
-495 270
-480 -453
-77 -170
272 196
221 -196
5 -34
-54 -105
-291 -189
213 82
-393 226
-20 194
-114 254
-61 202
177 126
53 -367
-81 231
41 -15
144 208
74 59
-221 -175
2 -214
219 -153
340 -298
118 -176
-605 -215
1 -400
-302 30
252 -96
38 8
79 -155
135 181
175 492
-7 -63
338 532
-368 380
72 -244
319 -187
-62 -137
315 -108
-360 291
327 70
-21 481
18 -287
-25 67
172 237
-135 156
375 -226
-98 -282
-257 41
-435 -520
130 36
442 -112
-12 299
-160 -416
256 278
-76 219
191 263
-82 32
185 -112
269 -146
-310 -48
118 -417
-248 -3
63 86
33 -52
224 -31
51 -155
-169 121
241 -26
60 254
114 -68
-152 -275
139 -295
-237 303
128 -147
82 -85
172 78
-74 -207
78 -248
11 71
50 -30
129 36
-20 82
20 193
-81 -367
249 135
-228 -14
-48 72
-239 2
-76 62
-133 1
-92 -11
40 -272
-11 98
-248 -187
-103 -179
169 272
-104 76
365 9
-94 -214
32 123
-91 -9
125 195
-228 124
-166 77
-210 18
-202 -87
-192 -147
190 -76
-24 36
76 -54
-118 -24
-31 -376
-92 -93
-161 -174
-116 233
-65 -343
-155 195
-316 -175
98 -217
-251 -22
-296 -319
-13 83
-105 66
-45 -219
2 76
24 -37
435 -303
61 425
-33 -99
199 353
151 223
-43 -219
208 -64
-211 48
-50 321
-363 141
-87 216
-327 133
17 -61
145 -112
-21 -256
57 -233
-183 44
-82 -91
-4 27
42 -31
156 -68
-66 45
-4 -159
-40 102
69 146
-250 9
-14 -78
-196 129
105 -122
85 -28
49 -230
160 99
87 214
119 155
101 68
44 149
63 67
27 48
77 15
9 74
52 120
-36 158
79 -90
99 40
297 97
-56 50
360 -171
9 134
-68 -15
254 175
-70 215
148 -106
-198 -115
-46 88
-154 -47
69 -104
-37 -240
118 23
-71 -117
41 -77
77 -13
-158 27
59 -135
3 125
-46 -150
72 38
-135 -105
52 -69
-79 189
87 -272
128 317
-72 -297
-17 135
-6 -196
215 86
-52 -86
51 110
34 -68
132 145
-116 48
-220 -38
13 -151
-82 66
-94 -166
218 -59
189 116
115 -141
240 139
69 101
27 -67
157 24
24 -72
-163 -3
123 -231
5 98
-51 -153
-80 -183
30 37
-177 -272
147 -49
75 5
-26 210
6 -86
34 180
-177 -177
167 111
-214 25
165 -65
186 -105
-11 157
87 -175
28 171
-95 -11
312 66
-241 77
207 -91
-100 24
50 49
-158 46
116 -94
-25 253
68 -355
195 259
-199 -231
13 -204
-32 276
-175 -228
199 74
135 -28
-79 104
149 -236
28 82
-168 -60
175 -10
-159 84
110 -144
-144 -218
218 142
-252 -38
251 -70
194 -10
-168 90
121 -146
-49 185
146 -77
-100 128
43 -160
30 161
11 128
-68 -112
103 74
-128 -25
189 217
-257 -124
287 6
-265 111
-56 -17
57 -11
-50 32
29 -48
-289 35
247 -147
-166 238
58 -285
-105 89
62 -123
-6 135
-51 -127
-68 -132
113 91
-143 -34
142 -27
-149 -33
151 -33
-125 91
77 -132
-224 4
197 -96
-143 170
63 -211
-184 26
160 -100
-106 157
33 -187
88 129
-133 -85
159 23
-153 44
187 -100
-133 167
52 -207
42 208
-128 34
105 -84
-59 119
3 -136
5 -131
47 124
-91 -93
119 46
-27 53
5 -55
20 56
-40 -41
104 103
-136 -54
148 -7
-132 61
-108 99
60 -135
4 145
-63 -131
-11 -140
65 124
-107 -88
134 31
206 57
-213 31
178 -113
-119 176
19 13
-22 -8
25 -6
-24 12
185 -96
-130 164
53 -203
32 204
300 156
-339 -21
317 -123
-238 244
-26 7
24 -15
-16 21
2 -30
-67 103
18 -121
31 116
-78 -92
-31 -113
76 92
-107 -52
116 6
-65 30
46 -52
-25 68
-8 -69
1 -76
29 67
-57 -49
70 24
41 134
-93 -109
129 59
-139 -3
-8409 -8400
-9326 -14831
-8742 -18055
-6206 -17351
4372 1834
2516 540
278 -334
-2386 -1706
1792 -1227
1544 -1696
1698 -1524
133 261
1731 724
1292 881
1205 -32
358 -867
-1870 1348
-2057 12
-1013 -350
-61 -1093
400 133
697 -330
327 -505
174 -668
1114 346
1059 1247
594 842
436 1036
-376 -416
406 -280
477 118
284 134
432 407
-97 435
-361 501
-284 -378
91 -366
-318 208
92 849
-328 930
378 348
118 -186
-357 2
-771 -217
-446 -89
-376 -204
-154 -155
-321 123
589 487
586 503
339 356
69 345
37 363
169 533
295 478
170 -254
633 84
776 -506
649 54
630 -109
-201 -273
-274 -384
-207 -2
-356 -233
388 249
-126 181
-109 530
-245 470
-480 -233
-159 -230
-204 281
236 -78
480 -333
23 -523
93 -925
-66 -647
-326 45
-260 15
-629 -427
-238 -326
476 -134
232 86
593 176
601 477
425 -188
-640 -104
-62 -561
-108 354
138 8
-256 726
-517 16
-153 164
-255 214
-457 24
102 614
-161 313
-188 -309
134 -137
-37 60
-753 91
402 -559
119 -413
214 -479
192 -225
321 -647
-305 208
93 -145
-51 219
-47 14
-234 132
135 439
279 331
400 251
-121 113
547 -235
355 85
-851 -29
-35 -327
-532 -106
-54 -386
-154 -93
309 -278
-230 242
-42 -299
-390 130
137 -62
-386 671
80 -431
-307 406
322 -162
41 -49
-137 -607
237 -56
-14 327
173 -115
288 255
-102 -127
272 -270
339 -171
333 -359
-416 -172
-184 -365
-144 -79
-214 -183
282 28
-151 -74
310 17
-95 106
443 333
-241 356
231 306
-104 419
161 -335
139 -68
101 -87
85 -68
26 550
53 -74
175 255
-237 -113
-198 110
258 116
38 -27
205 -579
-256 -120
-368 -378
11 -69
-160 -223
-137 -124
130 -78
-148 93
116 -158
109 388
-62 -111
221 30
-145 -32
-252 -103
86 -345
-250 -87
88 -282
274 121
-64 -88
338 -213
-36 29
181 0
103 203
93 -11
313 127
26 -189
-175 162
130 8
-90 314
183 91
-94 -214
96 -246
-80 -227
27 -6
142 -2
-24 125
-126 -14
17 -162
71 -13
-8 52
46 114
-480 247
38 -251
-107 333
-73 -301
15 14
-101 -172
-52 22
-221 138
174 187
-73 157
306 -53
-154 241
-69 -74
79 132
-85 141
-10 237
-181 263
-270 -151
-78 48
-369 -171
91 -264
142 161
-130 -101
15 185
-141 -253
-38 -256
-137 -7
-88 -83
-92 3
-273 -131
-77 72
-194 -32
-223 7
-335 -330
28 75
-355 -155
-12 140
-167 -235
304 176
-183 -3
150 262
-48 89
137 175
-129 26
-84 -102
198 -189
-153 160
-8 -15
-306 266
-187 123
-199 174
-112 -27
38 -310
158 -122
-161 -282
267 -115
-127 -136
53 48
-18 -26
59 132
-39 130
-66 -226
42 144
-246 -60
-428 -80
185 -71
-379 205
178 -174
226 -123
-46 -84
182 -68
22 148
129 -60
185 268
-112 -2
241 60
3 260
12 -191
149 232
-224 -71
-5 168
47 -86
128 23
12 -169
370 216
-99 -144
414 -77
-276 86
9 144
169 147
-41 52
115 19
-95 77
-101 -49
23 -76
8 40
141 -19
-72 -75
23 -117
-245 61
-146 -4
61 -97
-17 91
85 -72
-87 -177
104 25
-220 -95
115 11
107 -225
96 291
-29 -281
160 112
95 56
19 -105
202 8
-42 -4
-10 -42
167 112
-130 102
39 -66
38 -64
-139 -5
-14 -126
-128 -44
207 148
82 -165
277 149
-33 -30
-107 -85
286 -17
-76 15
126 -141
-70 -185
163 -11
-144 22
107 -107
-60 42
-97 -310
92 22
-85 -248
23 -38
57 161
-119 -21
191 -16
109 65
-141 44
92 -47
-239 70
164 11
-15 33
33 -60
38 140
151 98
-106 -20
123 51
-181 103
-64 -114
11 151
-85 -122
98 -1
68 147
-10 -202
178 107
-143 -35
-152 49
24 -66
-47 11
88 -69
101 88
-13 -145
142 -63
-52 -49
