-1 0
2 -2
-1 2
-1 0
2 -1
-1 1
0 -2
1 1
-1 2
-2 -1
1 4
-3 1
-2 -1
3 -2
1 0
0 2
1 -1
1 2
1 0
1 4
2 2
-1 -4
1 3
1 0
0 -1
-1 0
0 -4
0 1
-2 0
1 1
3 0
2 -4
2 3
1 -3
0 -1
0 1
-3 0
-2 2
-1 1
-3 1
0 1
0 1
-1 -1
-1 -1
1 0
-1 0
0 4
2 0
4 1
1 0
0 -1
-2 -1
-2 1
1 -2
2 1
-1 1
0 -4
-1 -2
0 -1
1 -2
1 -1
2 -2
1 2
1 -1
-2 0
-1 -2
-2 0
1 -1
1 -1
1 3
-3 1
1 0
-2 4
-4 1
2 3
0 1
1 2
2 0
0 -1
-2 2
0 0
-1 1
-3 1
1 -1
-2 0
-1 -1
-1 3
-2 0
-3 0
-1 -1
0 -2
2 -1
-2 1
-1 1
0 -1
2 3
2 0
-1 0
3 0
1 -1
-1 2
-1 -4
2 -3
-2 -1
0 1
1 1
-2 0
4 2
0 1
1 2
2 -2
1 1
0 -4
-2 0
2 1
0 0
3 2
-2 1
-2 3
-1 0
-175 82
121 -143
-54 183
-27 -187
2339 -4884
849 -2940
-989 -283
-1726 2303
-3007 -219
-535 -1010
1319 -1881
1864 -1035
736 -2793
-359 -2272
-1265 -1647
-1786 -289
-224 277
-671 720
-1319 913
-1921 1248
-2027 -759
-2557 -1374
-2049 -1142
-2179 -645
1306 -1147
1280 -680
702 -590
155 -357
-1694 1193
-823 264
-374 -154
674 -741
-622 323
-884 107
-1033 96
-445 -180
-1788 147
-1453 123
-1645 -1
-1158 -209
-250 -313
307 -687
578 -73
501 -100
-785 -657
-572 -211
-104 -159
117 -186
1108 277
66 499
-183 321
-797 676
-94 -569
-9 -221
-449 94
93 271
-520 -6
-162 -7
431 -337
309 -472
248 178
-365 277
65 -155
-123 -45
584 -668
468 -643
249 -119
-122 -69
223 -122
117 -139
360 -501
343 70
-104 28
-38 -129
155 48
-138 39
287 424
-457 66
141 -370
-435 135
310 401
96 -78
113 -279
-245 -60
-111 121
459 -494
227 101
342 -551
-261 189
-427 388
-45 233
-252 256
164 328
-189 413
-79 358
-14 534
50 166
44 -152
-63 -504
-223 -393
253 -89
369 473
454 217
424 -64
-472 419
-1 -88
203 72
111 -426
-174 -344
283 95
-29 23
245 103
204 -39
-342 -144
-321 -268
-450 -275
379 249
135 396
465 140
-74 292
231 -379
72 0
166 -523
-136 226
498 356
220 227
207 84
299 346
-46 283
45 347
62 350
311 294
-359 -280
179 -289
-273 276
-392 -9
-142 -505
-266 -185
-144 -643
132 -68
32 57
-178 153
42 -205
-172 -166
-173 329
-33 368
52 359
-66 139
181 -463
-118 338
-42 -468
276 323
-130 -244
113 -209
-19 123
60 -55
-495 40
297 -484
-64 9
114 -680
151 -79
280 -91
60 -101
-72 19
-354 344
37 2
48 265
-36 3
25 6
231 -137
55 2
440 -73
198 -85
-163 -279
127 17
-125 -208
-187 -308
351 -154
-94 -51
245 -53
92 -81
-353 99
38 -282
-209 -204
-63 29
-34 -254
-108 -156
-542 -371
509 225
-73 230
170 -242
-81 151
8 0
-141 21
-93 56
-247 139
5 -225
-48 2
65 4
26 122
-232 326
90 -205
-50 480
-281 -219
-172 -74
-133 225
-68 76
140 235
-151 357
-176 -82
31 116
-46 -82
68 -171
206 329
83 14
401 175
227 -83
-211 111
106 -276
-7 143
-112 -26
-72 139
-164 -76
15 -106
-65 -335
96 129
-98 -12
162 106
-212 -178
-9 269
-313 -108
160 -7
371 179
-275 -165
425 -104
-369 63
159 70
-103 -13
352 -156
-91 -91
-22 177
-152 -160
160 60
-211 14
-45 -227
-101 12
-301 -212
-30 52
-23 36
28 -282
248 263
-141 -50
-57 -186
268 45
-98 -61
259 -178
72 -227
-124 91
-95 -285
97 220
77 -129
-221 129
-45 -175
-24 87
-11 139
79 -49
70 164
45 -146
77 197
-293 1
156 -111
-228 82
-364 34
146 101
-240 169
278 -306
286 69
56 141
120 105
-56 175
47 -1
220 222
-74 64
189 88
316 241
-41 -127
341 -64
-44 3
-5 98
293 -34
139 150
131 -63
189 -96
46 -7
12 -142
193 77
94 101
-85 -24
58 14
-153 99
279 118
-299 123
124 3
-17 323
-78 15
-93 -75
-148 112
-240 96
102 -61
51 -224
219 -139
112 -107
75 -347
-13 338
-205 -265
247 183
232 -102
-57 91
27 -23
-99 222
77 181
-245 52
19 -39
-193 5
-176 -13
-51 163
-144 250
-5 158
-88 35
147 -240
95 160
-18 -181
-295 109
-3 -153
-71 78
-82 -233
4 31
-104 87
-3 73
-63 74
248 -93
-120 139
145 -211
46 255
11 166
-83 2
114 105
-136 50
-58 -103
40 -26
-73 -22
9 -78
-136 -26
167 -2
-245 135
43 -89
-138 -92
129 -2
-37 1
256 -45
-101 176
-74 -214
38 265
-187 -85
7 -28
48 45
-12 9
54 23
-6 1
26 -18
42 49
18 -9
144 -9
-122 32
37 -98
-75 116
-12 -67
-127 -12
-1 -85
8 25
-5 169
-67 -155
127 118
-159 -55
-124 -95
153 37
-153 33
129 -90
107 -115
-49 145
-19 -152
79 135
-72 16
57 -46
-31 62
2 -74
-93 -47
102 5
-92 38
69 -76
265 11
-243 98
187 -191
-87 249
147 -24
-124 79
81 -124
-24 147
40 -86
-5 90
-33 -83
65 62
-208 -88
224 -3
-200 92
149 -170
-104 -94
131 46
-136 14
119 -68
-207 284
75 -346
74 342
-206 -282
49 -182
30 188
-103 -162
163 104
-45 106
2 -116
51 109
-89 -78
-104 -200
175 140
-220 -54
223 -36
-161 37
132 -97
-82 148
18 -165
-268 153
181 -247
-65 300
-64 -301
-40 -110
80 81
-107 -42
116 -3
67 220
-151 -171
210 95
-232 -5
-108 -206
180 142
-224 -57
225 -45
28 139
-83 -116
126 74
-142 -14
48 100
-79 -73
106 36
-110 11
133 -21
-109 73
72 -111
-20 131
93 72
-110 -30
112 -20
-96 65
-286 -73
290 -54
-248 169
156 -250
-28 52
-1 -59
24 50
-41 -40
209 -82
-152 159
71 -208
19 223
-225 106
165 -187
-72 239
-31 -247
90 -66
-55 92
14 -109
35 106
-96 -83
119 33
-121 14
104 -63
115 150
-166 -89
186 14
-178 66
-89 72
47 -105
2 115
-45 -106
804 -2892
-965 -352
-1717 2371
-1853 4595
-545 -1246
1421 -1672
1680 -1186
1164 292
-363 -2449
-1188 -1484
-1923 -406
-1937 4
-680 711
-1307 919
-1935 1249
-1184 894
-2320 -1166
-2345 -1239
-1868 -684
-1266 246
1069 -716
910 -640
-15 -227
-646 -866
-1206 439
-98 -473
554 -335
1014 -966
-748 195
-1190 73
-289 -218
140 53
-1522 -199
-1450 268
-1442 -372
-613 40
91 -302
618 -512
644 319
19 -136
-324 -45
-396 -207
411 -264
-15 -757
478 406
-525 576
-591 310
-1075 116
-331 -537
-28 243
-353 315
449 -40
40 -80
274 -183
388 -674
274 -421
-300 233
27 -94
-112 -114
-218 -656
296 -499
338 -316
-120 154
-33 -92
255 -249
279 -342
351 -108
37 174
133 67
-80 -55
125 41
-555 -19
-15 -234
-136 84
-364 -393
-252 -483
106 98
33 -440
-110 59
-134 -193
172 -78
317 -399
463 -61
330 -317
-302 204
-81 452
-312 42
288 615
51 535
-354 345
244 429
90 420
-111 -169
87 -552
-335 -293
-147 -760
434 341
445 364
376 -205
138 -128
-42 341
61 -337
407 -106
-88 -332
48 89
191 -67
88 273
23 -45
-259 52
-482 -413
-249 -207
-673 -101
314 354
323 246
15 132
110 -57
230 -278
138 -203
-235 -81
123 140
254 169
200 151
280 277
-175 268
80 473
-25 250
428 354
-36 -25
-179 -80
-29 -61
-479 397
-264 -148
-297 -591
49 -290
-186 -311
286 -261
-248 41
152 -126
-308 -189
-54 -401
165 455
-165 360
128 55
-203 610
-349 -71
334 -195
-175 227
258 11
30 -286
89 156
-51 -46
274 66
-111 -192
181 -421
68 -183
75 -305
193 -56
127 -168
-113 104
-87 214
94 221
-98 89
170 106
195 305
231 -100
38 -29
464 -54
309 -186
-161 -157
83 -92
-40 -127
-124 -245
22 -219
238 -124
-23 156
-54 93
-304 -73
63 -103
-305 -355
89 -197
32 -45
-254 -319
-345 -280
-175 -215
3 -13
204 6
-214 -69
129 -67
-227 196
-85 -142
-176 322
-300 73
237 -227
-104 329
47 -242
45 536
-298 10
219 129
-382 216
-185 -103
-115 249
-97 65
176 239
-92 67
-175 136
-61 -85
117 59
-142 -100
106 193
228 90
229 155
121 -8
-14 214
-115 -281
198 64
-231 -85
-52 -109
-81 158
-165 -286
151 -15
271 43
-225 133
219 -82
-150 316
-193 159
-107 -79
-42 55
-90 -207
155 36
-51 -113
71 -123
-302 -120
131 -33
149 -39
44 -281
60 -179
13 12
-57 -23
27 4
-145 48
236 -172
-536 99
53 -328
-184 315
151 69
-8 -1
196 85
-165 25
-73 -62
257 -106
-44 2
158 -131
-145 -35
-19 -180
-16 152
-46 -157
-213 -181
82 108
-250 -120
50 -80
-147 -22
266 53
-87 32
89 -146
19 -81
-96 89
-82 -205
-10 -66
-333 163
172 -82
7 91
111 -330
235 -165
86 454
-160 -160
176 247
113 -47
129 271
-83 -13
245 64
119 -53
169 -65
120 -67
73 -29
186 219
135 -131
246 189
-59 -124
428 -5
-339 10
448 -201
-35 322
-57 -68
48 62
-165 50
229 -54
-92 131
-73 86
129 175
-38 -1
-189 7
-97 -2
-242 222
-191 22
-217 -202
455 -273
-52 115
336 -329
-191 133
43 -152
-21 176
-172 -99
95 -62
-49 178
-109 6
-115 119
57 46
-256 92
2 -220
-164 218
-424 181
191 80
-245 452
31 -88
283 182
-207 -176
393 0
-182 243
-197 37
33 -172
-73 38
17 -225
-148 244
-24 -89
24 215
-249 -105
0 -246
197 184
-166 -89
248 -89
39 -27
16 178
-73 -58
146 72
0 -153
10 72
-105 -134
36 69
1 -52
-68 114
-111 1
-39 10
-46 -155
181 64
28 -11
288 -24
-84 -131
14 184
-129 -19
52 86
-65 -86
148 83
-128 24
106 -57
97 -78
-2 130
18 -98
133 92
-153 -69
109 -16
-176 68
19 -65
92 -176
-129 162
26 -246
-48 178
-136 -88
160 25
-157 44
124 -104
123 -406
48 419
-218 -362
349 239
90 -143
-23 169
-49 -162
109 130
224 -16
-196 106
136 -177
-53 217
33 -116
17 121
-64 -103
99 67
-160 -34
156 -32
-130 95
80 -136
-67 -65
88 31
-93 8
86 -43
116 212
-188 -151
237 60
-240 42
-272 -134
303 10
-279 113
211 -216
120 -80
-75 124
19 -144
40 137
-20 52
2 -54
21 49
-41 -34
-130 455
-69 -469
249 402
-393 -266
-9 3
8 -3
-6 8
-1 -9
-35 200
-47 -201
126 160
-179 -98
-175 -84
196 8
-178 71
134 -144
263 -4
-239 109
170 -195
-79 250
77 212
-157 -161
209 81
-224 8
260 -63
-212 164
126 -237
-20 269
-65 76
25 -95
14 99
-50 -82
35 93
-70 -73
92 37
-103 2
-126 -147
174 79
-190 2
177 -80
-353 -7
322 -140
-239 259
111 -332
169 71
-183 5
167 -81
-119 142
22 -104
20 104
-62 -87
94 53
-60 -67
82 37
-89 1
77 -38
4 41
-28 -36
38 20
-40 -2
-219 262
95 -326
51 337
-182 -287
-64 58
35 -84
-3 90
-39 -83
-39 70
8 -78
26 78
-54 -58
49 86
-80 -64
93 24
-96 18
-78 -83
100 43
-108 1
100 -48
-840 -457
-1788 2522
-1847 4428
-693 5694
1531 -1783
1628 -1046
1153 138
-107 2481
-1302 -1673
-1736 -278
-2162 -34
-2023 -401
-1427 790
-1771 1317
-1357 897
638 423
-2418 -1164
-1831 -779
-1261 348
-563 636
867 -260
-130 -589
-394 -582
-1004 -985
-80 -247
448 -537
1195 -825
858 -862
-1065 183
-451 -275
307 35
654 -430
-1326 -49
-1428 -27
-767 -265
-212 96
688 -228
465 89
276 4
-379 244
-90 -1
42 -325
341 -846
321 -985
-325 563
-767 401
-953 -37
-1171 -443
-294 94
-51 344
158 59
156 219
306 -406
448 -459
134 -590
-101 -860
104 -114
-175 -65
-182 -732
269 -538
144 -153
-13 -81
-38 169
-27 -241
303 -263
294 -171
116 207
-240 319
324 -203
-187 340
-392 -418
-213 18
-103 36
-376 -336
-262 -546
-279 -190
9 -617
-13 209
-285 -297
529 51
256 -148
413 -310
481 -110
524 -267
-166 151
-112 282
8 477
198 289
-209 374
100 467
202 335
-67 302
-132 -572
-133 -357
-303 -609
-46 -614
459 450
323 -277
211 -86
8 -651
109 -152
281 -259
84 -248
87 -378
282 130
-77 134
228 15
-214 -77
-483 -426
-239 -195
-685 -109
110 -93
228 115
155 212
-47 -75
545 -150
173 -146
-296 -113
193 144
211 130
318 274
118 212
-2 264
-371 160
248 440
102 294
291 -108
225 80
109 -31
-615 423
-143 -225
-101 504
2 -351
-118 -276
212 -265
29 69
-3 179
-285 -528
65 -78
-144 -193
40 386
-68 115
-48 474
-57 173
102 121
-94 -158
334 393
-317 116
-187 15
261 -30
-19 180
164 131
418 -209
-235 -284
388 -336
-22 221
89 -425
27 326
-303 73
-4 123
210 130
-127 190
429 103
111 238
98 203
320 -235
521 -81
8 39
23 -266
87 7
-295 -313
350 -142
236 57
-105 -9
84 218
-368 350
74 -194
-276 -261
25 -268
-41 -41
-184 -460
-354 -121
-237 -362
-73 -102
136 126
-199 -206
170 61
-163 25
-138 -26
-168 199
-251 192
-140 148
236 91
-171 116
99 123
-61 179
-274 24
108 111
-592 189
-106 121
102 269
-92 128
195 58
-52 177
119 341
-219 -255
291 45
-333 89
293 159
146 123
214 -9
62 113
-282 -217
320 -68
-290 88
116 -176
-124 36
-72 -196
33 -67
42 -10
191 190
-187 37
170 47
-219 54
-222 305
-94 -345
119 139
-217 -216
33 -111
-10 -88
-248 -184
-175 -196
171 -28
19 -277
83 -193
-155 -181
95 -34
-112 76
-51 -75
-191 64
-46 -161
-289 114
-55 -228
-33 192
-32 -166
284 225
-305 -73
123 -94
-101 125
187 -353
89 286
23 -190
-33 55
-96 -68
118 13
-20 83
-95 108
-91 -187
-72 47
-198 -174
219 159
-89 -76
130 -47
-251 66
103 -194
-149 138
-91 -404
-66 184
-181 17
288 -138
-54 -6
216 -359
13 270
-19 -23
-6 178
-335 -13
-186 -202
398 286
-321 -8
469 -170
240 13
26 -106
178 -30
8 33
338 -1
14 157
171 -186
1 197
-190 92
283 -216
124 261
3 -79
-276 -100
200 63
-113 81
145 -255
58 161
-20 155
108 -45
208 83
-76 219
-350 32
-18 153
-252 135
163 -136
157 -132
245 -21
200 55
-210 43
127 -100
-193 215
-98 -154
-130 107
-7 39
-221 128
-89 -75
-23 -25
-165 -23
-94 -28
-94 56
73 245
-204 248
78 112
-66 183
250 34
-108 -3
277 41
-27 219
-110 -332
123 120
-200 -221
208 -25
64 5
-92 163
-122 -104
63 56
-7 175
26 -155
108 54
-199 -105
-92 -9
101 69
-69 26
81 -124
-71 -41
17 -62
-104 56
40 -98
-346 -6
188 1
-315 130
-16 -236
106 16
117 2
205 -1
114 46
233 26
-263 218
77 -184
-175 370
177 -68
-92 168
14 -180
100 137
235 -124
-91 228
96 -249
127 173
-96 56
-16 -84
-68 141
-77 -100
104 -34
-113 25
-32 -124
-21 59
243 -26
-211 123
141 -198
-47 239
-10 79
-25 -77
56 61
-74 -36
-58 21
46 -40
-23 57
-1 -64
-31 5
27 -18
-19 26
9 -32
121 -80
-74 126
19 -147
44 139
144 -198
-50 238
-48 -235
143 196
-22 -48
39 33
-50 -12
49 -10
-221 286
82 -353
69 354
-205 -296
-8 -8
8 5
-11 -3
12 -3
40 -60
-12 70
-20 -70
49 56
-63 -65
84 35
-89 4
83 -42
-105 -171
167 113
-195 -37
191 -48
153 -6
-142 62
101 -116
-45 150
182 -26
-158 97
105 -152
-34 183
46 -27
-30 39
13 -52
14 46
-111 88
65 -129
-6 146
-52 -137
-157 -180
218 99
-240 -1
218 -97
-6 -121
53 111
-94 -74
119 34
24 -17
-11 28
6 -28
10 25
46 -8
-38 31
28 -42
-1 45
162 -189
-70 232
-29 -245
129 211
19 -127
37 125
-85 -98
120 54
194 121
-227 -34
216 -62
-176 149
-91 153
21 -174
50 168
-117 -136
-14 252
-91 -233
178 175
-236 -92
-33 155
-32 -157
93 128
-137 -76
32 92
-66 -72
87 39
-96 2
213 73
-224 24
194 -115
-132 183
-211 113
148 -192
-54 235
-46 -238
-141 -257
237 179
-288 -65
292 -54
-307 126
230 -242
-111 313
-32 -334
-1839 2453
-1774 4464
-777 5689
735 5378
1748 -1221
1118 346
-161 2277
-1194 3649
-1728 -277
-2170 -29
-2015 -409
-2619 -1710
-1900 1213
-1201 943
471 443
1994 -328
-1914 -734
-1208 276
-583 726
223 653
25 -414
-606 -680
-773 -987
-317 -1121
631 -537
1028 -754
984 -1001
520 -1147
-233 -250
95 100
815 -576
1093 -235
-1349 -44
-832 -221
-174 32
362 -42
669 60
100 108
-263 79
-914 543
175 -314
216 -804
417 -1076
173 -601
-1067 395
-677 -156
-1376 -222
-864 -1227
73 379
33 74
265 149
-231 360
506 -443
72 -585
-49 -891
-514 -519
-238 -503
56 -358
-102 -782
615 -331
-167 -106
108 128
-147 -144
-194 -352
214 -134
171 139
-269 403
-195 38
-86 29
-362 -94
-376 -264
-583 -105
-273 -307
-370 -528
-184 -248
157 -75
-390 -58
172 -203
79 155
249 -98
439 -282
447 -126
560 -266
308 -444
-503 105
440 474
-193 461
115 -310
213 305
169 529
-109 115
149 354
-101 -240
-379 -706
60 -557
-162 -24
166 -253
346 -173
-84 -520
192 -535
173 18
72 -543
220 -117
-42 -261
-64 360
126 -184
-36 61
-446 -411
-227 -402
-609 82
-39 -238
-23 195
376 295
-282 -62
750 -259
105 153
-412 13
245 -18
230 305
274 -19
118 371
-67 116
-253 269
229 105
164 213
267 -6
208 -21
230 -117
-340 198
-297 88
-86 151
82 293
3 -406
152 -101
11 -106
252 -59
-275 -208
-75 -372
105 17
-58 -235
195 337
-378 376
290 125
-160 293
140 -51
82 394
-79 9
-66 470
-22 54
210 -12
35 400
174 -60
-76 -492
326 -83
-72 -41
379 -217
-54 20
-100 319
-289 -20
37 133
53 -82
375 430
29 -83
534 74
192 -140
599 -221
-7 197
390 -387
-165 -251
42 -182
-11 -128
91 -345
68 220
-167 75
-84 379
-256 169
-284 -385
79 -161
-138 -118
-143 -195
-850 -386
327 -321
-605 89
116 -496
182 -4
-259 31
245 -126
-138 201
-156 127
-235 261
-188 87
-79 351
-332 -118
338 269
-349 140
302 -162
-151 25
-327 163
-338 257
-257 91
123 207
-33 71
150 69
-91 -59
-59 35
26 -150
-13 165
-177 -51
68 173
265 -86
51 201
30 -186
-10 -138
37 20
-152 20
73 5
-253 -143
173 -188
-42 158
86 -329
-112 159
57 -38
-77 82
-69 -349
-196 -134
132 -93
-131 3
304 -187
96 -98
-338 -132
-115 -281
-254 -1
-7 -412
166 -80
-271 -248
164 -135
173 14
-281 102
-48 -191
-209 123
-363 -184
139 15
-307 50
230 -230
96 18
-53 40
-155 -93
-278 -31
-16 -118
180 -6
64 117
67 75
-15 -163
87 132
-43 -38
208 159
-262 71
-21 -260
-121 129
-144 -318
167 -43
-111 29
-59 -96
-31 16
36 -373
-50 134
-326 -291
221 154
-72 -209
306 -84
-85 -137
255 -162
158 101
-219 139
-126 -65
-197 159
-14 19
165 66
-6 -44
135 -103
37 -205
208 67
-54 -45
100 -37
-58 30
287 -106
-141 166
77 -113
238 146
18 -81
245 193
-14 -17
-141 -82
261 80
-190 -101
231 -69
196 -31
-10 211
213 -200
247 64
-275 241
-168 -8
-47 222
-156 -70
165 -5
188 -129
294 134
68 122
125 -139
-174 251
-130 -178
-41 351
-213 -45
7 121
-293 27
133 -105
-85 -111
-130 83
-110 -60
-22 12
-247 245
116 94
-95 213
2 -208
186 -191
83 332
29 -126
203 305
185 -162
-142 62
37 -258
-55 277
224 -19
-340 192
142 -301
-87 168
46 336
-113 -391
182 207
-337 -123
177 81
-140 46
136 -169
-49 159
-185 -62
81 -29
-97 51
109 -99
-138 31
-26 -33
-217 29
47 -79
245 129
32 -63
296 29
-52 40
138 91
-234 97
-8 -14
-200 204
-208 -278
306 180
-314 -72
372 -180
59 100
13 -73
132 -29
-11 8
-6 -9
-106 80
-20 -62
21 53
-113 89
-56 -185
21 101
-150 -106
144 -49
-110 99
65 -137
-1 152
-48 233
-50 -233
143 191
-206 -114
40 -379
121 363
-256 -284
352 154
-174 327
22 -371
132 348
-263 -264
-26 -74
51 54
-68 -32
78 0
206 291
-303 -183
353 40
-339 105
-112 73
74 -113
-19 135
-38 -129
-75 -217
162 169
-215 -88
235 -7
-35 -273
142 237
-229 -154
271 51
46 261
-145 -223
226 142
-263 -36
94 -54
-62 88
20 -107
23 102
-63 2
51 -26
-40 42
18 -57
-83 -69
104 29
-107 16
92 -57
-106 93
60 -128
-7 142
-58 -134
115 169
-172 -106
203 25
-198 59
-41 -18
43 -1
-40 16
26 -32
-79 -155
132 110
-167 -46
175 -25
42 106
-82 -78
109 38
-114 12
-272 13
244 -123
-171 210
63 -260
-94 -207
166 149
-212 -68
222 -31
182 -56
-143 123
78 -170
0 186
-212 -118
243 18
-228 78
175 -167
4 -23
3 25
-15 -22
22 11
149 74
-167 -3
152 -65
-112 125
-55 -115
95 83
-124 -35
128 -18
-16 -234
111 207
-188 -141
226 52
-157 265
38 -310
93 297
-205 -229
-112 99
62 -132
-4 148
-57 -135
-151 -76
167 9
-155 61
117 -120
58 -155
10 166
-78 -148
129 100
158 -78
-112 137
44 -166
32 172
-1770 4500
-798 5662
760 5397
2568 4124
1085 458
-179 2159
-1131 3748
-2090 3697
-2147 30
-2057 -456
-2561 -1682
-2145 -3200
-1212 749
565 613
1841 -445
2508 -387
-1228 -15
-448 983
-7 475
1132 577
-432 -726
-912 -874
-232 -1283
424 -867
1203 -544
737 -1116
795 -1137
-72 -975
262 -7
712 -409
1121 -432
774 -845
-879 -20
-212 -172
485 131
583 71
317 -186
-339 432
-993 189
-758 947
294 -1034
443 -835
51 -806
461 -299
-919 47
-1235 -506
-873 -913
-947 -1045
99 -24
242 272
-258 244
192 -108
148 -596
-113 -844
-468 -585
-339 62
20 -553
11 -618
437 -432
-114 534
-98 111
49 -212
-345 -213
-410 -327
144 259
-290 280
-124 144
-469 -156
-364 -170
-341 -197
-641 -156
-620 -144
-263 -658
-230 -86
131 -242
206 -279
8 -111
195 3
204 84
70 108
430 -194
605 -207
244 -479
135 -621
50 597
107 197
-53 58
-72 98
269 303
-113 361
49 124
53 344
-275 -740
-20 -484
-111 -123
27 -449
240 -198
20 -538
100 -475
38 208
258 -287
-52 -274
267 -221
311 -115
17 144
-74 -284
-269 -115
-299 -275
-472 -145
-72 27
-100 -60
149 112
153 104
284 -233
515 -63
411 -254
-67 284
386 -97
292 414
359 -158
-234 235
-147 96
206 309
-99 113
390 -228
187 228
145 -351
130 76
59 254
-484 151
446 134
134 367
187 -177
10 -21
217 -135
-42 -17
294 -373
-233 173
187 -515
144 328
-212 432
113 141
-6 204
19 86
-207 453
159 -159
-211 721
-181 -104
94 -55
159 389
69 -7
467 273
295 72
-103 -194
473 -97
-78 -6
-224 91
-85 138
-217 71
191 -62
373 173
138 149
342 -94
-9 -17
348 -198
213 78
241 -185
55 14
-118 -138
117 -230
20 -201
193 -145
-402 346
22 37
-211 526
-146 72
21 -246
-48 -58
-250 -211
68 426
-197 -321
-124 -124
-235 -107
76 21
-96 -35
126 9
-83 31
-35 29
-273 353
-190 -11
-39 438
-119 -41
-66 179
65 60
-35 80
126 -18
-402 230
-298 167
-254 187
-367 83
-186 173
247 -90
-113 124
-183 -398
10 95
-100 -66
-3 127
-250 115
254 88
-16 37
154 -63
-17 196
124 -65
-195 135
62 -112
-235 176
8 -157
98 66
-7 -185
207 132
-46 -107
43 104
-189 -320
106 -129
-78 -69
47 -112
186 -5
107 -4
-126 -266
-250 -75
-212 -249
-118 92
69 -264
-117 -113
-32 -190
20 74
85 201
-423 -135
112 -80
-255 100
44 -449
-33 435
-180 -463
331 206
96 -280
-158 256
-419 -349
-117 -42
119 134
60 -34
130 214
-34 75
132 -102
11 192
65 -32
88 120
-146 -240
-8 58
-219 -211
284 50
9 19
-167 -45
37 -81
-140 136
113 -116
-372 7
142 -137
-276 194
-136 -282
402 -134
-186 36
337 -227
-50 -1
-217 135
-196 -64
-87 128
204 311
-142 -254
344 36
-383 -8
242 48
-82 -18
117 -73
-45 211
-9 -287
207 215
-257 -15
284 -66
167 -130
127 294
48 -163
139 23
5 -101
118 -40
-72 3
99 -61
-188 347
314 -389
239 284
-145 -405
-234 182
-66 19
-55 109
11 -25
83 122
291 -142
190 369
43 3
51 -115
-187 251
-165 -62
-19 283
1 100
-279 43
117 -115
-116 6
137 173
-387 -32
213 -132
-213 195
139 622
-333 -261
414 127
-437 -17
373 148
-158 162
259 -31
10 345
-127 -160
114 -50
-213 120
52 -100
-47 99
-96 -92
37 -119
-153 -81
244 -24
-294 19
172 -143
-187 192
-86 -45
127 -61
-84 57
97 -188
22 -26
-40 24
65 -50
128 90
-43 -100
-170 85
-17 -113
42 108
216 -168
169 205
-8 -171
234 77
95 3
-274 207
-43 -108
-129 256
-120 102
108 -178
29 88
-23 -148
-42 341
17 -425
255 327
-245 -219
193 182
-336 -33
300 -103
-149 173
30 -70
-103 31
-7 -95
29 91
-79 22
66 -52
-39 73
6 -82
-142 126
76 -171
-1 185
-76 -170
-77 -74
100 32
-107 8
96 -51
-8 -266
117 243
-207 -170
258 70
177 -228
-68 279
-53 -283
161 233
-54 -109
92 80
-116 -31
121 -19
35 47
-53 -31
58 6
-56 22
-118 38
95 -81
-48 114
3 -121
-275 -39
263 -71
-215 176
127 -249
349 56
-339 91
276 -220
-161 316
-222 -177
272 74
-276 46
235 -154
270 -35
-232 138
151 -223
-48 266
140 -22
-115 79
72 -119
-19 140
-49 58
23 -71
8 76
-38 -64
-312 26
272 -154
-187 252
66 -306
17 1
-11 6
9 -11
-6 15
104 195
-175 -134
216 50
-216 45
58 65
-78 -33
85 -3
-75 36
126 -1
-115 54
83 -94
-41 122
95 -53
-64 88
21 -105
22 106
106 151
-161 -94
184 23
-177 58
-70 -267
171 213
-243 -126
272 14
29 -29
-14 42
-5 -40
20 36
-305 91
238 -208
-138 290
6 -317
-53 -176
122 141
-170 -82
185 5
-102 -279
204 213
-271 -110
293 -11
13 -181
60 171
-126 -132
168 68
-30 262
-84 -253
179 196
-243 -105
-53 99
8 -113
43 107
-82 -79
134 -27
-111 79
63 -118
-16 137
25 -221
67 213
-149 -167
201 93
-756 5566
762 5496
2529 4032
4014 2158
-6 2129
-1275 3848
-1998 3546
-2232 2486
-2090 -351
-2574 -1790
-2088 -3105
-1130 -3477
629 466
1844 -277
2436 -533
608 146
-551 777
169 615
913 521
1563 941
-700 -1004
-367 -1080
468 -1107
1102 -991
891 -1136
659 -1056
17 -1104
15 -717
517 -507
1336 -420
564 -770
915 -1352
-205 -183
479 145
580 55
680 306
-179 28
-972 622
-955 558
-500 1147
743 -991
-157 -541
541 -623
501 271
-1123 -386
-1021 -973
-781 -1052
-866 -633
90 109
-50 332
-34 -97
203 -39
-61 -851
-515 -560
-307 24
-94 459
676 -576
-180 -198
356 59
-447 1081
-48 -230
-252 -234
-486 -267
177 -240
-153 338
-275 147
-334 -221
-486 -121
-262 -346
-651 11
-681 -306
-34 244
-341 -241
294 -139
10 -302
220 -169
-10 131
339 -114
26 347
-228 -392
659 61
83 -703
374 -481
-437 22
-115 108
186 49
-288 206
152 -229
-55 273
27 230
25 239
-97 -10
-149 -677
78 4
-203 -481
-176 -344
16 -604
132 -418
-15 169
472 -166
232 -332
38 -54
454 -360
279 16
-163 134
-361 -531
-37 69
-532 -66
-113 43
-71 -94
131 156
210 22
292 -108
458 -172
515 -176
604 -196
589 34
52 379
592 -226
169 324
-98 299
74 143
88 212
199 36
60 -241
453 21
-305 -144
543 -97
-6 368
-78 130
615 157
170 283
304 -175
11 123
37 -340
-174 205
111 -447
129 191
-90 -340
389 -69
347 165
-231 280
193 -74
57 343
71 200
-281 357
31 199
-350 296
125 264
143 99
350 216
293 449
164 150
87 -298
358 18
-98 -258
-182 109
-118 59
102 -9
14 25
313 164
177 -36
121 -139
28 34
199 -148
349 14
-127 -121
55 -10
197 -253
-48 -146
228 -219
151 -80
-398 176
115 222
-321 475
146 163
-109 -267
-105 -44
-136 334
22 247
-307 45
-138 -336
83 263
-471 -284
149 -56
-81 95
-62 -31
-59 105
-52 -100
-129 572
-89 -198
218 83
167 264
-212 -61
346 45
-166 229
-130 459
-529 -11
-39 149
-444 130
144 204
-139 -184
-33 -126
-138 -74
56 -13
-166 137
-106 40
45 142
25 135
79 -135
82 234
-56 0
-103 -72
69 112
-326 -24
-69 96
-146 91
211 -309
58 331
149 -174
-27 30
-90 -280
1 -129
-104 -196
90 89
64 -171
284 96
8 -2
141 -392
-442 203
-91 -414
9 437
312 -300
-349 151
170 -366
27 404
-41 68
-320 -110
147 -53
-290 44
-115 272
-39 -351
161 158
-205 -132
-232 32
-261 -179
-334 -135
-334 -254
-121 200
199 -69
25 363
12 -93
61 -82
132 239
-82 -96
182 93
-147 -289
52 52
-70 -80
266 57
-13 40
-132 -94
24 78
-190 91
71 -319
-131 338
-225 -357
70 300
113 -171
94 -50
119 -40
63 29
-242 105
-165 -44
-125 119
-253 -83
-96 -32
212 -151
-191 106
-1 -236
327 -25
-254 100
227 -97
-70 208
10 181
-66 -63
128 56
-86 43
278 251
-68 -57
210 -118
-172 20
-205 -298
330 110
-311 5
253 -66
291 130
47 -206
233 -45
-133 -9
-145 -13
35 100
-69 10
117 -1
299 90
91 161
220 149
29 177
-210 -115
14 262
-310 54
97 20
-72 135
-107 -113
92 -86
-104 -158
-106 195
-133 -220
135 132
-196 -157
106 78
-125 4
112 -123
-65 49
105 123
33 109
159 123
-10 72
-105 -146
27 115
-162 -1
8 14
-183 -258
190 -5
-336 -121
228 -218
-205 -47
115 -48
-173 84
59 -225
190 -101
-128 120
109 -260
-37 94
4 -101
77 84
60 -33
113 -19
-162 291
-110 -299
200 241
-257 -80
105 -64
161 49
-18 -53
102 19
-78 262
-247 -72
40 142
-201 89
233 93
-197 -108
263 -62
-148 103
215 -198
-20 199
55 -211
64 205
-171 151
75 -201
96 177
-51 -204
-156 127
-3 -205
70 196
-41 -164
-40 -17
46 -1
-41 20
29 -35
182 -104
-125 169
45 -203
38 206
107 115
-141 -57
154 -8
-141 70
146 80
-168 -11
158 -54
-120 116
124 106
-157 -51
160 -19
-139 85
-174 12
156 -81
-106 139
42 -170
-8 86
-31 -74
57 59
-74 -32
77 -170
-1 188
-77 -174
139 124
69 30
-73 0
69 -30
-49 55
131 51
-141 11
127 -67
-89 115
-53 148
-9 -156
71 137
-122 -96
-134 153
57 -195
25 199
-103 -174
213 -29
-181 116
117 -179
-34 212
265 36
-256 71
202 -168
-116 241
39 -71
-8 82
-29 -75
57 59
-28 8
22 -15
-14 20
1 -23
90 -79
-51 110
5 -120
46 108
-36 236
-68 -227
154 180
-212 -99
86 16
-90 20
70 -51
-44 77
311 88
-318 44
275 -171
-179 266
-31 227
-62 -222
152 176
-209 -97
168 -192
-73 246
-34 -253
134 219
113 -65
-76 104
25 -129
28 123
-83 277
-36 -284
149 241
-238 -162
-105 -231
188 165
-242 -75
254 -29
77 94
-112 -58
125 10
-119 41
-88 49
64 -80
-22 101
-20 -103
95 76
-117 -36
118 -14
-101 62
-103 121
46 -152
19 156
-82 -137
-79 83
32 -107
14 111
-59 -94
-271 100
206 -204
-107 270
-12 -293
922 5455
2400 4138
4085 2009
4742 102
-1395 3752
-1853 3589
-2384 2506
-2383 -79
-2424 -1986
-2147 -2872
-1172 -3717
1290 -2797
1896 -143
2334 -634
743 197
-1860 414
3 495
1114 563
1357 990
2088 1708
-279 -1019
357 -1128
1207 -1019
1329 -1116
567 -1248
183 -967
-190 -776
-256 -302
1223 -624
761 -631
684 -1409
246 -1129
438 -204
763 355
391 110
328 536
-854 411
-972 798
-573 920
75 978
324 -865
231 -130
576 -301
771 114
-876 -935
-935 -1020
-735 -724
-253 202
-387 289
295 -200
-52 190
-122 -56
-643 -803
-91 191
-361 394
506 203
537 -598
-137 719
-263 274
-209 979
-404 -421
-273 -158
-60 -249
236 -159
-198 384
-501 -408
-259 -21
-513 68
-579 -77
-712 -193
-48 126
136 442
328 -212
11 -228
186 -242
249 295
34 147
198 -13
-240 7
-196 -294
250 -835
277 -294
-424 -193
-335 234
-369 331
108 -276
-9 376
-142 -382
86 27
52 448
-205 -183
499 208
-92 52
-70 -598
-254 -182
-240 -214
42 -374
53 96
442 -68
309 27
102 -231
469 -170
186 -149
390 -271
10 -152
-536 -127
-2 -91
-405 325
-4 12
33 85
331 41
-87 118
331 45
545 -432
680 43
13 -273
39 139
703 -16
-19 172
47 -159
219 116
-30 299
275 -92
440 392
250 -337
33 103
134 -188
269 77
-23 234
519 89
286 305
316 -92
223 41
-121 -176
-95 -9
-344 -251
-68 -412
338 126
-187 -327
225 -269
13 -58
105 333
-30 -64
277 163
98 430
-351 284
-40 63
-230 428
252 -112
340 444
212 228
556 267
326 -126
73 -39
192 -317
-8 -179
-28 115
1 -23
113 -3
311 56
191 -103
133 -72
-9 -23
259 -61
380 -167
-81 49
-57 -156
-121 -4
-274 -26
390 -422
83 177
72 -567
-70 346
-200 290
113 385
-227 367
-194 -85
-35 331
-69 291
57 377
-259 -427
234 307
-623 -256
282 -50
-237 113
78 -107
-155 233
-92 -196
0 185
-51 206
13 -272
195 203
-41 -2
168 55
-4 146
120 156
-228 -162
-251 417
-359 -199
25 -14
-252 -398
152 24
-372 -134
292 -468
23 -164
-156 390
-49 -198
240 359
34 -176
140 251
-117 7
136 79
285 55
-503 107
35 -101
-211 160
-5 -104
171 58
164 121
68 15
-96 -200
-29 -205
-47 -138
11 -220
158 -135
190 103
97 -44
120 -35
35 -100
-406 55
105 -127
-181 232
-75 -367
129 216
-169 -152
361 169
-5 -158
-118 124
-122 -220
-92 107
8 -351
116 171
-169 -165
282 180
-448 46
-253 -409
-290 32
-247 -385
122 254
-44 39
205 176
-30 164
21 322
-16 -221
171 236
-305 -116
83 -119
-24 93
158 -82
119 232
113 -76
-207 157
-14 -73
11 320
-97 35
-127 -65
-135 71
-185 -35
-121 -162
363 -23
-165 108
281 -91
-49 46
-262 86
-114 -105
-117 25
143 -54
-163 -8
19 -118
-206 65
103 -110
-14 239
7 -198
155 211
70 -35
-7 82
22 -39
49 137
76 -36
76 -86
-63 -73
128 -257
-7 -126
93 84
-151 31
157 44
281 231
-162 -338
349 100
-511 -8
-28 159
-33 -60
115 83
-123 6
201 227
87 142
152 128
-91 81
-134 49
-89 190
-157 -13
105 68
10 -146
-5 -8
-52 -269
106 -47
-111 57
7 -117
24 9
-50 -112
203 37
-201 -16
179 -171
-62 187
66 -180
246 397
-205 -140
369 177
103 -151
-124 275
-135 -216
53 193
-124 -118
-2 -144
-68 -57
-49 -168
66 -205
-68 201
-92 -291
112 52
-220 -219
332 17
-353 -67
262 -172
271 225
-173 -78
344 -69
-163 92
171 -281
-66 338
-56 -272
223 248
59 -223
188 150
-168 -83
190 69
208 -85
-369 342
96 -258
68 385
159 -235
-11 196
-9 -240
53 249
21 -146
162 117
-163 -53
171 100
95 -129
46 113
16 -168
199 120
-213 -59
203 -25
-70 97
242 -106
80 -83
-38 113
-6 -120
53 104
22 -73
9 73
-39 -64
62 38
54 60
-71 -36
79 3
-72 30
-203 227
96 -288
28 301
-151 -264
58 13
-56 12
48 -32
-32 50
51 -6
-45 27
25 -41
-9 51
202 251
-287 -148
317 20
-300 116
104 541
-316 -454
475 283
-547 -65
177 -301
-38 349
-110 -336
231 259
134 -264
-13 296
-110 -274
207 208
-60 -94
93 57
-109 -14
103 -33
36 99
-78 -79
102 41
-111 7
-148 -69
162 4
-144 63
107 -120
-141 -37
140 -26
-119 81
80 -118
-60 -282
169 236
-249 -146
292 30
-177 -172
232 84
-247 16
217 -116
22 -240
81 226
-167 -176
224 92
70 -76
-33 99
-10 -102
51 88
12 52
-30 -45
43 26
-50 -7
-17 68
-16 -73
44 61
-61 -36
-219 136
141 -213
-43 251
-65 -246
-6 201
-80 -183
149 137
-189 -63
164 263
-257 -170
302 53
-299 75
-66 -101
103 61
-117 -16
114 -34
91 -21
-74 59
45 -83
-4 96
-195 -118
225 27
-215 68
170 -147
-129 -122
170 60
-178 17
156 -88
169 -228
-65 279
-53 -280
166 232
-117 108
64 -146
5 158
-67 -145
16 17
-20 -8
21 0
-20 10
196 111
-226 -18
211 -69
-164 157
2778 4264
3683 2055
5087 -98
4743 -1487
-1827 3732
-2466 2383
-2259 -2
-1926 -1702
-2404 -3047
-871 -3659
987 -2728
3107 -1694
2349 -639
737 212
-1860 399
-3554 845
993 385
1543 1100
1879 1679
1684 2218
604 -1117
982 -927
1502 -1294
1140 -980
219 -956
-226 -764
-225 -327
-441 -86
982 -1062
658 -924
73 -1581
-24 -1124
876 270
324 234
338 394
-597 516
-1085 520
-360 1129
-205 873
792 553
355 -351
553 -52
687 -123
468 -396
-896 -1173
-706 -566
-340 69
644 125
71 327
-67 -388
122 462
-855 244
-500 120
42 290
179 463
467 266
-363 294
119 566
-671 863
-710 155
-612 -285
299 -272
-85 11
8 -306
-254 -454
-460 122
-387 -148
34 565
-594 135
-289 -128
462 575
-2 397
239 -459
74 61
226 -25
103 41
-34 114
-74 -207
-256 -32
-347 -377
-3 -404
-121 -200
-608 367
-733 174
-32 -89
41 142
-95 -155
562 219
-69 325
-51 -118
327 216
190 40
-98 -267
-363 -497
-11 25
-166 -592
379 52
163 102
491 -240
194 444
701 -264
14 27
475 -499
151 -31
-315 -312
-129 166
-399 40
-22 33
45 -101
397 216
-221 -11
94 -158
612 -609
694 237
-75 -443
510 -235
547 -143
181 234
-162 -127
366 -43
-197 1
545 115
112 308
196 -81
53 -269
274 162
4 -182
174 -70
592 84
218 342
357 -153
68 118
48 35
-333 -135
-78 -236
-418 -193
-244 -163
466 -300
-378 -28
216 -555
243 134
-74 176
223 -72
69 536
-192 275
-179 140
-129 295
-72 -240
338 395
234 273
518 235
-46 404
463 -5
-187 -192
284 -446
-176 186
-221 -95
343 -24
115 172
417 -215
-49 -293
249 102
-28 -71
153 -95
-76 75
-72 -174
-101 10
-168 -133
84 -199
278 -158
38 -193
291 -273
-108 477
-51 253
-27 422
-198 461
131 239
-185 445
102 185
124 465
-49 66
-274 -152
-83 4
6 0
-239 73
64 -62
-168 162
-32 -99
-327 67
322 -257
-88 318
203 -511
66 -146
167 286
-99 101
119 168
-326 359
-264 -178
-72 12
-325 -101
-16 -205
-124 5
9 -492
21 86
-225 198
90 -49
50 276
67 -34
-104 103
164 40
-130 161
-14 -142
-499 16
63 -18
-276 97
-75 -334
-3 7
343 93
-84 115
257 -8
-4 -233
-57 -103
7 -259
11 -59
147 -51
193 78
-21 -107
99 -62
-286 49
-1 -66
-108 135
-165 -129
-85 132
58 -156
154 268
-40 -6
209 -84
-330 98
-25 -268
-100 255
-24 -10
31 -53
51 158
75 -26
-232 -105
-432 -240
-2 -196
-290 -65
136 171
-19 127
196 116
29 141
-116 -19
181 5
-219 99
-53 -186
107 -188
153 225
-1 -56
151 204
-185 87
-4 1
-30 256
2 32
11 60
-320 16
-1 -59
-390 164
201 -101
16 115
115 -20
123 118
-344 20
-10 -83
-221 42
110 -318
99 -78
-191 53
-82 -179
12 149
-116 91
163 -103
-21 187
181 -37
94 -63
-8 139
5 -34
30 76
108 -115
-80 -29
126 -309
49 20
125 -129
-88 243
18 -125
158 231
-75 -399
291 190
-490 -110
248 -104
-101 196
70 -181
24 227
-65 -161
199 23
99 285
-103 -78
201 92
-179 121
-47 12
-2 91
-11 -146
-4 -259
49 -37
-84 -219
115 -55
28 9
-52 -89
59 -50
-37 54
-45 57
1 -180
101 121
-122 -111
-112 146
223 -56
-59 273
15 -303
-40 79
-135 -12
-32 3
-159 -34
-37 -298
26 64
-188 -244
97 -8
-92 -146
72 19
-165 -162
58 -139
-51 -18
11 -192
-16 92
-134 -192
-228 -242
463 62
-320 21
347 -290
-264 -232
364 162
-337 24
324 -191
150 -3
-69 38
47 -6
-124 86
-163 -130
105 258
-153 -87
295 -8
58 100
-27 -125
23 134
-107 64
122 126
-135 -74
148 137
-173 40
179 -85
-26 65
142 -112
66 170
-14 -65
145 39
66 28
155 -102
56 26
-64 1
59 -29
-43 50
97 -125
-45 156
-27 -159
88 130
226 65
-232 30
200 -121
-129 193
209 -54
-167 139
98 -195
-8 214
37 19
-41 -3
40 -13
-31 27
-68 -61
90 29
-92 11
84 -47
-223 57
180 -141
-107 206
10 -227
-134 104
82 -147
-12 169
-55 -162
129 123
-171 -64
179 -11
-157 85
-101 19
80 -57
-53 85
13 -100
-77 -162
136 117
-172 -50
174 -26
-154 -182
213 101
-236 -9
220 -93
-101 -23
100 -22
-80 56
51 -87
-9 -5
7 4
-10 6
5 -6
258 153
-296 -33
283 -88
-224 198
-116 -36
125 -16
-109 61
68 -100
-129 -94
155 36
-154 35
127 -93
219 146
-261 -40
251 -69
-205 167
128 12
-118 43
95 -84
-49 117
54 8
-50 15
41 -31
-23 47
83 -174
-6 192
-77 -176
138 131
246 -8
-220 106
160 -191
-68 239
84 193
-158 -142
203 65
-215 25
184 -225
-79 282
-41 -291
155 247
126 132
-162 -67
178 -6
-158 78
-126 -73
145 16
-137 47
106 -98
-46 1
41 -18
-28 35
12 -44
12 -145
49 135
-101 -102
132 50
-95 5
87 -44
-61 75
23 -91
242 61
-246 44
207 -138
-132 211
170 56
-175 16
153 -84
-107 142
3805 2180
4929 -167
4918 -1490
4547 -2688
-2406 2555
-2384 -135
-1757 -1633
-929 -2698
-745 -3749
907 -2592
3123 -1849
3969 0
697 162
-1803 425
-3612 846
-4087 241
1438 1010
2010 1720
1541 2231
838 1196
1096 -1082
1462 -1101
1102 -1171
235 -1119
-66 -863
-332 -177
-406 -269
-98 186
676 -1053
108 -1451
-105 -1228
-613 -747
593 313
61 434
-358 367
-570 103
-529 1167
-65 773
703 708
594 -105
707 81
494 -180
662 -422
377 -906
-652 -440
-447 -26
777 170
748 -178
135 -206
-133 381
-585 212
-473 350
-321 399
468 213
315 609
531 -121
-159 735
-490 602
-774 474
-775 173
-73 -119
196 -280
-123 71
30 -439
-242 -63
-509 111
46 282
-591 823
-120 259
144 293
399 525
244 511
79 -196
330 207
-89 -134
12 359
-172 -37
-239 -223
-286 -192
-247 -473
-66 -12
-736 217
-549 257
-562 633
-114 -246
208 137
162 82
469 -264
-23 -291
375 384
75 -91
492 -30
-391 -314
-59 -152
-48 -447
-143 -335
271 139
383 -233
288 388
21 -453
212 -116
355 -290
171 -276
-135 -80
-79 -349
-231 537
-376 -352
283 405
230 70
-8 51
-127 -131
-94 -269
663 -156
117 -95
195 -476
202 56
101 -44
24 91
110 -162
278 18
364 285
205 81
204 169
309 -70
-2 220
232 -348
30 172
58 -195
382 216
269 28
78 -86
-60 -128
-292 -6
-169 -335
-296 -137
-66 -238
146 -186
-137 -261
86 -245
-44 -51
-117 188
256 -100
50 577
-95 -27
-239 146
-79 270
-106 -192
163 -89
422 256
350 330
68 252
-126 341
-125 -195
228 -419
-141 137
-108 -256
176 244
155 -140
502 86
-47 31
-27 -21
276 -66
-123 30
246 -49
-7 144
-288 -255
108 31
-180 -176
-61 -279
398 -212
-27 -104
190 -325
143 296
-216 459
-41 345
-59 238
-267 292
233 297
-42 417
150 -137
-301 -95
-72 -62
29 57
-26 -232
-59 -111
-37 160
-148 -45
206 166
-134 -478
411 329
-264 -317
480 -233
37 496
-64 -147
189 405
-324 -52
-174 -53
-209 -72
-170 -81
-172 32
-85 -130
27 -359
-53 -31
56 -289
-168 63
239 64
-20 237
27 -116
114 8
-71 173
-74 -127
142 97
-259 347
-133 -368
-17 150
-274 -271
354 314
-179 -84
428 125
-300 141
-207 -139
158 -283
-118 25
36 -426
97 -59
124 -17
-68 -83
21 -166
-82 11
-71 36
-166 -24
-42 -57
-131 65
239 -11
-4 284
-35 -145
-49 216
-335 -259
172 121
-504 40
135 -37
-51 183
157 -97
19 85
-399 -224
-38 -194
-257 -79
-13 -220
-96 136
258 77
-7 198
146 -79
35 -132
-26 166
-251 -171
57 63
-89 -189
386 225
-318 108
313 48
184 9
-203 321
123 -100
-44 285
-247 239
-161 -231
-175 254
-416 -179
-259 -69
443 39
-199 195
149 -184
-165 86
-148 -170
130 -89
-114 -97
44 106
-322 -134
206 6
-44 45
-87 51
143 -56
134 255
83 18
226 51
-172 147
115 -160
53 267
106 120
-107 -369
285 -26
-150 -80
-128 -117
195 188
-135 25
353 -59
-126 27
-46 -134
-150 94
-110 -150
-199 154
133 -191
12 263
-95 -298
6 183
19 -30
71 94
-37 -163
37 156
-139 -8
153 -109
-132 38
-140 -433
253 65
-303 -177
315 -141
-25 6
-6 -130
53 101
-112 33
-58 -92
118 18
-98 -13
-40 -9
156 206
-105 12
161 -83
-168 29
108 -62
-235 148
-33 -244
-142 237
-154 -103
48 -166
-151 14
-19 -228
0 -267
21 69
-203 -266
84 -67
97 -70
-145 16
15 -170
-143 100
-105 -52
239 -113
-113 59
15 -236
52 141
-45 -85
106 25
-118 -41
-111 -148
166 151
-292 -13
107 -17
-105 158
80 -79
82 87
26 -151
-12 48
-65 -18
35 168
-144 -36
135 57
-152 125
106 -71
-96 143
131 -15
30 26
112 0
-39 138
118 143
48 -79
214 -16
-168 -12
