15 50
-32 -39
46 26
-51 -6
-255 90
197 -183
-104 249
-7 -268
-37 133
-25 -140
77 116
-121 -77
103 92
-134 -46
141 -14
-123 72
-108 -135
153 80
-172 -7
162 -62
228 33
-223 61
175 -148
-102 202
-76 -82
101 42
-111 0
99 -44
-151 -103
180 32
-179 42
145 -112
46 -64
-14 79
-17 -79
51 66
-141 -176
200 103
-224 -13
212 -80
-101 191
19 -216
73 206
-153 -159
-39 -226
128 190
-193 -120
225 32
-170 138
100 -198
-7 219
-80 -204
134 147
-182 -75
200 -6
-178 86
-138 158
57 -198
29 209
-110 -179
-141 21
116 -81
-73 120
17 -145
-197 100
140 -176
-54 217
-40 -221
-47 97
3 -112
42 101
-80 -78
-52 -138
101 104
-136 -55
147 -7
-93 28
72 -59
-41 84
0 -97
139 144
-187 -75
197 -8
-180 86
186 -101
-131 164
49 -201
38 205
25 -255
82 243
-177 -187
236 101
78 -43
-49 68
18 -84
22 86
118 346
-252 -267
338 144
-368 7
251 -44
-213 138
132 -213
-34 252
-191 -65
204 -20
-173 98
120 -162
-20 -158
80 135
-129 -92
151 31
-255 -32
245 -76
-195 171
110 -234
-73 -108
113 70
-131 -19
128 -36
32463 -22
32667 -1009
31726 -1894
31330 -2796
7276 -1466
4664 -5253
2114 -8027
-806 -10796
-2263 6060
-2584 5705
-1337 3099
1000 -273
473 -1451
-23 -38
-1537 1704
-2729 2809
403 1183
2095 -643
3742 -1007
4059 -2293
783 218
-248 639
-1607 490
-1723 905
219 -715
116 -12
-764 688
-328 222
390 252
871 -77
664 -345
133 -579
667 -494
166 -396
87 -518
-133 -453
223 -1013
-10 -1076
272 -1144
440 -383
-373 71
-649 -176
96 -810
215 -965
-317 229
-149 -508
676 -181
267 -618
919 -560
515 -130
78 -516
-431 -9
-466 -32
-59 195
-57 354
119 80
178 -606
337 -542
270 11
121 353
25 -195
46 -451
110 -42
-473 -37
135 662
-147 278
291 118
17 253
262 -415
192 -298
-67 -746
473 -492
40 318
-634 498
-7 342
-222 595
-71 475
-210 585
89 -280
221 384
-33 -11
395 32
-44 4
726 -199
-289 -154
-139 56
-351 395
-86 7
271 -254
-34 -283
-379 18
-248 -8
159 133
145 -447
499 -713
-29 -185
30 -183
2 79
-60 -91
-225 51
616 532
-423 542
777 204
-117 508
-142 -101
-230 9
-319 52
24 -68
439 672
-254 -37
-57 70
-509 6
-109 592
-122 277
72 730
-227 -147
77 -243
-59 -117
-104 -8
-185 217
387 -177
338 -79
139 -277
447 96
-356 73
-42 35
93 208
105 -549
-100 178
-104 112
79 399
-140 -26
141 -65
18 -215
134 -227
304 0
-249 44
-207 -160
-122 -60
-56 -104
-18 -73
-105 -84
-21 -10
-85 139
262 -203
96 389
-176 242
230 91
-74 -81
-401 474
-164 73
249 260
-61 -5
-223 -271
289 20
-413 317
-267 207
215 9
-344 184
-122 -161
-341 -140
-104 204
-511 -79
253 220
-202 -193
59 -23
-163 14
-107 -58
-277 -299
84 349
-437 64
88 93
-170 631
-349 -293
36 339
-378 -244
-74 5
74 1
-279 -68
-209 -347
80 151
-176 5
156 14
-196 -214
-176 274
33 -41
53 303
-389 -122
108 -143
-46 -51
2 -266
294 -26
143 86
75 212
127 201
-1 122
176 -331
81 166
-120 -389
103 38
41 -270
162 -84
-160 -196
169 -134
-143 195
-6 -412
26 198
-275 -202
-330 -76
90 -130
-421 45
-92 -276
-74 -400
150 56
-250 -134
383 91
-214 49
-143 -151
-110 131
-113 -194
-20 -81
-70 214
41 -77
30 13
-1 312
-243 -298
-35 125
-433 -78
-96 -18
75 -141
-144 -116
-89 -156
-187 -124
29 -133
11 -121
67 -186
168 -165
-116 119
-184 -226
-140 -107
-178 -92
-100 -68
-84 143
-32 -14
125 -80
266 -36
23 -77
127 -193
-41 117
-67 104
-186 241
-148 84
-419 -274
233 -82
-442 80
238 -229
-221 -42
94 217
-184 109
157 50
36 -132
201 124
-40 -20
113 100
-263 -102
-7 -63
-127 114
-26 -136
232 110
20 174
79 89
54 171
-103 114
-88 17
6 83
28 -48
-258 -144
338 137
-219 88
385 -232
-8 113
-115 -94
5 110
-64 120
86 0
28 119
134 -53
139 43
-112 -95
136 -48
6 67
134 -100
84 81
-62 207
43 15
47 148
-13 -298
-79 175
-159 -275
201 87
132 -138
-119 60
-76 -147
-79 96
15 33
143 24
89 133
17 46
38 -197
214 58
-233 37
90 -76
-113 91
106 244
-16 157
91 43
21 -49
40 273
-83 -23
238 79
-74 36
83 30
-135 31
6 -167
-56 39
-3 -3
-123 99
-24 -47
-10 98
80 -119
51 123
-109 -108
35 71
-69 165
10 -60
50 38
-52 136
51 -281
108 18
-170 -385
215 -373
-97 407
-144 -411
334 392
154 -32
-132 165
38 -86
4 216
146 -219
190 148
-7 -95
234 44
-226 -118
188 58
-223 36
207 -80
-164 -32
32 -112
-98 11
6 -53
-44 -191
163 74
-60 -102
252 57
-161 7
84 -206
-8 102
-44 -242
-71 -162
257 97
-102 -51
267 -70
-254 258
148 -338
20 275
-247 -342
128 86
-145 -41
123 -94
-114 80
138 -35
-107 87
63 -127
-8 138
246 -300
-102 373
-57 -380
205 327
131 40
-134 17
117 -70
-77 113
-79 -43
89 8
-83 32
65 -60
285 -203
-178 298
41 -349
109 337
-156 -69
170 -2
-156 74
112 -128
-90 28
72 -63
-38 87
0 -96
59 76
-83 -40
89 3
-89 34
-63 -215
146 171
-203 -101
227 4
57 132
-107 -102
134 44
-145 16
-51 -4
44 -16
-32 34
14 -44
-141 188
51 -224
47 226
-133 -186
-4 82
-29 -75
57 56
-76 -25
91 308
-211 -247
291 138
-322 -1
-221 -85
237 -12
-209 106
152 -183
-300 244
172 -347
-20 387
-142 -362
5 -36
11 31
-21 -25
29 14
-101 -189
169 130
-201 -50
207 -39
-29 -127
77 103
-117 -61
131 14
149 -134
-79 183
-5 -199
85 179
8 -35
8 36
-21 -33
34 21
-225 -132
259 26
-249 83
193 -177
266 220
-333 -91
340 -53
-288 186
-53 -99
90 66
-111 -20
107 -24
121 -238
-14 265
-95 -246
190 190
165 150
-214 -65
225 -29
-193 116
-97 269
-20 -286
136 250
-227 -171
-151 169
71 -213
27 222
-114 -195
7 55
-33 -45
46 31
-55 -9
-51 -22
55 -3
-51 27
34 -47
32464 -1027
31924 -1966
31182 -2653
30085 -3093
4863 -5101
1866 -8083
-565 -10847
-2371 -11976
-2568 5873
-1416 2948
1138 -164
2821 -2506
-152 5
-1438 1615
-2782 2930
-2790 3085
1992 -491
3772 -1191
4099 -2111
3101 -2132
-125 529
-1671 643
-1725 739
-1080 793
-279 317
-537 226
-345 727
399 -498
1017 -258
608 -117
98 -810
-129 -12
17 -250
162 -713
-123 -240
-489 -955
109 -1162
197 -1019
456 -535
520 -258
-388 -103
-175 -768
443 -1112
423 -1418
-287 177
523 -866
689 -52
140 -937
620 -420
98 -210
-571 -281
-837 537
-129 98
52 414
-1 66
149 -229
238 -566
366 -16
38 417
-66 304
257 -404
-101 5
-294 -167
-458 299
189 345
-40 191
285 57
76 330
6 -270
88 -848
367 -334
0 -470
-250 406
-319 580
-35 251
243 720
-66 423
15 -74
202 173
-156 -138
249 -340
238 284
351 -338
1197 5
-333 175
-222 208
-124 237
41 8
108 -272
-511 71
-147 -102
-508 423
467 -651
290 -396
28 -559
296 -72
62 135
-134 -117
-141 44
-160 155
133 642
234 345
327 158
-56 218
-302 11
-250 18
-23 -8
-38 3
59 90
-390 80
-210 -140
-347 -239
-350 417
225 512
-279 116
231 -104
-57 -342
-14 201
-359 65
268 122
373 -187
155 -164
391 2
-170 45
-56 191
35 63
209 -431
-47 -224
56 420
-187 184
191 60
-135 59
4 -508
265 33
74 -190
406 136
-161 -23
-221 -167
73 -52
95 -84
-111 -85
-14 -7
-90 135
-103 53
167 176
-156 470
123 -106
13 343
-372 107
-37 420
-7 1
169 67
-119 -74
107 -118
-194 374
28 40
16 227
-252 -103
-86 133
-242 -2
-167 28
-379 57
77 155
-70 338
99 105
-254 -85
13 -3
-383 -3
-2 437
-394 -61
93 222
-521 220
-160 40
-274 114
-6 -161
148 4
-118 -39
-85 -113
-365 -229
-160 -89
-112 57
73 -12
-116 -228
-83 45
-62 3
123 217
-421 -16
62 -4
44 -43
-91 -243
367 -84
103 8
-82 297
237 56
-46 298
-210 -64
-95 35
96 -335
-115 80
-101 -311
8 -232
42 -116
-49 -123
12 49
-315 -127
190 -187
-264 213
93 -449
51 114
-489 -191
64 -80
-333 -47
27 -433
68 256
-60 -138
273 110
-348 170
-54 -243
-9 176
-26 -249
-32 173
18 -21
26 -40
-180 -150
-223 106
-214 -234
-124 173
-197 -130
264 55
-393 -219
181 -168
-426 8
-14 -84
25 -178
75 -124
-99 -85
41 -22
-271 -36
-141 -323
-268 -53
-157 15
-68 48
-3 83
-1 141
422 37
-150 -75
285 -260
-133 68
-155 42
-79 263
-254 109
135 5
-180 -464
92 262
-324 -183
304 -41
43 26
-58 261
-17 -37
269 211
116 148
33 -76
74 176
-45 74
52 140
-260 -49
163 -46
-239 120
12 142
102 112
25 160
19 -28
-132 189
-20 -91
119 99
2 -73
-54 -71
219 111
-26 -74
89 -158
-317 -283
273 204
-347 143
260 -100
-103 -12
314 9
-48 60
247 -13
-66 -55
194 -17
-11 52
108 -56
165 327
-210 -1
284 56
-232 207
-273 3
89 -198
-56 121
54 -131
-228 -59
73 -79
-241 99
78 -106
339 195
-162 53
276 16
-196 191
-176 72
122 -130
-164 221
-169 -168
-154 317
195 -13
-28 282
-53 -139
-42 132
48 71
77 48
25 -5
-175 23
102 -67
-174 18
111 -213
-171 -133
86 150
-235 -5
202 -63
-52 244
18 -266
77 224
-223 -165
-231 -95
261 115
-249 -11
248 -152
5 -45
56 -221
-24 -188
-152 -186
-95 6
18 -37
30 121
25 2
-261 -122
274 120
-294 122
308 -131
-29 18
241 -71
-3 115
73 -51
-54 92
-23 -91
83 117
-35 -71
-286 109
104 -324
-38 334
-18 -205
402 -56
-221 112
313 -208
-24 353
363 -54
-328 76
263 -350
-85 260
271 1
-80 38
210 -148
-48 193
-71 -176
154 32
-270 -72
174 -97
-22 73
-32 -150
50 67
-66 68
44 -213
48 214
-135 -178
190 106
50 89
-80 -62
100 21
-100 25
-149 65
109 -123
-51 155
-18 -165
112 -221
-14 248
-90 -231
178 176
-86 -77
110 37
-114 13
103 -60
95 -208
1 233
-92 -206
171 153
117 -97
-63 137
4 -154
59 139
-219 -103
245 7
-225 92
164 -174
63 114
-106 -83
128 32
-127 22
9 28
-22 -23
29 10
-31 5
208 -56
-163 136
93 -191
-7 217
85 -67
-50 96
6 -107
37 101
46 167
-111 -133
151 76
-174 -6
204 -21
-177 100
122 -165
-44 200
20 90
-56 -74
79 46
-92 -10
-31 124
-22 -121
66 104
-106 -65
3 -104
39 93
-74 -67
94 30
130 -30
-104 81
63 -119
-8 135
-59 -49
70 21
-74 10
66 -38
142 -61
-104 113
49 -147
20 156
-178 222
71 -274
50 280
-159 -240
-158 -17
149 -52
-119 107
62 -146
82 -64
-49 91
4 -102
37 95
-123 -91
152 33
-147 33
125 -93
-141 216
38 -254
65 251
-162 -195
84 -178
-3 199
-77 -186
147 138
224 -8
-201 100
143 -173
-62 217
253 97
-271 14
241 -125
-170 216
-60 196
-26 -206
106 180
-170 -121
-102 -276
205 209
-275 -104
290 -16
32047 -1866
31030 -2694
30241 -3118
28679 -3255
1871 -8197
-515 -10740
-2456 -12053
-3348 -12273
-1393 3064
1066 -263
2917 -2448
4371 -2858
-1500 1849
-2826 2694
-2657 3286
-2020 2949
3997 -1169
3886 -2045
3272 -2277
306 -1675
-1592 499
-1738 900
-1136 635
582 -376
-938 488
-88 325
334 -24
1711 -1033
655 -440
188 -500
-332 -259
-408 172
128 -393
-224 -546
-275 -719
-708 -672
248 -877
353 -637
657 -203
447 -228
-19 -702
281 -1109
572 -1488
483 -1381
647 -332
355 -490
617 -670
280 -381
-230 -473
-165 -179
-1250 607
-534 859
-4 215
128 223
-36 -320
-63 -349
350 -110
95 489
-155 260
-154 141
-94 -117
-250 -48
-545 210
-451 33
-172 -77
514 244
-207 246
631 -306
-52 -822
490 -417
-77 -347
-11 -236
-357 261
129 527
-20 530
662 58
69 -34
137 155
-87 -144
43 11
32 181
583 -328
977 92
419 -228
-318 275
-71 132
26 124
-16 -128
-556 -112
-30 42
-676 334
-85 533
343 -705
111 -258
101 -313
-42 162
-202 -86
-93 -16
-176 226
32 -180
395 440
139 137
119 162
274 285
-314 113
-2 -113
-15 109
148 291
-503 5
-80 -117
-477 -208
17 29
25 525
-99 27
107 55
167 72
139 262
-519 67
422 48
77 472
29 -179
510 -36
-268 126
139 -146
50 -25
237 -348
-102 -293
198 -501
-17 295
-6 27
58 9
416 30
190 -98
193 -100
254 103
-19 199
-462 -204
314 -114
-96 69
299 -247
95 -139
-140 301
-126 -113
120 96
-39 523
-7 -110
133 294
-315 142
26 368
-41 74
172 -14
164 177
-202 27
28 114
-71 366
156 -121
-152 207
-304 -109
52 128
-295 20
-333 -18
69 244
-97 253
-140 49
-73 104
-228 -100
-120 -10
-254 -150
-499 430
-7 -271
-232 623
-540 -412
-416 49
156 -162
-2 74
127 -355
-14 -158
-412 -158
-150 -175
-285 15
8 -14
-49 -254
-129 89
36 -121
-58 148
-228 -32
-114 87
-54 -48
117 -72
106 -149
361 -30
11 2
75 194
45 105
-214 142
21 -98
78 -225
-146 -30
-28 -222
-70 -113
-34 -219
61 -57
-111 37
119 67
-173 -27
-1 -80
-29 -74
-50 -27
-118 18
-361 -116
70 -189
-203 80
0 46
84 27
72 16
141 9
-136 4
-35 -88
103 -27
127 -63
-37 170
-1 -241
-72 27
-354 -241
-358 -112
-41 9
-205 55
69 7
98 -70
-329 -101
11 -258
-145 233
198 90
-192 -302
214 -38
-358 -85
-139 -213
-188 -103
-316 -275
-143 -124
-157 97
56 -1
-27 240
43 7
-105 -141
274 -184
-147 -8
33 -274
-144 412
-255 -57
205 156
-179 -37
-199 -51
69 -10
-123 -41
76 -42
52 -65
16 302
97 -88
223 127
-116 -10
179 60
-96 226
9 -131
201 80
-310 31
167 -145
-101 231
-57 26
203 176
-147 33
101 62
54 -69
48 108
62 -111
200 14
221 187
-57 -139
147 -112
-256 -25
-193 -10
163 149
-211 103
90 58
77 -20
181 -5
65 140
171 14
254 14
-76 53
165 -81
-37 137
17 307
-58 -129
150 241
-153 -139
3 -19
-51 -83
131 54
38 98
-179 20
-52 -96
-13 149
-53 12
269 194
-179 63
208 -35
-187 64
-89 -89
9 94
-273 20
3 62
308 32
-155 290
57 -199
-24 254
127 -15
42 154
11 -119
190 40
-9 -8
-92 -86
83 -88
-29 -180
-410 17
268 -85
-224 216
195 -313
-82 -23
71 -29
-111 72
-44 -149
17 248
-83 -235
179 119
-198 -139
296 -132
-280 -173
74 -304
-164 60
-96 36
103 5
4 136
153 96
47 195
-117 -38
216 85
-97 124
158 33
31 -7
95 73
32 72
-93 176
34 -152
118 160
-87 -188
-33 -77
-15 55
73 61
-17 123
268 155
-150 -44
337 15
-115 149
12 -39
-2 -109
53 -70
-42 -46
-41 -36
208 -62
-79 115
28 -157
94 -70
-173 -4
56 -127
-59 119
186 -84
-182 96
127 -53
3 288
78 22
-83 10
66 -44
-41 69
-130 94
80 -142
-19 157
-51 -152
122 -37
-96 83
55 -116
-2 126
-118 -74
134 19
-129 39
105 -90
4 -81
34 78
-59 -60
77 29
-83 367
-77 -370
222 308
-330 -191
19 -32
-7 38
-9 -37
23 31
-254 81
198 -177
-107 242
-3 -268
-111 -459
290 371
-415 -219
470 30
-24 326
-114 -309
230 237
-305 -122
92 -169
-18 191
-63 -183
133 139
8 -21
3 18
-10 -16
16 9
-1 15
-2 -12
12 9
-13 -3
12 183
-86 -162
146 114
-178 -45
205 73
-218 15
195 -101
-133 171
-303 67
250 -184
-152 268
28 -307
74 -48
-50 74
14 -86
21 84
120 174
-184 -112
213 27
-203 64
-43 1
36 -16
-31 32
15 -42
-193 -96
220 12
-203 81
152 -157
27 -215
65 207
-141 -165
196 90
-64 -49
80 16
-82 16
69 -49
-28 -67
52 47
-67 -21
72 -6
44 11
-41 7
40 -25
-24 39
-138 56
103 -108
-52 146
-15 -151
-44 -81
70 58
-86 -21
86 -13
-112 187
19 -223
66 212
-145 -165
-100 -128
140 76
-157 -12
150 -56
-330 131
250 -255
-123 334
-19 -352
-167 38
136 -101
-80 150
11 -170
31215 -2662
30055 -3073
28826 -3370
27252 -3248
-469 -10848
-2450 -11940
-3399 -12381
-3392 -10916
873 -226
3080 -2561
4270 -2689
4852 -1283
-2756 2852
-2783 3170
-1856 3001
-820 2796
4210 -1989
2953 -2200
559 -1880
-1251 -1326
-2003 654
-783 761
215 -341
1813 -1640
-383 515
527 -316
1655 -690
1531 -775
327 -621
-416 -89
-402 -17
-428 622
-168 -479
-347 -757
-620 -664
-531 -575
532 -370
383 -375
767 -180
137 -382
321 -1305
611 -1291
370 -1546
497 -1169
671 -698
418 -355
332 -749
793 -278
-450 -143
-1006 456
-700 1093
-357 1423
147 -29
50 -81
-241 -531
63 -124
368 337
-337 509
-92 -167
-377 281
-343 -114
-436 229
-557 55
-381 313
130 192
162 133
336 -53
402 -209
112 -406
260 -511
-254 45
-300 -290
35 259
179 736
397 -49
587 -218
60 259
-60 -271
67 133
-256 223
753 -205
775 45
624 -273
395 -142
-122 44
115 179
-114 -148
213 -289
-524 110
-252 70
-362 946
101 25
242 -349
20 -178
-25 9
-157 582
-77 -144
-142 356
-52 -281
614 420
552 150
-258 318
555 -12
34 609
33 90
-128 -65
321 400
-52 350
-442 311
-315 -743
90 582
-129 -103
77 -104
2 244
188 -143
79 86
-103 251
-41 55
493 284
-255 23
42 31
136 -130
-125 255
182 -277
214 -412
-58 -240
136 -530
-305 -301
91 -250
85 304
270 -233
636 213
575 -63
-109 222
266 -60
-218 348
-107 32
227 -232
122 156
-191 81
115 24
-245 237
84 -275
-109 445
115 60
-43 187
-109 167
-157 -10
-20 -111
229 164
40 43
310 1
-137 380
-28 58
244 180
-137 177
33 161
-355 25
123 -54
-174 136
174 69
-122 457
-199 -153
297 235
-187 -102
-159 4
-229 -180
-60 -148
-3 249
-449 155
-149 -68
-490 226
-121 -221
277 13
-102 -192
232 -254
-366 -419
-85 79
-451 -193
325 -122
9 -200
-204 72
110 -131
-146 12
-500 -5
124 -46
-213 168
95 -190
21 -160
443 -61
-56 60
99 -142
79 -31
-190 282
-59 -212
-10 69
-72 -227
-16 -13
-164 -296
-11 -51
402 -44
-430 165
359 -173
-134 396
-477 -8
375 -334
-307 375
188 -606
-85 149
-288 -319
174 52
-374 -46
-18 197
93 -180
199 198
-59 -290
-163 105
146 -251
183 161
20 6
-238 26
31 -318
-309 113
-352 -436
-202 -102
-12 88
-117 57
248 -89
-197 -69
-123 -239
-34 159
-187 49
-72 -94
20 -178
-124 -36
-82 -177
-71 -221
-377 -119
-150 -287
-96 83
312 250
-364 112
400 -13
-463 456
48 -394
142 98
-275 -249
188 -9
-96 10
31 162
-27 -114
172 18
2 -15
-64 -64
28 2
51 -93
396 -23
-117 364
232 -372
228 389
-24 -83
150 270
-231 -72
156 38
67 -61
-145 93
84 -112
95 139
95 88
-16 65
-34 82
2 -6
51 -23
111 10
107 -79
99 11
174 -173
-53 15
-132 -220
32 -39
163 150
-211 98
94 62
-38 211
-46 16
261 27
35 197
71 -71
106 262
-81 -207
244 145
-318 -147
13 -69
69 212
-65 -147
152 53
-168 -153
265 70
-93 139
337 13
-77 85
-62 -26
63 148
-21 15
62 211
-77 -72
87 -17
-103 -21
-191 -48
-33 66
-237 117
11 -53
157 161
-178 48
90 -68
-115 200
102 146
-40 -86
223 -14
-84 21
-44 31
-18 -174
87 -138
-87 -61
-22 175
-67 -145
197 78
-61 -46
-110 -126
94 80
-237 -75
110 -67
-286 -26
283 -152
-180 156
133 -314
104 -446
-160 105
-119 -408
81 162
256 38
-147 169
284 4
11 254
257 98
-178 116
253 -65
-30 301
-106 -114
263 116
-135 99
298 -61
34 -39
77 57
-9 -113
-10 -29
52 -116
81 239
-99 -38
153 188
359 44
-165 144
291 -170
-56 191
-34 3
36 -181
23 49
-104 -134
29 -131
112 98
-139 -71
31 -34
-158 -163
109 29
-175 2
185 -87
-56 -5
56 90
9 124
104 108
19 67
-45 -54
65 32
-70 0
-300 100
227 -214
-125 287
-7 -315
28 -149
35 145
-98 -117
135 73
-22 -15
27 3
-27 7
22 -17
36 58
-61 -40
69 14
-67 15
26 -61
4 70
-32 -60
58 43
311 5
-287 123
214 -232
-100 297
-56 223
-38 -228
129 195
-198 -124
-19 17
8 -21
-2 25
-9 -21
85 149
-139 -99
168 35
-167 36
20 -219
72 212
-152 -162
204 83
3 179
-77 -160
135 115
-171 -51
-170 -85
188 8
-176 72
132 -134
-4 295
-116 -271
216 202
-280 -94
-196 -82
213 -8
-189 95
140 -160
-1 88
-35 -82
63 54
-82 -26
141 -56
-105 111
54 -141
10 150
-78 -64
92 26
-99 16
82 -53
-131 -125
169 58
-180 16
160 -90
-72 -8
67 -27
-50 52
26 -67
-195 195
98 -260
17 277
-126 -243
242 -48
-205 138
131 -210
-32 245
11 -108
30 104
-69 -81
96 46
-134 33
110 -85
-62 124
7 -138
77 93
-111 -54
124 4
-116 46
2 148
-59 -132
112 97
-140 -45
167 -29
-140 94
92 -145
-21 168
-157 76
115 -136
-50 168
-25 -173
-3 -58
29 59
-49 -39
62 15
238 98
-258 9
228 -113
-167 196
30125 -3094
28771 -3325
27282 -3314
25499 -3034
-2523 -12070
-3283 -12290
-3529 -10955
-2998 -9159
2902 -2740
4503 -2593
4600 -1268
5167 808
-2789 3066
-1810 3088
-900 2731
-572 3005
2919 -2186
590 -1899
-1268 -1293
-1671 -421
-974 621
444 -295
1585 -1590
1979 -1745
630 -343
1568 -624
1586 -871
1038 -473
-369 -281
-368 176
-543 463
-380 267
-510 -930
-405 -575
-767 -568
332 -13
779 -225
340 -159
511 -570
-31 -541
599 -1463
451 -1394
356 -1271
404 -707
484 -244
221 -829
927 -258
256 -292
-1094 446
-616 1068
-429 1480
-40 1044
53 -269
-164 -356
-77 -252
364 41
-67 245
-230 188
-392 -95
-245 -91
-311 359
-721 -8
-203 313
-541 487
12 37
516 -27
225 -167
448 -234
-56 -227
-74 -342
-297 137
-444 -40
368 623
272 136
628 -435
141 -189
-99 -294
114 140
-302 241
106 40
1111 73
305 -156
638 -381
101 -101
99 67
-58 -47
121 -357
9 193
-477 252
-227 691
86 314
-235 323
-6 -362
76 169
-312 473
322 77
43 69
-108 54
523 93
712 367
84 115
321 316
111 220
410 609
31 -16
159 423
86 256
214 35
-298 -338
-98 219
188 151
192 198
70 205
144 -81
98 7
27 -91
0 115
434 244
-191 34
235 -224
21 -43
-52 127
169 -136
24 76
17 -493
178 -269
-445 -523
-79 -154
179 -37
328 118
440 -84
297 196
19 -32
250 226
-321 77
126 -198
239 -70
47 15
-64 177
-342 145
-124 -104
112 90
-282 127
-15 296
314 271
-466 240
142 -226
-378 606
48 392
114 -237
354 296
-335 -14
52 393
36 -98
166 344
-39 23
-188 -35
-7 69
-104 -31
-29 -180
-29 447
-274 -104
344 168
-231 -28
-55 -70
-288 -75
-47 -267
-116 -71
45 304
-657 -6
-52 -40
-433 320
251 -34
-60 -157
180 -268
-113 215
-423 -128
-55 -139
-58 -9
266 -82
-41 -45
13 44
-127 -186
18 320
-105 -10
-16 44
-31 9
219 -97
-33 -65
384 -132
-219 215
50 -235
-65 235
-154 -122
44 -52
-345 108
-78 -72
-83 -266
-97 -48
-30 -161
269 184
-291 91
350 -110
-160 225
45 -70
-111 1
164 -183
-116 -168
-105 -459
68 260
-354 -277
278 -112
-113 32
302 -83
-34 4
133 -343
-14 124
175 -251
195 377
-104 81
-18 6
-397 -200
-144 -185
-491 -54
-104 -54
27 149
79 -115
123 135
-153 4
-104 -77
-29 233
-85 77
5 -196
-99 -27
-111 -180
30 7
-197 -334
-234 -20
-135 -196
135 143
108 101
-23 191
-152 100
-21 155
43 -189
-65 -28
-95 -123
18 -32
0 -7
70 32
25 -77
201 -145
57 65
-137 -66
226 -97
-285 -42
16 80
223 -59
107 95
173 -208
-128 28
121 32
-212 84
125 -252
-105 343
-57 -323
307 273
-189 -65
-196 -41
179 109
-200 54
134 -156
154 86
37 -132
185 27
50 54
-207 -168
86 -115
-206 -46
-7 -245
-62 25
-10 191
8 53
88 206
115 -32
194 190
-71 -4
73 72
-52 133
76 -145
-50 49
-239 -245
126 -22
-16 87
17 -142
16 202
-165 145
271 -106
103 387
124 -210
-109 124
43 -8
64 150
62 36
-126 -123
147 8
-170 -22
152 -66
-174 125
-133 10
-40 92
-148 -4
-92 -76
63 82
-153 56
122 -23
-106 -203
326 69
-213 -12
259 -4
120 41
-117 -279
159 -15
-194 -22
-15 -95
129 61
10 -54
218 4
13 34
-141 -59
17 -45
-109 49
-26 -5
41 -108
38 18
-75 -73
-169 -366
78 18
-272 -145
199 -70
-116 251
220 -56
91 285
-4 -62
309 -67
-120 300
154 -181
63 393
-107 107
208 -40
43 207
79 -13
25 328
-73 -380
162 189
-414 -230
15 -105
104 253
-143 7
212 82
5 191
121 -146
97 105
-18 -94
64 -217
9 91
-108 -175
55 15
147 34
-145 7
4 -105
-125 55
-31 -29
-21 -4
46 -19
37 14
-123 162
143 -12
32 292
113 -68
-334 -37
317 -104
-249 225
133 -308
-29 26
19 -34
-2 39
-13 -33
243 122
-274 -9
251 -103
-187 197
394 -117
-311 270
172 -373
-7 411
179 231
-259 -140
290 19
-275 99
-106 123
44 -152
24 160
-86 -136
-123 141
54 -175
25 182
-95 -158
95 80
-116 -39
124 -16
-104 64
153 10
-147 53
111 -108
-54 143
137 -53
-103 101
51 -137
10 144
47 -78
-8 87
-30 -89
64 68
-70 -58
88 23
-92 13
75 -49
71 -194
19 205
-100 -185
169 125
181 91
-200 -10
186 -69
-142 141
27 153
-86 -126
132 83
-155 -20
-256 -93
275 -18
-241 131
167 -217
195 -118
-129 184
38 -222
54 218
-60 125
4 -136
53 123
-104 -94
-98 199
8 -222
84 205
-162 -153
233 128
-267 -20
252 -88
-192 184
-27 61
2 -65
26 62
-48 -47
25 10
-28 2
23 -14
-16 21
100 -137
-33 167
-36 -162
101 135
-76 248
-34 -263
139 223
-217 -148
25 50
-44 -36
54 15
-54 9
-66 9
54 -35
-35 54
10 -63
-107 69
67 -110
-20 125
-34 -124
98 5
-92 35
66 -70
-35 94
-60 -223
144 180
-208 -109
234 8
-23 129
-30 -127
80 104
-113 -64
28930 -3252
27111 -3315
25652 -3108
23477 -2481
-3255 -12246
-3573 -10979
-2948 -9159
-2148 -6581
4352 -2703
4782 -1237
4990 853
4747 1964
-1677 2962
-974 2902
-575 2821
-1585 3345
468 -2035
-1101 -1217
-1850 -422
-1218 564
394 -581
1748 -1347
1733 -1897
1925 -613
1671 -714
1530 -743
1036 -608
-57 -382
-363 297
-596 352
-288 343
-456 74
-291 -781
-790 -333
252 -229
485 790
342 -208
537 -525
-68 -574
-58 -1086
383 -1464
443 -1239
307 -699
494 -478
506 -722
626 -236
522 -431
287 -93
-652 1326
-500 1226
127 1245
-299 915
-201 -502
12 -136
232 -26
609 326
-498 137
-130 -165
-459 74
105 -565
-325 9
-570 457
-272 205
298 428
370 -62
371 -189
326 -158
206 -108
-226 -256
-193 -2
-482 134
-430 380
594 266
276 -420
453 -347
-59 -302
0 -20
-133 336
-83 22
-131 292
502 -289
514 -177
134 -342
170 31
229 -584
75 252
-202 -376
413 642
-376 785
185 171
-262 501
-430 211
9 93
-226 516
224 73
150 243
-64 78
482 86
755 353
272 -262
227 236
229 253
290 631
583 211
76 176
265 455
-27 -68
255 129
-116 263
186 105
212 244
95 322
359 -24
-126 40
220 -214
369 161
391 396
-208 -122
318 -89
-155 208
-232 51
360 -136
-154 157
345 -384
197 -693
-289 -126
-384 -447
147 105
234 254
471 -251
338 358
-124 40
-9 -16
14 190
-231 -161
447 -284
-99 34
59 101
-424 267
-221 -80
-126 -119
24 219
-330 338
-12 14
-253 168
-27 -71
-285 399
-303 36
306 202
-1 -36
123 138
-264 168
128 160
-22 146
210 123
-159 212
-111 -124
69 102
-244 -238
7 -99
-52 -126
152 278
-98 -213
190 -100
-229 -11
-126 -300
-24 -78
-37 -316
-345 -209
-257 278
-379 -52
220 32
-1 -296
183 -119
-174 81
-133 -49
-148 -72
-5 -106
253 25
251 -146
53 16
-147 -147
20 269
-147 136
-338 -38
297 -52
-58 89
315 -307
185 46
-113 -27
51 33
-235 101
-193 -34
42 -150
-305 195
-56 -136
0 -251
-185 -28
41 -216
-29 -25
76 -68
77 188
-31 -158
197 -42
39 -116
71 -16
-98 -358
186 63
-1 -215
-97 126
-128 -375
266 51
61 -5
153 -164
28 -115
182 -350
439 102
-191 168
333 117
-134 309
-272 -68
-312 -253
-309 -63
-128 -40
-157 -132
359 71
-207 79
214 -58
-11 215
-230 4
199 204
-177 314
-76 -75
-111 -124
7 -41
-18 -14
-269 -527
112 255
-273 -164
387 206
25 177
-190 134
2 110
-333 27
-209 -245
124 14
-243 -63
123 -137
190 137
-123 -122
362 -159
-99 64
-1 208
-6 -293
10 43
-282 -126
-18 282
190 -310
263 197
-188 -330
-142 -335
177 309
-321 -300
288 78
-85 -99
244 59
-44 104
280 -45
31 -41
0 133
-72 -143
89 -57
-11 -252
276 118
-73 8
279 -114
-76 -230
-12 -7
-202 -205
17 47
39 40
19 209
11 65
150 63
333 -13
-112 234
15 -167
83 128
55 -180
-15 79
-281 -251
85 -54
241 37
-197 7
149 -24
-148 284
143 213
93 45
276 92
51 -12
49 166
-10 -5
195 151
-87 88
-103 -25
73 -94
-42 99
8 -5
-222 43
29 23
-184 81
-107 -87
-271 98
154 -101
-88 243
5 -196
295 -27
-143 66
161 -43
-15 151
-84 -258
124 -23
-159 -29
15 -35
258 -56
-64 106
217 -170
66 168
-27 -445
68 353
-322 -292
247 186
309 -132
-197 151
85 -289
-100 235
-263 -362
190 65
-312 -70
291 -143
189 259
-12 -12
211 170
-27 61
-46 12
204 113
-101 144
191 32
154 343
-64 -167
333 284
-281 46
92 19
-152 -105
-5 -88
-190 26
47 -71
39 279
-67 -88
130 105
235 82
-106 -58
228 -30
-46 110
156 -87
-168 53
20 -218
-43 172
-26 -207
-17 141
-208 -174
95 30
44 -179
60 171
-53 -154
141 84
228 243
-151 89
357 39
-135 151
291 108
-310 21
275 -146
-191 245
-127 -64
137 6
-131 52
98 -100
143 -36
-118 89
71 -129
-7 148
-3 138
-55 -134
105 98
-137 -47
99 -62
-64 96
21 -116
30 115
94 253
-187 -197
250 102
-270 10
-299 68
249 -182
-149 267
29 -305
30 433
-207 -383
347 263
-426 -102
-96 -65
114 21
-110 25
95 -72
59 123
-107 -85
133 36
-135 21
18 -136
37 133
-88 -100
121 58
-51 12
40 -29
-24 45
2 -51
-242 89
183 -182
-90 241
-13 -254
-159 -113
193 39
-191 43
155 -116
-99 -45
111 2
-102 45
77 -82
7 265
-113 -240
203 175
-254 -74
-36 7
28 -22
-13 30
1 -32
30 78
-61 -63
82 26
-88 7
260 206
-318 -76
320 -60
-269 186
-131 262
10 -295
113 270
-213 -201
-134 52
104 -102
-52 135
-8 -145
-91 78
48 -109
-1 123
-44 -112
-55 -5
51 -16
-38 34
17 -49
-309 102
241 -221
-127 304
-6 -326
-183 93
123 -161
-45 192
-34 -201
-314 74
257 -198
-154 280
24 -322
-197 -37
194 -49
-158 125
96 -178
76 -207
14 217
-109 -196
171 137
-140 179
51 -223
44 223
-131 -189
-79 86
39 -110
8 115
-59 -104
27102 -3169
25607 -3240
23582 -2377
21428 -2102
-3401 -11064
-3071 -9012
-2092 -6760
-1278 -4563
4645 -940
4992 526
4879 2258
4224 1063
-1003 2636
-440 3050
-1802 3192
-2509 2876
-1103 -1311
-1814 -340
-1287 509
-1625 1694
1568 -1401
1917 -1926
1764 -509
1007 650
1823 -676
739 -547
190 -555
-1022 -531
-573 373
-313 333
-427 72
-40 -429
-899 -734
519 88
113 607
948 13
417 -324
-44 -804
12 -861
-296 -732
173 -1412
626 -655
183 -390
613 -418
718 -441
520 -204
198 -305
-321 -100
-298 1112
-11 1433
-247 685
275 583
50 -63
171 -81
688 347
71 568
-312 126
-414 -264
194 -235
8 -135
-518 285
-247 383
211 272
56 82
370 -97
293 -244
269 -43
44 19
-366 75
-361 -10
-485 559
-375 273
423 -300
277 -399
121 -328
-65 -313
-31 235
-135 150
-138 146
-219 369
489 -19
88 -494
270 151
-336 -108
133 -300
-26 147
39 233
321 83
3 124
-84 467
-583 311
28 -63
-265 497
269 73
108 262
296 -117
244 462
817 -83
396 163
284 -213
-4 112
556 654
325 293
332 12
120 421
120 -96
130 215
-14 -217
-26 242
352 40
53 567
410 -283
59 -359
211 228
193 -248
489 148
-43 -241
214 89
-131 3
-68 30
-95 -201
292 35
-11 -83
567 -248
-306 -415
-247 -194
-86 -70
-128 55
476 -56
253 180
28 162
59 292
123 -195
-168 233
229 -616
322 360
-180 135
-218 139
-357 114
-133 -108
-207 24
-39 424
-314 55
152 293
33 11
-378 348
-207 40
-189 434
4 265
-4 -138
-37 369
-314 -221
-115 147
291 86
-217 279
-60 21
313 111
-474 -142
179 -280
-602 186
371 -3
-190 133
130 -452
32 141
-54 -436
-37 80
-89 -464
347 -136
-524 133
-72 -32
-61 139
69 -251
-129 -50
81 -106
-290 231
-239 161
-34 -24
246 -62
295 -66
227 -87
173 162
-396 123
296 98
-330 264
-237 97
368 -261
68 188
112 -597
50 40
-126 35
-72 26
80 -26
-271 -135
-24 56
-259 107
-107 -32
-120 -91
5 -132
-36 -110
13 -17
-280 36
351 -163
-147 116
155 -468
62 -113
-46 -276
107 8
126 -205
-133 -75
-9 -204
91 -61
6 -219
-45 -276
259 -88
-41 -277
16 -275
-64 133
233 200
-76 195
198 -45
-402 -163
-263 -182
-116 88
-107 -166
125 -86
68 123
-61 7
98 29
-138 -246
207 473
-303 79
288 192
48 161
-254 -242
307 61
-161 121
-75 30
-10 -37
97 194
148 51
-175 227
-47 31
-251 75
-142 1
146 -289
-134 220
-95 -358
76 195
155 94
18 -243
248 0
-89 26
-88 -202
41 -78
-268 -7
-7 -220
102 -47
237 -77
-53 -89
52 -197
-132 -80
121 -67
-206 47
140 -86
-17 45
202 11
102 140
89 -56
-5 34
-30 -59
13 -124
22 -113
315 27
-69 110
234 -206
67 184
-73 -151
-83 -96
-135 -1
-58 -90
-78 145
128 88
34 93
115 -155
-157 74
117 -35
-66 52
68 -298
-366 -219
161 -123
-362 11
59 -358
16 135
-102 -50
91 205
-168 210
447 350
-171 -40
516 -69
-145 141
254 40
-64 218
119 -76
19 248
-130 182
30 -234
84 326
-126 -164
101 -31
-232 164
-100 -177
-163 97
148 341
-272 -167
337 105
-323 1
-28 123
35 -50
104 107
-27 -10
-72 -113
63 -26
-188 51
-2 92
13 99
148 -134
113 105
-43 -149
85 2
-193 36
-8 -57
-128 146
-342 -96
310 -131
-375 181
98 -302
164 -171
-191 133
92 -276
-4 246
-76 188
191 -40
80 248
-88 -107
-68 309
64 -142
152 363
-85 -157
-153 -132
396 220
-310 137
377 -122
-209 -75
36 -141
-202 92
-59 -110
69 52
-2 131
-23 -66
87 42
294 -71
-131 149
210 -196
-125 235
1 -124
-67 13
-62 -76
-41 30
92 198
-328 -183
209 -9
-331 139
116 -33
-23 57
31 -89
-72 52
-106 207
272 -48
-18 203
18 -171
0 24
-12 -20
20 16
-25 -5
166 178
-222 -93
241 -10
-217 105
174 75
-189 5
174 -84
-123 145
104 -151
-34 177
-42 -176
110 146
-7 -260
114 237
-201 -169
253 72
-119 -329
240 249
-324 -127
348 -20
43 4
-46 11
31 -30
-16 44
83 -57
-54 87
12 -102
30 99
-11 249
-89 -231
178 171
-233 -81
207 334
-324 -217
388 65
-380 94
-99 170
21 -197
62 189
-133 -148
10 89
-48 -77
74 51
-86 -19
77 70
-99 -36
105 -8
-89 51
18 -77
11 80
-44 -65
64 45
4 40
-24 -32
33 19
-43 -4
24 30
-35 -23
40 5
-40 11
-151 -208
223 127
-254 -23
241 -82
490 -126
-397 318
230 -452
-27 503
254 -78
-197 175
112 -242
-4 266
137 -33
-111 80
69 -122
-11 144
145 61
-161 -2
143 -72
-104 120
70 131
-117 -88
143 33
-146 28
170 -14
-147 84
104 -136
-37 165
-130 52
97 -101
-48 127
-9 -137
-148 -48
156 -18
-138 77
90 -126
-128 -202
196 136
-238 -40
236 -57
183 51
-191 29
162 -103
-104 158
63 -101
-18 118
-35 -112
77 93
-42 33
21 -44
-1 47
-17 -44
355 -91
-289 231
167 -331
-19 368
25724 -3077
23401 -2477
21631 -2084
19252 -842
-2868 -8886
-2333 -6792
-1046 -4634
-642 -3362
5068 947
4641 1903
4591 1284
3275 -509
-672 2748
-1467 3375
-2894 2849
-3104 2303
-1530 -529
-1471 795
-1579 1363
-2770 2167
1810 -1707
1772 -758
1100 878
637 527
810 -548
125 -528
-977 -581
-1729 -956
-403 462
-392 -85
-6 -274
-34 -646
-91 137
646 315
579 499
258 -429
-49 -900
63 -781
-381 -785
-75 -683
522 -698
300 -388
508 -374
16 -122
665 -319
114 -138
-310 -284
-611 -59
47 1263
-230 860
189 423
106 315
446 -32
414 417
293 397
216 501
-370 -121
100 -354
143 -73
-55 -242
-239 481
163 189
137 135
-283 98
461 -142
75 -71
234 -34
-115 412
-351 283
-614 292
-151 459
-438 286
206 -162
87 -571
63 -103
-226 121
-227 82
-26 172
-328 388
-138 -443
276 -79
-69 -144
98 33
17 -54
-63 158
66 208
305 118
114 157
-325 324
-304 349
-237 19
-620 -128
370 127
0 251
400 -151
384 189
916 13
266 113
424 -221
525 -15
391 469
553 392
81 10
192 346
285 1
-57 198
167 -277
372 43
-55 136
385 307
210 92
499 -366
94 71
361 -149
290 130
339 -251
99 -209
102 233
-370 -86
166 135
97 -158
247 13
293 -236
427 191
-396 -199
56 -124
-236 163
324 93
234 -35
129 358
-118 156
84 285
121 -137
113 -161
239 -99
394 349
-429 83
-144 90
-313 9
19 -114
-126 385
-216 58
62 328
-107 313
-482 219
-60 119
-361 428
-142 97
-7 -60
-62 296
-261 -165
95 51
5 -100
119 328
-395 117
220 5
-345 -121
49 -248
-499 103
-139 -450
-5 -93
54 -171
-18 -152
-51 -219
-296 -142
237 -371
11 -83
-64 -357
-13 296
-259 -139
359 -76
-171 -9
-259 42
-40 -42
-349 512
-203 111
570 6
-26 9
489 -279
155 574
-116 -127
140 446
-332 -117
437 318
311 -132
64 47
169 -468
146 -107
-98 74
-113 -2
127 -17
126 -294
-139 -75
-100 177
-278 -27
-35 74
-22 106
-105 -337
168 164
-95 49
-43 -332
277 115
-230 -285
406 -40
60 -137
-50 -76
307 -199
-26 150
-328 -140
357 -246
-162 62
205 -296
469 -258
-157 -36
26 -546
12 66
64 119
112 197
16 32
77 -92
-298 -168
-90 61
-124 -127
10 171
-7 50
40 46
-9 34
-2 201
77 127
-40 337
-55 61
21 256
-144 -285
222 147
-119 3
128 -9
85 143
-68 67
346 99
40 60
122 96
-432 83
14 -84
-158 131
-44 -212
4 70
-186 -161
160 -120
209 -198
56 35
78 -88
222 -47
-119 89
-187 -222
4 11
-311 -48
129 -146
73 -68
-76 -160
-12 -44
-19 -123
-55 41
7 -22
-15 146
322 1
-8 190
162 -152
-44 272
-104 -103
101 -105
-69 -94
167 -211
421 107
-214 -5
391 -183
-126 60
-250 -6
-23 -154
-94 96
-105 -180
286 22
-84 218
171 -315
175 163
13 235
-82 -238
201 -38
-228 -73
-191 -376
55 92
-357 -258
214 36
121 261
-240 11
213 251
-266 309
-113 29
432 -108
-58 147
112 -432
130 317
-103 -86
223 166
-60 19
-275 5
254 -21
-144 224
-9 -228
-17 101
-267 -26
-68 -105
-244 -47
147 52
-132 71
114 -163
-172 85
-45 -97
196 119
-117 17
256 -67
28 -154
-99 156
-125 32
143 116
17 -20
186 -45
-49 21
116 -74
-177 254
-113 -249
43 272
-262 -156
7 -319
-16 227
-253 -203
115 177
-90 -202
137 71
-192 -51
189 -43
245 -109
60 331
-102 -191
245 286
11 10
146 200
-7 -17
204 32
-158 128
227 -10
-58 232
47 -197
106 172
-399 -167
226 46
-362 157
68 -169
38 232
-88 -210
201 129
-221 -31
363 -76
-312 184
94 -243
-85 7
-43 -77
-55 42
-65 -72
54 52
-236 -66
102 7
-157 124
16 166
-47 -178
36 105
-198 -73
252 42
-41 108
70 -100
5 170
211 99
-232 -5
212 -92
-156 170
28 185
-100 -160
157 104
-184 -32
-66 -124
111 90
-138 -38
139 -25
-27 -367
170 325
-287 -224
361 88
62 25
-63 4
56 -31
-46 53
-21 33
4 -38
11 36
-23 -31
1 -42
13 38
-30 -27
41 12
-105 -148
158 92
-182 -20
175 -55
-51 -21
57 -1
-49 17
37 -44
230 86
-245 18
219 -112
-152 193
-179 -187
236 98
-256 8
232 -112
132 115
-166 -47
173 -26
-146 93
86 -189
-3 208
-80 -188
153 143
-271 90
211 -190
-115 260
-4 -289
48 62
-68 -33
75 6
-71 27
-229 204
125 -280
-1 311
-122 -277
142 -95
-89 144
24 -171
45 164
-249 -94
263 -11
-235 120
166 -207
193 95
-220 -5
202 -83
-149 155
156 -67
-114 125
52 -158
17 172
149 55
-157 15
136 -78
-94 125
79 107
-115 -69
132 14
-129 44
-22 241
-77 -234
165 179
-223 -98
269 207
-326 -83
332 -60
-282 191
122 102
-150 -47
158 -19
-133 81
112 156
-165 -100
191 19
-185 57
-268 142
187 -240
-68 294
-53 -296
36 -146
22 146
-84 -125
127 79
106 33
-106 16
94 -58
-60 94
25 3
-27 6
21 -17
-13 26
23530 -2469
21507 -2042
19344 -927
16895 -107
-2363 -6830
-999 -4613
-696 -3361
346 -3522
4644 1960
4564 1237
3315 -475
1639 -2846
-1578 3314
-2769 2859
-3226 2346
-2945 1164
-1187 512
-1719 1735
-2797 1771
-4102 1838
1544 -717
1296 748
506 727
448 -1017
17 -551
-871 -606
-1815 -891
-2381 -788
-270 220
-244 -502
277 -536
170 -760
674 572
447 272
464 -276
-50 -635
20 -1025
-239 -578
-288 -818
-279 -630
290 -529
574 -252
-90 -209
-34 -14
465 -81
-652 -196
-335 -277
-875 -119
-120 859
89 472
179 230
361 12
438 476
249 349
267 524
232 244
-109 -328
325 -183
-177 -72
151 -463
408 79
-37 339
-205 -158
237 402
370 -362
85 356
-140 -3
82 80
-198 569
-641 380
46 155
-544 419
92 -498
27 -169
-166 163
120 379
-229 64
-103 407
-350 -366
17 -350
73 -42
-78 -9
190 -94
-94 328
168 373
144 9
298 193
-53 560
-256 201
-222 170
-690 -258
-166 -39
211 224
215 -38
507 5
-35 148
225 -158
575 8
294 -168
221 -654
651 467
-41 -16
313 317
-80 188
-26 229
124 -296
425 45
-88 42
345 699
89 -282
764 -75
-64 -167
406 -78
226 82
419 -239
446 69
-249 176
-32 -174
-108 355
-65 -145
194 -119
394 -138
297 145
375 -167
-70 384
-325 -351
615 527
-301 215
-88 361
82 68
-60 448
-82 -69
364 -325
80 151
440 54
262 405
-451 87
-31 -119
-189 122
169 -22
-116 -1
-4 422
-83 204
249 -1
-454 306
-67 92
-269 521
-382 12
-138 25
-75 48
-163 -69
0 -40
14 288
-274 113
108 51
-350 168
-83 -105
-433 -80
-123 -254
-98 -62
-56 -394
181 9
-298 -281
196 -285
316 -377
-55 -46
-20 -420
78 138
137 95
-100 -126
270 -155
-196 -1
-448 123
-49 195
-350 525
-255 62
296 -460
378 276
26 28
615 141
-239 156
133 -5
-35 408
29 30
212 -28
67 -335
186 -268
-29 -71
-135 -13
152 -16
104 -285
323 -64
31 82
-356 107
-21 -83
-87 25
-28 -183
41 51
71 95
120 102
225 -69
-107 -141
233 -126
-31 148
108 49
106 -241
181 109
-5 114
80 -11
-5 -261
195 62
86 52
164 -21
-278 -430
247 -161
-247 -302
205 412
-154 -128
298 -20
-313 -150
118 -148
-229 145
-5 -123
103 264
196 276
-244 -117
271 242
-386 172
104 157
-116 281
-10 23
-71 333
13 49
116 7
-84 86
-173 -44
59 293
146 -54
286 120
22 -29
-194 -251
-68 325
-250 -276
71 176
91 -251
-136 169
-25 -402
77 132
112 -97
76 58
162 -179
139 71
128 -254
-269 168
-122 -305
32 214
-52 -167
80 -126
-164 -11
-41 -74
-281 -65
256 -16
-244 240
200 -91
250 -41
21 169
-42 -77
3 127
42 131
-107 -337
302 -8
-231 -133
-180 -45
372 -132
-134 10
106 -310
-254 99
11 -226
-69 156
-100 -110
226 -120
23 115
132 -289
-8 11
214 370
-323 -475
425 110
-380 -30
300 -121
-491 33
217 -290
-95 296
37 393
-198 16
201 362
-256 212
160 92
112 -150
78 -95
-39 -149
-67 148
95 -33
137 152
3 -137
117 30
-38 118
-64 -92
50 110
-103 79
-262 -142
-58 -104
-46 -118
-151 78
131 -178
-185 104
-101 -278
132 330
-147 -203
371 125
-319 -11
17 -155
-104 361
-14 -177
236 204
209 -99
-47 76
91 -117
88 150
184 -266
-217 413
-79 -389
190 353
-88 -78
-61 49
-155 26
1 115
303 -44
-295 120
215 -232
-73 332
239 37
-145 147
148 -38
-62 209
188 32
23 159
111 -116
108 93
113 -199
123 354
-174 -233
335 134
-89 -58
-100 77
-77 -3
28 120
-57 40
73 -69
-4 67
0 -81
292 174
-351 -71
231 -30
-331 146
-88 153
-112 -183
82 110
-197 -98
-74 -17
-68 26
-8 34
-24 67
46 45
-143 -64
32 8
-144 49
-8 -79
120 85
-117 15
53 36
