-2 -2
1 0
0 -1
-4 3
2 -3
-1 1
0 1
2 1
0 0
-1 -2
1 2
2 -4
0 2
0 3
3 0
0 1
1 -1
-1 1
1 -1
1 -2
-5 -3
3 2
-1 1
0 -1
1 -1
1 -2
0 -1
-3 -3
1 2
1 1
5 -3
-2 0
1 -3
-2 -2
-1 3
1 1
1 3
0 1
0 -1
0 2
-3 -2
1 0
1 1
-1 0
4 -2
-2 1
2 -4
1 -1
-1 2
-1 1
2 3
0 -1
1 0
2 1
-2 2
1 -2
-1 0
-1 0
-3 1
0 -3
1 1
-1 -3
1 3
0 -3
0 3
0 -1
-1 0
1 -2
-2 1
-2 -3
-1 1
0 -1
1 1
2 -1
0 0
-2 -2
1 -2
2 -1
0 -1
-2 2
3 -2
3 0
-3 0
0 1
3 0
2 -3
2 2
-1 0
1 0
0 1
2 0
-2 -1
-1 1
0 0
-2 -1
-2 1
0 0
-1 0
2 0
2 2
-2 0
2 1
1 0
-2 -2
-3 0
0 2
2 -2
-1 0
0 0
3 3
0 1
-4 -2
-1 -2
-1 0
-2 -1
2 -1
1 -2
1 -1
4 -2
0 1
16471 13014
14474 11936
11720 10967
9133 9723
-505 -5894
3828 -7946
6403 -6394
7296 -4001
-1034 -478
-1719 -4162
-2343 -7023
-2957 -6860
-477 -714
-194 461
-81 713
299 862
2094 -3535
108 -4101
-2279 -4532
-3008 -3782
2054 990
1403 326
147 -882
-681 -1962
-1303 -614
-617 -602
-152 -521
535 -142
-616 -201
-690 -461
-400 -276
142 216
-1025 281
-397 46
-581 160
207 -196
-799 -261
-576 -978
-493 -993
-425 -934
87 871
-82 1129
-207 401
-64 -85
-248 207
-387 -272
-10 11
-147 -341
-252 29
185 390
347 271
711 313
102 160
-27 -497
339 -495
134 -27
21 -86
85 -1003
415 -517
-51 -404
-584 -121
-213 -346
-517 -565
120 -576
-355 -418
-474 -188
-646 -71
-282 8
-484 72
-335 -326
-392 -98
-392 -159
-315 362
-433 -639
-110 -428
-180 -474
273 119
-53 851
-601 335
-122 538
195 -380
-359 152
70 -466
145 647
-294 -304
259 440
-211 -272
415 -167
-43 313
318 495
607 610
350 180
-45 196
-40 293
-313 343
64 371
107 771
-387 692
-34 29
-314 255
55 -122
94 -116
-140 185
-475 566
94 -121
14 -556
-101 -154
303 -253
-16 525
6 461
355 497
191 365
288 376
321 819
176 166
395 301
-158 -39
-142 177
-33 -144
-211 385
108 -209
134 -35
-24 -278
-12 21
173 -39
129 500
-81 147
266 389
-479 -65
124 -391
15 276
1 -43
-346 202
-171 -29
-183 398
-115 -370
-85 -69
95 -39
-81 -1
66 7
223 340
-49 21
242 4
-196 98
-206 334
-3 178
120 170
-52 109
-371 205
14 103
-379 326
-138 46
-230 41
-197 -345
-251 13
-309 39
163 -289
222 -23
-125 -147
280 -2
118 -198
-523 213
-217 -664
-5 173
290 91
-85 138
-18 7
85 -46
-141 88
92 -105
-23 285
229 154
153 -17
184 171
144 33
-10 53
-427 -90
80 -246
-143 248
1 43
302 34
332 -28
346 -145
209 21
38 -344
266 -358
-19 -8
249 -228
-227 27
39 -41
-290 82
-159 -217
-260 326
276 -409
-60 283
-308 -126
-91 175
37 295
-296 287
65 92
170 -230
-101 227
-70 -74
-86 21
-25 -236
212 -13
-99 -191
268 -112
214 -89
104 -180
254 -170
121 -20
-473 22
23 -357
-243 6
-163 -393
244 -260
295 110
-40 -136
182 93
82 -155
-236 -108
-58 -329
-46 -9
283 -91
-65 104
215 -42
-68 106
48 -118
174 -72
15 -2
58 -53
41 144
53 -20
203 40
-226 -39
456 -89
164 -141
401 -89
-108 66
-43 -122
130 -133
64 -21
103 -165
-210 297
27 -235
-17 294
-115 -145
238 -1
111 26
289 -5
77 223
-75 35
-67 -47
-113 88
-47 0
-331 179
-179 -141
-39 232
-91 -246
-14 47
-154 278
41 -61
-40 67
69 -295
147 133
-145 -269
220 -77
-229 -19
122 52
-191 120
77 -72
231 -64
-53 -22
202 -230
-36 92
36 -64
133 180
-90 -16
61 104
-119 -1
29 174
-218 82
89 -30
-259 -169
532 2
-272 137
200 -118
-27 -302
203 82
-332 -143
178 -70
238 37
-211 103
35 -200
-37 119
137 -299
131 228
-56 -138
232 197
167 91
-3 163
55 28
-40 101
34 -182
-79 105
-121 -210
106 113
115 117
-179 143
43 -55
-161 164
111 34
-12 158
-29 -202
23 53
-394 152
175 -420
-150 328
-49 -431
-47 187
-12 -306
74 244
-234 -153
-20 -427
466 134
-309 -108
447 -293
-122 64
246 -131
122 122
163 -235
-55 -136
67 178
-188 7
150 101
-84 78
231 -86
-58 284
26 -224
-38 82
27 -192
40 56
13 -210
201 -107
-48 115
54 -252
145 197
203 236
-195 -138
323 90
-213 33
-102 -249
-10 64
-232 -46
34 122
-82 102
32 150
-145 133
-54 82
-88 -141
-66 157
-62 -3
160 107
35 172
100 36
22 80
72 -44
-157 97
60 -197
31 111
-33 -149
-54 -23
34 45
-147 19
60 -38
-85 142
11 -275
22 56
-90 -217
-228 113
163 -197
-69 244
-38 -252
-94 14
78 -51
-51 76
18 -91
-87 87
46 -119
8 126
-57 -112
-125 179
44 -215
46 211
-130 -178
-72 -12
74 -18
-58 46
34 -62
-144 195
50 -239
49 235
-143 -196
-101 -193
171 133
-210 -55
212 -37
-70 48
43 -73
-7 84
-24 -81
66 -52
-41 78
6 -89
28 82
77 -201
9 213
-97 -190
163 138
-79 86
37 -112
12 121
-62 -103
-127 -138
169 75
-187 3
172 -79
52 305
-174 -254
260 165
-303 -42
153 83
-174 -14
168 -58
-125 124
-99 93
52 -121
3 134
-53 -124
-203 -148
246 52
-245 54
202 -148
-41 262
-70 -254
166 203
-239 -115
-123 -13
118 -40
-89 87
47 -116
13 388
-164 -351
291 246
-373 -108
-138 143
70 -188
12 201
-90 -176
-65 55
34 -76
1 84
-32 -79
-148 -2
138 -58
-101 110
49 -142
168 -102
-114 160
37 -190
44 191
63 62
-80 -32
83 -5
-78 36
7 193
-87 -170
146 121
-185 -48
95 -138
-34 170
-37 -167
105 138
-16 -51
33 40
-48 -25
55 5
-69 -80
98 44
-105 -3
95 -43
-87 -135
131 92
-156 -24
154 -42
-131 68
90 -115
-35 142
-23 -141
14011 11968
12125 10752
8848 10087
6358 8517
3635 -7616
6441 -6775
7416 -3636
6660 -735
-1501 -4100
-2567 -6991
-2768 -6983
-2295 -4107
-198 241
13 920
133 715
265 -62
-67 -3910
-2194 -4779
-2986 -3526
-2460 -1920
1481 178
138 -719
-739 -2115
-643 -2275
-549 -603
-215 -488
575 -202
510 747
-713 -452
-379 -293
136 245
349 416
-663 -72
-293 155
-56 -76
227 91
-652 -802
-493 -1181
-347 -757
-576 -348
-69 777
-73 729
-318 -329
54 -494
-344 -50
-137 -172
45 -225
42 11
391 73
289 645
613 -52
287 611
139 -238
89 -661
437 18
-36 419
228 -523
87 -901
404 -188
-143 96
-436 -124
-401 -861
132 -258
-98 179
-464 -327
-606 55
-380 -91
-89 435
-548 -26
-315 -460
-311 200
-367 -425
-337 -496
-261 -522
-5 -458
332 -198
-14 489
-481 680
-368 265
-696 414
3 -57
-172 -125
229 242
157 -28
-140 121
285 -148
-80 -81
251 94
352 489
575 630
371 150
570 419
132 150
-410 550
68 148
-116 295
-157 367
-108 421
-410 -131
-95 97
518 6
-576 247
-102 332
-130 773
-256 -446
97 -372
211 24
334 -237
-131 517
456 396
141 500
590 274
143 824
334 89
277 437
-197 152
-196 252
-17 -236
-185 474
-159 124
71 -70
42 -269
-79 38
-85 132
67 162
107 430
-21 206
176 61
116 -319
-5 208
48 15
332 496
-355 165
-97 148
-93 -105
-321 -146
-57 -3
42 -97
-12 150
112 172
54 237
57 -146
32 171
-2 -137
-240 357
263 -87
-76 400
60 -347
-175 -24
-153 358
-356 103
-64 -56
-86 -5
-493 -252
15 176
-517 35
83 -4
-3 -216
198 108
-125 -24
-220 -220
-320 -145
-124 -342
133 124
59 117
-138 87
161 -167
-141 -40
-34 -293
175 406
4 126
283 48
326 460
-101 -171
297 134
-323 112
-57 62
-145 -92
143 352
-155 228
353 87
278 -245
308 91
-11 -217
-195 -227
348 -311
38 200
-130 -269
-428 29
112 -172
-422 176
-103 -401
78 -270
60 72
-333 117
70 79
231 280
-469 380
180 -63
-47 523
-106 241
-77 -90
-79 31
-492 -149
83 -38
35 -223
156 -26
-90 -168
19 -56
280 -317
153 121
-90 -214
-70 -75
-274 -287
-14 -134
-121 -121
167 -72
152 -24
-37 70
22 -47
-178 50
-175 -455
113 51
-209 -330
174 135
-14 25
112 -51
-148 124
470 -97
-246 136
237 -296
-36 323
-60 -85
328 53
-343 0
107 -161
442 11
87 -119
186 -38
-153 126
66 -139
129 -42
55 -126
55 -71
-3 -77
-50 133
-20 -14
66 110
-76 84
432 -135
-5 403
98 -181
-202 -77
23 60
-163 84
55 -58
39 -66
-264 251
110 -357
51 171
-162 102
117 96
-174 -45
32 -14
94 -70
-13 -104
35 -179
-29 -165
-207 132
76 -83
-89 228
-36 -120
213 -66
-24 -81
107 -140
-48 47
-53 -134
215 195
-297 32
272 -12
-59 312
-188 -85
134 137
-395 -29
139 10
77 -24
-49 172
-80 5
-68 -381
101 168
-343 -176
125 75
-70 -36
-43 -8
-43 -85
77 -204
197 -79
9 170
50 -61
-4 211
160 60
-46 190
-8 -85
15 101
-82 -241
21 103
-151 -117
179 66
-90 -43
27 157
-237 -30
168 37
-108 -22
126 -74
-173 2
125 -170
-68 -108
-54 -54
21 -42
-24 -31
-312 -78
252 -88
-258 225
58 -227
105 -124
129 -14
16 -195
-53 -57
277 143
-22 -114
391 -76
-78 104
4 12
-65 138
-15 35
-33 139
377 181
-300 102
320 -156
-268 306
191 -381
-29 301
-16 -458
299 193
139 -108
-23 29
104 -93
173 75
-6 -64
118 100
-33 -61
43 -40
-196 -199
47 122
-283 84
83 -36
13 112
-110 162
-101 72
-86 135
-169 -74
129 167
-82 33
193 -39
-10 174
75 -87
96 129
-69 -123
-27 -264
138 135
-136 -123
352 44
-162 168
-14 -174
20 185
-201 -158
-159 23
58 -283
13 102
-53 -206
261 -126
-185 221
80 -276
42 284
78 -195
7 209
-92 -186
160 135
17 132
-74 -116
115 74
-134 -23
-23 38
5 -47
13 44
-33 -35
82 128
-127 -86
149 25
-149 37
-296 -312
394 164
-426 14
384 -186
-79 -38
90 2
-82 36
60 -64
-306 104
236 -219
-124 297
-8 -322
72 -104
-24 127
-31 -127
76 103
121 -107
-68 149
3 -163
66 147
-203 -17
195 -70
-148 145
79 -192
46 42
-59 -20
61 -3
-55 29
5 40
-19 -36
32 20
-39 -7
257 15
-240 88
182 -178
-94 238
126 96
-157 -36
158 -32
-130 92
-135 157
60 -198
28 205
-108 -175
74 -108
-25 130
-30 -129
78 107
-107 14
90 -61
-61 93
16 -106
-67 75
31 -98
12 100
-49 -90
260 58
-260 51
217 -151
-135 230
2 180
-73 -161
134 117
-169 -50
-113 19
95 -64
-62 98
12 -115
145 -45
-113 98
64 -136
-1 152
-35 124
-17 -131
71 110
-110 -72
62 -118
-10 130
-49 -127
92 92
224 94
-238 2
217 -101
-159 181
23 -144
41 143
-94 -112
130 62
-101 127
40 -156
28 160
-89 -135
13 6
-14 2
11 -5
-6 14
-26 133
-30 -133
82 105
-119 -64
11773 10865
9124 9845
6211 8854
3495 7904
6366 -6656
7435 -3775
6699 -601
5138 1303
-2363 -6742
-3054 -7127
-1977 -4092
-1017 588
92 832
97 823
256 -173
277 -964
-2297 -4535
-2992 -3790
-2342 -1679
-559 39
68 -1013
-552 -1872
-909 -2424
-257 -1911
-81 -227
346 -385
792 820
-111 1085
-438 -379
218 295
251 405
383 185
-166 -39
-98 155
165 -129
-90 10
-345 -1132
-497 -741
-442 -428
-595 42
-205 376
-50 -64
-296 -627
229 -839
-315 84
106 -530
115 319
-21 306
518 430
488 236
282 294
-203 -11
87 -589
401 -46
19 465
54 198
418 -770
42 -172
179 -64
-454 180
-342 -543
-54 -522
183 340
-86 -7
-650 0
-310 -55
-165 432
-103 137
-642 -125
-146 -239
-339 46
-232 -582
-235 -591
-4 -383
303 -263
208 -116
-365 290
-313 668
-910 70
-367 -24
-88 -185
173 328
174 -127
40 -190
203 -289
47 14
93 60
325 119
731 424
313 404
524 164
288 439
-136 364
-107 429
-71 -34
-109 404
53 0
-379 317
-303 -301
214 150
-536 210
-122 383
-129 716
-155 -171
25 -203
206 -158
412 -74
444 290
133 438
423 329
407 549
550 260
173 115
419 348
-289 289
-7 30
-128 -75
-152 284
-106 311
-218 100
89 -157
-167 -46
31 174
-212 93
-249 370
330 114
-105 287
4 -265
-38 -21
170 209
133 364
-121 98
-68 239
-157 -175
-236 -109
2 -201
-40 -104
62 120
53 233
-15 176
235 -24
-178 127
205 -183
-39 172
246 52
-112 266
151 -239
8 207
-354 16
-32 338
-456 -135
72 -192
-457 55
-137 -91
-273 215
-448 -159
-161 -156
320 -8
-184 135
131 -190
-321 -496
20 -23
-130 -110
379 107
-238 372
140 -468
4 224
-290 -296
127 386
53 125
241 72
-189 285
352 84
-215 88
167 -57
-247 193
-171 -71
157 320
-156 267
157 21
285 233
110 -349
348 101
-275 18
2 -50
246 -179
-160 166
-149 -187
-193 253
-319 -334
15 107
-349 -266
-38 -21
-201 163
-68 91
-251 267
-411 437
111 -94
31 519
-43 -139
316 226
-565 -92
5 -235
-454 36
-185 14
265 -336
-60 152
-131 -367
349 -74
-8 -71
138 -104
-198 27
-74 -139
-252 -187
116 -166
-257 -66
-58 143
86 -167
8 222
-165 -224
75 -210
-220 -68
143 -359
-175 38
95 2
18 19
-85 25
225 44
208 34
-137 -15
188 -80
-5 171
138 -123
-104 87
-149 -138
-85 -21
141 -45
116 -81
-70 134
-33 -52
161 44
-13 -192
142 -40
-197 -65
62 -221
26 357
-128 -217
125 260
292 68
40 157
156 58
-117 123
145 -281
-133 442
-118 -377
367 288
48 -140
-19 124
-31 -321
147 175
-60 197
-46 -210
-7 188
-178 -137
182 -160
-124 -45
59 -351
-34 41
239 67
-293 155
184 -141
-58 149
62 248
-108 -402
258 202
-296 -84
-91 233
-36 -125
97 237
-194 -99
-216 199
41 -137
-199 176
-92 -224
-123 17
114 49
-179 182
-71 -132
-78 -121
-64 18
-214 12
7 134
-33 34
-70 -118
117 -183
18 2
88 71
16 61
-21 89
-111 64
-78 309
-33 -211
90 204
-311 -319
-35 139
-115 -174
170 131
-228 83
-245 43
59 -41
-101 166
1 -159
-219 226
23 -414
120 286
-157 -301
28 -201
5 126
-79 -190
183 24
-158 -88
110 62
-215 78
93 -96
-13 44
117 -308
-99 89
-84 -151
-357 -92
691 -228
-290 370
301 -496
-115 301
-37 -136
61 285
-196 -79
-53 187
61 -130
-36 181
-35 -66
69 -153
76 -4
29 -182
160 88
-77 -62
189 -32
70 56
188 1
-78 -22
192 -34
-178 28
101 -17
-22 54
-194 121
-15 -30
-139 90
-262 188
25 -19
-166 270
-83 -238
31 104
33 46
87 -6
79 -42
195 298
-172 -173
300 43
-281 48
20 -84
59 29
111 -16
19 28
-55 99
-56 -71
-25 51
28 -91
-123 186
-13 -394
178 239
-225 -174
-21 -182
96 156
-151 -100
177 33
114 103
-145 -45
153 -19
-130 79
-218 -27
209 -61
-166 141
91 -201
38 -33
-21 45
1 -51
23 47
17 -163
49 157
-107 -119
148 67
-72 -302
183 242
-271 -147
307 27
-121 -11
110 -39
-84 85
46 -112
2 -68
25 62
-49 -48
61 25
133 191
-202 -123
232 30
-225 66
-153 150
77 -197
10 215
-97 -192
-88 226
-12 -243
112 214
-190 -150
-49 167
-23 -173
94 151
-145 -96
-27 -154
92 129
-137 -81
157 16
219 -78
-169 160
88 -215
5 228
-231 72
183 -159
-103 221
1 -243
-159 -217
232 133
-266 -23
253 -84
65 -137
0 146
-58 -139
110 104
-194 -13
185 -67
-142 138
70 -186
19 -170
49 161
-113 -127
153 72
104 -48
-69 88
33 -111
20 110
-214 24
186 -110
-122 176
39 -210
-37 -167
100 136
-148 -83
170 17
209 166
-259 -67
265 -45
-221 150
21 55
-41 -41
52 18
-55 5
-37 217
-55 -213
136 170
-195 -100
-67 -316
194 263
-284 -160
324 29
-19 -171
91 150
-141 -102
166 35
261 -113
-187 209
83 -270
30 279
-6 164
-62 -152
123 112
-156 -57
28 -213
65 206
-142 -163
197 89
9220 9867
6107 8870
3579 7844
719 7275
7189 -3860
6956 -625
4910 1432
3385 1172
-2823 -7039
-2218 -4078
-801 472
213 5024
156 853
185 -176
338 -988
98 -1712
-3140 -3480
-2331 -2022
-430 356
402 609
-746 -1994
-680 -2391
-478 -1851
-713 -944
318 -31
674 486
137 1339
-294 1113
-21 397
424 219
301 431
-60 -241
-92 114
177 -91
-118 -20
-152 -561
-385 -741
-548 -384
-519 -40
-666 -109
-264 90
-168 -858
211 -577
186 -814
21 -212
56 -5
159 575
65 817
321 -21
539 462
-507 -53
384 -234
141 165
167 169
42 530
21 335
364 -198
-108 92
-263 -74
-1182 194
90 -47
-148 -37
374 208
-361 111
-385 24
-129 326
-96 248
28 5
-416 183
-266 -447
-96 -104
-408 -322
-403 -340
651 -472
-26 220
214 28
-427 179
-606 469
-806 -268
316 13
88 97
347 47
-190 -285
-32 -243
-139 17
258 -21
205 260
-65 141
311 490
483 81
357 501
-279 -9
91 413
-249 61
12 249
95 168
-299 -104
-201 110
-45 -187
240 281
-227 519
-93 543
-126 -3
-44 123
377 -180
265 13
546 146
580 328
150 312
659 446
360 454
362 -128
229 453
-159 115
-52 249
-212 218
-200 102
2 456
-386 11
-45 343
-3 139
-197 72
42 90
-188 471
-89 55
304 171
-321 7
215 -189
-82 147
393 322
-335 247
63 -149
-261 -133
-157 -188
-41 -93
101 -258
-190 -109
376 335
-350 208
216 82
198 -174
-17 243
-11 -308
246 204
70 115
45 -22
16 -38
-39 311
-248 208
-205 -105
-171 -117
-93 -223
-383 236
-176 -180
-376 241
-121 -446
97 -39
32 72
-41 -43
70 -165
131 -313
-113 201
238 -171
422 305
-260 61
152 -420
-162 354
34 -391
43 440
119 -219
39 500
-269 -41
-154 -45
162 94
-306 56
10 1
-55 64
142 414
-177 4
101 79
327 71
-23 -197
186 136
-87 107
288 -4
-262 19
2 -104
-379 -98
-374 68
-96 -280
-86 42
-11 -230
-119 270
-187 24
-115 281
-176 136
131 90
-63 360
107 -37
255 263
10 -263
-446 155
-199 -504
-85 45
54 -1
-5 -237
-24 9
-163 -169
319 -107
-147 61
-6 -241
-104 44
81 -331
-126 95
-138 -409
129 158
110 460
-274 -340
318 172
-473 37
32 -135
-56 -190
-58 -198
79 -98
-249 -84
197 6
-27 177
86 -216
145 -208
12 211
39 -171
288 173
-122 125
-146 -190
-66 27
-231 -201
85 -13
-69 64
0 13
-174 112
-156 99
156 -361
-77 236
-179 -367
-160 144
132 -96
-163 253
-128 -239
69 254
93 -15
-29 166
-169 -2
-29 -58
-2 124
61 -122
166 -18
-51 -146
109 -87
-77 22
41 -81
-98 -175
22 140
-192 -78
-9 97
191 -82
-216 -192
150 -214
-43 -19
43 90
-98 61
117 -150
26 -22
-123 105
62 -272
76 266
-150 -146
-76 -60
107 166
-173 -26
104 -11
-146 103
-130 -119
-37 73
-109 -42
33 50
-106 153
-128 -70
99 97
122 -9
-368 119
106 -21
-103 222
-40 52
18 -326
166 93
25 -138
58 104
-75 71
-55 59
-41 90
-173 200
50 -230
-104 58
-157 -319
-48 -55
62 52
-95 111
87 33
-65 -127
51 199
-147 -127
113 124
-23 -130
40 7
30 -76
124 130
45 -47
-41 -19
83 -116
-24 20
-155 29
42 0
-111 79
8 -64
189 -282
-168 95
-19 -190
-5 63
136 197
44 -249
249 203
-209 -139
-109 170
-7 -23
-11 179
-67 -27
24 -20
-51 66
26 35
-1 53
-28 -58
144 -176
50 132
48 -156
388 135
-178 -13
439 -45
-123 358
38 -5
-50 -62
21 114
-5 37
-107 148
-100 -19
-61 41
-192 1
-73 -94
-40 295
-205 -210
193 79
-156 200
196 -224
66 196
-7 -274
88 126
-60 -124
113 57
-184 -33
235 67
-63 34
169 -84
-117 176
39 -19
-136 46
129 -121
78 95
25 -139
38 21
-7 -36
30 -5
3 -12
3 12
-3 -7
9 9
133 79
-149 -17
144 -45
-110 102
146 11
-141 51
107 -103
-54 138
-210 -66
217 -25
-186 112
128 -177
72 -35
-52 58
24 -78
9 80
-116 73
79 -111
-26 133
-36 -134
187 160
-237 -66
245 -31
-209 132
-74 203
-14 -215
101 188
-169 -132
140 -244
-29 280
-89 -268
190 209
-62 258
-48 -265
150 222
-229 -139
3 -115
42 102
-84 -77
110 36
-17 26
6 -32
9 31
-21 -24
3 99
-42 -86
76 59
-96 -21
272 146
-311 -21
288 -104
-221 213
363 108
-375 51
323 -197
-210 311
-18 97
-21 -95
51 77
-86 -50
238 245
-317 -126
340 -15
-305 149
22 -70
6 74
-34 -64
56 46
-91 104
40 -131
19 133
-71 -116
-174 -81
192 2
-177 76
128 -143
-111 -100
142 47
-145 15
129 -75
22 98
-59 -79
91 45
-100 -6
-85 -39
91 -4
-83 38
60 -69
11 34
-18 -26
28 15
-33 -2
-54 103
10 -117
42 113
-82 -83
-91 133
27 -159
43 161
-103 -125
-103 255
-10 -273
118 245
-207 -175
-86 -210
167 151
-217 -76
225 -21
-96 211
-5 -238
100 213
-179 -157
89 307
-206 -241
289 133
-320 -8
6275 9092
3338 7712
996 7293
-1884 6421
6669 -346
5059 1060
3400 1576
1566 -790
-2251 -4127
-751 501
153 5018
25 7444
193 -257
360 -913
43 -1775
328 -1809
-2115 -1863
-695 300
669 551
809 235
-1014 -2596
-93 -1803
-1090 -830
-1425 -496
564 540
216 1248
-327 1229
-120 686
347 240
362 371
-95 -168
237 251
-1 -57
32 -126
-245 -406
303 -708
-364 -484
-647 129
-613 -314
-424 -39
213 -807
-161 -464
473 -1065
593 320
166 -260
175 854
-54 570
-62 903
14 247
59 -71
-126 7
64 -214
198 324
-50 401
154 413
74 569
105 -18
-414 114
-1125 -34
-1259 -6
54 198
89 72
-55 118
-433 352
-142 352
-90 220
35 31
-184 40
-321 -285
-118 -271
-322 -174
7 -435
76 -526
518 38
-211 412
192 131
-720 494
-719 -339
265 110
-108 11
303 -373
25 84
-375 -490
245 -437
90 272
241 -76
36 467
-4 329
381 256
374 301
-214 181
190 -87
-117 95
-120 271
214 93
143 172
-35 -185
-81 149
139 -38
387 646
251 351
-360 322
31 -263
-26 216
155 -348
791 436
237 167
529 -185
441 501
537 321
255 66
379 -10
-34 195
-199 225
-78 181
100 130
-241 356
-118 9
-285 459
-306 -146
-258 12
118 117
-272 477
1 14
133 13
-99 80
-14 -169
-81 18
216 394
-203 108
1 30
-102 -87
-384 4
90 -363
94 45
49 -64
234 294
-199 189
87 158
-183 371
-28 -36
110 -55
31 23
2 -238
3 -15
52 -65
-62 354
50 64
-225 -20
-187 -200
-41 -146
-197 -196
-189 77
-466 2
65 -269
-153 -125
137 -150
-43 202
-25 -391
16 95
-9 -31
237 88
319 71
118 12
-119 -247
13 81
-15 -81
137 8
197 64
-145 273
-11 90
-248 314
-185 -154
113 139
-409 93
182 80
193 53
-76 356
-134 -202
58 74
392 -118
-225 232
246 -151
-220 442
-166 58
-100 -97
-283 -144
-257 -378
-155 -215
-63 -38
0 -143
369 -77
-80 130
-257 228
-29 124
-120 116
-104 269
184 30
158 238
196 -3
-116 -79
-411 -155
-37 -361
63 130
-121 9
-18 -260
-58 80
-128 -251
9 187
-200 -292
95 11
-383 -112
-160 -197
3 -149
-107 -15
18 -133
-88 207
-73 -249
53 261
-172 -212
-32 -486
36 79
-124 -309
307 -78
-93 -99
285 153
-188 -69
244 -61
150 107
-44 -20
301 -3
-74 74
-418 3
101 -257
-269 129
149 -328
-204 -19
154 30
-321 158
-17 -19
196 84
-296 -158
180 -97
-225 160
-26 3
-59 102
-159 -56
-90 -23
-9 265
-48 -134
-29 256
-141 -166
41 191
-8 -171
250 -1
-145 -128
150 -142
-93 90
29 -152
-102 74
-9 -59
-77 91
-182 -13
14 145
25 -501
57 167
-115 -404
260 14
-217 148
186 -283
12 126
64 -357
121 -18
-81 56
74 -19
-27 84
-13 41
-14 42
-68 -3
44 -83
-184 134
-91 -179
44 170
-204 -1
23 -26
-166 144
52 -117
54 -11
-145 283
-166 -87
171 166
-252 136
13 -327
169 92
23 -135
198 74
-159 170
-20 -66
-22 221
-35 -105
176 -95
-268 -13
30 -322
-32 105
345 1
-337 271
247 -209
-68 431
-89 -43
75 39
-161 64
47 -10
4 -98
105 6
18 85
128 36
19 -227
107 99
-137 -164
224 -59
-94 16
6 8
-76 45
33 40
212 -156
-263 201
58 -390
-15 332
194 -163
78 191
-45 -195
128 217
-39 77
-24 72
-15 62
-15 89
-42 96
3 9
29 68
-20 107
299 -335
-21 346
36 -374
227 340
105 170
108 -92
204 264
-174 -129
-136 -62
96 77
-59 102
152 -16
-187 236
-93 -226
-51 226
-248 -174
-322 185
96 -228
-73 214
-69 -269
267 -112
-40 120
121 -246
21 97
21 -106
31 74
-118 -81
40 -50
11 -198
188 153
-239 -31
263 -35
-174 -198
262 79
-128 -39
344 18
108 40
-73 -24
96 -42
-78 122
82 -56
-45 86
9 -96
34 90
-251 -55
252 -51
-209 151
130 -222
25 -196
57 190
-129 -150
181 84
-29 223
-68 -216
145 168
-204 -96
60 41
-76 -12
77 -19
-60 47
-110 71
75 -112
-22 131
-33 -131
227 -177
-133 250
15 -285
101 268
-152 176
71 -223
30 231
-120 -198
59 -54
-31 76
-4 -81
35 74
6 9
-10 -6
11 1
-15 1
87 136
-136 -91
159 25
-159 42
-123 145
55 -181
21 189
-98 -159
-6 -82
38 69
-67 -49
76 16
132 -108
-78 156
4 -171
65 164
100 4
-91 34
69 -69
-31 95
207 -71
-160 148
84 -202
5 218
-60 -197
138 157
-188 -86
206 1
-59 16
47 -37
-28 58
-1 -59
-224 -283
319 169
-364 -23
342 -126
24 -151
43 145
-97 -115
138 68
-316 48
267 -172
-174 267
52 -319
124 101
-154 -43
155 -27
-132 90
92 167
-151 -114
184 43
-185 36
174 -82
-121 142
50 -182
28 191
185 103
-211 -17
199 -72
-154 147
129 186
-194 -116
223 26
-213 65
201 268
-293 -162
337 27
-321 113
-147 31
122 -93
-76 130
13 -151
113 -81
-72 119
18 -135
43 133
70 -99
-22 119
-29 -120
75 97
3417 8105
756 6968
-1543 6623
-3904 5874
4886 1208
3498 1371
1560 -562
1360 -3861
-742 493
152 5031
23 7432
-1304 7768
295 -781
48 -1920
384 -1671
-128 -1725
-574 81
650 796
729 5
368 -504
-401 -1812
-802 -952
-1637 -274
-2590 -385
88 1294
-228 1134
-169 817
539 -460
19 340
227 -280
-12 487
102 584
-337 -494
241 -223
-217 -681
1037 -838
-423 -122
-721 5
-458 -377
-416 24
138 -1061
447 -402
349 -294
740 619
87 779
51 605
-174 917
-588 508
-256 31
120 -212
-68 96
71 -210
83 173
126 672
-11 321
-223 -254
-400 64
-1113 12
-1289 -38
-1028 -573
80 302
-135 -87
-271 511
-1014 125
-56 310
-38 -34
-87 72
-299 203
-460 -231
-25 -349
-191 -155
90 -706
399 3
-86 395
88 195
-438 86
-647 -67
90 -106
140 136
155 -377
120 -80
-399 -295
184 -618
-459 -426
396 -48
-124 499
128 228
70 119
335 318
-183 157
170 -51
-63 -322
-128 108
283 245
13 71
50 571
238 -87
-58 305
423 250
462 479
-7 -263
-48 413
-228 -436
-107 162
518 185
584 282
164 -143
122 -74
465 294
329 60
314 31
261 138
-85 258
-195 194
202 71
61 -285
-26 -62
-341 556
-295 -262
-102 306
98 82
-235 505
-43 7
-93 466
-13 -120
-15 47
-173 -178
-2 -67
-292 82
87 14
-176 -40
-109 -406
-88 -97
150 -272
128 247
310 -175
185 347
-328 175
193 187
-647 552
-147 -56
263 -78
-171 -47
-97 -295
-109 272
-48 -26
191 415
-231 -27
-263 11
-61 -374
-91 1
-40 -413
-380 -10
-9 -221
-101 -200
-133 -264
86 -76
-32 -84
-102 -189
-90 -188
337 257
157 -40
311 52
-23 9
-159 -119
227 40
-129 -1
127 -17
153 384
-331 110
31 164
-315 445
86 -74
-299 281
10 -45
-128 547
-22 224
-128 -53
-7 -48
-172 32
106 144
-13 69
-70 133
2 184
7 -11
-420 -179
-123 -405
-168 39
-308 -187
284 -112
99 17
349 -142
-241 149
-11 205
-163 53
105 187
-102 -133
487 269
-114 102
357 16
-93 -335
-253 -63
139 -232
214 111
38 100
-256 -224
177 -56
-241 96
-51 -375
-9 147
-339 -277
204 36
-140 -81
-6 -143
-25 24
-174 -21
185 -205
-197 325
29 -373
78 338
146 121
-238 -304
408 -127
-337 158
258 -13
-103 71
108 -153
-11 25
205 39
47 49
138 -79
103 116
-342 13
24 -303
53 187
-48 -225
-99 -190
-7 263
-346 15
252 132
-99 67
-88 -223
73 165
-92 19
-305 -220
194 134
-492 -56
197 -129
-145 286
-117 -165
105 180
-77 -212
-10 77
151 -228
33 40
-1 -180
-68 285
-73 -324
60 191
-328 -207
-224 163
-77 -136
-32 303
-247 -198
-51 -94
84 -209
-4 -82
-143 -201
-124 -117
230 -153
-24 -17
188 -185
44 181
-90 -85
149 70
-171 105
-31 3
-36 18
5 -86
-135 7
102 -22
-198 100
48 -38
-23 250
107 -231
-48 339
-42 -465
195 240
-229 133
140 -56
-132 323
71 -238
101 -192
198 98
-52 -62
214 91
-278 323
55 -239
82 342
-200 -186
30 -226
-153 0
3 -265
60 7
-285 -107
352 159
-314 142
255 -187
91 71
-192 35
83 -1
-161 124
133 230
-100 -105
314 166
-310 5
40 -206
50 80
-48 -209
113 -29
11 -26
-60 79
9 19
-32 82
-9 -51
-75 -59
-33 -24
70 11
85 152
-40 -161
107 183
-86 -65
179 173
-240 59
192 -2
-94 298
23 -6
21 95
-23 77
0 51
-169 -97
342 -34
-197 156
179 -214
303 26
-22 241
49 -200
-128 166
-83 160
71 -47
95 175
-4 -37
-89 125
-196 -90
17 53
-212 55
24 -295
20 258
-172 -268
203 152
-62 -110
229 -49
-160 -42
124 -220
121 60
-191 -33
93 -126
-197 46
366 171
-405 21
395 -153
-318 325
364 149
-249 -64
466 -12
-169 202
58 73
-66 -76
88 83
-76 7
41 -32
-25 45
3 -51
17 53
-65 -46
78 13
-78 21
62 -49
59 298
-175 -250
265 151
-301 -34
83 2
-75 29
55 -60
-25 78
103 120
-143 -67
157 1
-146 61
69 167
-135 -125
174 63
-181 15
-103 -95
135 45
-137 9
124 -69
221 200
-279 -94
292 -29
-256 151
38 62
-59 -42
74 10
-71 16
11 229
-104 -203
179 143
-220 -61
55 -311
76 302
-192 -244
274 146
21 -199
61 193
-134 -150
186 84
-49 19
38 -36
-22 48
0 -54
11 0
-7 7
4 -10
-1 12
143 122
-177 -53
185 -21
-158 96
-27 -143
80 120
-123 -72
141 19
-112 -161
166 102
-196 -23
185 -58
148 50
-151 16
137 -75
-87 123
-131 189
44 -226
53 226
-138 -184
229 -41
-191 128
123 -196
-35 231
-127 24
104 -76
-67 112
15 -129
39 27
-47 -9
45 -10
-38 28
175 -68
-133 134
67 -176
10 190
-100 58
65 -95
-21 110
-24 -115
201 9
-188 76
142 -146
-66 187
-20 -32
28 21
-36 -10
37 -5
-21 18
10 -25
0 26
-10 -26
11 -27
0 25
-10 -25
16 19
-287 -107
309 -19
-272 142
193 -243
-140 -6
132 -52
-100 100
51 -134
944 7135
-1776 6547
-3652 5848
-5506 5742
3390 1361
1659 -597
1280 -3788
1156 -6432
309 4743
-2 7759
-1416 7458
-2528 6483
300 -1620
31 -1847
268 -1714
126 -1487
595 648
838 117
221 -562
287 136
-835 -1044
-1568 -204
-2687 -420
-2309 -1220
-214 1350
-270 621
708 -325
1463 -1189
275 -241
-68 466
164 584
406 1431
-28 -624
195 -423
559 -907
880 -446
-825 -96
-324 -326
-555 37
-191 7
538 -765
412 71
533 312
608 775
42 724
-217 807
-507 592
141 791
-124 251
-35 -434
252 281
-154 -137
-66 450
255 448
-516 -256
-375 -891
-989 157
-1467 -126
-829 -565
-670 -425
33 123
-513 385
-749 138
-686 107
106 116
-276 -10
-93 197
-431 550
-236 -434
35 -166
-114 -605
398 -280
183 724
-293 3
-16 104
-614 454
-98 -81
303 33
47 -217
256 -519
-290 -210
54 -657
-320 -448
116 -210
237 203
-77 646
87 -345
-213 45
-371 139
348 -111
-197 -196
59 -625
253 50
117 232
-112 470
213 456
26 334
338 253
538 442
286 -4
55 -145
-93 119
-454 -286
-65 120
464 246
283 -158
21 -10
-200 -91
339 -52
349 133
186 56
32 30
35 355
-73 19
334 -354
204 50
-295 577
-346 -265
-56 286
-116 -207
-268 388
39 104
-205 414
182 155
-28 -61
-114 -89
-87 -130
-58 -429
-81 -279
98 156
-442 -473
414 -130
78 -376
232 314
187 -190
374 13
1 -114
8 586
-641 113
425 460
5 -81
67 -153
-273 -99
36 -321
109 227
-55 249
63 24
76 133
-187 -19
-118 -375
139 -87
77 -303
123 -161
-249 -198
4 -328
-51 -12
125 23
-283 -227
91 -232
-248 -18
257 22
193 31
91 -25
285 -150
271 333
-291 -256
373 146
-313 8
-244 94
-33 214
-273 374
141 45
-221 191
-25 67
-146 433
-222 -68
-52 37
-111 -103
-53 38
-182 66
32 -57
-61 265
-60 67
-13 -8
-527 -335
37 -305
-353 13
96 -295
31 -304
408 88
39 -77
572 68
-305 87
146 40
-175 322
184 7
253 -45
222 295
-31 -23
201 207
-253 -261
215 -48
66 -24
268 0
48 -87
-160 -61
67 -37
-19 39
32 -262
-214 111
-66 -263
118 175
-23 -71
-34 -49
-136 41
-35 -74
-80 -91
97 53
-155 -24
262 4
107 -257
73 -29
-68 -69
170 112
-271 -61
312 -103
-225 63
105 -322
153 -23
70 30
123 -9
111 -19
-351 -254
379 -9
-265 87
216 -123
-347 -134
126 236
-265 126
220 -67
62 127
-204 -91
268 139
-34 45
-22 -148
-178 115
-157 -154
-16 84
-127 254
-52 -207
228 81
-82 -185
56 53
8 -256
142 76
-212 -66
-184 -10
32 -145
-168 83
-62 -337
-205 -19
32 142
-243 -25
117 -82
-74 -253
162 -104
-284 -108
-1 -225
203 -300
57 110
62 -269
224 148
161 -105
-70 196
-19 -99
-4 156
-3 56
-39 -113
-87 14
-239 30
37 -5
-122 154
55 6
-36 114
-13 -41
74 -107
-64 -42
67 -140
-85 -35
65 212
-65 -56
29 -105
323 124
-174 -40
318 18
-277 126
-114 133
89 -64
-35 189
12 -147
-176 -110
70 -169
-37 -51
47 -176
-170 40
207 39
-184 122
129 -213
-44 83
-64 16
-31 48
-4 41
65 219
34 -60
40 96
-154 19
-65 -101
131 -86
-101 -63
128 -18
-53 -53
58 142
-120 -8
77 43
-272 -85
158 -84
-83 141
55 -268
197 117
-224 32
277 -61
-282 179
181 -252
-62 459
-48 -226
358 379
-78 -5
107 130
-142 62
12 0
30 96
33 -89
75 104
-50 -186
56 -3
75 53
-255 -52
-11 -66
60 -93
122 205
-45 -49
159 27
-173 119
-97 -120
-35 171
-73 15
-316 -88
274 -93
-275 171
71 -162
228 -23
-174 -68
148 -200
-149 31
113 -16
-190 -16
18 -170
-84 109
56 -25
-5 78
-47 -49
92 238
117 -157
173 227
1 -135
158 158
61 -9
-56 77
59 -40
-104 123
63 174
-129 -138
171 76
-184 5
-69 -1
60 -24
-49 50
22 -65
195 -334
-41 386
-118 -365
258 282
159 -111
-105 168
27 -194
55 191
74 -5
-65 37
45 -62
-17 72
-70 149
1 -163
63 151
-117 -112
-283 -106
304 -19
-273 142
189 -240
-66 469
-131 -459
310 361
-428 -204
47 160
-107 -129
150 73
-164 -4
127 116
-166 -54
173 -20
-152 88
137 -201
-41 239
-61 -232
151 191
39 81
-68 -60
87 26
-91 12
-25 79
-8 -79
41 68
-66 -45
44 8
-47 10
38 -27
-19 38
182 141
-223 -53
227 -47
-188 133
-8 208
-75 -194
145 146
-194 -72
181 21
-173 56
137 -121
-75 164
-12 80
-26 -81
52 63
-73 -35
-12 47
-6 -50
27 45
-40 -32
-262 56
216 -161
-135 233
23 -270
-60 35
41 -57
-13 69
-16 -69
-159 52
121 -111
-65 153
0 -169
-70 50
44 -78
-11 85
-23 -86
-347 90
280 -224
-165 323
20 -361
28 96
-68 -72
91 38
-100 5
0 -78
32 73
-59 -55
72 26
-334 135
248 -261
-124 340
-25 -362
150 -47
-116 97
68 -139
-4 154
-20 279
-94 -265
198 200
-258 -102
-203 209
98 -273
23 290
-138 -256
-1709 6631
-3754 5796
-5399 5745
-6843 5267
1746 -585
1199 -3762
1216 -6485
1654 -8148
-142 7522
-1194 7617
-2792 6426
-2790 4707
308 -1904
33 -1545
270 -1738
306 -1297
819 291
169 -732
408 268
483 1761
-1887 -318
-2348 -444
-2608 -1059
-1585 -2237
-215 757
602 -425
1599 -1147
1949 -1580
50 -82
282 1129
78 979
677 928
66 -777
815 -637
534 -588
518 -529
-438 -180
-508 -142
-157 188
-145 870
310 -193
738 511
338 671
772 293
-365 780
-362 556
19 879
280 749
24 62
-3 -147
254 149
3 282
-89 269
-123 -230
-743 -754
-60 -626
-1294 85
-1074 -684
-397 -412
-373 -22
-95 382
-1120 314
-416 -206
-501 652
-71 345
-429 -44
-27 635
-410 546
-160 -245
95 -610
211 -194
0 -584
-28 44
-272 179
-414 286
72 931
51 189
214 -464
206 -231
-361 -546
186 -310
-580 -710
457 -83
-17 135
213 483
-112 -81
-138 -280
-238 -133
-292 8
335 -568
-278 -64
97 -563
21 82
47 567
29 425
143 404
252 596
475 95
485 284
200 -170
-214 -101
-254 -140
-308 63
-149 -193
351 -162
-39 19
-160 -145
-280 162
87 -22
488 95
-257 120
80 -89
125 -135
213 -135
223 -200
230 -2
-222 -2
-276 100
164 -125
206 -282
-82 127
-105 343
118 265
298 170
237 -302
-326 212
21 -839
92 86
-95 -69
-172 -347
119 -137
-134 -228
246 -38
318 133
118 -228
123 -184
-22 254
-478 406
163 257
65 471
-192 -342
40 -30
-275 -261
257 -321
187 203
-143 164
201 -80
90 46
-212 -97
109 -375
223 -49
19 -185
-184 -264
-28 -239
-59 -109
51 25
-215 -44
-49 -367
-65 45
98 -205
292 120
-37 -61
417 -163
-171 206
161 -57
-120 149
133 -199
-86 101
-219 133
-72 377
-43 127
321 282
-232 198
-7 225
-265 176
4 -36
-22 -164
-109 130
-174 -42
115 -15
104 287
-218 115
105 -119
-198 392
-94 -298
-235 -48
15 -192
-37 86
328 -266
254 215
258 -106
234 206
43 24
-74 291
105 74
113 427
287 85
-3 193
93 22
-22 260
-251 -377
628 83
-286 133
482 -285
146 130
-287 -81
321 -64
-297 172
-48 68
-202 -161
199 19
-119 123
-22 -378
-16 345
-269 -297
171 126
35 -189
-1 174
38 -110
126 60
308 -120
-247 105
256 -120
-83 272
117 -72
-53 -51
-7 -150
-51 -167
-2 -356
344 306
-225 -218
469 17
19 -53
87 -20
-61 114
-1 -5
-185 221
26 12
5 155
90 -112
84 202
-112 -11
376 25
-3 -26
8 -97
-238 117
-41 -198
-123 366
358 -72
-199 117
291 -399
29 262
-53 -105
141 -83
-139 78
-46 -117
-44 -230
-62 131
-180 -337
58 71
-230 67
28 -66
-117 61
-47 -125
-30 -213
-61 -92
-212 -151
-130 11
-101 -75
280 -170
-18 148
55 -166
72 -49
-46 174
-87 -107
-24 96
33 158
-256 -204
5 160
-384 -88
-278 -52
281 134
-295 93
183 -248
4 -43
-22 -127
64 -40
-149 -101
-212 137
216 -99
-208 48
83 -256
87 52
37 40
-33 -7
-80 104
367 194
-402 71
393 -194
-276 288
248 -37
-255 -99
265 -223
-93 242
-175 275
65 -252
57 228
-106 -255
-137 18
39 18
-57 98
82 8
253 143
-243 -1
141 -11
-125 222
-57 48
12 -266
104 213
-111 -213
-190 38
145 -18
-164 161
72 -198
-142 -74
192 8
-140 -37
166 -65
191 -21
-80 157
-41 -163
4 245
-171 52
216 101
-19 189
136 -28
169 -118
-100 308
-129 -203
149 186
30 97
-4 -68
96 -61
-47 -38
166 -125
-266 151
-81 -254
-49 61
-115 77
228 -32
-100 117
71 -172
-266 69
40 -75
-47 267
-37 -182
-280 -15
195 -121
-240 301
-7 -141
143 -220
-80 67
-56 -306
2 48
-154 -267
85 70
-247 -86
119 -7
49 -63
-41 105
23 98
98 110
208 147
3 -49
121 78
-83 78
-174 147
138 -152
-128 251
-12 -161
-72 -95
103 58
-116 -11
113 -38
21 169
-88 -146
142 94
-165 -29
255 35
-249 70
197 -167
-114 233
155 -141
-86 192
5 -207
82 191
83 -157
-12 179
-62 -172
124 130
57 -193
22 198
-101 -176
162 115
-127 3
116 -56
-81 98
34 -122
-67 30
49 -54
-24 67
-5 -66
10 -68
13 64
-39 -53
57 32
161 189
-224 -113
253 11
-232 96
80 -56
-51 85
11 -95
29 96
-154 151
82 -203
13 215
-96 -194
22 132
-77 -110
114 70
-132 -19
50 77
-78 -46
93 12
-88 29
229 78
-240 26
209 -121
-143 191
-1 9
-5 -7
7 5
-6 -6
-3 16
-4 -18
14 12
-15 -6
159 -152
-86 207
-4 -221
96 202
34 229
-125 -196
196 128
-229 -40
70 314
-195 -255
281 155
-318 -28
-350 118
271 -251
-146 342
-6 -368
-78 152
8 -169
59 159
-122 -122
-200 -54
203 -31
-171 115
112 -174
51 243
-148 -201
219 125
-247 -24
-150 -100
177 26
-173 47
137 -114
-47 -49
61 28
-66 0
60 -27
184 48
-187 34
159 -108
-102 165
-89 -207
166 151
-212 -70
220 -21
77 89
-109 -51
123 2
-109 46
257 -45
-216 148
137 -226
-34 260
-3557 5921
-5625 5717
-6627 5201
-7513 5498
1153 -3596
1192 -6660
1746 -7997
1937 -7611
-1256 7879
-2846 6163
-2636 4927
-1247 4419
127 -1787
281 -1480
186 -1524
348 -1224
326 -764
272 365
565 1617
1533 2850
-2455 -397
-2528 -1145
-1625 -2124
-842 -2502
586 -354
1586 -1214
1988 -1524
1817 -1309
88 976
316 1040
438 974
317 180
469 -745
895 -633
204 -344
20 -447
-520 55
-230 5
-6 1006
-165 1020
322 668
653 361
610 709
470 286
-434 537
94 867
212 793
375 602
-65 -85
286 67
6 374
65 161
-317 -325
-530 -743
-258 -545
98 -1039
-1004 -420
-576 -632
-128 101
4 -96
-776 354
-746 -102
-242 423
-547 221
-324 383
-296 288
-18 749
183 464
34 -343
153 -463
157 -364
-128 -332
-322 73
-321 358
-41 902
-248 899
129 -342
235 -374
-328 -404
-139 -735
-425 -483
225 -222
258 167
171 -242
-170 -53
-98 -334
-254 -67
-33 -590
83 -227
-180 -481
178 -141
-596 -78
68 454
55 541
75 312
-57 521
578 320
305 118
434 -93
-44 -185
-230 -303
-264 225
-256 -320
-131 41
56 -80
-211 -12
-286 24
-231 80
191 9
45 81
-181 74
-311 267
272 -431
292 94
47 -242
91 2
-119 -36
80 64
206 -484
564 229
-59 234
121 381
248 66
396 611
183 -42
-341 -398
245 -461
-255 38
71 -527
-31 130
-111 -539
-110 47
229 -262
367 99
-237 -380
389 -263
-491 111
292 524
-163 277
281 223
-292 -342
153 -108
-194 -285
272 -31
-276 101
359 -77
-53 103
188 -314
173 -229
105 -156
172 -133
184 -42
-236 -361
187 -80
-184 97
212 -196
-123 -122
-91 -206
226 15
87 -267
45 252
215 -417
124 355
-11 -379
-90 -209
251 143
-341 -161
386 128
-179 476
12 -8
322 426
38 149
-366 256
52 0
-210 257
39 -138
169 159
-435 45
322 -205
-344 145
226 -48
-233 212
-26 -46
308 167
140 -293
-229 186
30 -358
127 318
146 341
301 -267
254 375
-353 -48
-76 -67
253 405
-161 185
321 129
-103 331
127 -144
13 430
-203 -38
160 -11
176 30
99 1
77 66
68 -59
-14 62
-43 -78
20 293
-286 -58
231 -104
-97 250
102 -210
18 -101
-116 127
-145 -200
-61 113
93 -22
31 107
38 -140
73 262
71 62
-13 50
94 5
-3 0
-91 -153
69 -69
-148 -208
54 -201
107 -11
129 -22
72 -15
151 -83
-320 -74
342 0
-317 259
104 -247
-17 46
27 108
87 -60
312 -112
33 182
164 -89
237 -7
51 -158
56 -137
-211 149
-115 -22
9 317
90 -32
88 -145
106 -58
111 -157
220 37
-261 -1
93 -94
-119 271
-8 -53
-155 -147
-36 -91
-74 -17
-103 -36
-7 -27
-109 -4
-54 112
-93 -214
-130 -49
-241 -49
-75 -51
197 13
-16 -54
132 22
-82 81
156 166
-273 -12
100 -65
-137 289
-175 -39
-138 39
-207 -32
-82 25
51 148
-91 -22
40 -67
26 17
-46 0
31 -172
-65 5
-62 -23
-33 -250
87 86
-198 -169
210 -151
73 260
-159 -193
107 222
-211 -142
-22 26
60 0
-60 -25
78 -53
175 -117
-125 -31
184 -88
6 126
-141 -275
258 160
-265 -112
289 -167
158 70
-188 104
203 -50
-25 259
-96 42
-10 15
11 139
-20 91
-16 -36
37 -9
38 -35
-22 56
170 -135
-136 275
3 -297
87 169
36 34
-6 -124
78 65
102 -2
33 92
-125 -56
36 120
-132 -52
-51 29
258 144
-102 128
218 -66
-211 -178
171 190
-290 -51
270 -14
43 -131
75 17
-62 -115
87 10
-174 -142
-39 53
-207 -195
139 41
57 -41
64 57
-48 -47
61 45
96 169
-197 69
183 -60
-180 49
-24 50
-107 53
-25 148
-87 162
-24 -26
-66 -196
-26 -54
-125 -104
-214 -37
71 -108
-164 142
51 7
149 10
-111 262
152 -92
-25 301
-133 45
210 -67
-105 248
9 -215
26 -227
3 278
-144 -130
248 135
