0 -4
1 1
2 -1
-1 2
0 0
0 -2
-1 -1
0 0
1 1
2 0
-2 -2
-1 -1
1 0
0 1
2 2
-2 1
-1 -1
-1 -1
0 0
3 2
-1 1
4 -2
1 1
-1 2
1 2
-1 2
-2 3
3 -1
0 0
-1 -1
0 -1
-3 0
0 1
-1 -1
1 -1
-1 0
2 -1
5 1
3 0
1 0
-1 0
0 0
-1 1
0 1
2 -2
-1 1
-1 -1
1 -1
0 1
0 -1
0 1
0 2
1 -2
-2 1
1 1
2 1
1 -1
-1 -1
1 3
0 0
2 2
0 -1
-1 -2
2 4
-1 1
-1 -1
-2 -2
0 0
1 0
3 3
0 0
2 0
-1 -2
0 0
0 3
1 1
-1 1
-2 0
-1 0
0 0
1 -1
1 1
0 4
-2 1
2 0
1 1
-1 -2
-4 2
-1 3
3 -5
0 2
-1 0
-2 0
0 -1
-1 2
1 1
-3 0
0 1
-3 2
1 -1
1 -1
1 2
-1 1
-3 1
1 1
0 2
3 -1
1 1
-1 -2
2 2
0 1
2 0
3 -2
0 2
2 0
1 2
-2 -3
-2 1
-1 -1
4 1
6682 -9952
3824 -6980
-42 -3924
-2954 -697
3526 10639
2340 10842
1144 10022
5 9064
1120 -2101
2776 -1634
3546 -2209
2462 -1412
556 -1520
2475 967
4282 2890
5608 3513
-138 469
-584 615
-194 228
-121 400
-1278 -473
-395 -1191
-405 14
-1020 112
554 105
-198 794
-832 624
-658 870
1046 -217
212 -985
-83 -985
-488 -1225
-119 -68
969 597
684 1471
606 653
16 -392
-365 278
-857 303
-213 483
-42 -198
-325 -133
-175 -393
-109 -28
155 1040
91 726
-263 281
-255 -219
119 -494
468 -930
405 -468
276 -499
218 663
-159 598
-303 231
-315 430
550 1238
-20 165
12 311
-592 -275
-642 -318
-638 -37
-392 7
-380 -45
418 342
389 380
611 271
1094 78
-278 -268
-456 121
-538 368
-276 715
-40 311
-21 -71
273 149
-364 -114
130 -641
-45 -426
-511 -866
-366 -708
296 -713
-409 31
167 -1030
724 -19
24 -479
80 114
-309 108
-48 154
-106 170
262 -168
340 -42
309 -600
-10 -256
356 -44
295 -84
37 -89
57 251
32 516
262 -41
364 -235
109 -88
61 124
205 87
52 161
437 -7
167 -109
126 57
-84 571
330 180
109 135
221 -288
-96 94
-214 -119
92 -111
-139 194
16 -332
-217 353
-202 351
281 -1
-211 593
-340 37
-397 2
40 -149
-358 83
-378 -18
219 -67
-69 174
70 -252
-602 41
123 339
-643 558
-146 -36
-293 -93
-144 -211
-75 54
-324 -224
36 -108
186 -205
254 -103
282 -372
108 334
-69 -225
273 -85
-219 -250
-326 -189
298 -108
-152 -93
186 55
142 -113
195 73
127 -39
133 156
-140 454
-178 -282
156 388
-372 -110
184 -39
107 120
115 88
223 192
204 -47
-525 503
-97 -339
-200 433
191 162
-90 -38
142 97
-190 155
-319 3
-382 -27
-210 51
-390 -8
-58 -2
-6 301
-54 42
23 219
-344 -78
362 156
-513 273
47 -43
23 297
-94 -40
211 147
-157 306
-136 -56
214 -149
34 23
286 -35
-358 -339
12 -5
50 -65
333 -305
-3 194
195 -12
-115 160
-150 -216
56 -18
295 160
50 105
331 192
341 -476
-84 28
72 -398
63 184
26 -201
143 259
-98 -183
213 -61
-107 127
-111 -135
-157 -151
-195 -97
-149 515
-154 -389
25 404
-732 -334
-7 -105
72 58
125 -136
20 252
44 -17
-206 -233
368 -152
3 79
229 -417
172 200
-51 -258
310 161
60 140
120 -247
7 107
-56 -66
166 251
-192 21
159 -37
-81 205
90 -160
-40 335
26 -82
41 221
152 195
-102 -228
281 47
-94 -119
175 437
-224 -57
332 -58
-161 63
-36 -65
-84 157
-64 115
65 160
-342 93
132 -94
-247 324
-151 -185
98 95
-87 -148
175 -35
44 3
-27 23
-19 286
-113 60
180 131
-93 -298
165 173
-298 -239
250 -24
7 33
109 -119
163 57
40 27
-76 -14
70 -175
159 38
26 -192
124 -145
-267 -221
136 -152
-168 106
-282 -186
333 -154
-320 268
68 -151
-345 -90
76 -4
-321 102
-1 -205
87 -207
124 213
-68 -42
75 54
354 -186
-70 164
85 -326
104 124
-70 348
-42 -207
-4 265
-208 -187
86 166
-68 -73
217 54
-172 2
-27 -16
-123 -262
59 42
-206 -128
71 35
105 228
121 79
139 120
164 159
-257 92
96 -166
-178 149
-233 188
66 -252
56 279
-84 -219
-287 180
138 -351
78 144
-53 -425
-282 -101
414 101
-316 209
223 -205
63 -120
23 116
-30 -104
-11 157
-1 -109
-121 -4
-38 -99
-137 31
-16 148
-100 -120
34 83
-108 -26
-89 -176
38 11
-147 -132
216 -13
135 26
80 128
-11 96
55 75
-264 268
-172 -242
37 183
-259 -226
-157 -243
191 -61
-288 -156
150 -245
-5 -293
13 165
-146 -168
170 110
-212 -308
64 135
-272 -77
188 -123
33 345
-113 -242
284 341
-257 -122
-227 63
-33 -63
-50 140
-95 -69
171 -182
127 324
-96 -117
280 147
-167 287
42 -269
84 269
-191 -247
-215 -65
223 -28
-194 120
130 -187
-190 -100
216 12
-202 77
153 -155
88 128
-136 -82
153 24
-147 44
-5 168
-62 -157
119 118
-162 -59
-60 148
-10 -164
73 142
-125 -102
-171 35
138 -101
-86 151
16 -171
154 83
-178 -13
166 -60
-125 124
-78 -64
100 22
-101 20
86 -58
29 -12
-21 24
8 -29
2 32
31 69
-52 -53
70 26
-76 10
257 103
-280 14
250 -123
-174 216
-140 -190
204 120
-233 -26
221 -76
174 232
-256 -139
290 23
-275 97
69 78
-98 -43
110 1
-99 44
-84 181
4 -198
78 183
-145 -137
-71 7
63 -35
-43 56
14 -68
-141 160
60 -205
26 213
-111 -186
-6 -92
42 82
-74 -56
88 21
52 378
-201 -324
313 213
-376 -67
-8 -110
54 98
-87 -65
110 26
-19 151
-43 -146
97 117
-136 -64
-247 159
163 -249
-42 294
-79 -283
153 -110
-90 163
17 -187
59 179
159 67
-170 4
153 -73
-111 126
-95 -112
133 64
-147 0
138 -62
2 -66
28 62
-48 -44
60 20
189 41
-190 39
157 -110
-100 167
-168 264
45 -313
83 303
-199 -241
2 -82
29 77
-57 -57
76 30
-52 362
-102 -351
235 278
-331 -159
3664 -7167
181 -3823
-3195 -697
-6238 2812
2517 10885
962 10058
156 8960
-899 7698
3078 -1781
3330 -1955
2559 -1731
13 -131
2392 865
4400 2944
5477 3511
4315 2709
-261 547
-463 419
45 112
202 688
-405 -944
-499 -214
-835 287
-717 1165
-106 467
-778 961
-838 583
-110 127
333 -984
-197 -939
-408 -1316
-124 -1132
831 664
786 1355
560 800
267 336
-392 116
-761 442
-348 397
-258 -76
-520 -573
176 -74
-560 -177
156 -457
92 671
-244 326
-286 -254
-313 -253
651 -748
156 -558
535 -519
70 77
-202 699
-308 116
-269 528
-487 456
127 607
-305 -40
-166 -85
-537 -875
-872 139
-245 -254
-405 250
-559 -610
214 136
877 425
792 43
934 -79
-800 78
-210 271
-536 940
-66 440
-81 201
217 -124
-198 109
-236 360
81 -498
-595 -753
-340 -852
-584 -131
-246 -337
169 -627
554 -388
45 -252
-32 -276
-50 414
-415 -15
-106 136
238 -232
388 4
243 -632
474 -413
308 -222
415 56
-128 -168
-117 482
122 333
252 167
290 -429
287 -182
135 85
151 148
75 83
223 259
203 118
3 -129
102 695
-280 356
198 4
201 -132
-138 -57
262 -385
-169 163
-13 -161
45 49
-449 43
-336 277
432 11
-354 642
431 -321
-359 23
-5 -162
-318 73
-204 73
0 -248
204 248
-204 -208
196 -292
-250 379
-322 368
-359 274
-188 151
-306 -106
31 -113
-354 -23
-193 -100
240 -272
231 -14
272 -458
311 -169
25 -211
173 -60
-146 -314
-70 -407
-14 -26
105 -296
33 345
37 -356
236 42
108 8
136 107
14 -204
-18 79
-136 125
2 9
-165 -12
49 -108
263 274
10 83
310 178
-315 193
-164 28
-288 67
-166 -53
-95 -103
175 156
-241 114
11 43
-119 160
-526 -14
-78 -77
-245 321
74 159
-69 207
-28 63
23 476
64 284
-294 29
-56 263
-219 -19
-134 -116
277 198
-243 289
332 -30
-101 -273
373 4
-15 118
337 -288
-267 96
268 -278
222 -24
111 -243
150 195
-154 -52
-28 -47
-325 -4
452 292
-147 50
537 167
-146 319
196 -154
-117 -116
114 -149
-83 246
-14 -17
158 3
-96 -123
265 -40
32 -225
-253 -10
-171 -262
-195 -55
-112 37
-184 33
-390 -82
-198 -141
105 60
86 -125
48 227
120 -36
102 -52
8 -197
349 -25
-22 20
89 -115
150 -5
24 10
-97 -106
405 -73
-327 69
261 -157
-339 381
-143 100
81 -87
12 222
34 -172
4 439
-65 -160
152 256
-256 55
92 -15
21 -66
198 -120
-5 -60
0 -7
100 -14
32 -71
224 -228
-202 17
104 203
-122 147
18 64
-115 26
-70 110
-220 80
-52 -31
86 -260
66 142
74 -199
307 -54
-102 99
37 199
-17 62
26 32
-39 -128
12 -40
-109 -77
-43 86
18 49
176 -131
116 209
-69 41
72 48
65 -172
199 -40
-22 -113
-185 -435
143 83
-273 -104
132 16
78 165
-215 -124
137 245
-196 147
-147 -2
-121 2
-137 -30
-21 -33
-148 -90
308 124
-336 54
96 -121
-4 42
77 -192
59 -2
-55 -65
-49 67
-108 17
-14 0
-129 22
164 -93
16 167
-33 -185
113 263
-2 -74
-128 -86
16 -86
-180 -38
123 160
136 152
98 56
90 111
-22 109
-121 -92
-5 -13
-18 -109
-248 185
165 -246
36 302
-77 -229
55 78
-13 -283
204 -81
-80 -126
87 90
-16 84
1 34
44 106
134 135
-139 -71
80 83
-233 159
132 -192
-190 177
-113 -282
0 287
205 -191
-220 268
47 -298
50 177
88 -172
-118 57
109 -175
54 223
277 58
-159 238
136 -122
28 252
-235 17
-11 -82
-103 -9
33 11
-4 -227
-42 -84
-103 -206
14 -36
3 -96
-36 64
-28 -58
47 -30
-200 -157
92 82
-208 -120
132 -59
7 161
8 19
129 54
-152 -7
-236 -2
111 9
-185 122
22 -110
139 184
-49 14
184 45
-100 16
-80 -29
99 3
-95 2
161 -153
99 -44
-71 81
32 -103
11 102
130 -311
11 334
-146 -302
257 216
52 34
-63 -7
60 -19
-46 42
-19 42
1 -48
19 41
-38 -33
-165 116
108 -178
-24 208
-59 -197
-125 -118
165 55
-171 16
148 -86
-32 -215
116 181
-182 -120
215 36
-253 142
172 -230
-63 281
-60 -285
-4 261
-101 -243
188 180
-248 -85
38 0
-37 18
25 -31
-5 37
-124 108
72 -145
-4 162
-66 -152
19 149
-76 -135
126 88
-150 -28
305 -23
-267 147
185 -243
-70 299
-55 40
35 -55
-7 65
-20 -67
78 39
-88 -5
80 -30
-59 66
45 337
-180 -289
283 191
-334 -55
-105 -11
102 -35
-80 74
41 -101
-117 36
90 -85
-52 115
-1 -123
157 185
-221 -102
244 4
-224 95
14 -13
-9 21
0 -22
11 17
5 127
-56 -112
94 79
-117 -36
-430 34
377 -204
-257 340
97 -419
-93 162
18 -182
56 172
-125 -134
-44 -10
45 -12
-35 27
20 -39
267 45
-262 65
211 -166
-126 241
62 -84
-23 104
-23 -104
61 86
-54 -177
119 139
-170 -77
182 2
25 -40
-7 45
-15 -48
32 37
17 37
-31 -29
42 14
-41 5
12 119
-57 -106
99 72
-116 -26
248 -4009
-3179 -498
-6337 2640
-8994 5860
1199 9830
32 9268
-916 7367
-877 6171
3552 -1655
2234 -1913
383 -91
-1908 1866
4600 2711
5393 3805
4274 2399
1809 1412
-539 63
261 413
-117 504
831 976
-713 -439
-554 405
-1024 1176
-34 942
-534 1031
-1098 628
105 -11
64 -813
-236 -1128
-294 -1163
-292 -1227
-813 -1053
985 1254
419 975
322 119
-133 127
-626 411
-462 481
-187 -199
-115 -848
-244 -435
-26 -19
-396 -382
60 -180
-270 232
-226 -182
-404 -299
-241 -649
412 -518
281 -446
274 -91
167 -218
-412 392
-288 237
-352 714
35 478
125 -154
-514 192
-336 -1275
-42 -738
-541 235
-337 -316
-387 -69
-444 -646
683 247
1037 127
674 -49
656 -53
-832 349
-5 616
-424 954
19 197
96 -3
-136 -51
-234 533
235 749
-535 -893
-332 -691
-657 -271
-403 -487
316 -664
439 -292
114 -389
194 22
107 181
-460 257
-173 -136
-76 27
385 -245
344 -402
286 -582
-84 -370
371 -31
-56 -105
-212 451
-129 490
334 43
267 -280
251 -324
320 -256
106 226
79 -4
251 343
129 189
3 -36
67 605
-214 419
26 223
-37 -83
54 -201
147 -176
-290 -161
149 -184
-90 133
-362 -91
-109 147
85 272
-143 264
392 111
-291 30
159 77
-560 -78
79 110
-467 232
-43 -77
154 -14
-213 -322
-45 -611
-287 213
-327 431
-285 25
-129 -118
185 -30
-531 -37
-27 -162
30 362
172 -250
423 -269
95 -283
405 -266
314 -202
-211 -123
-84 -609
-13 -114
192 -179
-100 270
185 -343
-176 -3
129 -38
138 155
-8 -249
43 44
-70 323
-137 -146
31 71
-257 -349
70 318
170 -40
214 354
75 -38
-370 133
-147 -105
-230 167
-69 -273
-160 202
48 -66
-176 319
-100 -206
-510 -40
-82 -41
-254 286
-195 19
92 -26
-84 344
-39 198
97 155
-409 136
6 122
-218 136
-250 -211
260 333
-283 155
421 77
-118 385
57 190
194 -183
270 77
81 3
238 21
122 -309
315 -25
-9 -117
-67 28
-138 -80
-211 -21
-172 -124
290 344
15 69
367 196
-154 122
69 9
-104 -190
134 189
-150 133
41 277
-98 -424
387 232
-197 -50
-185 -189
-155 -74
-282 -225
23 26
-123 -85
-401 52
-244 -270
31 44
-42 -2
112 59
130 142
84 -106
243 -37
72 -74
255 -48
-154 156
208 -44
-16 74
-93 -178
-132 -30
17 269
-128 -206
38 259
-307 147
-28 61
52 39
72 7
184 -46
105 99
-102 86
51 105
-22 26
249 -70
-17 -28
151 -232
-8 10
-183 -218
374 -4
-118 -154
158 -211
53 375
-144 -31
109 217
-201 202
-210 182
-117 -38
-94 125
-208 -213
397 -236
-74 277
247 -552
254 153
-240 -30
330 162
-331 90
200 -182
197 -105
-251 58
26 -100
-288 280
388 45
-157 128
208 5
-154 270
6 -12
190 -212
58 31
-74 -136
-138 85
-19 -222
-53 233
-218 -107
73 189
-259 75
235 141
-202 218
-253 -124
38 29
-208 -17
-30 -150
185 -6
-170 121
-82 -116
39 111
-32 -43
95 -180
-20 116
64 -25
-79 -86
5 102
-186 -63
121 30
35 43
-4 -61
35 159
-62 -50
-41 -15
-91 -118
-69 -56
-40 -95
328 227
-109 70
279 16
-152 60
11 -73
-140 23
81 -201
-47 -30
35 65
27 -38
68 79
-74 -41
-135 -271
319 -141
-156 -27
195 -196
115 232
-183 -49
244 104
-131 27
-305 -188
275 123
-430 204
263 -102
-105 -77
-83 -12
-138 53
25 91
-220 86
127 -134
-90 57
27 -248
-124 -173
214 36
-125 77
75 -62
45 259
-57 -61
179 116
-169 -26
-91 65
-95 -169
93 165
-119 48
-54 -54
-103 -239
26 -4
-97 -104
1 -56
-8 61
-17 -138
82 30
17 139
-165 -202
124 38
-185 18
114 103
-4 22
-20 -36
3 -17
39 -52
-104 146
-66 -94
-9 43
194 112
-80 55
139 -101
23 129
-140 -23
131 -71
-17 5
136 -148
-142 -100
175 36
-172 39
139 -104
-47 -12
51 -7
-38 27
28 -42
126 -102
-70 147
6 -162
61 147
164 -64
-124 130
60 -169
14 180
-13 -23
20 16
-23 -9
27 -5
-31 -235
126 206
-199 -139
237 44
-148 80
102 -131
-38 162
-31 -164
246 106
-270 2
248 -115
-176 206
-49 98
3 -108
39 102
-78 -74
-11 -116
58 105
-94 -69
114 23
-175 46
139 -113
-83 159
10 -175
-17 110
-32 -106
74 83
-99 -49
175 -213
-73 268
-44 -274
151 235
-171 89
120 -152
-50 189
-34 -192
-183 86
131 -154
-60 193
-28 -202
-54 29
34 -47
-14 61
-12 -61
-2 41
-14 -36
28 29
-36 -15
-59 238
-39 -242
134 200
-209 -132
10 -167
61 152
-118 -114
154 58
141 -273
-19 305
-109 -289
215 216
-155 -320
273 231
-341 -98
353 -51
197 -203
-90 266
-27 -281
137 246
148 -35
-121 92
72 -135
-13 155
181 -95
-122 161
44 -196
39 197
-55 187
-27 -194
103 161
-163 -108
-32 -88
64 65
-88 -33
94 -6
-60 -56
85 27
-87 8
74 -42
160 18
-155 52
120 -111
-64 149
57 -130
1 144
-62 -129
107 96
-92 -13
89 -30
-69 62
39 -82
-3045 -371
-6514 2576
-8806 5847
-11512 8458
-24 8800
-667 7775
-1265 5901
-1040 4236
2486 -1823
118 -76
-1671 1737
-1483 4380
5436 3523
4344 2677
1624 1188
-799 552
-68 418
183 369
617 1226
405 1199
-784 429
-823 1059
-167 1130
423 496
-784 761
-224 -11
373 -949
422 -1601
-133 -1091
-471 -1225
-647 -1129
-1859 -729
574 948
192 210
-53 -6
-269 226
-403 343
-188 -48
-175 -981
-48 -1253
-262 -248
-89 -269
-267 -160
261 -189
-209 -104
-452 -355
-173 -619
-277 -1147
420 -509
173 21
216 -361
508 -234
-517 426
-222 449
25 773
618 503
-313 -180
-360 -854
-191 -1132
179 -655
-359 17
-505 -384
-208 -408
-392 -375
932 13
818 14
503 -57
462 -238
-412 897
-161 533
-47 688
-87 113
-328 -85
-38 487
79 872
500 213
-463 -563
-595 -444
-387 -307
-505 194
641 -732
109 99
-1 -428
360 413
-188 118
-366 106
2 -275
383 -273
259 -242
299 -760
-20 -199
-242 -601
101 -143
-337 556
-56 345
-223 478
565 -436
43 -63
405 -581
137 180
127 -145
272 492
52 63
827 198
109 356
-148 667
-133 30
287 618
136 -142
44 -199
-189 -184
60 -70
-215 -25
-184 -1
-312 143
-261 -208
-60 221
333 184
-265 -60
-126 345
-81 -83
-352 312
-152 -122
-298 132
-239 -8
140 -490
-307 -312
-138 -797
-444 176
-72 208
-396 -204
111 -144
-343 -242
-115 106
3 84
168 140
189 -384
358 -278
163 -173
335 -199
138 -205
-370 -392
167 -425
-117 40
7 290
79 -315
-93 -75
-125 166
66 -42
136 -98
-153 -34
143 -107
-47 250
-214 -254
102 -152
-295 -226
-66 -10
419 233
-65 156
290 89
-169 -70
-219 128
-67 -237
159 184
-246 -102
100 239
-318 -21
386 -121
-277 77
-123 104
-239 243
-394 81
-138 345
10 173
58 196
-234 128
-137 297
-158 -83
-212 11
-284 96
-231 337
300 -72
51 473
79 -239
87 3
292 -140
149 209
188 -118
199 0
123 -274
269 34
-416 -22
-306 193
-169 -336
-79 183
-293 -158
184 237
148 115
79 112
57 -29
117 -27
-137 132
117 73
-39 336
-133 -135
303 -52
-3 169
41 27
-71 -161
-325 -111
16 -99
-138 46
31 -222
-525 158
114 -462
37 271
-159 228
310 -124
24 208
165 -207
224 -126
129 55
-86 8
-117 186
-32 125
-94 -231
-106 13
-333 -163
104 -129
-204 285
-97 29
208 306
50 85
51 -29
217 -18
51 34
-358 116
271 -32
-169 238
12 -129
222 -55
-57 -104
130 -187
-64 -34
98 -119
181 -157
-107 -88
2 -136
42 127
-126 147
46 166
-184 -10
-153 104
-119 -17
-125 -94
-34 -82
-154 -196
516 -151
-152 -105
280 -397
78 83
-64 54
-22 -39
-15 25
-96 -90
-52 102
-295 65
-124 -35
230 217
-180 84
165 36
-231 238
-247 -218
454 -138
-368 185
91 -296
136 -25
-272 113
25 -97
-129 224
-271 144
217 71
-156 277
179 -57
170 -340
-180 378
-218 -495
66 370
122 -142
-242 240
35 -281
-62 209
-64 -78
88 -44
32 163
134 33
-141 33
-25 -57
-27 94
25 -65
20 134
-66 -7
97 65
-186 62
-143 -248
32 39
-172 -142
74 -81
0 -10
212 136
-136 -80
161 -59
-50 -151
77 -3
-122 -213
68 19
-375 -4
418 -113
-313 276
105 -428
37 -157
104 -122
-2 -4
-57 -34
-25 8
75 116
12 -50
124 65
109 -161
-162 392
-55 -168
56 261
-203 -269
78 236
-244 9
179 113
-22 159
-77 -270
145 55
-122 -243
-69 41
126 -53
-103 153
-63 -34
66 179
-34 -57
91 42
-45 36
-79 185
-64 -154
156 280
-142 -26
-134 -55
-18 -185
19 43
-29 -115
-12 -236
110 134
-145 -165
296 78
-255 -18
134 -167
-110 207
-26 -260
-5 -142
51 119
-120 -127
91 29
60 10
-159 91
-2 -162
-89 99
261 188
-229 -82
351 -38
-202 121
25 114
2 -204
201 50
-82 -137
105 205
-178 -149
222 57
-227 37
112 -234
-4 262
-101 -240
193 177
-27 198
-57 -196
131 156
-183 -88
-63 -226
155 178
-217 -100
234 3
-81 26
63 -60
-31 81
-1 -84
94 -4
-85 38
59 -71
-23 90
90 292
-200 -232
277 130
-305 -2
288 28
-273 92
214 -194
-111 262
-133 -68
150 8
-137 57
108 -105
-85 335
-61 -342
192 288
-298 -183
111 1
-100 43
76 -84
-37 105
102 32
-105 12
90 -53
-58 85
-128 -116
166 52
-174 20
151 -85
261 -80
-206 180
111 -251
2 276
280 23
-262 90
203 -191
-108 258
-274 100
210 -207
-104 273
-15 -294
253 -60
-206 155
125 -224
-22 258
51 4
-50 16
37 -37
-20 52
118 -151
-43 182
-36 -185
106 157
-106 100
52 -138
10 150
-68 -130
-130 57
97 -106
-45 136
-15 -142
-144 15
125 -64
-86 115
29 -139
58 176
-123 -137
168 76
-183 3
-142 77
99 -125
-39 156
-32 -157
-262 -138
294 20
-279 101
211 -209
-150 159
72 -207
18 214
-106 -190
11 53
-28 -43
43 26
-54 -7
23 -221
72 212
-150 -161
204 87
13 35
-28 -32
39 14
-41 2
-153 146
82 -195
8 211
-93 -191
-6308 2933
-9142 5602
-11110 8542
-13046 10336
-735 7713
-1178 5931
-1133 4245
-1443 2204
19 -490
-1409 2077
-1857 4176
397 5215
4351 2627
1638 1239
-829 513
-1679 1205
327 717
342 963
760 1325
260 612
-924 986
-51 1158
300 517
557 -656
-96 24
239 -924
535 -1675
243 -1068
-272 -1080
-891 -1179
-1617 -787
-1904 -510
186 176
-29 21
-300 207
-177 320
-150 24
-241 -1032
29 -1241
-250 -1374
137 -278
-468 -51
399 -371
380 -35
-610 -403
-13 -640
-416 -1057
-98 -2007
235 -347
314 -6
276 -518
709 -491
-543 651
238 454
551 884
885 398
-307 -791
-265 -1173
262 -652
325 -244
-600 -286
-162 -534
-382 -237
-59 -369
846 -72
506 31
421 -315
-354 -288
-257 897
-107 318
119 429
140 -17
-248 530
252 743
397 402
314 276
-204 -455
-738 -140
-256 -100
-424 908
77 -332
203 -48
15 149
-178 435
-377 116
5 -285
385 -260
38 -257
283 -704
-32 -255
-210 -556
47 -283
115 476
-433 601
20 87
-411 423
288 -50
170 -492
314 4
-387 64
316 407
44 158
804 109
412 358
-385 204
271 349
-215 493
294 -191
-24 -470
-15 32
-194 -194
429 67
-80 223
-497 -23
-21 -133
-287 257
274 30
-151 54
-274 288
163 -155
-109 83
-282 179
-302 -202
-160 -93
185 -195
-463 -561
102 -631
-215 -294
-552 236
31 -424
-185 232
-249 -455
-358 42
244 39
-37 279
3 -50
409 -216
96 -210
413 -191
77 265
-81 -379
-101 -317
86 -164
-164 -150
-38 -213
-23 -219
-131 328
51 -91
167 86
-251 -188
297 -12
-259 -7
47 -344
-102 38
-186 -483
187 98
527 7
-69 404
193 -137
281 488
-215 -15
-10 -102
51 86
69 207
-112 107
-71 15
151 -55
140 -130
-34 129
-327 258
-319 26
-116 129
-102 290
112 46
-220 285
78 -32
-134 -87
-230 29
-271 75
-260 29
381 127
-98 323
275 -166
136 164
290 -189
170 256
148 -151
236 -90
327 3
-33 -134
-68 12
-258 43
-102 -31
-268 -71
-18 -9
-34 225
209 -106
117 332
-67 -217
236 270
112 199
-131 115
176 193
-183 198
312 -72
-3 193
27 4
77 328
-15 -145
-253 53
48 -207
-133 305
-183 13
-135 -185
158 -87
-92 -16
124 -103
187 112
52 -54
149 -195
262 -256
-76 346
-264 -121
-119 188
-33 -331
-122 132
-367 -278
46 5
-105 159
-138 185
179 142
-108 317
-243 -100
517 -71
-197 208
217 -185
-50 -250
216 310
-370 -37
308 215
6 -94
68 -177
-18 -73
-116 -193
265 -201
-166 -12
23 -234
-107 66
35 49
-63 323
-146 -197
3 227
-138 59
-143 -173
12 -18
-114 -112
101 -213
249 -221
-41 -125
155 -205
-171 131
49 -155
-30 162
-208 -179
-189 50
-151 58
-258 35
-179 75
-157 167
108 -30
-154 275
-72 -156
209 128
-251 -161
124 67
-301 -27
-89 160
-155 -61
26 120
-175 -22
52 347
-122 -42
276 252
-112 41
-132 -100
-59 -45
-259 27
-23 -72
-108 145
-49 -135
-43 50
-53 -23
-164 -34
262 50
-29 230
175 14
-270 160
113 -207
24 268
-160 -203
73 280
-147 -146
122 159
-147 -25
-43 -368
65 198
-280 -295
247 200
79 -137
95 112
-129 -138
170 30
38 -17
-83 -213
34 34
-140 -72
142 -117
-59 167
-84 -224
59 88
76 -252
72 104
-171 -95
62 -54
219 -55
-43 167
86 -156
51 49
-18 -127
22 365
-233 -199
118 200
-79 -28
1 186
-122 52
-4 97
-331 -7
273 -290
-93 126
-8 -419
40 160
-113 -71
40 169
-269 55
61 83
-48 -44
124 55
-62 -32
-285 98
254 -42
-106 301
77 -135
-158 189
-9 -354
159 238
-221 -232
-70 44
59 -151
107 149
9 -117
-15 -238
58 212
-178 -200
156 42
-197 8
148 -128
-163 145
29 -146
-193 -25
75 -73
-196 47
49 -162
144 -103
21 136
29 -169
149 119
183 -32
-32 -29
166 -159
-60 40
-56 -91
90 62
-101 -18
103 -26
-118 -34
120 -14
-103 60
70 -99
75 -80
-34 99
-12 -107
54 95
7 2
-4 -6
5 -2
-5 4
-110 -40
116 -11
-102 53
70 -89
-50 25
33 -48
-13 56
-14 -56
-16 -286
132 256
-222 -179
277 71
-271 -221
338 81
-343 61
290 -195
190 -139
-116 204
21 -233
76 219
264 -83
-209 183
118 -248
-1 281
99 131
-141 -84
160 17
-154 53
-90 -245
187 188
-243 -98
260 -9
146 -10
-130 67
91 -117
-37 140
24 -122
31 121
-73 -99
112 60
62 22
-66 3
60 -29
-43 53
128 -30
-106 79
62 -117
-11 128
-83 -34
89 1
-83 37
60 -70
64 -80
-26 97
-11 -104
59 87
-166 -134
204 54
-210 38
174 -119
65 -29
-45 52
21 -68
12 67
45 -221
50 222
-138 -180
197 107
-39 233
-58 -234
146 190
-210 -114
79 -21
-61 51
35 -67
-4 80
-13 1
15 -7
-13 13
8 -14
-116 -86
142 32
-140 30
115 -84
-22 53
-1 -53
23 48
-41 -40
63 -57
-34 76
2 -83
31 78
-28 -218
113 188
-177 -121
212 43
132 211
-205 -138
246 40
-238 60
2 32
-17 -29
28 17
-34 -5
-9185 6129
-11284 8043
-12684 10725
-14035 11433
-1266 6211
-1167 3949
-1299 2454
-1757 87
-1690 1910
-1536 4211
86 5311
2711 4267
1649 1380
-897 385
-1561 1293
-1060 2382
513 1102
548 1267
474 571
82 -558
-247 1263
440 344
504 -441
-334 -1305
101 -840
625 -1812
219 -906
-32 -305
-970 -1055
-1598 -927
-1865 -368
-827 -142
-134 -19
-188 201
-277 377
-242 -124
-110 -916
-138 -1286
-76 -1398
-119 -1169
41 -215
-3 -17
601 -528
404 -501
-395 -366
-175 -1464
-148 -1536
-525 -1740
287 -253
401 -304
501 -641
599 -231
-105 605
802 605
774 753
1125 203
-230 -1191
241 -621
335 -281
495 -147
-392 -117
-343 -712
95 83
-118 -168
526 12
411 -288
-360 -319
-598 -480
-184 357
172 359
120 63
375 134
262 710
403 431
297 247
165 358
-430 -400
-429 265
-416 503
-336 149
73 -29
129 82
-253 549
-454 173
208 -91
122 -353
314 -281
-254 -110
-79 -382
-116 -463
-82 -331
-96 -233
-103 636
-290 189
-168 200
-281 -23
418 -161
-47 -194
22 98
-309 -151
324 227
514 156
653 194
224 121
-223 429
206 218
23 231
-324 -11
-263 -212
136 -73
83 95
-96 309
-408 268
-222 -363
-8 384
-353 -378
142 -23
-510 476
298 -427
-197 450
-222 141
-346 -137
-147 -169
-199 -264
-278 -533
-74 -581
-73 -407
-114 -500
-105 -471
-41 220
-377 -386
35 118
-63 391
106 -172
52 421
-357 -83
402 -113
92 -155
349 101
63 204
-54 155
-153 -580
224 131
-495 -369
-378 -159
170 131
-148 211
122 107
-218 -37
202 -136
-121 66
-111 -66
65 -260
-215 -141
74 -227
-40 214
239 207
-4 163
338 130
-67 115
-128 -172
191 106
-67 244
-46 -34
36 -52
77 49
159 -256
140 -183
-268 -88
-233 365
-336 -141
232 -42
55 184
-224 142
141 101
-180 48
-222 20
-276 83
-256 18
-275 284
148 202
100 48
208 -96
57 139
210 308
93 -182
298 -80
-34 -44
-106 -167
11 11
-330 81
-25 -159
-367 -174
119 44
-179 232
188 88
150 -49
56 149
-26 -9
229 336
41 61
40 321
-108 38
51 99
-12 270
1 -65
129 385
-393 -22
-101 -200
10 93
-222 17
99 -5
-99 -201
126 -55
-80 -52
174 -287
38 -122
282 103
-130 -243
253 98
-51 189
-224 31
-214 65
-252 -13
-13 -312
-282 175
-217 -370
-182 216
-149 235
171 94
-84 360
115 103
127 -15
134 -4
1 142
15 -35
141 -78
-140 285
-38 14
-52 311
38 -33
-53 -212
-27 -76
-117 -35
-231 -232
174 -60
-313 -28
121 -239
-189 249
-1 -182
-137 270
-41 -182
-117 -228
13 44
-140 -168
60 36
344 -327
-84 11
141 -347
-27 44
-114 64
27 -104
-151 86
-116 -86
-306 -159
-21 167
-448 46
52 -4
-206 246
23 -108
-76 266
-143 -191
-79 89
-132 -93
1 11
-239 1
78 -5
-210 164
25 -161
154 256
213 160
-114 202
261 -71
-67 253
68 -339
-256 345
-156 -364
15 420
-267 59
74 -224
-51 272
26 -312
-60 -4
287 149
-85 220
105 -27
-169 -129
247 82
-287 57
183 -213
54 11
-121 92
96 -65
-20 93
-170 -473
207 223
-406 -69
449 -6
36 31
-46 -91
74 19
-161 -138
50 -40
-155 -69
80 -58
-190 92
-133 -50
72 -54
-155 -2
-57 -147
-12 -272
61 205
-276 -234
146 31
157 56
-49 19
101 -166
16 -83
-66 365
-156 -235
55 260
-351 -206
170 66
-224 232
21 -110
-106 221
-10 58
24 -308
61 27
-151 -57
-204 -197
173 248
-424 46
147 -86
294 -119
-165 263
112 -344
20 307
-20 261
21 -80
114 270
-66 -33
73 -88
-18 23
37 -105
15 -31
163 -96
-15 142
122 -155
106 166
191 -21
-202 78
72 -213
-12 193
-85 108
-45 -167
45 187
-116 -56
23 -57
-153 9
26 -111
-30 52
136 254
-127 -233
313 112
-144 -1
67 149
-1 -278
140 82
-146 -104
114 307
-232 -234
305 122
-328 14
-177 33
148 -105
-96 157
22 -183
194 254
-283 -155
323 29
-303 107
82 29
-87 6
76 -41
-51 72
98 -33
-79 67
44 -93
4 102
-215 -62
218 -31
-186 119
123 -184
-86 31
66 -65
-31 84
-6 -92
69 -171
9 184
-85 -161
145 115
145 233
-230 -156
273 51
-269 66
85 179
-152 -127
191 55
-194 28
-29 -135
84 110
-117 -68
137 13
-132 -208
204 136
-242 -39
237 -60
-141 -63
159 -2
-141 61
103 -117
98 -62
-64 99
19 -117
30 109
277 -55
-232 163
146 -243
-32 281
-48 -41
65 15
-63 8
54 -39
-139 -40
144 -17
-124 78
81 -122
13 -177
60 171
-124 -129
166 66
2 143
-66 -133
111 92
-144 -41
-51 -70
77 44
-89 -8
83 -27
221 0
-202 93
145 -168
-70 211
-100 -163
158 107
-191 -32
183 -49
125 -122
-67 162
-4 -176
77 158
53 372
-201 -320
312 210
-369 -64
146 8
-135 54
102 -101
-49 138
14 -114
32 107
-77 -89
104 50
24 17
-26 -6
24 -7
-19 20
-126 -222
205 152
-252 -56
249 -50
-230 -176
281 72
-289 52
243 -163
-212 -77
231 -14
-202 105
139 -178
-10904 8416
-13185 10541
-13500 11397
-14086 12445
-1164 4198
-1399 2234
-1574 248
-2045 -1150
-1592 3958
245 5521
2486 4139
4397 1685
-567 511
-1921 1313
-745 2219
184 3480
697 1386
290 532
274 -594
-527 -1242
479 315
475 -401
-321 -1352
-873 -996
430 -1630
321 -1157
-30 -31
-203 911
-1695 -1119
-1697 -236
-1032 -198
378 382
-73 296
-424 333
-92 -143
-581 -474
-209 -1402
39 -1321
-259 -1195
-334 -975
360 -203
344 -208
503 -896
325 -383
-106 -1350
-258 -1612
-394 -1717
-82 -743
575 -142
280 -713
832 -257
-116 320
511 535
1064 700
882 378
1095 39
294 -761
346 -132
421 -283
427 214
-311 -192
-145 -382
294 149
-369 -100
197 -175
-206 -506
-656 -246
-216 -380
41 206
307 153
172 128
274 253
363 544
286 136
217 457
-355 -288
-323 194
-483 614
-318 23
-100 153
-23 475
-276 126
-260 543
-522 -351
511 -385
-24 -94
-20 -419
-147 42
-144 -505
-36 -301
-152 -241
219 -159
-338 166
-115 209
-332 0
-33 -3
-22 -354
69 253
-412 -278
175 -321
713 -33
546 447
222 -151
584 116
76 439
47 -24
-240 228
-258 570
182 -315
136 328
-247 109
282 331
-277 53
-132 -13
-81 -60
103 -188
-552 455
344 -422
-241 467
-42 -349
-422 -195
-56 -151
-289 -245
-107 -414
-47 -396
-173 -571
50 -393
-210 -186
-142 -210
-112 -44
-348 -92
55 187
271 27
-175 305
-101 -67
-324 172
425 -74
14 160
345 7
-350 200
-80 -269
32 -125
-220 -214
-88 -377
-133 291
67 -59
41 444
54 56
84 -171
8 51
-224 4
-23 176
-80 -269
0 -54
-43 30
1 126
3 176
324 123
-52 110
320 -39
327 225
-242 188
132 -62
-286 339
286 -121
42 -12
149 -454
205 57
-362 -32
-47 170
-154 -211
315 -352
-169 291
34 -10
-37 107
-27 48
-108 25
-383 140
-206 121
110 243
68 -212
344 125
-159 -10
308 -43
97 -332
356 58
-140 -149
280 -123
-162 200
-251 -165
4 96
-326 -2
95 -11
-139 270
133 67
163 465
142 -280
67 418
-31 -13
397 344
90 262
-130 101
43 30
-152 102
-32 204
51 124
-213 185
-140 18
49 -4
-220 118
44 -91
-339 92
-177 76
147 -302
67 23
-267 -537
303 -182
-28 32
48 -111
84 233
-193 159
-292 -40
-135 54
-111 -64
-72 -208
-258 61
-327 -197
-65 224
89 -44
50 448
-45 74
280 253
188 120
-100 51
146 8
-228 271
-26 116
-70 212
-105 112
-94 210
171 31
-324 -206
208 -36
-200 156
-86 -215
-11 7
-167 -148
105 -118
-251 109
-27 -98
11 195
-13 -257
-2 -273
6 118
-190 -163
262 133
66 -43
25 -235
30 -108
-257 -84
72 -142
-180 140
-113 -153
94 182
-191 -9
-224 141
-193 2
-24 51
218 -15
-290 264
58 -271
135 405
-243 -168
131 36
-366 33
170 -140
-65 188
-120 -122
272 155
82 25
238 107
-15 160
92 -74
-52 173
-267 125
-55 -172
-147 287
-12 -83
-56 71
-53 -55
156 -16
-95 -119
324 269
-165 122
216 25
-128 208
-37 237
-93 -203
111 101
-157 -156
-94 121
59 -80
20 90
-29 21
-132 -103
36 88
-17 30
45 56
55 -124
-7 87
-119 -232
47 56
48 119
-184 -150
86 67
-210 -38
-84 0
-34 -117
-124 2
-142 -105
-213 -218
144 44
-359 -47
124 -77
-117 8
173 -182
-40 -44
79 -368
-25 -83
-123 177
-157 -203
-116 65
8 -230
-2 402
-300 -254
213 139
166 -300
-73 76
-50 -155
-12 231
-40 83
-162 105
-117 -34
-74 28
250 50
-179 19
137 -148
-14 149
44 134
10 83
110 98
26 -22
66 60
-59 -104
99 -70
-104 -47
-281 44
403 -179
-141 298
119 -472
-56 7
-35 -90
37 41
-55 -129
142 -161
-127 252
20 -190
70 265
-266 -205
212 37
-263 -4
215 -105
120 177
-77 -161
325 86
-111 41
26 -272
114 87
-123 -121
162 4
-141 -154
193 85
-210 3
193 -89
27 39
-41 -21
48 6
-47 14
21 -184
51 178
-122 -141
167 82
309 3
-282 124
209 -226
-96 292
96 -79
-52 117
1 -129
54 116
213 -104
-154 184
61 -229
34 234
-50 -207
131 166
-189 -100
214 15
50 -12
-41 32
22 -45
-2 53
-133 -27
131 -30
-105 83
64 -118
-88 189
0 -203
80 189
-153 -135
-12 -136
70 121
-111 -82
134 31
45 -16
-33 33
15 -42
4 46
-41 -142
97 115
-135 -72
146 8
106 23
-107 22
89 -65
-53 93
22 42
-42 -28
49 7
-50 11
-186 234
76 -289
53 298
-168 -252
191 276
-283 -172
331 43
-321 97
239 -174
-143 262
25 -296
96 281
-36 -171
104 139
-153 -83
172 18
-288 -202
350 67
-347 82
279 -212
-121 -24
119 -31
-97 75
54 -107
32 -29
-11 40
-7 -45
21 36
49 -21
-35 43
19 -49
8 54
-3 105
-42 -95
77 70
-101 -31
-44 208
-46 -204
125 170
-183 -106
-5 -84
40 75
-68 -52
80 20
-151 55
116 -110
-61 148
-8 -161
-79 195
-6 -212
91 190
-160 -136
60 50
-76 -22
78 -14
-70 42
-51 206
-41 -211
123 174
-183 -111
-12933 10359
-13652 11668
-14057 12135
-13460 11639
-1273 2353
-1737 190
-1879 -1166
-2468 -1923
208 5378
2577 4254
4264 1621
3505 -1898
-1492 1236
-1101 2465
414 3112
113 3031
378 743
109 -756
-305 -1168
-892 -1123
511 -655
-252 -1106
-1041 -1191
-1263 -279
237 -1068
14 -148
-191 1029
-821 888
-1859 -587
-740 58
13 270
230 244
-355 498
-223 -266
-416 -413
-804 -866
-181 -1392
-31 -1224
-530 -861
-864 -701
479 -357
442 -705
303 -585
268 -285
-125 -1760
-452 -1528
-104 -937
242 -147
416 -705
706 -207
-23 226
-29 369
630 564
1332 322
709 270
539 -277
402 -156
377 -236
447 161
55 -152
-183 -87
207 -135
-171 118
-871 -331
-324 -499
-553 -303
-283 -283
-223 199
435 -159
177 462
127 -50
475 348
559 282
-91 439
-61 -397
-396 148
-468 289
-201 323
-326 -73
218 103
-394 806
-431 -123
-99 187
-549 -417
229 -54
-270 -361
54 -118
-496 234
-130 -383
-29 -199
96 -141
26 -267
-442 56
29 5
-364 136
72 -21
-150 264
-222 -375
33 -152
-305 -140
710 152
194 180
472 -206
197 116
199 87
-425 189
-67 531
-462 189
-45 75
31 268
-36 300
-167 20
-268 7
36 -134
26 -70
336 -219
108 -111
-150 89
31 29
87 -161
-172 -209
-156 -234
-230 -368
-275 -273
49 -686
-113 -196
-145 -430
147 164
-192 -216
-198 38
-134 131
-112 16
-163 -32
24 243
-569 -63
-47 -288
261 141
128 126
-199 7
-317 139
-228 -346
114 -118
-429 -334
-215 -544
65 13
15 379
104 104
-52 -3
-310 -192
164 93
-415 253
56 -64
-15 -207
33 160
-123 36
119 -16
209 286
-12 -83
371 151
133 -156
71 184
-151 74
-83 104
-123 -90
163 47
11 -457
333 5
-335 -33
-329 124
121 -283
95 -173
295 -533
39 -90
-11 182
-81 -4
228 49
-337 74
-226 201
92 163
2 86
500 -21
-240 187
305 -255
-96 366
341 -344
39 212
-31 -382
51 127
-221 -287
24 217
-395 -104
388 -76
322 246
-271 274
450 111
-12 499
-102 -92
332 381
-94 135
316 162
-164 127
62 -9
-154 142
-161 -380
156 406
-426 -34
144 129
-405 106
177 230
-362 -32
9 -131
-350 219
-73 -77
177 -262
-252 -231
66 -226
-24 41
45 -120
96 237
-244 -85
-339 -132
-65 114
-202 -91
176 -153
-17 -244
-418 181
-140 -156
-43 87
-254 -36
431 395
-288 155
370 32
157 -201
16 338
-250 -86
265 180
10 135
-151 209
-100 101
-118 181
71 3
-243 -70
224 2
-180 132
-71 -145
-53 -30
-50 -175
42 134
87 3
-134 152
138 -275
172 249
-107 -116
9 8
12 58
154 60
-12 -345
103 -18
-363 -136
220 -115
-72 -91
-117 107
1 -44
-60 139
-363 -130
49 191
-319 -22
137 -8
-120 -151
73 171
-64 10
204 58
-43 -139
-136 122
-77 -127
-17 29
-32 0
134 89
238 36
193 70
55 -294
213 371
-341 -178
373 55
-70 -172
-142 278
-19 -76
158 118
17 393
-83 -397
282 129
-169 -213
139 126
-61 149
75 -16
52 27
249 50
-306 14
260 -243
-217 211
-257 -76
311 -41
-236 258
133 -226
52 -59
24 172
-51 -59
116 130
-181 83
44 -299
-74 185
-138 -230
18 -78
-126 84
-24 -139
-60 121
-127 24
-98 -163
-96 55
-206 -67
-90 -52
-105 -58
-105 34
-106 84
102 -319
83 51
-71 -406
199 27
-160 9
-52 -61
-264 -21
28 -44
-4 -100
-90 198
-161 -185
35 146
94 -142
-117 111
-64 -40
-46 165
-150 211
-176 -123
15 90
-238 -57
5 -125
32 67
-1 -86
183 -83
-196 -97
378 175
-250 14
299 -42
-11 43
-4 -186
37 17
-144 -70
-93 50
214 -116
-31 52
-57 -282
61 -185
-15 162
-64 -266
100 57
-187 -211
264 211
-320 -7
274 -109
-56 -143
55 48
-100 -27
80 12
44 -189
228 163
-54 -71
361 16
-335 -30
332 -196
-228 252
195 -288
155 -264
-37 306
-94 -296
205 233
-66 36
48 -64
-17 76
-15 -71
161 -347
-7 382
-152 -352
282 255
-227 -46
225 -49
-184 133
115 -200
-11 -5
11 0
-6 7
6 -9
142 76
-161 -8
150 -57
-118 113
-235 72
183 -162
-100 223
2 -247
3 -214
85 193
-157 -144
202 67
-16 -6
17 -2
-12 9
11 -15
-40 149
-27 -147
85 123
-133 -80
15 73
-41 -60
62 36
-77 -8
-155 -95
179 25
-174 53
135 -119
-45 -78
72 50
-84 -17
85 -20
250 344
-369 -214
424 41
-404 131
-131 -88
157 26
-155 40
118 -98
60 -281
59 281
-167 -231
244 144
64 -21
-51 45
24 -61
-1 67
-196 48
160 -125
-97 178
16 -203
-188 -107
218 20
-205 67
159 -147
-172 324
25 -371
128 348
-256 -266
-342 -90
354 -57
-297 194
190 -298
-15 19
6 -24
5 24
-15 -22
-6 22
-3 -23
10 21
-19 -9
117 -51
-86 95
40 -120
9 126
-67 -84
97 48
-110 -4
102 -41
272 152
-308 -31
296 -95
-227 209
178 97
-206 -19
195 -67
-147 142
34 -16
-27 29
12 -36
6 40
316 -38
-274 161
182 -257
-65 310
68 195
-144 -150
189 81
-205 7
-13567 11775
-14183 12073
-13324 11639
-12693 10647
-1634 305
-2012 -1229
-2315 -1918
-2123 -1730
2681 4538
4052 1403
3792 -1788
958 -4724
-926 2405
274 3232
196 2861
-1256 1660
2 -527
-303 -1416
-798 -895
-964 -39
-53 -1196
-1181 -1026
-1203 -486
-1176 426
-119 100
-169 746
-729 1152
-1351 -31
-878 -35
178 296
71 290
-569 68
-148 -274
-480 -378
-760 -929
-339 -126
-295 -1361
-229 -838
-1148 -594
-991 -519
369 -513
297 -788
364 -99
175 -364
-462 -1488
-115 -986
266 -111
554 57
393 -477
381 345
-442 422
-139 327
1014 550
902 -65
495 111
-371 -201
562 -31
195 40
329 -150
-243 -311
204 -12
-220 12
-781 -249
-962 -257
-791 -146
-129 -520
-266 482
-632 344
191 137
251 250
240 116
201 2
242 315
-315 -147
-267 -181
-245 311
-406 -167
58 290
-278 -68
29 -503
-352 424
-395 -276
-88 -112
-125 -236
59 -419
-217 72
-324 -47
195 298
84 -73
-61 -212
201 -263
-65 -113
-68 83
-313 29
67 101
0 188
-125 -74
-175 -389
-18 -9
-207 -216
645 -45
156 188
323 -369
-133 148
-321 338
-223 433
-283 215
-413 -68
-23 154
56 384
-284 -19
-268 316
17 -260
96 33
231 -288
36 38
-238 -17
154 91
-48 -168
-158 124
-79 -183
-328 -385
-178 -295
-129 15
12 -342
-198 -247
123 -31
-313 -152
103 -127
-345 405
-38 -323
63 436
-495 10
4 -60
-562 -58
32 -383
116 58
-166 64
-370 105
-273 -116
-119 -442
-86 -127
-611 -589
79 -69
-22 502
86 -25
17 108
-434 90
-177 181
-136 34
-103 250
13 -88
-53 -99
60 240
-131 -121
55 -144
31 1
293 95
222 -132
66 -8
-105 116
-143 85
-62 -99
-192 -143
-60 -506
421 22
-419 -13
106 -87
159 -77
-23 -344
474 -425
192 -106
-280 53
218 -4
-47 165
-12 12
-285 301
107 47
34 199
117 -169
209 -234
62 312
-109 -253
252 362
169 -262
46 106
-215 -286
177 82
-147 113
-194 -78
196 -16
-65 -24
-164 203
379 226
11 368
183 -45
146 121
184 296
-5 124
149 100
-38 77
-97 26
-164 -252
-114 -248
-168 27
-116 181
-195 -49
-67 79
-354 -162
50 -9
-442 129
-95 -292
298 -339
-328 -109
91 -364
35 89
163 174
-134 21
58 21
-24 109
93 149
-361 -61
301 -244
-40 157
-360 -164
-44 181
-265 -191
102 22
66 191
129 194
-22 170
133 -25
-59 184
-113 21
97 132
-165 -149
-236 51
51 212
-299 136
72 -64
-116 129
27 -131
51 170
-17 -129
134 -138
-177 -6
87 -74
49 272
-207 -206
350 18
-141 66
331 -130
-80 -102
135 118
13 54
169 -20
-178 -302
10 6
-177 -92
56 -79
-42 -157
36 219
-206 -87
140 251
40 222
-329 -56
161 19
-360 145
-37 -1
107 117
8 26
127 29
-128 50
-60 -63
-64 -24
-83 -13
180 -82
269 208
93 -71
280 11
-57 249
-46 -181
102 174
-156 -303
-82 -19
49 218
-18 -123
26 163
112 -142
0 -26
155 -187
82 -20
142 174
-127 43
210 -108
-33 77
-76 37
40 -168
-45 50
-8 8
119 60
-112 86
78 -15
-69 187
-89 33
109 27
-63 121
36 -221
83 11
-240 -90
127 -49
-150 14
-116 -61
28 -6
-164 19
53 11
-32 -98
-180 25
-108 -72
-125 152
192 -42
-379 141
100 -125
-142 381
161 -148
-60 -195
92 -162
92 -21
-96 39
-271 -136
78 59
-170 -20
-145 -143
26 96
-253 -37
132 -62
-32 81
-126 21
-12 82
-91 113
-68 -148
-73 155
-189 -151
39 -4
228 63
-176 -6
311 -229
-17 159
-139 248
193 -266
13 393
-178 -318
56 -198
-12 51
-113 -125
74 39
-3 -193
197 37
-257 -173
109 -182
199 126
-237 -142
209 -130
-219 66
-328 238
209 -266
-100 349
-68 -361
-26 -221
83 186
-175 -108
83 68
233 30
-6 53
270 -80
122 185
99 -111
-49 81
100 -56
66 136
